Enter an integer k for which our Kempner sets are k-free: 3
Enter a positive integer modulus b: 158
Enter estimation parameters, or * for pre-computed parameters ([0.0741, 1.068, 1.3681]): *
Enter a threshold (e.g. 4.2) to determine printed output: 2.85
Enter a root for the search space (e.g. [0, 1, 2]) [or * for the root [0]]: *
Enter an upper bound for the size of allowable digit sets [or * to ignore]: 27
Enter a maximal number of deviations from a greedy search [or * to ignore]: *
Searching for k-free sets mod b...

[158, 2.85684, [0, 1, 3, 4, 9, 10, 12, 13, 27, 28, 30, 34, 36, 37, 49, 66, 75, 77, 78, 125]]
[158, 2.87524, [0, 1, 3, 4, 9, 10, 12, 13, 27, 28, 30, 34, 36, 49, 61, 66, 74, 75, 77, 78, 125]]
[158, 2.85093, [0, 1, 3, 4, 9, 10, 12, 13, 27, 28, 30, 35, 36, 49, 64, 65, 73, 74, 76, 77]]
[158, 2.8505, [0, 1, 3, 4, 9, 10, 12, 13, 27, 28, 30, 35, 36, 49, 64, 65, 73, 74, 77, 78]]
[158, 2.85049, [0, 1, 3, 4, 9, 10, 12, 13, 27, 28, 30, 35, 36, 49, 64, 65, 73, 75, 76, 78]]
[158, 2.86873, [0, 1, 3, 4, 9, 10, 12, 13, 27, 28, 30, 36, 40, 58, 61, 65, 66, 73, 75, 78, 135]]
[158, 2.85895, [0, 1, 3, 4, 9, 10, 12, 13, 27, 28, 30, 36, 40, 58, 61, 66, 73, 75, 78, 125, 135]]
[158, 2.85505, [0, 1, 3, 4, 9, 10, 12, 13, 27, 28, 31, 32, 39, 48, 70, 71, 73, 102, 104, 123, 124]]
[158, 2.85163, [0, 1, 3, 4, 9, 10, 12, 13, 27, 28, 31, 33, 36, 48, 64, 67, 73, 74, 76, 77]]
[158, 2.8512, [0, 1, 3, 4, 9, 10, 12, 13, 27, 28, 31, 33, 36, 48, 64, 67, 73, 74, 77, 78]]
[158, 2.85118, [0, 1, 3, 4, 9, 10, 12, 13, 27, 28, 31, 33, 36, 48, 64, 67, 73, 75, 76, 78]]
[158, 2.85073, [0, 1, 3, 4, 9, 10, 12, 13, 27, 28, 31, 33, 36, 48, 64, 67, 74, 75, 77, 78]]
[158, 2.86059, [0, 1, 3, 4, 9, 10, 12, 13, 27, 28, 32, 33, 35, 48, 49, 59, 72, 73, 75, 76]]
[158, 2.85377, [0, 1, 3, 4, 9, 10, 12, 13, 27, 28, 32, 33, 35, 48, 49, 59, 72, 73, 75, 124]]
[158, 2.86015, [0, 1, 3, 4, 9, 10, 12, 13, 27, 28, 32, 33, 35, 48, 49, 59, 72, 73, 76, 77]]
[158, 2.85994, [0, 1, 3, 4, 9, 10, 12, 13, 27, 28, 32, 33, 35, 48, 49, 59, 72, 73, 76, 78]]
[158, 2.85972, [0, 1, 3, 4, 9, 10, 12, 13, 27, 28, 32, 33, 35, 48, 49, 59, 72, 73, 77, 78]]
[158, 2.86014, [0, 1, 3, 4, 9, 10, 12, 13, 27, 28, 32, 33, 35, 48, 49, 59, 72, 74, 75, 77]]
[158, 2.85354, [0, 1, 3, 4, 9, 10, 12, 13, 27, 28, 32, 33, 35, 48, 49, 59, 72, 74, 75, 124]]
[158, 2.85949, [0, 1, 3, 4, 9, 10, 12, 13, 27, 28, 32, 33, 35, 48, 49, 59, 72, 74, 77, 78]]
[158, 2.85968, [0, 1, 3, 4, 9, 10, 12, 13, 27, 28, 32, 33, 35, 48, 49, 59, 73, 74, 76, 77]]
[158, 2.85925, [0, 1, 3, 4, 9, 10, 12, 13, 27, 28, 32, 33, 35, 48, 49, 59, 73, 74, 77, 78]]
[158, 2.85924, [0, 1, 3, 4, 9, 10, 12, 13, 27, 28, 32, 33, 35, 48, 49, 59, 73, 75, 76, 78]]
[158, 2.85878, [0, 1, 3, 4, 9, 10, 12, 13, 27, 28, 32, 33, 35, 48, 49, 59, 74, 75, 77, 78]]
[158, 2.86228, [0, 1, 3, 4, 9, 10, 12, 13, 27, 28, 32, 33, 48, 58, 59, 67, 71, 73, 77, 78, 140]]
[158, 2.85468, [0, 1, 3, 4, 9, 10, 12, 13, 27, 28, 32, 33, 48, 58, 59, 67, 71, 73, 78, 135, 140]]
[158, 2.86816, [0, 1, 3, 4, 9, 10, 12, 13, 27, 28, 33, 35, 36, 40, 48, 49, 64, 73, 74, 78]]
[158, 2.86793, [0, 1, 3, 4, 9, 10, 12, 13, 27, 28, 33, 35, 36, 40, 48, 49, 64, 73, 75, 78]]
[158, 2.86769, [0, 1, 3, 4, 9, 10, 12, 13, 27, 28, 33, 35, 36, 40, 48, 49, 64, 74, 75, 78]]
[158, 2.85411, [0, 1, 3, 4, 9, 10, 12, 13, 27, 28, 33, 35, 36, 48, 49, 64, 73, 74, 76, 77]]
[158, 2.85368, [0, 1, 3, 4, 9, 10, 12, 13, 27, 28, 33, 35, 36, 48, 49, 64, 73, 74, 77, 78]]
[158, 2.87718, [0, 1, 3, 4, 9, 10, 12, 13, 27, 28, 33, 35, 36, 48, 49, 64, 73, 75, 76, 78, 126]]
[158, 2.85321, [0, 1, 3, 4, 9, 10, 12, 13, 27, 28, 33, 35, 36, 48, 49, 64, 74, 75, 77, 78]]
[158, 2.85655, [0, 1, 3, 4, 9, 10, 12, 13, 27, 28, 33, 35, 40, 48, 49, 59, 64, 72, 73, 75]]
[158, 2.85632, [0, 1, 3, 4, 9, 10, 12, 13, 27, 28, 33, 35, 40, 48, 49, 59, 64, 72, 74, 75]]
[158, 2.85063, [0, 1, 3, 4, 9, 10, 12, 13, 27, 28, 35, 36, 40, 48, 49, 64, 65, 73, 74, 78]]
[158, 2.8504, [0, 1, 3, 4, 9, 10, 12, 13, 27, 28, 35, 36, 40, 48, 49, 64, 65, 73, 75, 78]]
[158, 2.85427, [0, 1, 3, 4, 9, 10, 12, 13, 27, 28, 36, 40, 48, 58, 61, 65, 66, 73, 75, 78, 135]]
[158, 2.85644, [0, 1, 3, 4, 9, 10, 12, 13, 27, 29, 30, 32, 40, 43, 62, 65, 66, 69, 75, 78]]
[158, 2.85175, [0, 1, 3, 4, 9, 10, 12, 13, 27, 29, 30, 34, 35, 52, 62, 63, 71, 73, 76, 78]]
[158, 2.85513, [0, 1, 3, 4, 9, 10, 12, 13, 27, 29, 30, 34, 36, 40, 52, 61, 66, 73, 78, 141]]
[158, 2.87168, [0, 1, 3, 4, 9, 10, 12, 13, 27, 29, 30, 34, 36, 40, 61, 66, 73, 74, 78, 125, 141]]
[158, 2.85561, [0, 1, 3, 4, 9, 10, 12, 13, 27, 29, 30, 34, 40, 43, 61, 62, 66, 69, 75, 78]]
[158, 2.85131, [0, 1, 3, 4, 9, 10, 12, 13, 27, 29, 30, 34, 40, 52, 61, 62, 66, 69, 73, 78]]
[158, 2.85501, [0, 1, 3, 4, 9, 10, 12, 13, 27, 29, 30, 36, 40, 61, 64, 65, 73, 74, 78, 132, 141]]
[158, 2.85809, [0, 1, 3, 4, 9, 10, 12, 13, 27, 29, 32, 34, 40, 47, 66, 69, 73, 74, 78, 140, 141]]
[158, 2.85379, [0, 1, 3, 4, 9, 10, 12, 13, 27, 29, 33, 34, 38, 40, 52, 60, 61, 69, 74, 141]]
[158, 2.85167, [0, 1, 3, 4, 9, 10, 12, 13, 27, 29, 33, 34, 38, 40, 52, 60, 61, 74, 78, 141]]
[158, 2.8598, [0, 1, 3, 4, 9, 10, 12, 13, 27, 29, 33, 34, 40, 52, 60, 61, 73, 74, 78, 128, 141]]
[158, 2.86314, [0, 1, 3, 4, 9, 10, 12, 13, 27, 29, 34, 35, 40, 47, 52, 62, 73, 74, 78, 128, 140]]
[158, 2.85343, [0, 1, 3, 4, 9, 10, 12, 13, 27, 29, 34, 35, 40, 47, 52, 73, 74, 78, 115, 128, 140]]
[158, 2.87223, [0, 1, 3, 4, 9, 10, 12, 13, 27, 29, 34, 36, 40, 47, 52, 61, 66, 73, 74, 78, 141]]
[158, 2.86553, [0, 1, 3, 4, 9, 10, 12, 13, 27, 29, 34, 36, 40, 47, 52, 61, 66, 73, 74, 127, 141]]
[158, 2.85774, [0, 1, 3, 4, 9, 10, 12, 13, 27, 29, 34, 36, 40, 47, 61, 66, 73, 74, 78, 125, 141]]
[158, 2.85116, [0, 1, 3, 4, 9, 10, 12, 13, 27, 29, 34, 36, 47, 52, 61, 66, 73, 74, 76, 127, 141]]
[158, 2.85091, [0, 1, 3, 4, 9, 10, 12, 13, 27, 29, 34, 36, 47, 52, 61, 66, 73, 74, 78, 125, 141]]
[158, 2.86838, [0, 1, 3, 4, 9, 10, 12, 13, 27, 29, 34, 40, 47, 52, 61, 62, 66, 69, 73, 74, 78]]
[158, 2.85635, [0, 1, 3, 4, 9, 10, 12, 13, 27, 29, 34, 40, 47, 52, 61, 66, 69, 73, 74, 78, 141]]
[158, 2.8561, [0, 1, 3, 4, 9, 10, 12, 13, 27, 29, 34, 40, 47, 52, 62, 66, 69, 73, 74, 78, 140]]
[158, 2.86904, [0, 1, 3, 4, 9, 10, 12, 13, 27, 31, 32, 34, 38, 43, 46, 47, 57, 69, 70, 78]]
[158, 2.85747, [0, 1, 3, 4, 9, 10, 12, 13, 27, 31, 32, 34, 38, 46, 47, 57, 69, 70, 74, 77]]
[158, 2.85658, [0, 1, 3, 4, 9, 10, 12, 13, 27, 31, 32, 34, 38, 46, 47, 57, 69, 70, 77, 78]]
[158, 2.857, [0, 1, 3, 4, 9, 10, 12, 13, 27, 31, 32, 34, 38, 46, 47, 57, 69, 71, 74, 78]]
[158, 2.85633, [0, 1, 3, 4, 9, 10, 12, 13, 27, 31, 32, 34, 38, 46, 47, 57, 69, 71, 77, 78]]
[158, 2.85561, [0, 1, 3, 4, 9, 10, 12, 13, 27, 31, 32, 34, 38, 46, 47, 57, 69, 74, 77, 78]]
[158, 2.85607, [0, 1, 3, 4, 9, 10, 12, 13, 27, 31, 32, 34, 38, 46, 47, 57, 70, 71, 77, 78]]
[158, 2.85555, [0, 1, 3, 4, 9, 10, 12, 13, 27, 31, 32, 34, 38, 46, 48, 57, 70, 71, 77, 78]]
[158, 2.855, [0, 1, 3, 4, 9, 10, 12, 13, 27, 31, 32, 34, 38, 47, 48, 57, 70, 71, 77, 78]]
[158, 2.8606, [0, 1, 3, 4, 9, 10, 12, 13, 27, 31, 32, 34, 40, 47, 57, 66, 69, 73, 78, 140, 141]]
[158, 2.85558, [0, 1, 3, 4, 9, 10, 12, 13, 27, 31, 32, 34, 40, 47, 66, 69, 73, 74, 78, 140, 141]]
[158, 2.85577, [0, 1, 3, 4, 9, 10, 12, 13, 27, 31, 32, 34, 43, 46, 47, 57, 66, 69, 70, 78]]
[158, 2.85418, [0, 1, 3, 4, 9, 10, 12, 13, 27, 31, 32, 34, 43, 46, 47, 57, 69, 70, 72, 78]]
[158, 2.85348, [0, 1, 3, 4, 9, 10, 12, 13, 27, 31, 32, 34, 43, 46, 47, 57, 69, 70, 75, 78]]
[158, 2.85054, [0, 1, 3, 4, 9, 10, 12, 13, 27, 31, 32, 34, 43, 46, 47, 66, 69, 70, 75, 78]]
[158, 2.85029, [0, 1, 3, 4, 9, 10, 12, 13, 27, 31, 32, 34, 43, 46, 47, 66, 69, 71, 75, 78]]
[158, 2.85003, [0, 1, 3, 4, 9, 10, 12, 13, 27, 31, 32, 34, 43, 46, 47, 66, 70, 71, 75, 78]]
[158, 2.86601, [0, 1, 3, 4, 9, 10, 12, 13, 27, 31, 32, 34, 46, 47, 57, 66, 69, 71, 74, 78, 140]]
[158, 2.86533, [0, 1, 3, 4, 9, 10, 12, 13, 27, 31, 32, 34, 46, 47, 57, 66, 69, 71, 77, 78, 140]]
[158, 2.86588, [0, 1, 3, 4, 9, 10, 12, 13, 27, 31, 32, 34, 46, 47, 57, 66, 69, 73, 74, 76, 141]]
[158, 2.86552, [0, 1, 3, 4, 9, 10, 12, 13, 27, 31, 32, 34, 46, 47, 57, 66, 69, 73, 74, 78, 140]]
[158, 2.85766, [0, 1, 3, 4, 9, 10, 12, 13, 27, 31, 32, 34, 46, 47, 57, 66, 69, 73, 74, 140, 141]]
[158, 2.86461, [0, 1, 3, 4, 9, 10, 12, 13, 27, 31, 32, 34, 46, 47, 57, 66, 69, 74, 77, 78, 140]]
[158, 2.87398, [0, 1, 3, 4, 9, 10, 12, 13, 27, 31, 32, 34, 46, 47, 57, 66, 70, 71, 73, 77, 78]]
[158, 2.865, [0, 1, 3, 4, 9, 10, 12, 13, 27, 31, 32, 34, 46, 47, 57, 66, 71, 73, 74, 78, 140]]
[158, 2.86433, [0, 1, 3, 4, 9, 10, 12, 13, 27, 31, 32, 34, 46, 47, 57, 66, 71, 73, 77, 78, 140]]
[158, 2.8636, [0, 1, 3, 4, 9, 10, 12, 13, 27, 31, 32, 34, 46, 47, 57, 66, 73, 74, 77, 78, 140]]
[158, 2.85694, [0, 1, 3, 4, 9, 10, 12, 13, 27, 31, 32, 34, 46, 47, 57, 66, 74, 77, 78, 115, 140]]
[158, 2.87337, [0, 1, 3, 4, 9, 10, 12, 13, 27, 31, 32, 36, 43, 47, 48, 56, 57, 70, 75, 98, 143]]
[158, 2.85175, [0, 1, 3, 4, 9, 10, 12, 13, 27, 31, 32, 36, 43, 47, 48, 56, 66, 70, 75, 78]]
[158, 2.8615, [0, 1, 3, 4, 9, 10, 12, 13, 27, 31, 32, 36, 47, 48, 56, 57, 70, 74, 75, 98, 143]]
[158, 2.85298, [0, 1, 3, 4, 9, 10, 12, 13, 27, 31, 32, 36, 47, 48, 56, 57, 70, 74, 98, 141, 143]]
[158, 2.85857, [0, 1, 3, 4, 9, 10, 12, 13, 27, 31, 32, 43, 46, 48, 56, 57, 67, 70, 75, 98, 143]]
[158, 2.86084, [0, 1, 3, 4, 9, 10, 12, 13, 27, 31, 32, 43, 47, 48, 56, 66, 68, 71, 72, 75, 125]]
[158, 2.8561, [0, 1, 3, 4, 9, 10, 12, 13, 27, 31, 32, 46, 48, 56, 57, 67, 70, 71, 74, 76, 98]]
[158, 2.8585, [0, 1, 3, 4, 9, 10, 12, 13, 27, 31, 32, 47, 48, 56, 57, 68, 70, 71, 75, 76, 78]]
[158, 2.85828, [0, 1, 3, 4, 9, 10, 12, 13, 27, 31, 32, 47, 48, 56, 57, 68, 70, 71, 75, 77, 78]]
[158, 2.85341, [0, 1, 3, 4, 9, 10, 12, 13, 27, 31, 33, 34, 38, 46, 48, 60, 70, 71, 77, 78]]
[158, 2.8503, [0, 1, 3, 4, 9, 10, 12, 13, 27, 31, 33, 34, 43, 46, 48, 60, 70, 71, 75, 78]]
[158, 2.85813, [0, 1, 3, 4, 9, 10, 12, 13, 27, 31, 38, 46, 48, 55, 56, 60, 68, 70, 71, 77, 78]]
[158, 2.8572, [0, 1, 3, 4, 9, 10, 12, 13, 27, 31, 38, 47, 48, 55, 57, 60, 68, 70, 71, 77, 78]]
[158, 2.85699, [0, 1, 3, 4, 9, 10, 12, 13, 27, 32, 33, 35, 36, 46, 47, 49, 73, 74, 76, 77]]
[158, 2.85656, [0, 1, 3, 4, 9, 10, 12, 13, 27, 32, 33, 35, 36, 46, 47, 49, 73, 74, 77, 78]]
[158, 2.85655, [0, 1, 3, 4, 9, 10, 12, 13, 27, 32, 33, 35, 36, 46, 47, 49, 73, 75, 76, 78]]
[158, 2.8561, [0, 1, 3, 4, 9, 10, 12, 13, 27, 32, 33, 35, 36, 46, 47, 49, 74, 75, 77, 78]]
[158, 2.85647, [0, 1, 3, 4, 9, 10, 12, 13, 27, 32, 33, 35, 36, 46, 48, 49, 73, 74, 76, 77]]
[158, 2.85604, [0, 1, 3, 4, 9, 10, 12, 13, 27, 32, 33, 35, 36, 46, 48, 49, 73, 74, 77, 78]]
[158, 2.85603, [0, 1, 3, 4, 9, 10, 12, 13, 27, 32, 33, 35, 36, 46, 48, 49, 73, 75, 76, 78]]
[158, 2.85558, [0, 1, 3, 4, 9, 10, 12, 13, 27, 32, 33, 35, 36, 46, 48, 49, 74, 75, 77, 78]]
[158, 2.85439, [0, 1, 3, 4, 9, 10, 12, 13, 27, 32, 40, 46, 47, 49, 56, 57, 69, 73, 75, 78, 96]]
[158, 2.85221, [0, 1, 3, 4, 9, 10, 12, 13, 27, 33, 35, 36, 40, 46, 48, 49, 64, 73, 74, 78]]
[158, 2.85198, [0, 1, 3, 4, 9, 10, 12, 13, 27, 33, 35, 36, 40, 46, 48, 49, 64, 73, 75, 78]]
[158, 2.85175, [0, 1, 3, 4, 9, 10, 12, 13, 27, 33, 35, 36, 40, 46, 48, 49, 64, 74, 75, 78]]
[158, 2.85153, [0, 1, 3, 4, 9, 10, 12, 13, 28, 29, 33, 34, 36, 50, 51, 61, 70, 75, 76, 78]]
[158, 2.85131, [0, 1, 3, 4, 9, 10, 12, 13, 28, 29, 33, 34, 36, 50, 51, 61, 70, 75, 77, 78]]
[158, 2.85166, [0, 1, 3, 4, 9, 10, 12, 13, 28, 29, 36, 42, 50, 51, 61, 65, 67, 70, 76, 78, 141]]
[158, 2.85285, [0, 1, 3, 4, 9, 10, 12, 13, 28, 30, 31, 40, 45, 54, 65, 66, 72, 73, 75, 97, 125]]
[158, 2.85261, [0, 1, 3, 4, 9, 10, 12, 13, 28, 30, 31, 40, 45, 54, 65, 66, 72, 74, 75, 97, 125]]
[158, 2.8546, [0, 1, 3, 4, 9, 10, 12, 13, 28, 31, 33, 36, 48, 51, 64, 67, 73, 75, 76, 78, 126]]
[158, 2.85142, [0, 1, 3, 4, 9, 10, 12, 13, 28, 32, 48, 50, 57, 59, 65, 69, 74, 75, 77, 78, 94, 133]]
[158, 2.86378, [0, 1, 3, 4, 9, 10, 12, 13, 28, 33, 35, 36, 40, 48, 50, 51, 73, 75, 78, 94, 135]]
[158, 2.85542, [0, 1, 3, 4, 9, 10, 12, 13, 28, 33, 35, 36, 40, 48, 50, 51, 73, 78, 94, 135, 139]]
[158, 2.8571, [0, 1, 3, 4, 9, 10, 12, 13, 28, 33, 35, 36, 48, 49, 51, 64, 73, 75, 76, 78, 126]]
[158, 2.85576, [0, 1, 3, 4, 9, 10, 12, 13, 28, 33, 35, 41, 45, 50, 51, 64, 68, 71, 75, 76, 144]]
[158, 2.8504, [0, 1, 3, 4, 9, 10, 12, 13, 28, 33, 36, 40, 48, 50, 51, 58, 73, 75, 78, 94, 135]]
[158, 2.85272, [0, 1, 3, 4, 9, 10, 12, 13, 29, 31, 32, 34, 40, 47, 66, 69, 73, 74, 78, 140, 141]]
[158, 2.8607, [0, 1, 3, 4, 9, 10, 12, 13, 30, 31, 35, 41, 43, 46, 54, 63, 64, 68, 71, 75, 144]]
[158, 2.85053, [0, 1, 3, 4, 9, 10, 12, 13, 30, 31, 35, 41, 44, 46, 54, 55, 63, 68, 93, 139, 144]]
[158, 2.8524, [0, 1, 3, 4, 9, 10, 12, 13, 31, 32, 34, 35, 41, 45, 46, 74, 76, 93, 94, 105, 109]]
[158, 2.85891, [0, 1, 3, 4, 9, 10, 12, 13, 32, 37, 38, 41, 43, 46, 56, 57, 59, 93, 96, 124, 131, 142]]
[158, 2.85892, [0, 1, 3, 4, 9, 10, 12, 13, 32, 38, 42, 48, 50, 56, 57, 59, 65, 69, 77, 78, 94, 133]]
[158, 2.85431, [0, 1, 3, 4, 9, 10, 12, 13, 33, 35, 36, 40, 46, 48, 49, 51, 64, 73, 75, 78, 139]]
[158, 2.85285, [0, 1, 3, 4, 9, 10, 12, 13, 33, 36, 40, 46, 48, 51, 58, 61, 73, 75, 78, 94, 129, 139]]
[158, 2.8551, [0, 1, 3, 4, 9, 10, 12, 22, 25, 26, 29, 31, 45, 56, 60, 63, 69, 71, 72, 76, 77]]
[158, 2.853, [0, 1, 3, 4, 9, 10, 12, 22, 25, 26, 31, 54, 55, 57, 63, 64, 67, 68, 75, 76, 78, 137]]
[158, 2.85093, [0, 1, 3, 4, 9, 11, 12, 16, 25, 26, 30, 45, 53, 55, 58, 62, 67, 68, 70, 75, 77]]
[158, 2.86077, [0, 1, 3, 4, 9, 11, 12, 16, 25, 26, 33, 44, 53, 56, 58, 69, 71, 74, 75, 78, 99, 128]]
[158, 2.85431, [0, 1, 3, 4, 9, 11, 12, 16, 25, 27, 30, 36, 40, 52, 58, 62, 67, 73, 75, 78, 127]]
[158, 2.85075, [0, 1, 3, 4, 9, 11, 12, 16, 25, 27, 30, 36, 52, 55, 62, 66, 67, 73, 75, 76, 78]]
[158, 2.85281, [0, 1, 3, 4, 9, 11, 12, 16, 26, 27, 44, 46, 55, 57, 58, 60, 67, 69, 73, 75, 96, 128]]
[158, 2.85592, [0, 1, 3, 4, 9, 11, 16, 20, 25, 26, 33, 42, 45, 53, 54, 56, 60, 69, 71, 72, 76, 77]]

Search completed in 0 hours, 9 minutes, and 37.916 seconds.  Enter a string to quit.