Enter an integer k for which our Kempner sets are k-free: 3
Enter a positive integer modulus b: 215
Enter estimation parameters, or * for pre-computed parameters ([0.0673, 1.0668, 1.3377]): *
Enter a threshold (e.g. 4.2) to determine printed output: 2.93
Enter a root for the search space (e.g. [0, 1, 2]) [or * for the root [0]]: *
Enter an upper bound for the size of allowable digit sets [or * to ignore]: 33
Enter a maximal number of deviations from a greedy search [or * to ignore]: *
Searching for k-free sets mod b...

[215, 2.93099, [0, 1, 3, 4, 9, 10, 12, 13, 27, 28, 30, 31, 36, 37, 39, 40, 81, 82, 84, 85, 90, 91, 93, 103, 106, 107]]
[215, 2.9316, [0, 1, 3, 4, 9, 10, 12, 13, 27, 28, 30, 31, 36, 37, 39, 40, 81, 82, 84, 85, 90, 92, 93, 97, 106, 107]]
[215, 2.93053, [0, 1, 3, 4, 9, 10, 12, 13, 27, 28, 30, 31, 36, 37, 39, 40, 81, 82, 84, 85, 90, 92, 97, 101, 106, 107]]
[215, 2.93047, [0, 1, 3, 4, 9, 10, 12, 13, 27, 28, 30, 31, 36, 37, 39, 40, 81, 82, 84, 85, 92, 93, 97, 98, 106, 107]]
[215, 2.93042, [0, 1, 3, 4, 9, 10, 12, 13, 27, 28, 30, 31, 36, 37, 39, 40, 81, 82, 84, 88, 89, 91, 99, 102, 103, 106]]
[215, 2.9305, [0, 1, 3, 4, 9, 10, 12, 13, 27, 28, 30, 31, 36, 37, 39, 40, 81, 82, 84, 88, 90, 91, 93, 103, 106, 107]]
[215, 2.93043, [0, 1, 3, 4, 9, 10, 12, 13, 27, 28, 30, 31, 36, 37, 39, 40, 81, 82, 84, 89, 90, 92, 93, 101, 106, 107]]
[215, 2.93029, [0, 1, 3, 4, 9, 10, 12, 13, 27, 28, 30, 31, 36, 37, 39, 40, 81, 82, 85, 86, 92, 95, 97, 100, 101, 106]]
[215, 2.93092, [0, 1, 3, 4, 9, 10, 12, 13, 27, 28, 30, 31, 36, 37, 39, 40, 81, 82, 85, 87, 90, 91, 94, 102, 104, 105]]
[215, 2.93041, [0, 1, 3, 4, 9, 10, 12, 13, 27, 28, 30, 31, 36, 37, 39, 40, 81, 82, 85, 87, 90, 91, 96, 103, 104, 106]]
[215, 2.95255, [0, 1, 3, 4, 9, 10, 12, 13, 27, 28, 30, 31, 36, 37, 39, 40, 81, 82, 85, 87, 91, 96, 98, 99, 103, 104, 106]]
[215, 2.93041, [0, 1, 3, 4, 9, 10, 12, 13, 27, 28, 30, 31, 36, 37, 39, 40, 81, 82, 86, 87, 89, 94, 98, 100, 103, 104]]
[215, 2.93029, [0, 1, 3, 4, 9, 10, 12, 13, 27, 28, 30, 31, 36, 37, 39, 40, 81, 82, 86, 87, 89, 94, 98, 100, 103, 105]]
[215, 2.95234, [0, 1, 3, 4, 9, 10, 12, 13, 27, 28, 30, 31, 36, 37, 39, 40, 81, 82, 86, 87, 89, 95, 99, 100, 102, 106, 107]]
[215, 2.95234, [0, 1, 3, 4, 9, 10, 12, 13, 27, 28, 30, 31, 36, 37, 39, 40, 81, 82, 86, 88, 89, 93, 99, 101, 102, 106, 107]]
[215, 2.95132, [0, 1, 3, 4, 9, 10, 12, 13, 27, 28, 30, 31, 36, 37, 39, 40, 81, 82, 86, 88, 92, 97, 99, 100, 104, 105, 107]]
[215, 2.9457, [0, 1, 3, 4, 9, 10, 12, 13, 27, 28, 30, 31, 36, 37, 39, 40, 81, 82, 86, 89, 95, 99, 100, 102, 106, 107, 156]]
[215, 2.93037, [0, 1, 3, 4, 9, 10, 12, 13, 27, 28, 30, 31, 36, 37, 39, 40, 81, 83, 84, 86, 90, 92, 93, 104, 106, 107]]
[215, 2.93062, [0, 1, 3, 4, 9, 10, 12, 13, 27, 28, 30, 31, 36, 37, 39, 40, 81, 83, 84, 86, 92, 93, 96, 97, 104, 107]]
[215, 2.95234, [0, 1, 3, 4, 9, 10, 12, 13, 27, 28, 30, 31, 36, 37, 39, 40, 81, 83, 84, 86, 92, 96, 97, 99, 104, 105, 107]]
[215, 2.93027, [0, 1, 3, 4, 9, 10, 12, 13, 27, 28, 30, 31, 36, 37, 39, 40, 81, 83, 84, 86, 93, 94, 98, 99, 101, 106]]
[215, 2.95355, [0, 1, 3, 4, 9, 10, 12, 13, 27, 28, 30, 31, 36, 37, 39, 40, 81, 83, 84, 88, 89, 91, 96, 100, 102, 105, 106]]
[215, 2.95344, [0, 1, 3, 4, 9, 10, 12, 13, 27, 28, 30, 31, 36, 37, 39, 40, 81, 83, 84, 88, 89, 91, 96, 100, 102, 105, 107]]
[215, 2.95332, [0, 1, 3, 4, 9, 10, 12, 13, 27, 28, 30, 31, 36, 37, 39, 40, 81, 83, 84, 88, 89, 91, 96, 100, 102, 106, 107]]
[215, 2.93089, [0, 1, 3, 4, 9, 10, 12, 13, 27, 28, 30, 31, 36, 37, 39, 40, 81, 83, 84, 88, 89, 91, 96, 100, 102, 107]]
[215, 2.93065, [0, 1, 3, 4, 9, 10, 12, 13, 27, 28, 30, 31, 36, 37, 39, 40, 81, 83, 84, 88, 89, 91, 96, 100, 105, 106]]
[215, 2.93053, [0, 1, 3, 4, 9, 10, 12, 13, 27, 28, 30, 31, 36, 37, 39, 40, 81, 83, 84, 88, 89, 91, 96, 100, 105, 107]]
[215, 2.93042, [0, 1, 3, 4, 9, 10, 12, 13, 27, 28, 30, 31, 36, 37, 39, 40, 81, 83, 84, 88, 89, 91, 96, 100, 106, 107]]
[215, 2.9304, [0, 1, 3, 4, 9, 10, 12, 13, 27, 28, 30, 31, 36, 37, 39, 40, 81, 83, 84, 88, 89, 91, 96, 102, 105, 106]]
[215, 2.93029, [0, 1, 3, 4, 9, 10, 12, 13, 27, 28, 30, 31, 36, 37, 39, 40, 81, 83, 84, 88, 89, 91, 96, 102, 105, 107]]
[215, 2.93022, [0, 1, 3, 4, 9, 10, 12, 13, 27, 28, 30, 31, 36, 37, 39, 40, 81, 83, 84, 88, 89, 91, 100, 102, 103, 105]]
[215, 2.93039, [0, 1, 3, 4, 9, 10, 12, 13, 27, 28, 30, 31, 36, 37, 39, 40, 81, 83, 84, 88, 89, 96, 98, 99, 101, 105]]
[215, 2.93007, [0, 1, 3, 4, 9, 10, 12, 13, 27, 28, 30, 31, 36, 37, 39, 40, 81, 83, 84, 88, 90, 91, 100, 102, 103, 105]]
[215, 2.95233, [0, 1, 3, 4, 9, 10, 12, 13, 27, 28, 30, 31, 36, 37, 39, 40, 81, 83, 84, 89, 91, 92, 96, 102, 104, 105, 107]]
[215, 2.95114, [0, 1, 3, 4, 9, 10, 12, 13, 27, 28, 30, 31, 36, 37, 39, 40, 81, 83, 86, 88, 92, 97, 99, 100, 104, 105, 107]]
[215, 2.95095, [0, 1, 3, 4, 9, 10, 12, 13, 27, 28, 30, 31, 36, 37, 39, 40, 82, 83, 86, 88, 92, 97, 99, 100, 104, 105, 107]]
[215, 2.95194, [0, 1, 3, 4, 9, 10, 12, 13, 27, 28, 30, 31, 36, 37, 39, 40, 82, 84, 85, 89, 90, 92, 97, 101, 103, 106, 107]]
[215, 2.94015, [0, 1, 3, 4, 9, 10, 12, 13, 27, 28, 30, 31, 36, 37, 39, 76, 79, 81, 84, 85, 88, 96, 98, 99, 103, 105, 106]]
[215, 2.93809, [0, 1, 3, 4, 9, 10, 12, 13, 27, 28, 30, 31, 36, 37, 39, 76, 79, 83, 84, 86, 94, 97, 98, 101, 103, 106, 107]]
[215, 2.93905, [0, 1, 3, 4, 9, 10, 12, 13, 27, 28, 30, 31, 36, 37, 39, 76, 80, 82, 83, 85, 89, 97, 99, 100, 104, 106, 107]]
[215, 2.93853, [0, 1, 3, 4, 9, 10, 12, 13, 27, 28, 30, 31, 36, 37, 39, 76, 80, 82, 85, 86, 89, 97, 99, 100, 104, 106, 107]]
[215, 2.93063, [0, 1, 3, 4, 9, 10, 12, 13, 27, 28, 30, 31, 36, 37, 39, 81, 82, 86, 88, 89, 93, 99, 101, 102, 106, 107, 143]]
[215, 2.93044, [0, 1, 3, 4, 9, 10, 12, 13, 27, 28, 30, 31, 36, 37, 39, 81, 83, 84, 86, 92, 96, 97, 99, 104, 105, 107, 146]]
[215, 2.93919, [0, 1, 3, 4, 9, 10, 12, 13, 27, 28, 30, 31, 36, 37, 40, 75, 78, 82, 83, 85, 93, 96, 97, 100, 102, 105, 106]]
[215, 2.94212, [0, 1, 3, 4, 9, 10, 12, 13, 27, 28, 30, 31, 36, 38, 39, 70, 79, 80, 84, 86, 87, 91, 97, 99, 100, 105, 106]]
[215, 2.93105, [0, 1, 3, 4, 9, 10, 12, 13, 27, 28, 30, 34, 35, 37, 63, 72, 75, 76, 82, 83, 85, 93, 97, 100, 102, 105, 106]]
[215, 2.93624, [0, 1, 3, 4, 9, 10, 12, 13, 27, 28, 30, 34, 35, 39, 49, 72, 73, 79, 80, 82, 83, 90, 96, 99, 103, 104, 106]]
[215, 2.93699, [0, 1, 3, 4, 9, 10, 12, 13, 27, 28, 30, 34, 36, 37, 39, 76, 79, 81, 84, 85, 88, 96, 98, 99, 103, 105, 106]]
[215, 2.93492, [0, 1, 3, 4, 9, 10, 12, 13, 27, 28, 30, 34, 36, 37, 39, 76, 79, 83, 84, 86, 94, 97, 98, 101, 103, 106, 107]]
[215, 2.93588, [0, 1, 3, 4, 9, 10, 12, 13, 27, 28, 30, 34, 36, 37, 39, 76, 80, 82, 83, 85, 89, 97, 99, 100, 104, 106, 107]]
[215, 2.93536, [0, 1, 3, 4, 9, 10, 12, 13, 27, 28, 30, 34, 36, 37, 39, 76, 80, 82, 85, 86, 89, 97, 99, 100, 104, 106, 107]]
[215, 2.93583, [0, 1, 3, 4, 9, 10, 12, 13, 27, 28, 31, 33, 36, 37, 40, 75, 78, 82, 83, 85, 93, 96, 97, 100, 102, 105, 106]]
[215, 2.93033, [0, 1, 3, 4, 9, 10, 12, 13, 27, 28, 31, 33, 36, 37, 40, 75, 81, 82, 84, 85, 90, 92, 97, 101, 106, 107, 173]]
[215, 2.93179, [0, 1, 3, 4, 9, 10, 12, 13, 27, 28, 32, 33, 35, 48, 49, 59, 72, 73, 75, 79, 80, 82, 100, 103, 104, 107, 170]]
[215, 2.93393, [0, 1, 3, 4, 9, 10, 12, 13, 27, 28, 32, 34, 35, 39, 49, 72, 73, 79, 80, 82, 83, 90, 96, 99, 103, 104, 106]]
[215, 2.93965, [0, 1, 3, 4, 9, 10, 12, 13, 27, 29, 30, 32, 36, 38, 39, 70, 79, 80, 84, 86, 87, 91, 97, 99, 100, 105, 106]]
[215, 2.93354, [0, 1, 3, 4, 9, 10, 12, 13, 27, 29, 30, 34, 35, 37, 52, 72, 76, 78, 82, 83, 85, 93, 96, 97, 102, 105, 106]]
[215, 2.93637, [0, 1, 3, 4, 9, 10, 12, 13, 28, 30, 34, 35, 39, 45, 49, 54, 71, 72, 76, 79, 83, 84, 91, 101, 102, 171, 177, 197]]

Search completed in 8 hours, 28 minutes, and 18.193 seconds.  Enter a string to quit.