Enter an integer k for which our Kempner sets are k-free: 3
Enter a positive integer modulus b: 142
Enter estimation parameters, or * for pre-computed parameters ([0.0786, 1.0617, 1.3994]): *
Enter a threshold (e.g. 4.2) to determine printed output: 2.84
Enter a root for the search space (e.g. [0, 1, 2]) [or * for the root [0]]: *
Enter an upper bound for the size of allowable digit sets [or * to ignore]: *
Enter a maximal number of deviations from a greedy search [or * to ignore]: *
Searching for k-free sets mod b...

[142, 2.84683, [0, 1, 3, 4, 9, 10, 12, 13, 27, 28, 32, 38, 40, 57, 58, 62, 65, 69, 94]]
[142, 2.85295, [0, 1, 3, 4, 9, 10, 12, 13, 27, 28, 32, 38, 40, 57, 59, 62, 94, 119, 125, 127]]
[142, 2.84026, [0, 1, 3, 4, 9, 10, 12, 13, 27, 28, 32, 38, 40, 57, 59, 65, 69, 88, 94]]
[142, 2.84272, [0, 1, 3, 4, 9, 10, 12, 13, 27, 29, 30, 32, 38, 40, 43, 62, 65, 69]]
[142, 2.85333, [0, 1, 3, 4, 9, 10, 12, 13, 27, 29, 30, 34, 36, 40, 52, 61, 66, 125, 127]]
[142, 2.84244, [0, 1, 3, 4, 9, 10, 12, 13, 27, 29, 35, 36, 39, 47, 52, 56, 64, 120, 122]]
[142, 2.84472, [0, 1, 3, 4, 9, 10, 12, 13, 27, 31, 32, 34, 38, 40, 43, 47, 57, 69]]
[142, 2.87436, [0, 1, 3, 4, 9, 10, 12, 13, 27, 31, 32, 34, 38, 43, 46, 47, 57, 69, 70]]
[142, 2.84061, [0, 1, 3, 4, 9, 10, 12, 13, 27, 31, 32, 34, 38, 43, 46, 47, 57, 70]]
[142, 2.85701, [0, 1, 3, 4, 9, 10, 12, 13, 27, 31, 32, 34, 38, 43, 47, 57, 69, 70, 120]]
[142, 2.88612, [0, 1, 3, 4, 9, 10, 12, 13, 27, 31, 32, 34, 43, 46, 47, 57, 66, 69, 70, 124]]
[142, 2.8523, [0, 1, 3, 4, 9, 10, 12, 13, 27, 31, 32, 34, 43, 46, 47, 57, 66, 69, 124]]
[142, 2.85203, [0, 1, 3, 4, 9, 10, 12, 13, 27, 31, 32, 34, 43, 46, 47, 57, 66, 70, 124]]
[142, 2.85119, [0, 1, 3, 4, 9, 10, 12, 13, 27, 31, 32, 34, 43, 46, 47, 57, 69, 70, 124]]
[142, 2.84818, [0, 1, 3, 4, 9, 10, 12, 13, 27, 31, 32, 34, 43, 46, 47, 66, 69, 70, 124]]
[142, 2.84362, [0, 1, 3, 4, 9, 10, 12, 13, 27, 31, 32, 34, 43, 46, 57, 66, 69, 70, 124]]
[142, 2.84307, [0, 1, 3, 4, 9, 10, 12, 13, 27, 31, 32, 34, 43, 47, 57, 66, 69, 70, 124]]
[142, 2.84125, [0, 1, 3, 4, 9, 10, 12, 13, 27, 31, 32, 34, 46, 47, 57, 66, 69, 70, 124]]
[142, 2.86455, [0, 1, 3, 4, 9, 10, 12, 13, 27, 31, 32, 36, 38, 39, 43, 56, 57, 70, 120]]
[142, 2.84947, [0, 1, 3, 4, 9, 10, 12, 13, 27, 31, 32, 36, 39, 43, 56, 57, 67, 90, 96]]
[142, 2.84054, [0, 1, 3, 4, 9, 10, 12, 13, 27, 31, 32, 36, 39, 43, 56, 57, 90, 96, 120]]
[142, 2.84484, [0, 1, 3, 4, 9, 10, 12, 13, 27, 31, 32, 36, 43, 46, 48, 57, 67, 90, 127]]
[142, 2.84312, [0, 1, 3, 4, 9, 10, 12, 13, 27, 31, 33, 36, 43, 46, 48, 64, 67, 90, 110]]
[142, 2.84041, [0, 1, 3, 4, 9, 10, 12, 13, 27, 34, 36, 40, 43, 47, 49, 57, 61, 66, 127]]
[142, 2.8409, [0, 1, 3, 4, 9, 10, 12, 13, 27, 35, 39, 40, 46, 47, 49, 56, 62, 64, 87]]
[142, 2.84109, [0, 1, 3, 4, 9, 10, 12, 13, 28, 29, 31, 37, 39, 42, 60, 63, 67, 112, 128]]
[142, 2.8474, [0, 1, 3, 4, 9, 10, 12, 13, 28, 29, 31, 37, 41, 42, 60, 63, 67, 68, 128]]
[142, 2.84096, [0, 1, 3, 4, 9, 10, 12, 13, 28, 29, 36, 38, 42, 50, 51, 61, 65, 70, 123]]
[142, 2.84053, [0, 1, 3, 4, 9, 10, 12, 13, 28, 37, 38, 42, 45, 49, 51, 54, 58, 68, 69]]
[142, 2.85362, [0, 1, 3, 4, 9, 10, 12, 13, 29, 30, 32, 38, 42, 43, 53, 62, 65, 69, 70]]
[142, 2.8415, [0, 1, 3, 4, 9, 10, 12, 13, 29, 30, 38, 40, 43, 44, 52, 62, 65, 69, 89]]
[142, 2.85943, [0, 1, 3, 4, 9, 10, 12, 13, 29, 31, 35, 36, 38, 42, 44, 51, 56, 65, 123]]
[142, 2.84132, [0, 1, 3, 4, 9, 10, 12, 13, 29, 31, 35, 36, 38, 42, 51, 56, 65, 116, 123]]
[142, 2.85376, [0, 1, 3, 4, 9, 10, 12, 13, 29, 31, 35, 36, 42, 44, 47, 51, 56, 64, 123]]
[142, 2.84316, [0, 1, 3, 4, 9, 10, 12, 13, 29, 31, 35, 36, 42, 44, 47, 51, 56, 123, 128]]
[142, 2.84648, [0, 1, 3, 4, 9, 10, 12, 13, 29, 31, 35, 36, 42, 44, 51, 56, 64, 65, 123]]
[142, 2.86439, [0, 1, 3, 4, 9, 10, 12, 13, 29, 31, 35, 36, 42, 44, 51, 56, 65, 96, 123, 128]]
[142, 2.84779, [0, 1, 3, 4, 9, 10, 12, 13, 29, 31, 36, 42, 44, 51, 56, 65, 67, 96, 123, 128]]
[142, 2.84032, [0, 1, 3, 4, 9, 10, 12, 13, 29, 31, 38, 39, 43, 44, 51, 56, 60, 70, 126]]
[142, 2.845, [0, 1, 3, 4, 9, 10, 12, 13, 29, 39, 41, 42, 44, 56, 60, 62, 63, 67, 89, 128]]
[142, 2.84824, [0, 1, 3, 4, 9, 10, 12, 13, 30, 31, 33, 39, 41, 42, 46, 55, 67, 85, 90]]
[142, 2.84267, [0, 1, 3, 4, 9, 10, 12, 13, 30, 31, 33, 39, 41, 42, 46, 55, 67, 90, 128]]
[142, 2.84505, [0, 1, 3, 4, 9, 10, 12, 13, 30, 31, 33, 39, 41, 42, 46, 64, 67, 85, 90]]
[142, 2.84072, [0, 1, 3, 4, 9, 10, 12, 13, 30, 31, 33, 39, 41, 42, 55, 64, 67, 85, 90]]
[142, 2.84573, [0, 1, 3, 4, 9, 10, 12, 13, 30, 31, 33, 41, 42, 45, 46, 64, 67, 68, 85]]
[142, 2.84024, [0, 1, 3, 4, 9, 10, 12, 13, 30, 31, 35, 41, 42, 44, 45, 63, 65, 68, 128]]
[142, 2.84707, [0, 1, 3, 4, 9, 10, 12, 13, 30, 31, 35, 41, 44, 46, 54, 55, 63, 65, 68]]
[142, 2.85313, [0, 1, 3, 4, 9, 10, 12, 13, 30, 32, 38, 39, 42, 43, 49, 53, 58, 62, 70]]
[142, 2.84126, [0, 1, 3, 4, 9, 10, 12, 13, 30, 32, 38, 42, 43, 45, 49, 62, 65, 69, 70]]
[142, 2.87466, [0, 1, 3, 4, 9, 10, 12, 13, 30, 32, 38, 42, 43, 49, 53, 58, 62, 65, 69, 70]]
[142, 2.84067, [0, 1, 3, 4, 9, 10, 12, 13, 30, 32, 38, 42, 43, 49, 53, 58, 62, 65, 70]]
[142, 2.84094, [0, 1, 3, 4, 9, 10, 12, 13, 30, 33, 34, 37, 42, 45, 46, 52, 69, 85, 119]]
[142, 2.85865, [0, 1, 3, 4, 9, 10, 12, 13, 30, 34, 40, 44, 45, 49, 52, 61, 62, 66, 69, 127]]
[142, 2.84971, [0, 1, 3, 4, 9, 10, 12, 13, 30, 34, 40, 44, 45, 49, 52, 61, 62, 66, 125, 127]]
[142, 2.85351, [0, 1, 3, 4, 9, 10, 12, 13, 30, 34, 40, 45, 49, 52, 54, 61, 62, 66, 69, 127]]
[142, 2.84248, [0, 1, 3, 4, 9, 10, 12, 13, 30, 34, 40, 45, 52, 54, 61, 62, 66, 69, 85, 127]]
[142, 2.84558, [0, 1, 3, 4, 9, 10, 12, 13, 31, 32, 34, 42, 43, 46, 47, 57, 66, 69, 70]]
[142, 2.84596, [0, 1, 3, 4, 9, 10, 12, 13, 31, 32, 36, 42, 43, 45, 46, 57, 65, 66, 70]]
[142, 2.84567, [0, 1, 3, 4, 9, 10, 12, 13, 31, 32, 36, 42, 43, 45, 46, 57, 65, 67, 70]]
[142, 2.84537, [0, 1, 3, 4, 9, 10, 12, 13, 31, 32, 36, 42, 43, 45, 46, 57, 66, 67, 70]]
[142, 2.84482, [0, 1, 3, 4, 9, 10, 12, 13, 31, 32, 36, 42, 43, 46, 47, 57, 65, 66, 70]]
[142, 2.8506, [0, 1, 3, 4, 9, 10, 12, 13, 31, 33, 34, 38, 39, 46, 48, 51, 60, 70, 85]]
[142, 2.8614, [0, 1, 3, 4, 9, 10, 12, 13, 31, 33, 36, 38, 44, 46, 47, 51, 70, 86, 105, 123]]
[142, 2.84994, [0, 1, 3, 4, 9, 10, 12, 13, 31, 33, 37, 39, 46, 48, 51, 60, 67, 85, 126, 128]]
[142, 2.84487, [0, 1, 3, 4, 9, 10, 12, 13, 31, 35, 36, 38, 42, 44, 47, 51, 54, 65, 123]]
[142, 2.84312, [0, 1, 3, 4, 9, 10, 12, 13, 31, 35, 36, 38, 42, 44, 47, 54, 55, 65, 123]]
[142, 2.8411, [0, 1, 3, 4, 9, 10, 12, 13, 31, 35, 36, 38, 42, 44, 51, 54, 55, 65, 123]]
[142, 2.8407, [0, 1, 3, 4, 9, 10, 12, 13, 31, 35, 36, 38, 42, 44, 51, 54, 56, 65, 123]]
[142, 2.84028, [0, 1, 3, 4, 9, 10, 12, 13, 31, 35, 36, 38, 42, 44, 51, 55, 56, 65, 123]]
[142, 2.86855, [0, 1, 3, 4, 9, 10, 12, 13, 31, 35, 36, 40, 42, 46, 51, 54, 55, 65, 86, 123]]
[142, 2.86379, [0, 1, 3, 4, 9, 10, 12, 13, 31, 35, 36, 40, 42, 46, 51, 54, 55, 85, 86, 123]]
[142, 2.84508, [0, 1, 3, 4, 9, 10, 12, 13, 31, 35, 36, 42, 44, 51, 55, 56, 65, 96, 123, 128]]
[142, 2.86042, [0, 1, 3, 4, 9, 10, 12, 13, 31, 37, 39, 42, 44, 48, 55, 56, 60, 63, 67, 128]]
[142, 2.84227, [0, 1, 3, 4, 9, 10, 12, 13, 31, 37, 39, 42, 48, 55, 56, 60, 63, 67, 115, 128]]
[142, 2.84089, [0, 1, 3, 4, 9, 10, 12, 13, 32, 36, 37, 41, 43, 44, 53, 57, 58, 66, 67]]
[142, 2.85793, [0, 1, 3, 4, 9, 10, 12, 13, 32, 36, 37, 44, 50, 53, 57, 58, 67, 117, 119, 120, 127]]
[142, 2.84222, [0, 1, 3, 4, 9, 10, 12, 22, 25, 27, 30, 31, 36, 39, 55, 64, 65, 67, 90]]
[142, 2.84589, [0, 1, 3, 4, 9, 10, 12, 22, 28, 29, 38, 42, 45, 50, 51, 59, 63, 65, 69, 70]]
[142, 2.85117, [0, 1, 3, 4, 9, 11, 12, 16, 25, 26, 33, 37, 42, 44, 45, 56, 60, 61, 69]]
[142, 2.84748, [0, 1, 3, 4, 9, 11, 12, 16, 25, 26, 33, 37, 42, 44, 45, 60, 61, 67, 69]]
[142, 2.84217, [0, 1, 3, 4, 9, 11, 12, 16, 25, 26, 33, 37, 42, 44, 56, 60, 61, 67, 69]]
[142, 2.85176, [0, 1, 3, 4, 9, 11, 12, 16, 25, 26, 37, 42, 44, 55, 57, 60, 64, 67, 69, 121]]
[142, 2.84489, [0, 1, 3, 4, 9, 11, 12, 16, 25, 26, 37, 42, 55, 57, 60, 61, 64, 66, 69, 115]]
[142, 2.84301, [0, 1, 3, 4, 9, 11, 12, 16, 25, 26, 37, 42, 55, 57, 60, 64, 66, 67, 69, 115]]
[142, 2.84809, [0, 1, 3, 4, 9, 11, 12, 16, 25, 26, 44, 45, 53, 54, 58, 59, 66, 67, 69, 70]]
[142, 2.845, [0, 1, 3, 4, 9, 11, 12, 16, 25, 26, 44, 45, 54, 58, 59, 61, 66, 67, 69, 70]]
[142, 2.84704, [0, 1, 3, 4, 9, 11, 12, 16, 27, 36, 39, 40, 47, 57, 59, 65, 70, 84, 88, 116, 122]]
[142, 2.84311, [0, 1, 3, 4, 9, 12, 13, 19, 27, 30, 31, 39, 44, 46, 52, 55, 63, 67, 68, 70]]

Search completed in 3 hours, 44 minutes, and 18.794 seconds.  Enter a string to quit.