Enter an integer k for which our Kempner sets are k-free: 3
Enter a positive integer modulus b: 176
Enter estimation parameters, or * for pre-computed parameters ([0.0734, 1.0612, 1.3767]): *
Enter a threshold (e.g. 4.2) to determine printed output: 2.88
Enter a root for the search space (e.g. [0, 1, 2]) [or * for the root [0]]: *
Enter an upper bound for the size of allowable digit sets [or * to ignore]: 29
Enter a maximal number of deviations from a greedy search [or * to ignore]: *
Searching for k-free sets mod b...

[176, 2.88088, [0, 1, 3, 4, 9, 10, 12, 13, 27, 28, 30, 31, 36, 40, 64, 66, 73, 74, 78, 81, 85, 86]]
[176, 2.88071, [0, 1, 3, 4, 9, 10, 12, 13, 27, 28, 30, 31, 36, 40, 64, 66, 73, 74, 78, 81, 85, 87]]
[176, 2.88054, [0, 1, 3, 4, 9, 10, 12, 13, 27, 28, 30, 31, 36, 40, 64, 66, 73, 74, 78, 81, 86, 87]]
[176, 2.89027, [0, 1, 3, 4, 9, 10, 12, 13, 27, 28, 30, 31, 36, 64, 65, 67, 73, 77, 78, 80, 84, 86, 139]]
[176, 2.8934, [0, 1, 3, 4, 9, 10, 12, 13, 27, 28, 30, 31, 36, 64, 66, 67, 73, 74, 77, 78, 85, 86, 113]]
[176, 2.88189, [0, 1, 3, 4, 9, 10, 12, 13, 27, 28, 30, 31, 36, 64, 67, 73, 77, 78, 80, 84, 86, 113, 139]]
[176, 2.88904, [0, 1, 3, 4, 9, 10, 12, 13, 27, 28, 30, 31, 36, 65, 66, 73, 74, 77, 78, 84, 85, 87, 114]]
[176, 2.88497, [0, 1, 3, 4, 9, 10, 12, 13, 27, 28, 30, 31, 36, 66, 67, 73, 74, 77, 78, 84, 85, 113, 114]]
[176, 2.89519, [0, 1, 3, 4, 9, 10, 12, 13, 27, 28, 30, 31, 37, 63, 66, 68, 72, 77, 79, 80, 84, 85, 87]]
[176, 2.8873, [0, 1, 3, 4, 9, 10, 12, 13, 27, 28, 30, 34, 35, 39, 49, 62, 72, 73, 76, 81, 83, 87]]
[176, 2.88198, [0, 1, 3, 4, 9, 10, 12, 13, 27, 28, 30, 34, 35, 39, 62, 63, 71, 72, 76, 83, 84, 86]]
[176, 2.89764, [0, 1, 3, 4, 9, 10, 12, 13, 27, 28, 30, 34, 35, 39, 63, 71, 73, 76, 80, 82, 85, 86, 153]]
[176, 2.88729, [0, 1, 3, 4, 9, 10, 12, 13, 27, 28, 30, 34, 35, 62, 63, 71, 72, 76, 83, 84, 86, 87, 127]]
[176, 2.88173, [0, 1, 3, 4, 9, 10, 12, 13, 27, 28, 30, 36, 49, 58, 61, 65, 66, 75, 78, 79, 82, 87, 159]]
[176, 2.88394, [0, 1, 3, 4, 9, 10, 12, 13, 27, 28, 30, 38, 40, 58, 62, 65, 69, 74, 81, 82, 85, 87, 141]]
[176, 2.88716, [0, 1, 3, 4, 9, 10, 12, 13, 27, 28, 32, 33, 35, 40, 49, 59, 72, 73, 75, 81, 82, 84]]
[176, 2.88693, [0, 1, 3, 4, 9, 10, 12, 13, 27, 28, 32, 33, 35, 40, 49, 59, 72, 74, 75, 81, 82, 84]]
[176, 2.88585, [0, 1, 3, 4, 9, 10, 12, 13, 27, 28, 32, 33, 35, 40, 49, 59, 72, 74, 75, 82, 84, 87]]
[176, 2.88392, [0, 1, 3, 4, 9, 10, 12, 13, 27, 28, 32, 33, 35, 48, 49, 59, 72, 73, 75, 76, 81, 82]]
[176, 2.88349, [0, 1, 3, 4, 9, 10, 12, 13, 27, 28, 32, 33, 35, 48, 49, 59, 72, 73, 75, 79, 80, 82]]
[176, 2.88329, [0, 1, 3, 4, 9, 10, 12, 13, 27, 28, 32, 33, 35, 48, 49, 59, 72, 73, 75, 79, 81, 82]]
[176, 2.88328, [0, 1, 3, 4, 9, 10, 12, 13, 27, 28, 32, 33, 35, 48, 49, 59, 72, 73, 76, 78, 81, 82]]
[176, 2.90401, [0, 1, 3, 4, 9, 10, 12, 13, 27, 28, 32, 33, 35, 48, 49, 59, 72, 73, 78, 79, 81, 82, 139]]
[176, 2.88326, [0, 1, 3, 4, 9, 10, 12, 13, 27, 28, 32, 33, 35, 48, 49, 59, 72, 74, 75, 79, 80, 82]]
[176, 2.88306, [0, 1, 3, 4, 9, 10, 12, 13, 27, 28, 32, 33, 35, 48, 49, 59, 72, 74, 75, 79, 81, 82]]
[176, 2.89508, [0, 1, 3, 4, 9, 10, 12, 13, 27, 28, 32, 33, 35, 48, 49, 59, 73, 78, 79, 81, 82, 139, 140]]
[176, 2.89547, [0, 1, 3, 4, 9, 10, 12, 13, 27, 28, 32, 33, 35, 49, 59, 68, 72, 73, 79, 81, 82, 84, 139]]
[176, 2.89078, [0, 1, 3, 4, 9, 10, 12, 13, 27, 28, 32, 33, 48, 49, 58, 59, 72, 73, 78, 79, 81, 82, 139]]
[176, 2.88186, [0, 1, 3, 4, 9, 10, 12, 13, 27, 28, 32, 33, 48, 49, 58, 59, 73, 78, 79, 81, 82, 139, 140]]
[176, 2.88497, [0, 1, 3, 4, 9, 10, 12, 13, 27, 28, 32, 34, 35, 39, 49, 62, 72, 73, 76, 81, 83, 87]]
[176, 2.88546, [0, 1, 3, 4, 9, 10, 12, 13, 27, 29, 30, 34, 35, 37, 52, 63, 72, 76, 78, 79, 83, 85]]
[176, 2.88476, [0, 1, 3, 4, 9, 10, 12, 13, 27, 29, 30, 34, 35, 37, 52, 63, 72, 76, 78, 79, 85, 87]]
[176, 2.88488, [0, 1, 3, 4, 9, 10, 12, 13, 27, 29, 30, 34, 35, 37, 52, 63, 72, 76, 78, 82, 83, 85]]
[176, 2.88453, [0, 1, 3, 4, 9, 10, 12, 13, 27, 29, 30, 34, 35, 37, 52, 63, 72, 76, 78, 82, 83, 87]]
[176, 2.88417, [0, 1, 3, 4, 9, 10, 12, 13, 27, 29, 30, 34, 35, 37, 52, 63, 72, 76, 78, 82, 85, 87]]
[176, 2.88416, [0, 1, 3, 4, 9, 10, 12, 13, 27, 29, 30, 34, 35, 37, 52, 63, 72, 76, 78, 83, 85, 86]]
[176, 2.88381, [0, 1, 3, 4, 9, 10, 12, 13, 27, 29, 30, 34, 35, 37, 52, 63, 72, 76, 78, 83, 86, 87]]
[176, 2.90593, [0, 1, 3, 4, 9, 10, 12, 13, 27, 29, 30, 34, 35, 37, 52, 63, 72, 76, 79, 84, 85, 87, 127]]
[176, 2.88337, [0, 1, 3, 4, 9, 10, 12, 13, 27, 29, 30, 34, 35, 37, 52, 63, 72, 76, 82, 83, 85, 86]]
[176, 2.88302, [0, 1, 3, 4, 9, 10, 12, 13, 27, 29, 30, 34, 35, 37, 52, 63, 72, 76, 82, 83, 86, 87]]
[176, 2.88301, [0, 1, 3, 4, 9, 10, 12, 13, 27, 29, 30, 34, 35, 37, 52, 63, 72, 76, 82, 84, 85, 87]]
[176, 2.90498, [0, 1, 3, 4, 9, 10, 12, 13, 27, 29, 30, 34, 35, 37, 52, 63, 72, 76, 83, 84, 86, 87, 127]]
[176, 2.9051, [0, 1, 3, 4, 9, 10, 12, 13, 27, 29, 30, 34, 35, 37, 52, 63, 72, 79, 80, 84, 85, 87, 127]]
[176, 2.88282, [0, 1, 3, 4, 9, 10, 12, 13, 27, 29, 30, 34, 35, 37, 52, 63, 76, 78, 79, 81, 85, 87]]
[176, 2.8828, [0, 1, 3, 4, 9, 10, 12, 13, 27, 29, 30, 34, 35, 37, 52, 63, 76, 78, 79, 83, 84, 86]]
[176, 2.88262, [0, 1, 3, 4, 9, 10, 12, 13, 27, 29, 30, 34, 35, 37, 52, 63, 76, 78, 79, 83, 85, 86]]
[176, 2.88226, [0, 1, 3, 4, 9, 10, 12, 13, 27, 29, 30, 34, 35, 37, 52, 63, 76, 78, 79, 84, 85, 87]]
[176, 2.88209, [0, 1, 3, 4, 9, 10, 12, 13, 27, 29, 30, 34, 35, 37, 52, 63, 76, 78, 79, 84, 86, 87]]
[176, 2.88224, [0, 1, 3, 4, 9, 10, 12, 13, 27, 29, 30, 34, 35, 37, 52, 63, 76, 78, 81, 82, 85, 87]]
[176, 2.88168, [0, 1, 3, 4, 9, 10, 12, 13, 27, 29, 30, 34, 35, 37, 52, 63, 76, 78, 82, 84, 85, 87]]
[176, 2.88132, [0, 1, 3, 4, 9, 10, 12, 13, 27, 29, 30, 34, 35, 37, 52, 63, 76, 78, 83, 84, 86, 87]]
[176, 2.88039, [0, 1, 3, 4, 9, 10, 12, 13, 27, 29, 30, 34, 35, 37, 52, 72, 76, 78, 79, 81, 85, 87]]
[176, 2.895, [0, 1, 3, 4, 9, 10, 12, 13, 27, 29, 30, 34, 35, 52, 62, 63, 71, 73, 76, 78, 86, 87, 135]]
[176, 2.89895, [0, 1, 3, 4, 9, 10, 12, 13, 27, 29, 30, 34, 35, 52, 62, 63, 71, 76, 78, 83, 84, 86, 87]]
[176, 2.89291, [0, 1, 3, 4, 9, 10, 12, 13, 27, 29, 30, 34, 35, 52, 62, 63, 71, 76, 78, 83, 86, 87, 135]]
[176, 2.89313, [0, 1, 3, 4, 9, 10, 12, 13, 27, 29, 30, 34, 35, 52, 62, 63, 71, 76, 82, 83, 85, 86, 127]]
[176, 2.89278, [0, 1, 3, 4, 9, 10, 12, 13, 27, 29, 30, 34, 35, 52, 62, 63, 71, 76, 82, 83, 86, 87, 127]]
[176, 2.89277, [0, 1, 3, 4, 9, 10, 12, 13, 27, 29, 30, 34, 35, 52, 62, 63, 71, 76, 82, 84, 85, 87, 127]]
[176, 2.89241, [0, 1, 3, 4, 9, 10, 12, 13, 27, 29, 30, 34, 35, 52, 62, 63, 71, 76, 83, 84, 86, 87, 127]]
[176, 2.88637, [0, 1, 3, 4, 9, 10, 12, 13, 27, 29, 30, 34, 35, 52, 62, 63, 71, 76, 83, 86, 87, 127, 135]]
[176, 2.8994, [0, 1, 3, 4, 9, 10, 12, 13, 27, 29, 30, 34, 35, 52, 62, 63, 73, 76, 78, 81, 82, 85, 87]]
[176, 2.88515, [0, 1, 3, 4, 9, 10, 12, 13, 27, 29, 30, 34, 35, 52, 62, 63, 76, 79, 80, 86, 87, 127, 135]]
[176, 2.89037, [0, 1, 3, 4, 9, 10, 12, 13, 27, 29, 30, 34, 35, 52, 63, 71, 72, 76, 82, 83, 85, 86, 127]]
[176, 2.89002, [0, 1, 3, 4, 9, 10, 12, 13, 27, 29, 30, 34, 35, 52, 63, 71, 72, 76, 82, 83, 86, 87, 127]]
[176, 2.89001, [0, 1, 3, 4, 9, 10, 12, 13, 27, 29, 30, 34, 35, 52, 63, 71, 72, 76, 82, 84, 85, 87, 127]]
[176, 2.88965, [0, 1, 3, 4, 9, 10, 12, 13, 27, 29, 30, 34, 35, 52, 63, 71, 72, 76, 83, 84, 86, 87, 127]]
[176, 2.88058, [0, 1, 3, 4, 9, 10, 12, 13, 27, 29, 30, 34, 35, 52, 71, 72, 76, 82, 83, 85, 86, 121, 127]]
[176, 2.88591, [0, 1, 3, 4, 9, 10, 12, 13, 27, 29, 30, 34, 35, 62, 63, 71, 72, 76, 83, 84, 86, 87, 127]]
[176, 2.88105, [0, 1, 3, 4, 9, 10, 12, 13, 27, 29, 30, 34, 36, 37, 52, 66, 76, 78, 79, 81, 85, 87]]
[176, 2.88049, [0, 1, 3, 4, 9, 10, 12, 13, 27, 29, 30, 34, 36, 37, 52, 66, 76, 78, 79, 84, 85, 87]]
[176, 2.88046, [0, 1, 3, 4, 9, 10, 12, 13, 27, 29, 30, 34, 36, 37, 52, 66, 76, 78, 81, 82, 85, 87]]
[176, 2.88137, [0, 1, 3, 4, 9, 10, 12, 13, 27, 29, 30, 34, 37, 52, 63, 69, 76, 79, 81, 85, 87, 112, 156]]
[176, 2.89779, [0, 1, 3, 4, 9, 10, 12, 13, 27, 29, 30, 34, 40, 52, 62, 63, 66, 73, 78, 81, 82, 85, 87]]
[176, 2.88439, [0, 1, 3, 4, 9, 10, 12, 13, 27, 29, 30, 34, 52, 61, 63, 69, 71, 72, 76, 82, 84, 85, 87]]
[176, 2.88362, [0, 1, 3, 4, 9, 10, 12, 13, 27, 29, 30, 34, 52, 62, 63, 66, 73, 76, 78, 81, 82, 85, 87]]
[176, 2.88469, [0, 1, 3, 4, 9, 10, 12, 13, 28, 29, 31, 37, 42, 51, 63, 67, 68, 76, 78, 79, 86, 87, 112]]
[176, 2.90182, [0, 1, 3, 4, 9, 10, 12, 13, 28, 29, 33, 34, 36, 50, 51, 61, 70, 75, 77, 78, 82, 83, 85]]
[176, 2.88502, [0, 1, 3, 4, 9, 10, 12, 22, 26, 28, 29, 31, 37, 38, 60, 63, 68, 69, 77, 79, 80, 84, 87]]
[176, 2.88346, [0, 1, 3, 4, 9, 10, 12, 22, 26, 28, 29, 31, 37, 38, 60, 63, 68, 69, 79, 80, 84, 85, 87]]
[176, 2.88329, [0, 1, 3, 4, 9, 10, 12, 22, 26, 28, 29, 31, 37, 38, 60, 63, 68, 69, 79, 80, 84, 86, 87]]
[176, 2.88179, [0, 1, 3, 4, 9, 10, 12, 22, 26, 28, 29, 31, 37, 38, 60, 63, 68, 77, 78, 80, 84, 85, 87]]
[176, 2.88158, [0, 1, 3, 4, 9, 10, 12, 22, 26, 28, 29, 31, 37, 38, 60, 63, 68, 77, 79, 80, 84, 85, 87]]
[176, 2.88114, [0, 1, 3, 4, 9, 10, 12, 22, 26, 28, 29, 31, 37, 38, 60, 63, 69, 77, 79, 80, 84, 86, 87]]

Search completed in 0 hours, 37 minutes, and 44.352 seconds.  Enter a string to quit.