Enter an integer k for which our Kempner sets are k-free: 3
Enter a positive integer modulus b: 128
Enter estimation parameters, or * for pre-computed parameters ([0.0806, 1.0679, 1.4036]): *
Enter a threshold (e.g. 4.2) to determine printed output: 2.84
Enter a root for the search space (e.g. [0, 1, 2]) [or * for the root [0]]: *
Enter an upper bound for the size of allowable digit sets [or * to ignore]: *
Enter a maximal number of deviations from a greedy search [or * to ignore]: *
Searching for k-free sets mod b...

[128, 2.85068, [0, 1, 3, 4, 9, 10, 12, 13, 27, 28, 30, 34, 35, 37, 63, 90, 105, 110]]
[128, 2.85013, [0, 1, 3, 4, 9, 10, 12, 13, 27, 28, 30, 37, 39, 40, 58, 63, 105, 110]]
[128, 2.85348, [0, 1, 3, 4, 9, 10, 12, 13, 27, 28, 32, 35, 39, 40, 59, 62, 81, 110]]
[128, 2.84623, [0, 1, 3, 4, 9, 10, 12, 13, 27, 28, 32, 35, 39, 40, 62, 81, 87, 110]]
[128, 2.84841, [0, 1, 3, 4, 9, 10, 12, 13, 27, 28, 32, 35, 39, 48, 59, 62, 81, 110]]
[128, 2.87876, [0, 1, 3, 4, 9, 10, 12, 13, 27, 28, 35, 39, 40, 48, 59, 62, 63, 81, 110]]
[128, 2.84572, [0, 1, 3, 4, 9, 10, 12, 13, 27, 28, 35, 39, 40, 48, 59, 62, 63, 110]]
[128, 2.84103, [0, 1, 3, 4, 9, 10, 12, 13, 27, 28, 35, 39, 40, 48, 59, 62, 81, 110]]
[128, 2.8407, [0, 1, 3, 4, 9, 10, 12, 13, 27, 28, 35, 39, 40, 48, 59, 63, 81, 110]]
[128, 2.84776, [0, 1, 3, 4, 9, 10, 12, 13, 27, 28, 36, 37, 40, 48, 57, 58, 81, 85]]
[128, 2.8456, [0, 1, 3, 4, 9, 10, 12, 13, 27, 28, 37, 39, 40, 48, 58, 60, 63, 105]]
[128, 2.86482, [0, 1, 3, 4, 9, 10, 12, 13, 27, 28, 39, 40, 48, 58, 59, 62, 63, 81, 110]]
[128, 2.84849, [0, 1, 3, 4, 9, 10, 12, 13, 27, 29, 30, 37, 39, 43, 52, 63, 108, 112]]
[128, 2.84397, [0, 1, 3, 4, 9, 10, 12, 13, 27, 29, 35, 36, 39, 47, 52, 56, 106, 114]]
[128, 2.84381, [0, 1, 3, 4, 9, 10, 12, 13, 27, 29, 35, 38, 39, 52, 56, 62, 81, 87]]
[128, 2.84304, [0, 1, 3, 4, 9, 10, 12, 13, 27, 29, 35, 38, 40, 52, 56, 62, 81, 87]]
[128, 2.85959, [0, 1, 3, 4, 9, 10, 12, 13, 27, 29, 35, 39, 40, 47, 52, 56, 62, 63]]
[128, 2.84915, [0, 1, 3, 4, 9, 10, 12, 13, 27, 29, 35, 39, 40, 52, 56, 59, 63, 81]]
[128, 2.8481, [0, 1, 3, 4, 9, 10, 12, 13, 27, 29, 35, 39, 40, 52, 56, 62, 63, 81]]
[128, 2.84223, [0, 1, 3, 4, 9, 10, 12, 13, 27, 29, 35, 39, 40, 52, 56, 62, 81, 87]]
[128, 2.84694, [0, 1, 3, 4, 9, 10, 12, 13, 27, 29, 35, 39, 40, 52, 59, 62, 63, 81]]
[128, 2.84388, [0, 1, 3, 4, 9, 10, 12, 13, 27, 29, 39, 40, 47, 52, 59, 60, 62, 63]]
[128, 2.86118, [0, 1, 3, 4, 9, 10, 12, 13, 27, 30, 34, 36, 39, 40, 49, 52, 61, 111]]
[128, 2.84655, [0, 1, 3, 4, 9, 10, 12, 13, 27, 30, 34, 39, 40, 49, 52, 61, 63, 111]]
[128, 2.8443, [0, 1, 3, 4, 9, 10, 12, 13, 27, 31, 32, 34, 38, 40, 43, 47, 57]]
[128, 2.84039, [0, 1, 3, 4, 9, 10, 12, 13, 27, 31, 32, 34, 38, 43, 46, 47, 57]]
[128, 2.84632, [0, 1, 3, 4, 9, 10, 12, 13, 27, 34, 36, 39, 40, 48, 49, 52, 61, 111]]
[128, 2.84709, [0, 1, 3, 4, 9, 10, 12, 13, 27, 34, 39, 40, 43, 48, 49, 60, 61, 63]]
[128, 2.84214, [0, 1, 3, 4, 9, 10, 12, 13, 27, 34, 39, 40, 48, 49, 52, 60, 61, 63]]
[128, 2.84031, [0, 1, 3, 4, 9, 10, 12, 13, 27, 36, 38, 39, 43, 46, 57, 58, 61, 81]]
[128, 2.86821, [0, 1, 3, 4, 9, 10, 12, 13, 28, 29, 31, 37, 39, 40, 42, 60, 63, 82]]
[128, 2.84971, [0, 1, 3, 4, 9, 10, 12, 13, 28, 29, 37, 39, 40, 42, 59, 60, 63, 82]]
[128, 2.85779, [0, 1, 3, 4, 9, 10, 12, 13, 28, 30, 38, 39, 41, 42, 49, 58, 61, 62]]
[128, 2.84914, [0, 1, 3, 4, 9, 10, 12, 13, 28, 31, 33, 37, 39, 42, 48, 60, 79, 114]]
[128, 2.84931, [0, 1, 3, 4, 9, 10, 12, 13, 28, 33, 36, 37, 40, 48, 50, 51, 58, 105]]
[128, 2.84257, [0, 1, 3, 4, 9, 10, 12, 13, 28, 33, 37, 39, 40, 48, 51, 58, 60, 105]]
[128, 2.85656, [0, 1, 3, 4, 9, 10, 12, 13, 28, 35, 39, 40, 48, 54, 59, 62, 63, 81, 110]]
[128, 2.84963, [0, 1, 3, 4, 9, 10, 12, 13, 28, 35, 40, 48, 50, 54, 59, 62, 63, 81, 110]]
[128, 2.84409, [0, 1, 3, 4, 9, 10, 12, 13, 28, 35, 40, 48, 50, 54, 59, 62, 81, 85, 110]]
[128, 2.85312, [0, 1, 3, 4, 9, 10, 12, 13, 28, 36, 37, 40, 41, 48, 50, 51, 57, 58]]
[128, 2.84586, [0, 1, 3, 4, 9, 10, 12, 13, 29, 30, 33, 35, 38, 39, 42, 44, 52]]
[128, 2.85018, [0, 1, 3, 4, 9, 10, 12, 13, 29, 30, 34, 40, 42, 43, 53, 61, 62, 78]]
[128, 2.84241, [0, 1, 3, 4, 9, 10, 12, 13, 29, 31, 35, 36, 42, 44, 47, 51, 109, 114]]
[128, 2.84688, [0, 1, 3, 4, 9, 10, 12, 13, 29, 31, 37, 39, 40, 42, 56, 60, 63, 82]]
[128, 2.84345, [0, 1, 3, 4, 9, 10, 12, 13, 29, 31, 38, 39, 43, 44, 51, 56, 60, 106]]
[128, 2.8438, [0, 1, 3, 4, 9, 10, 12, 13, 29, 32, 37, 39, 40, 47, 50, 56, 59, 110]]
[128, 2.85328, [0, 1, 3, 4, 9, 10, 12, 13, 29, 32, 39, 40, 42, 43, 50, 53, 59, 62]]
[128, 2.85076, [0, 1, 3, 4, 9, 10, 12, 13, 29, 34, 35, 40, 42, 43, 47, 53, 62, 78]]
[128, 2.84694, [0, 1, 3, 4, 9, 10, 12, 13, 29, 34, 35, 40, 42, 43, 47, 62, 63, 78]]
[128, 2.84154, [0, 1, 3, 4, 9, 10, 12, 13, 29, 34, 35, 40, 42, 47, 53, 62, 63, 78]]
[128, 2.85767, [0, 1, 3, 4, 9, 10, 12, 13, 29, 34, 35, 44, 47, 51, 52, 62, 63, 106, 109]]
[128, 2.8573, [0, 1, 3, 4, 9, 10, 12, 13, 29, 35, 37, 38, 42, 43, 50, 52, 53, 59]]
[128, 2.85603, [0, 1, 3, 4, 9, 10, 12, 13, 29, 35, 37, 38, 42, 43, 50, 52, 56, 59]]
[128, 2.84365, [0, 1, 3, 4, 9, 10, 12, 13, 29, 35, 39, 40, 42, 47, 53, 56, 62, 63]]
[128, 2.84486, [0, 1, 3, 4, 9, 10, 12, 13, 29, 35, 39, 40, 42, 50, 52, 53, 59, 63]]
[128, 2.84358, [0, 1, 3, 4, 9, 10, 12, 13, 29, 35, 39, 40, 42, 50, 52, 56, 59, 63]]
[128, 2.84092, [0, 1, 3, 4, 9, 10, 12, 13, 29, 35, 39, 40, 42, 50, 53, 59, 62, 63]]
[128, 2.84279, [0, 1, 3, 4, 9, 10, 12, 13, 29, 35, 39, 40, 44, 47, 52, 56, 62, 63]]
[128, 2.84071, [0, 1, 3, 4, 9, 10, 12, 13, 29, 35, 40, 42, 43, 50, 52, 56, 59, 63]]
[128, 2.84276, [0, 1, 3, 4, 9, 10, 12, 13, 29, 37, 38, 42, 43, 50, 52, 53, 59, 60]]
[128, 2.84445, [0, 1, 3, 4, 9, 10, 12, 13, 29, 37, 39, 40, 44, 47, 52, 53, 56, 63]]
[128, 2.84121, [0, 1, 3, 4, 9, 10, 12, 13, 29, 37, 39, 40, 44, 47, 53, 56, 60, 63]]
[128, 2.84195, [0, 1, 3, 4, 9, 10, 12, 13, 29, 37, 39, 42, 43, 50, 52, 53, 59, 60]]
[128, 2.8411, [0, 1, 3, 4, 9, 10, 12, 13, 29, 38, 39, 42, 43, 50, 52, 53, 59, 60]]
[128, 2.84499, [0, 1, 3, 4, 9, 10, 12, 13, 30, 31, 35, 41, 43, 44, 46, 54, 63, 112]]
[128, 2.85578, [0, 1, 3, 4, 9, 10, 12, 13, 30, 32, 38, 39, 41, 42, 49, 53, 58, 62]]
[128, 2.85441, [0, 1, 3, 4, 9, 10, 12, 13, 30, 32, 38, 39, 42, 43, 49, 53, 58, 62]]
[128, 2.85738, [0, 1, 3, 4, 9, 10, 12, 13, 30, 34, 36, 39, 40, 43, 49, 53, 54, 61]]
[128, 2.85588, [0, 1, 3, 4, 9, 10, 12, 13, 30, 34, 36, 40, 41, 43, 49, 53, 54, 61]]
[128, 2.84529, [0, 1, 3, 4, 9, 10, 12, 13, 30, 34, 36, 41, 43, 44, 49, 53, 61, 80]]
[128, 2.8496, [0, 1, 3, 4, 9, 10, 12, 13, 30, 34, 39, 40, 42, 43, 49, 53, 61, 62]]
[128, 2.84431, [0, 1, 3, 4, 9, 10, 12, 13, 30, 34, 39, 40, 42, 49, 52, 53, 61, 63]]
[128, 2.84723, [0, 1, 3, 4, 9, 10, 12, 13, 30, 34, 39, 40, 43, 45, 49, 54, 61, 62]]
[128, 2.84308, [0, 1, 3, 4, 9, 10, 12, 13, 30, 34, 39, 40, 43, 49, 53, 54, 61, 62]]
[128, 2.84228, [0, 1, 3, 4, 9, 10, 12, 13, 30, 34, 39, 40, 45, 49, 52, 54, 61, 62]]
[128, 2.84158, [0, 1, 3, 4, 9, 10, 12, 13, 30, 34, 40, 41, 43, 49, 53, 54, 61, 62]]
[128, 2.84553, [0, 1, 3, 4, 9, 10, 12, 13, 30, 36, 38, 39, 41, 49, 53, 54, 58, 61]]
[128, 2.84416, [0, 1, 3, 4, 9, 10, 12, 13, 30, 36, 38, 39, 43, 49, 53, 54, 58, 61]]
[128, 2.84266, [0, 1, 3, 4, 9, 10, 12, 13, 30, 36, 38, 41, 43, 49, 53, 54, 58, 61]]
[128, 2.84537, [0, 1, 3, 4, 9, 10, 12, 13, 30, 36, 39, 41, 49, 54, 55, 58, 83, 102, 114]]
[128, 2.85342, [0, 1, 3, 4, 9, 10, 12, 13, 31, 32, 34, 35, 42, 43, 47, 48, 78, 79]]
[128, 2.8404, [0, 1, 3, 4, 9, 10, 12, 13, 31, 32, 34, 35, 42, 43, 48, 78, 79, 89]]
[128, 2.84964, [0, 1, 3, 4, 9, 10, 12, 13, 31, 33, 37, 38, 40, 46, 48, 51, 60, 78]]
[128, 2.84521, [0, 1, 3, 4, 9, 10, 12, 13, 31, 33, 37, 38, 40, 48, 51, 55, 60, 78]]
[128, 2.84281, [0, 1, 3, 4, 9, 10, 12, 13, 31, 35, 36, 38, 42, 43, 47, 54, 78, 79]]
[128, 2.84453, [0, 1, 3, 4, 9, 10, 12, 13, 31, 35, 36, 40, 42, 46, 51, 54, 55, 78]]
[128, 2.85181, [0, 1, 3, 4, 9, 10, 12, 13, 31, 35, 37, 40, 41, 44, 46, 54, 56, 63]]
[128, 2.84069, [0, 1, 3, 4, 9, 10, 12, 13, 31, 35, 37, 40, 42, 46, 51, 54, 63, 78]]
[128, 2.8412, [0, 1, 3, 4, 9, 10, 12, 13, 31, 37, 39, 40, 42, 46, 54, 56, 57, 63]]
[128, 2.84437, [0, 1, 3, 4, 9, 10, 12, 13, 32, 35, 36, 39, 45, 47, 48, 50, 56, 79]]
[128, 2.84296, [0, 1, 3, 4, 9, 10, 12, 13, 32, 35, 36, 39, 45, 47, 48, 53, 56, 79]]
[128, 2.84255, [0, 1, 3, 4, 9, 10, 12, 13, 32, 36, 37, 39, 45, 47, 48, 50, 56, 79]]
[128, 2.84265, [0, 1, 3, 4, 9, 10, 12, 13, 32, 37, 38, 40, 45, 46, 49, 56, 57, 59]]
[128, 2.84154, [0, 1, 3, 4, 9, 10, 12, 13, 33, 34, 36, 40, 43, 48, 49, 51, 61, 78]]
[128, 2.84232, [0, 1, 3, 4, 9, 10, 12, 13, 33, 34, 38, 39, 46, 48, 51, 52, 60, 61]]
[128, 2.84921, [0, 1, 3, 4, 9, 10, 12, 13, 33, 34, 39, 40, 42, 43, 48, 49, 60, 61]]
[128, 2.84426, [0, 1, 3, 4, 9, 10, 12, 13, 33, 34, 39, 40, 42, 48, 49, 52, 60, 61]]
[128, 2.84406, [0, 1, 3, 4, 9, 10, 12, 13, 33, 34, 39, 40, 43, 48, 49, 51, 60, 61]]
[128, 2.84255, [0, 1, 3, 4, 9, 10, 12, 13, 33, 35, 36, 38, 46, 48, 49, 51, 55, 78]]
[128, 2.84098, [0, 1, 3, 4, 9, 10, 12, 13, 33, 35, 36, 40, 46, 48, 49, 51, 55, 78]]
[128, 2.85756, [0, 1, 3, 4, 9, 10, 12, 13, 33, 38, 39, 46, 48, 51, 52, 55, 60, 61, 105]]
[128, 2.84297, [0, 1, 3, 4, 9, 10, 12, 13, 34, 35, 37, 38, 45, 47, 48, 50, 54, 79]]
[128, 2.84132, [0, 1, 3, 4, 9, 10, 12, 13, 34, 35, 38, 39, 45, 47, 48, 50, 54, 79]]
[128, 2.84058, [0, 1, 3, 4, 9, 10, 12, 13, 34, 35, 40, 41, 43, 49, 50, 53, 54, 62]]
[128, 2.86808, [0, 1, 3, 4, 9, 10, 12, 13, 34, 39, 40, 42, 48, 49, 52, 53, 60, 61, 63]]
[128, 2.87406, [0, 1, 3, 4, 9, 10, 12, 13, 35, 37, 38, 42, 43, 45, 50, 54, 56, 59, 79]]
[128, 2.85937, [0, 1, 3, 4, 9, 10, 12, 13, 37, 38, 42, 43, 45, 50, 54, 56, 59, 60, 79]]
[128, 2.84881, [0, 1, 3, 4, 9, 10, 12, 22, 26, 27, 38, 39, 46, 47, 57, 58, 61, 62, 117]]
[128, 2.85224, [0, 1, 3, 4, 9, 11, 12, 16, 25, 26, 33, 37, 42, 44, 45, 56, 60, 61]]
[128, 2.84809, [0, 1, 3, 4, 9, 11, 12, 16, 25, 26, 33, 37, 42, 44, 53, 56, 60, 61]]
[128, 2.84156, [0, 1, 3, 4, 9, 11, 12, 16, 25, 30, 33, 37, 40, 42, 45, 52, 61, 102]]
[128, 2.8521, [0, 1, 3, 4, 9, 11, 12, 16, 26, 30, 33, 35, 38, 39, 42, 47, 53, 109]]
[128, 2.85201, [0, 1, 3, 4, 9, 11, 12, 16, 26, 37, 38, 42, 44, 45, 54, 55, 59, 61, 103]]
[128, 2.87174, [0, 1, 3, 4, 9, 11, 12, 16, 26, 37, 38, 42, 44, 45, 54, 55, 59, 100, 103, 111]]
[128, 2.84226, [0, 1, 3, 4, 9, 11, 12, 16, 26, 37, 38, 42, 44, 45, 54, 55, 59, 100, 111]]
[128, 2.84183, [0, 1, 3, 4, 9, 11, 12, 16, 26, 37, 38, 42, 44, 45, 54, 55, 59, 103, 111]]
[128, 2.8547, [0, 1, 3, 4, 9, 11, 12, 16, 26, 37, 38, 42, 44, 45, 55, 56, 59, 61, 82]]
[128, 2.85195, [0, 1, 3, 4, 9, 11, 12, 16, 26, 37, 39, 42, 44, 50, 53, 57, 59, 60, 82]]
[128, 2.84934, [0, 1, 3, 4, 9, 11, 12, 16, 26, 37, 39, 42, 44, 53, 55, 56, 60, 61, 82]]
[128, 2.84934, [0, 1, 3, 4, 9, 11, 12, 16, 26, 38, 39, 42, 44, 47, 53, 54, 57, 63, 109]]
[128, 2.87106, [0, 1, 3, 4, 9, 11, 12, 16, 26, 38, 39, 42, 44, 47, 53, 54, 57, 100, 101, 109]]
[128, 2.86925, [0, 1, 3, 4, 9, 11, 12, 16, 26, 38, 39, 42, 44, 47, 53, 54, 57, 100, 109, 115]]
[128, 2.84058, [0, 1, 3, 4, 9, 11, 12, 16, 26, 38, 39, 42, 44, 47, 53, 54, 57, 100, 115]]
[128, 2.84116, [0, 1, 3, 4, 9, 11, 12, 16, 26, 38, 39, 42, 44, 47, 53, 54, 57, 101, 109]]
[128, 2.85962, [0, 1, 3, 4, 9, 11, 12, 16, 27, 35, 40, 44, 46, 47, 49, 55, 56, 60, 62]]
[128, 2.84742, [0, 1, 3, 4, 9, 11, 12, 16, 30, 34, 40, 42, 43, 45, 53, 55, 58, 62, 111]]
[128, 2.84358, [0, 1, 3, 4, 9, 11, 12, 16, 30, 34, 40, 42, 43, 45, 55, 58, 62, 63, 111]]
[128, 2.84513, [0, 1, 3, 4, 9, 12, 13, 16, 27, 35, 40, 44, 46, 47, 49, 55, 56, 60, 62]]
[128, 2.84183, [0, 1, 3, 4, 10, 11, 13, 14, 29, 32, 34, 37, 38, 41, 43, 46, 56, 59]]
[128, 2.84991, [0, 1, 3, 4, 10, 11, 13, 14, 29, 34, 37, 38, 41, 49, 51, 52, 56, 59, 106]]
[128, 2.84336, [0, 1, 3, 4, 10, 11, 13, 14, 29, 34, 38, 40, 41, 49, 52, 56, 59, 61, 106]]
[128, 2.8439, [0, 1, 3, 4, 10, 11, 13, 14, 29, 34, 38, 41, 43, 46, 50, 56, 60, 61, 103]]
[128, 2.84757, [0, 1, 3, 4, 10, 11, 13, 14, 31, 36, 38, 39, 43, 44, 53, 54, 56, 60, 79]]
[128, 2.85127, [0, 1, 3, 4, 10, 11, 14, 15, 23, 37, 39, 40, 44, 47, 52, 53, 56, 58, 61]]
[128, 2.84776, [0, 1, 3, 4, 10, 11, 14, 15, 23, 37, 39, 40, 44, 47, 52, 56, 58, 61, 62]]
[128, 2.84295, [0, 1, 3, 4, 10, 11, 14, 15, 23, 37, 39, 40, 47, 52, 53, 56, 58, 61, 62]]

Search completed in 0 hours, 27 minutes, and 40.098 seconds.  Enter a string to quit.