Enter an integer k for which our Kempner sets are k-free: 3
Enter a positive integer modulus b: 127
Enter estimation parameters, or * for pre-computed parameters ([0.0776, 1.0779, 1.3707]): *
Enter a threshold (e.g. 4.2) to determine printed output: 2.85
Enter a root for the search space (e.g. [0, 1, 2]) [or * for the root [0]]: *
Enter an upper bound for the size of allowable digit sets [or * to ignore]: *
Enter a maximal number of deviations from a greedy search [or * to ignore]: *
Searching for k-free sets mod b...

[127, 2.86144, [0, 1, 3, 4, 9, 10, 12, 13, 27, 29, 35, 39, 40, 47, 52, 56, 62, 63]]
[127, 2.85323, [0, 1, 3, 4, 9, 10, 12, 13, 27, 30, 34, 39, 40, 43, 49, 62, 63, 109]]
[127, 2.86786, [0, 1, 3, 4, 9, 10, 12, 13, 27, 31, 32, 34, 38, 40, 43, 47, 78, 112]]
[127, 2.87009, [0, 1, 3, 4, 9, 10, 12, 13, 27, 31, 32, 34, 38, 43, 46, 47, 57, 112]]
[127, 2.8639, [0, 1, 3, 4, 9, 10, 12, 13, 27, 31, 32, 34, 38, 43, 46, 47, 78, 112]]
[127, 2.86817, [0, 1, 3, 4, 9, 10, 12, 13, 27, 31, 32, 36, 38, 43, 46, 47, 57, 112]]
[127, 2.86197, [0, 1, 3, 4, 9, 10, 12, 13, 27, 31, 32, 36, 38, 43, 46, 47, 78, 112]]
[127, 2.85719, [0, 1, 3, 4, 9, 10, 12, 13, 27, 31, 33, 34, 38, 46, 48, 60, 78, 90]]
[127, 2.87213, [0, 1, 3, 4, 9, 10, 12, 13, 27, 31, 33, 37, 38, 40, 46, 48, 60, 78]]
[127, 2.85713, [0, 1, 3, 4, 9, 10, 12, 13, 27, 31, 34, 36, 40, 43, 47, 48, 78, 112]]
[127, 2.85883, [0, 1, 3, 4, 9, 10, 12, 13, 27, 31, 34, 38, 39, 43, 46, 57, 60, 103]]
[127, 2.85128, [0, 1, 3, 4, 9, 10, 12, 13, 27, 31, 37, 38, 40, 46, 56, 57, 60, 86]]
[127, 2.85048, [0, 1, 3, 4, 9, 10, 12, 13, 27, 31, 37, 39, 40, 46, 56, 57, 60, 86]]
[127, 2.86174, [0, 1, 3, 4, 9, 10, 12, 13, 27, 33, 34, 37, 38, 46, 48, 52, 60, 78]]
[127, 2.8526, [0, 1, 3, 4, 9, 10, 12, 13, 27, 33, 34, 38, 40, 48, 52, 60, 61, 78]]
[127, 2.85859, [0, 1, 3, 4, 9, 10, 12, 13, 27, 39, 40, 47, 48, 52, 58, 59, 62, 63, 110]]
[127, 2.85963, [0, 1, 3, 4, 9, 10, 12, 13, 28, 30, 38, 39, 41, 42, 49, 58, 61, 62]]
[127, 2.85096, [0, 1, 3, 4, 9, 10, 12, 13, 28, 30, 38, 39, 41, 42, 49, 58, 62, 100]]
[127, 2.85082, [0, 1, 3, 4, 9, 10, 12, 13, 28, 32, 34, 35, 37, 45, 48, 50, 104, 109]]
[127, 2.85795, [0, 1, 3, 4, 9, 10, 12, 13, 28, 32, 34, 37, 38, 45, 49, 50, 57, 112]]
[127, 2.85203, [0, 1, 3, 4, 9, 10, 12, 13, 28, 32, 39, 40, 42, 58, 59, 62, 100, 102, 110]]
[127, 2.85309, [0, 1, 3, 4, 9, 10, 12, 13, 28, 33, 34, 37, 39, 48, 49, 51, 60, 109]]
[127, 2.85496, [0, 1, 3, 4, 9, 10, 12, 13, 28, 36, 37, 40, 41, 48, 50, 51, 57, 58]]
[127, 2.85378, [0, 1, 3, 4, 9, 10, 12, 13, 29, 31, 34, 35, 42, 44, 47, 51, 77, 97]]
[127, 2.85608, [0, 1, 3, 4, 9, 10, 12, 13, 29, 31, 35, 36, 42, 44, 47, 51, 56, 113]]
[127, 2.85512, [0, 1, 3, 4, 9, 10, 12, 13, 29, 32, 39, 40, 42, 43, 50, 53, 59, 62]]
[127, 2.85493, [0, 1, 3, 4, 9, 10, 12, 13, 29, 33, 34, 36, 40, 41, 50, 52, 61, 108]]
[127, 2.85319, [0, 1, 3, 4, 9, 10, 12, 13, 29, 33, 34, 38, 40, 41, 50, 52, 61, 108]]
[127, 2.85227, [0, 1, 3, 4, 9, 10, 12, 13, 29, 33, 39, 41, 47, 51, 52, 59, 97, 107, 111]]
[127, 2.86695, [0, 1, 3, 4, 9, 10, 12, 13, 29, 34, 35, 40, 44, 47, 52, 62, 63, 102, 108]]
[127, 2.85933, [0, 1, 3, 4, 9, 10, 12, 13, 29, 34, 35, 40, 44, 47, 52, 62, 97, 102, 108]]
[127, 2.86536, [0, 1, 3, 4, 9, 10, 12, 13, 29, 34, 35, 40, 44, 50, 52, 62, 63, 102, 108]]
[127, 2.86356, [0, 1, 3, 4, 9, 10, 12, 13, 29, 34, 35, 40, 47, 50, 52, 62, 63, 102, 108]]
[127, 2.85394, [0, 1, 3, 4, 9, 10, 12, 13, 29, 34, 35, 40, 47, 50, 52, 63, 102, 108, 109]]
[127, 2.85988, [0, 1, 3, 4, 9, 10, 12, 13, 29, 34, 35, 44, 47, 51, 52, 62, 63, 105, 108]]
[127, 2.85226, [0, 1, 3, 4, 9, 10, 12, 13, 29, 34, 35, 44, 47, 51, 52, 62, 97, 105, 108]]
[127, 2.85028, [0, 1, 3, 4, 9, 10, 12, 13, 29, 34, 37, 41, 43, 51, 60, 63, 103, 105, 109]]
[127, 2.861, [0, 1, 3, 4, 9, 10, 12, 13, 29, 34, 40, 41, 44, 50, 52, 61, 62, 102, 108]]
[127, 2.85921, [0, 1, 3, 4, 9, 10, 12, 13, 29, 34, 40, 41, 47, 50, 52, 61, 62, 102, 108]]
[127, 2.86846, [0, 1, 3, 4, 9, 10, 12, 13, 29, 34, 41, 43, 44, 50, 51, 60, 62, 63, 105]]
[127, 2.85915, [0, 1, 3, 4, 9, 10, 12, 13, 29, 35, 37, 38, 42, 43, 50, 52, 53, 59]]
[127, 2.85787, [0, 1, 3, 4, 9, 10, 12, 13, 29, 35, 37, 38, 42, 43, 50, 52, 56, 59]]
[127, 2.85792, [0, 1, 3, 4, 9, 10, 12, 13, 29, 35, 39, 42, 47, 51, 53, 56, 62, 107, 113]]
[127, 2.85516, [0, 1, 3, 4, 9, 10, 12, 13, 29, 35, 39, 42, 50, 51, 53, 59, 62, 107, 113]]
[127, 2.85517, [0, 1, 3, 4, 9, 10, 12, 13, 30, 31, 34, 35, 41, 43, 46, 54, 63, 109]]
[127, 2.85762, [0, 1, 3, 4, 9, 10, 12, 13, 30, 32, 38, 39, 41, 42, 49, 53, 58, 62]]
[127, 2.85625, [0, 1, 3, 4, 9, 10, 12, 13, 30, 32, 38, 39, 42, 43, 49, 53, 58, 62]]
[127, 2.85552, [0, 1, 3, 4, 9, 10, 12, 13, 30, 34, 35, 37, 41, 42, 46, 53, 63, 77]]
[127, 2.85474, [0, 1, 3, 4, 9, 10, 12, 13, 30, 34, 35, 37, 41, 46, 49, 53, 54, 77]]
[127, 2.85923, [0, 1, 3, 4, 9, 10, 12, 13, 30, 34, 36, 39, 40, 43, 49, 53, 54, 61]]
[127, 2.85773, [0, 1, 3, 4, 9, 10, 12, 13, 30, 34, 36, 40, 41, 43, 49, 53, 54, 61]]
[127, 2.85143, [0, 1, 3, 4, 9, 10, 12, 13, 30, 34, 39, 40, 42, 43, 49, 53, 61, 62]]
[127, 2.85591, [0, 1, 3, 4, 9, 10, 12, 13, 30, 35, 39, 44, 46, 52, 54, 55, 63, 102, 111]]
[127, 2.87417, [0, 1, 3, 4, 9, 10, 12, 13, 30, 36, 38, 41, 43, 49, 53, 54, 58, 61, 101]]
[127, 2.85136, [0, 1, 3, 4, 9, 10, 12, 13, 30, 38, 39, 43, 49, 53, 54, 58, 61, 101, 111]]
[127, 2.85033, [0, 1, 3, 4, 9, 10, 12, 13, 31, 35, 36, 38, 48, 54, 56, 78, 80, 90, 101]]
[127, 2.85365, [0, 1, 3, 4, 9, 10, 12, 13, 31, 35, 37, 40, 41, 44, 46, 54, 56, 63]]
[127, 2.85105, [0, 1, 3, 4, 9, 10, 12, 13, 33, 34, 39, 40, 42, 43, 48, 49, 60, 61]]
[127, 2.87006, [0, 1, 3, 4, 9, 10, 12, 13, 34, 39, 40, 42, 48, 49, 52, 53, 60, 61, 63]]
[127, 2.85409, [0, 1, 3, 4, 9, 11, 12, 16, 25, 26, 33, 37, 42, 44, 45, 56, 60, 61]]
[127, 2.8616, [0, 1, 3, 4, 9, 11, 12, 16, 27, 35, 40, 44, 46, 47, 49, 55, 56, 60, 62]]
[127, 2.86771, [0, 1, 3, 4, 9, 11, 12, 25, 29, 31, 35, 40, 42, 43, 48, 52, 60, 63, 112, 113]]
[127, 2.8613, [0, 1, 3, 4, 9, 12, 13, 16, 34, 38, 40, 43, 44, 47, 49, 57, 61, 62, 69, 103]]
[127, 2.85745, [0, 1, 3, 4, 10, 11, 13, 14, 30, 32, 35, 37, 43, 45, 48, 52, 62, 68, 78]]
[127, 2.85325, [0, 1, 3, 4, 10, 11, 14, 15, 23, 37, 39, 40, 44, 47, 52, 53, 56, 58, 61]]

Search completed in 1 hours, 26 minutes, and 17.377 seconds.  Enter a string to quit.