Enter an integer k for which our Kempner sets are k-free: 3
Enter a positive integer modulus b: 91
Enter estimation parameters, or * for pre-computed parameters ([0.0846, 1.0882, 1.3858]): *
Enter a threshold (e.g. 4.2) to determine printed output: 2.89
Enter a root for the search space (e.g. [0, 1, 2]) [or * for the root [0]]: *
Enter an upper bound for the size of allowable digit sets [or * to ignore]: *
Enter a maximal number of deviations from a greedy search [or * to ignore]: *
Searching for k-free sets mod b...

[91, 2.95888, [0, 1, 3, 4, 9, 10, 12, 13, 27, 28, 30, 31, 36, 37, 39, 40]]
[91, 2.89924, [0, 1, 3, 4, 9, 10, 12, 13, 27, 28, 30, 31, 36, 37, 40]]
[91, 2.89915, [0, 1, 3, 4, 9, 10, 12, 13, 27, 28, 30, 31, 36, 38, 39]]
[91, 2.89746, [0, 1, 3, 4, 9, 10, 12, 13, 27, 28, 30, 31, 36, 39, 40]]
[91, 2.89738, [0, 1, 3, 4, 9, 10, 12, 13, 27, 28, 30, 31, 37, 38, 40]]
[91, 2.89651, [0, 1, 3, 4, 9, 10, 12, 13, 27, 28, 30, 31, 37, 39, 40]]
[91, 2.89652, [0, 1, 3, 4, 9, 10, 12, 13, 27, 28, 30, 34, 36, 37, 39]]
[91, 2.89456, [0, 1, 3, 4, 9, 10, 12, 13, 27, 28, 30, 35, 36, 38, 39]]
[91, 2.89092, [0, 1, 3, 4, 9, 10, 12, 13, 27, 28, 30, 36, 37, 39, 40]]
[91, 2.89549, [0, 1, 3, 4, 9, 10, 12, 13, 27, 28, 31, 33, 36, 37, 40]]
[91, 2.89641, [0, 1, 3, 4, 9, 10, 12, 13, 27, 29, 30, 32, 36, 38, 39]]
[91, 2.8906, [0, 1, 3, 4, 9, 10, 12, 13, 27, 29, 30, 32, 38, 39, 43]]
[91, 2.89306, [0, 1, 3, 4, 9, 10, 12, 13, 27, 29, 30, 35, 36, 38, 39]]
[91, 2.94609, [0, 1, 3, 4, 9, 10, 12, 13, 27, 30, 31, 34, 36, 39, 40, 43]]
[91, 2.94962, [0, 1, 3, 4, 9, 10, 12, 13, 28, 29, 31, 32, 37, 38, 40, 41]]
[91, 2.89092, [0, 1, 3, 4, 9, 10, 12, 13, 28, 29, 31, 32, 37, 38, 41]]
[91, 2.89085, [0, 1, 3, 4, 9, 10, 12, 13, 28, 29, 31, 32, 37, 39, 40]]
[91, 2.94626, [0, 1, 3, 4, 9, 10, 12, 13, 28, 29, 31, 32, 38, 39, 41, 42]]
[91, 2.94536, [0, 1, 3, 4, 9, 10, 12, 13, 28, 30, 31, 33, 37, 39, 40, 42]]
[91, 2.94085, [0, 1, 3, 4, 9, 10, 12, 13, 28, 30, 31, 33, 37, 40, 42, 45]]
[91, 2.94004, [0, 1, 3, 4, 9, 10, 12, 13, 28, 30, 31, 36, 37, 39, 40, 45]]
[91, 2.93384, [0, 1, 3, 4, 9, 10, 12, 13, 28, 31, 33, 36, 37, 40, 42, 45]]
[91, 2.94086, [0, 1, 3, 4, 9, 10, 12, 13, 29, 30, 32, 33, 38, 39, 41, 42]]
[91, 2.93765, [0, 1, 3, 4, 9, 10, 12, 13, 29, 30, 32, 33, 39, 40, 42, 43]]
[91, 2.93622, [0, 1, 3, 4, 9, 10, 12, 13, 29, 30, 32, 33, 39, 40, 43, 44]]
[91, 2.93615, [0, 1, 3, 4, 9, 10, 12, 13, 29, 30, 32, 33, 39, 41, 42, 44]]
[91, 2.93458, [0, 1, 3, 4, 9, 10, 12, 13, 29, 30, 32, 33, 40, 41, 43, 44]]
[91, 2.93226, [0, 1, 3, 4, 9, 10, 12, 13, 29, 30, 33, 34, 40, 41, 43, 44]]
[91, 2.93527, [0, 1, 3, 4, 9, 10, 12, 13, 29, 30, 33, 35, 38, 39, 42, 44]]
[91, 2.93682, [0, 1, 3, 4, 9, 10, 12, 13, 29, 31, 32, 34, 38, 40, 41, 43]]
[91, 2.93211, [0, 1, 3, 4, 9, 10, 12, 13, 29, 31, 32, 34, 40, 41, 43, 44]]
[91, 2.93123, [0, 1, 3, 4, 9, 10, 12, 13, 29, 31, 34, 35, 38, 40, 43, 44]]
[91, 2.90994, [0, 1, 3, 4, 9, 10, 12, 13, 29, 33, 34, 40, 41, 43, 44, 61]]
[91, 2.93256, [0, 1, 3, 4, 9, 10, 12, 13, 30, 31, 33, 34, 39, 40, 42, 43]]
[91, 2.92949, [0, 1, 3, 4, 9, 10, 12, 13, 30, 31, 33, 34, 40, 41, 43, 44]]
[91, 2.92812, [0, 1, 3, 4, 9, 10, 12, 13, 30, 31, 33, 34, 40, 41, 44, 45]]
[91, 2.92806, [0, 1, 3, 4, 9, 10, 12, 13, 30, 31, 33, 34, 40, 42, 43, 45]]
[91, 2.92655, [0, 1, 3, 4, 9, 10, 12, 13, 30, 31, 33, 34, 41, 42, 44, 45]]
[91, 2.92436, [0, 1, 3, 4, 9, 10, 12, 13, 30, 31, 34, 35, 41, 42, 44, 45]]
[91, 2.92724, [0, 1, 3, 4, 9, 10, 12, 13, 30, 31, 34, 36, 39, 40, 43, 45]]
[91, 2.92873, [0, 1, 3, 4, 9, 10, 12, 13, 30, 32, 33, 35, 39, 41, 42, 44]]
[91, 2.92422, [0, 1, 3, 4, 9, 10, 12, 13, 30, 32, 33, 35, 41, 42, 44, 45]]
[91, 2.89597, [0, 1, 3, 4, 9, 10, 12, 13, 30, 32, 33, 35, 43, 45, 71, 75]]
[91, 2.92341, [0, 1, 3, 4, 9, 10, 12, 13, 30, 32, 35, 36, 39, 41, 44, 45]]
[91, 2.92469, [0, 1, 3, 4, 9, 10, 12, 13, 31, 32, 34, 35, 40, 41, 43, 44]]
[91, 2.92175, [0, 1, 3, 4, 9, 10, 12, 13, 31, 32, 34, 35, 41, 42, 44, 45]]
[91, 2.92105, [0, 1, 3, 4, 9, 10, 12, 13, 31, 33, 34, 36, 40, 42, 43, 45]]
[91, 2.91721, [0, 1, 3, 4, 9, 10, 12, 13, 32, 33, 35, 36, 41, 42, 44, 45]]
[91, 2.9042, [0, 1, 3, 4, 9, 10, 12, 22, 27, 28, 30, 31, 36, 37, 39, 86]]
[91, 2.89914, [0, 1, 3, 4, 9, 10, 13, 21, 27, 28, 30, 31, 36, 37, 40, 85]]
[91, 2.90268, [0, 1, 3, 4, 9, 11, 12, 16, 25, 26, 33, 37, 42, 44, 45, 61]]
[91, 2.8912, [0, 1, 3, 4, 9, 11, 12, 16, 25, 26, 33, 37, 42, 45, 61, 69]]
[91, 2.90658, [0, 1, 3, 4, 10, 11, 13, 14, 29, 30, 32, 33, 38, 39, 41, 42]]
[91, 2.89138, [0, 1, 3, 4, 10, 11, 13, 14, 29, 30, 32, 33, 38, 40, 41, 74]]
[91, 2.90338, [0, 1, 3, 4, 10, 11, 13, 14, 29, 30, 32, 33, 39, 40, 42, 43]]
[91, 2.90255, [0, 1, 3, 4, 10, 11, 13, 14, 29, 31, 32, 34, 38, 40, 41, 43]]
[91, 2.89829, [0, 1, 3, 4, 10, 11, 13, 14, 30, 31, 33, 34, 39, 40, 42, 43]]
[91, 2.89523, [0, 1, 3, 4, 10, 11, 13, 14, 30, 31, 33, 34, 40, 41, 43, 44]]
[91, 2.89385, [0, 1, 3, 4, 10, 11, 13, 14, 30, 31, 33, 34, 40, 41, 44, 45]]
[91, 2.89379, [0, 1, 3, 4, 10, 11, 13, 14, 30, 31, 33, 34, 40, 42, 43, 45]]
[91, 2.89229, [0, 1, 3, 4, 10, 11, 13, 14, 30, 31, 33, 34, 41, 42, 44, 45]]
[91, 2.89298, [0, 1, 3, 4, 10, 11, 13, 14, 30, 31, 34, 36, 39, 40, 43, 45]]
[91, 2.89446, [0, 1, 3, 4, 10, 11, 13, 14, 30, 32, 33, 35, 39, 41, 42, 44]]
[91, 2.89123, [0, 1, 3, 4, 10, 12, 13, 18, 27, 28, 30, 31, 37, 39, 40, 45]]

Search completed in 0 hours, 0 minutes, and 35.815 seconds.  Enter a string to quit.