Enter an integer k for which our Kempner sets are k-free: 3
Enter a positive integer modulus b: 95
Enter estimation parameters, or * for pre-computed parameters ([0.0849, 1.0829, 1.3963]): *
Enter a threshold (e.g. 4.2) to determine printed output: 2.89
Enter a root for the search space (e.g. [0, 1, 2]) [or * for the root [0]]: *
Enter an upper bound for the size of allowable digit sets [or * to ignore]: *
Enter a maximal number of deviations from a greedy search [or * to ignore]: *
Searching for k-free sets mod b...

[95, 2.93923, [0, 1, 3, 4, 9, 10, 12, 13, 27, 28, 30, 31, 36, 37, 39, 40]]
[95, 2.91282, [0, 1, 3, 4, 9, 10, 12, 13, 27, 29, 30, 32, 38, 39, 43, 79]]
[95, 2.92662, [0, 1, 3, 4, 9, 10, 12, 13, 27, 30, 31, 34, 36, 39, 40, 43]]
[95, 2.92237, [0, 1, 3, 4, 9, 10, 12, 13, 27, 30, 31, 34, 36, 39, 43, 46]]
[95, 2.92162, [0, 1, 3, 4, 9, 10, 12, 13, 27, 30, 31, 36, 37, 39, 40, 46]]
[95, 2.91582, [0, 1, 3, 4, 9, 10, 12, 13, 27, 30, 34, 36, 37, 39, 43, 46]]
[95, 2.9165, [0, 1, 3, 4, 9, 10, 12, 13, 27, 31, 32, 34, 38, 40, 43, 47]]
[95, 2.91225, [0, 1, 3, 4, 9, 10, 12, 13, 27, 31, 32, 34, 38, 43, 46, 47]]
[95, 2.9102, [0, 1, 3, 4, 9, 10, 12, 13, 27, 31, 32, 36, 38, 43, 46, 47]]
[95, 2.89574, [0, 1, 3, 4, 9, 10, 12, 13, 27, 31, 32, 36, 38, 46, 47, 78]]
[95, 2.8922, [0, 1, 3, 4, 9, 10, 12, 13, 27, 31, 32, 38, 40, 46, 47, 78]]
[95, 2.91293, [0, 1, 3, 4, 9, 10, 12, 13, 27, 31, 33, 34, 36, 43, 46, 47]]
[95, 2.89457, [0, 1, 3, 4, 9, 10, 12, 13, 27, 31, 33, 36, 38, 46, 47, 78]]
[95, 2.89332, [0, 1, 3, 4, 9, 10, 12, 13, 27, 32, 33, 36, 38, 46, 47, 78]]
[95, 2.9301, [0, 1, 3, 4, 9, 10, 12, 13, 28, 29, 31, 32, 37, 38, 40, 41]]
[95, 2.92679, [0, 1, 3, 4, 9, 10, 12, 13, 28, 29, 31, 32, 38, 39, 41, 42]]
[95, 2.9259, [0, 1, 3, 4, 9, 10, 12, 13, 28, 30, 31, 33, 37, 39, 40, 42]]
[95, 2.92146, [0, 1, 3, 4, 9, 10, 12, 13, 28, 30, 31, 33, 37, 40, 42, 45]]
[95, 2.92066, [0, 1, 3, 4, 9, 10, 12, 13, 28, 30, 31, 36, 37, 39, 40, 45]]
[95, 2.91455, [0, 1, 3, 4, 9, 10, 12, 13, 28, 31, 33, 36, 37, 40, 42, 45]]
[95, 2.92146, [0, 1, 3, 4, 9, 10, 12, 13, 29, 30, 32, 33, 38, 39, 41, 42]]
[95, 2.9183, [0, 1, 3, 4, 9, 10, 12, 13, 29, 30, 32, 33, 39, 40, 42, 43]]
[95, 2.91689, [0, 1, 3, 4, 9, 10, 12, 13, 29, 30, 32, 33, 39, 40, 43, 44]]
[95, 2.91682, [0, 1, 3, 4, 9, 10, 12, 13, 29, 30, 32, 33, 39, 41, 42, 44]]
[95, 2.91528, [0, 1, 3, 4, 9, 10, 12, 13, 29, 30, 32, 33, 40, 41, 43, 44]]
[95, 2.91299, [0, 1, 3, 4, 9, 10, 12, 13, 29, 30, 33, 34, 40, 41, 43, 44]]
[95, 2.91595, [0, 1, 3, 4, 9, 10, 12, 13, 29, 30, 33, 35, 38, 39, 42, 44]]
[95, 2.91748, [0, 1, 3, 4, 9, 10, 12, 13, 29, 31, 32, 34, 38, 40, 41, 43]]
[95, 2.91285, [0, 1, 3, 4, 9, 10, 12, 13, 29, 31, 32, 34, 40, 41, 43, 44]]
[95, 2.91093, [0, 1, 3, 4, 9, 10, 12, 13, 29, 31, 32, 34, 40, 41, 43, 47]]
[95, 2.91018, [0, 1, 3, 4, 9, 10, 12, 13, 29, 31, 32, 34, 40, 42, 43, 47]]
[95, 2.90877, [0, 1, 3, 4, 9, 10, 12, 13, 29, 31, 32, 34, 40, 43, 44, 47]]
[95, 2.91198, [0, 1, 3, 4, 9, 10, 12, 13, 29, 31, 34, 35, 38, 40, 43, 44]]
[95, 2.90684, [0, 1, 3, 4, 9, 10, 12, 13, 29, 31, 34, 35, 40, 42, 43, 47]]
[95, 2.90542, [0, 1, 3, 4, 9, 10, 12, 13, 29, 31, 34, 35, 40, 43, 44, 47]]
[95, 2.89138, [0, 1, 3, 4, 9, 10, 12, 13, 29, 31, 34, 36, 40, 42, 47, 78]]
[95, 2.91329, [0, 1, 3, 4, 9, 10, 12, 13, 30, 31, 33, 34, 39, 40, 42, 43]]
[95, 2.91051, [0, 1, 3, 4, 9, 10, 12, 13, 30, 31, 33, 34, 39, 41, 42, 46]]
[95, 2.90903, [0, 1, 3, 4, 9, 10, 12, 13, 30, 31, 33, 34, 39, 42, 43, 46]]
[95, 2.91026, [0, 1, 3, 4, 9, 10, 12, 13, 30, 31, 33, 34, 40, 41, 43, 44]]
[95, 2.90891, [0, 1, 3, 4, 9, 10, 12, 13, 30, 31, 33, 34, 40, 41, 44, 45]]
[95, 2.90885, [0, 1, 3, 4, 9, 10, 12, 13, 30, 31, 33, 34, 40, 42, 43, 45]]
[95, 2.90737, [0, 1, 3, 4, 9, 10, 12, 13, 30, 31, 33, 34, 41, 42, 44, 45]]
[95, 2.90607, [0, 1, 3, 4, 9, 10, 12, 13, 30, 31, 33, 34, 41, 42, 45, 46]]
[95, 2.89347, [0, 1, 3, 4, 9, 10, 12, 13, 30, 31, 33, 34, 41, 42, 46, 76]]
[95, 2.90601, [0, 1, 3, 4, 9, 10, 12, 13, 30, 31, 33, 34, 41, 43, 44, 46]]
[95, 2.90459, [0, 1, 3, 4, 9, 10, 12, 13, 30, 31, 33, 34, 42, 43, 45, 46]]
[95, 2.90829, [0, 1, 3, 4, 9, 10, 12, 13, 30, 31, 33, 37, 39, 40, 42, 46]]
[95, 2.90385, [0, 1, 3, 4, 9, 10, 12, 13, 30, 31, 33, 37, 40, 42, 45, 46]]
[95, 2.9052, [0, 1, 3, 4, 9, 10, 12, 13, 30, 31, 34, 35, 41, 42, 44, 45]]
[95, 2.9039, [0, 1, 3, 4, 9, 10, 12, 13, 30, 31, 34, 35, 41, 42, 45, 46]]
[95, 2.89131, [0, 1, 3, 4, 9, 10, 12, 13, 30, 31, 34, 35, 41, 42, 46, 76]]
[95, 2.90384, [0, 1, 3, 4, 9, 10, 12, 13, 30, 31, 34, 35, 41, 43, 44, 46]]
[95, 2.90243, [0, 1, 3, 4, 9, 10, 12, 13, 30, 31, 34, 35, 42, 43, 45, 46]]
[95, 2.90804, [0, 1, 3, 4, 9, 10, 12, 13, 30, 31, 34, 36, 39, 40, 43, 45]]
[95, 2.90379, [0, 1, 3, 4, 9, 10, 12, 13, 30, 31, 34, 36, 39, 43, 45, 46]]
[95, 2.90304, [0, 1, 3, 4, 9, 10, 12, 13, 30, 31, 36, 37, 39, 40, 45, 46]]
[95, 2.90951, [0, 1, 3, 4, 9, 10, 12, 13, 30, 32, 33, 35, 39, 41, 42, 44]]
[95, 2.90507, [0, 1, 3, 4, 9, 10, 12, 13, 30, 32, 33, 35, 41, 42, 44, 45]]
[95, 2.90377, [0, 1, 3, 4, 9, 10, 12, 13, 30, 32, 33, 35, 41, 42, 45, 46]]
[95, 2.89117, [0, 1, 3, 4, 9, 10, 12, 13, 30, 32, 33, 35, 41, 42, 46, 76]]
[95, 2.90371, [0, 1, 3, 4, 9, 10, 12, 13, 30, 32, 33, 35, 41, 43, 44, 46]]
[95, 2.90229, [0, 1, 3, 4, 9, 10, 12, 13, 30, 32, 33, 35, 42, 43, 45, 46]]
[95, 2.90426, [0, 1, 3, 4, 9, 10, 12, 13, 30, 32, 35, 36, 39, 41, 44, 45]]
[95, 2.90249, [0, 1, 3, 4, 9, 10, 12, 13, 30, 33, 34, 37, 39, 42, 43, 46]]
[95, 2.89805, [0, 1, 3, 4, 9, 10, 12, 13, 30, 33, 34, 37, 42, 43, 45, 46]]
[95, 2.89589, [0, 1, 3, 4, 9, 10, 12, 13, 30, 34, 35, 37, 42, 43, 45, 46]]
[95, 2.89725, [0, 1, 3, 4, 9, 10, 12, 13, 30, 34, 36, 37, 39, 43, 45, 46]]
[95, 2.90553, [0, 1, 3, 4, 9, 10, 12, 13, 31, 32, 34, 35, 40, 41, 43, 44]]
[95, 2.90286, [0, 1, 3, 4, 9, 10, 12, 13, 31, 32, 34, 35, 40, 42, 43, 47]]
[95, 2.90145, [0, 1, 3, 4, 9, 10, 12, 13, 31, 32, 34, 35, 40, 43, 44, 47]]
[95, 2.90263, [0, 1, 3, 4, 9, 10, 12, 13, 31, 32, 34, 35, 41, 42, 44, 45]]
[95, 2.90133, [0, 1, 3, 4, 9, 10, 12, 13, 31, 32, 34, 35, 41, 42, 45, 46]]
[95, 2.90128, [0, 1, 3, 4, 9, 10, 12, 13, 31, 32, 34, 35, 41, 43, 44, 46]]
[95, 2.89986, [0, 1, 3, 4, 9, 10, 12, 13, 31, 32, 34, 35, 42, 43, 45, 46]]
[95, 2.89861, [0, 1, 3, 4, 9, 10, 12, 13, 31, 32, 34, 35, 42, 43, 46, 47]]
[95, 2.89856, [0, 1, 3, 4, 9, 10, 12, 13, 31, 32, 34, 35, 42, 44, 45, 47]]
[95, 2.8972, [0, 1, 3, 4, 9, 10, 12, 13, 31, 32, 34, 35, 43, 44, 46, 47]]
[95, 2.90076, [0, 1, 3, 4, 9, 10, 12, 13, 31, 32, 34, 38, 40, 41, 43, 47]]
[95, 2.89651, [0, 1, 3, 4, 9, 10, 12, 13, 31, 32, 34, 38, 41, 43, 46, 47]]
[95, 2.89781, [0, 1, 3, 4, 9, 10, 12, 13, 31, 32, 35, 36, 42, 43, 45, 46]]
[95, 2.89655, [0, 1, 3, 4, 9, 10, 12, 13, 31, 32, 35, 36, 42, 43, 46, 47]]
[95, 2.8965, [0, 1, 3, 4, 9, 10, 12, 13, 31, 32, 35, 36, 42, 44, 45, 47]]
[95, 2.89514, [0, 1, 3, 4, 9, 10, 12, 13, 31, 32, 35, 36, 43, 44, 46, 47]]
[95, 2.90053, [0, 1, 3, 4, 9, 10, 12, 13, 31, 32, 35, 37, 40, 41, 44, 46]]
[95, 2.89645, [0, 1, 3, 4, 9, 10, 12, 13, 31, 32, 35, 37, 40, 44, 46, 47]]
[95, 2.89576, [0, 1, 3, 4, 9, 10, 12, 13, 31, 32, 37, 38, 40, 41, 46, 47]]
[95, 2.90194, [0, 1, 3, 4, 9, 10, 12, 13, 31, 33, 34, 36, 40, 42, 43, 45]]
[95, 2.89768, [0, 1, 3, 4, 9, 10, 12, 13, 31, 33, 34, 36, 42, 43, 45, 46]]
[95, 2.89643, [0, 1, 3, 4, 9, 10, 12, 13, 31, 33, 34, 36, 42, 43, 46, 47]]
[95, 2.89638, [0, 1, 3, 4, 9, 10, 12, 13, 31, 33, 34, 36, 42, 44, 45, 47]]
[95, 2.89502, [0, 1, 3, 4, 9, 10, 12, 13, 31, 33, 34, 36, 43, 44, 46, 47]]
[95, 2.89694, [0, 1, 3, 4, 9, 10, 12, 13, 31, 33, 36, 37, 40, 42, 45, 46]]
[95, 2.89525, [0, 1, 3, 4, 9, 10, 12, 13, 31, 34, 35, 38, 40, 43, 44, 47]]
[95, 2.891, [0, 1, 3, 4, 9, 10, 12, 13, 31, 34, 35, 38, 43, 44, 46, 47]]
[95, 2.89816, [0, 1, 3, 4, 9, 10, 12, 13, 32, 33, 35, 36, 41, 42, 44, 45]]
[95, 2.89538, [0, 1, 3, 4, 9, 10, 12, 13, 32, 33, 35, 36, 42, 43, 45, 46]]
[95, 2.89413, [0, 1, 3, 4, 9, 10, 12, 13, 32, 33, 35, 36, 42, 43, 46, 47]]
[95, 2.89408, [0, 1, 3, 4, 9, 10, 12, 13, 32, 33, 35, 36, 42, 44, 45, 47]]
[95, 2.89272, [0, 1, 3, 4, 9, 10, 12, 13, 32, 33, 35, 36, 43, 44, 46, 47]]
[95, 2.89077, [0, 1, 3, 4, 9, 10, 12, 13, 32, 33, 36, 37, 43, 44, 46, 47]]
[95, 2.89339, [0, 1, 3, 4, 9, 10, 12, 13, 32, 33, 36, 38, 41, 42, 45, 47]]
[95, 2.89474, [0, 1, 3, 4, 9, 10, 12, 13, 32, 34, 35, 37, 41, 43, 44, 46]]
[95, 2.89066, [0, 1, 3, 4, 9, 10, 12, 13, 32, 34, 35, 37, 43, 44, 46, 47]]
[95, 2.89114, [0, 1, 3, 4, 9, 10, 12, 13, 33, 34, 36, 37, 42, 43, 45, 46]]
[95, 2.89341, [0, 1, 3, 4, 9, 11, 12, 16, 26, 30, 33, 35, 38, 39, 42, 47]]

Search completed in 0 hours, 1 minutes, and 9.737 seconds.  Enter a string to quit.