Enter an integer k for which our Kempner sets are k-free: 3
Enter a positive integer modulus b: 183
Enter estimation parameters, or * for pre-computed parameters ([0.073, 1.0583, 1.378]): *
Enter a threshold (e.g. 4.2) to determine printed output: 2.89
Enter a root for the search space (e.g. [0, 1, 2]) [or * for the root [0]]: *
Enter an upper bound for the size of allowable digit sets [or * to ignore]: 31
Enter a maximal number of deviations from a greedy search [or * to ignore]: *
Searching for k-free sets mod b...

[183, 2.90485, [0, 1, 3, 4, 9, 10, 12, 13, 27, 28, 30, 31, 36, 37, 39, 67, 76, 79, 80, 86, 87, 89, 90]]
[183, 2.89838, [0, 1, 3, 4, 9, 10, 12, 13, 27, 28, 30, 31, 36, 37, 39, 67, 76, 79, 86, 87, 89, 90, 132]]
[183, 2.90467, [0, 1, 3, 4, 9, 10, 12, 13, 27, 28, 30, 31, 36, 37, 39, 67, 76, 80, 81, 83, 88, 89, 91]]
[183, 2.89911, [0, 1, 3, 4, 9, 10, 12, 13, 27, 28, 30, 31, 36, 37, 39, 67, 76, 80, 81, 83, 88, 91, 141]]
[183, 2.90381, [0, 1, 3, 4, 9, 10, 12, 13, 27, 28, 30, 31, 36, 37, 39, 67, 76, 80, 81, 87, 88, 90, 91]]
[183, 2.90392, [0, 1, 3, 4, 9, 10, 12, 13, 27, 28, 30, 31, 36, 37, 39, 67, 76, 81, 83, 84, 88, 89, 91]]
[183, 2.89041, [0, 1, 3, 4, 9, 10, 12, 13, 27, 28, 30, 31, 36, 37, 39, 67, 82, 83, 85, 89, 90, 132, 145]]
[183, 2.89794, [0, 1, 3, 4, 9, 10, 12, 13, 27, 28, 30, 31, 36, 37, 40, 66, 75, 78, 86, 88, 89, 91, 133]]
[183, 2.89026, [0, 1, 3, 4, 9, 10, 12, 13, 27, 28, 30, 31, 36, 37, 40, 66, 78, 86, 88, 89, 91, 133, 134]]
[183, 2.89546, [0, 1, 3, 4, 9, 10, 12, 13, 27, 28, 30, 31, 36, 37, 40, 66, 81, 82, 84, 88, 89, 91, 144]]
[183, 2.89527, [0, 1, 3, 4, 9, 10, 12, 13, 27, 28, 30, 31, 36, 37, 40, 66, 81, 83, 84, 88, 89, 91, 144]]
[183, 2.8971, [0, 1, 3, 4, 9, 10, 12, 13, 27, 28, 30, 31, 36, 37, 40, 82, 85, 89, 91, 117, 129, 131, 135, 144]]
[183, 2.89658, [0, 1, 3, 4, 9, 10, 12, 13, 27, 28, 30, 31, 36, 37, 40, 82, 88, 89, 91, 117, 129, 131, 135, 144]]
[183, 2.89485, [0, 1, 3, 4, 9, 10, 12, 13, 27, 28, 30, 31, 36, 37, 66, 67, 75, 76, 79, 80, 87, 88, 90]]
[183, 2.89469, [0, 1, 3, 4, 9, 10, 12, 13, 27, 28, 30, 31, 36, 37, 66, 67, 75, 76, 79, 80, 87, 89, 90]]
[183, 2.89397, [0, 1, 3, 4, 9, 10, 12, 13, 27, 28, 30, 31, 36, 37, 66, 67, 75, 76, 80, 81, 88, 89, 91]]
[183, 2.89381, [0, 1, 3, 4, 9, 10, 12, 13, 27, 28, 30, 31, 36, 37, 66, 67, 75, 76, 80, 81, 88, 90, 91]]
[183, 2.89379, [0, 1, 3, 4, 9, 10, 12, 13, 27, 28, 30, 31, 36, 37, 66, 67, 75, 76, 80, 82, 87, 90, 91]]
[183, 2.89273, [0, 1, 3, 4, 9, 10, 12, 13, 27, 28, 30, 31, 36, 37, 66, 67, 75, 76, 80, 87, 88, 90, 91]]
[183, 2.89425, [0, 1, 3, 4, 9, 10, 12, 13, 27, 28, 30, 31, 36, 37, 66, 67, 75, 77, 80, 81, 86, 89, 90]]
[183, 2.89364, [0, 1, 3, 4, 9, 10, 12, 13, 27, 28, 30, 31, 36, 37, 66, 67, 75, 79, 80, 82, 87, 88, 90]]
[183, 2.89276, [0, 1, 3, 4, 9, 10, 12, 13, 27, 28, 30, 31, 36, 37, 66, 67, 75, 79, 80, 86, 87, 89, 90]]
[183, 2.89153, [0, 1, 3, 4, 9, 10, 12, 13, 27, 28, 30, 31, 36, 37, 66, 67, 75, 80, 82, 87, 88, 90, 91]]
[183, 2.894, [0, 1, 3, 4, 9, 10, 12, 13, 27, 28, 30, 31, 36, 37, 66, 67, 76, 77, 81, 82, 84, 89, 90]]
[183, 2.91302, [0, 1, 3, 4, 9, 10, 12, 13, 27, 28, 30, 31, 36, 37, 66, 67, 76, 80, 81, 83, 88, 89, 91, 144]]
[183, 2.8915, [0, 1, 3, 4, 9, 10, 12, 13, 27, 28, 30, 31, 36, 37, 66, 67, 76, 80, 81, 87, 88, 90, 91]]
[183, 2.91226, [0, 1, 3, 4, 9, 10, 12, 13, 27, 28, 30, 31, 36, 37, 66, 67, 76, 81, 83, 84, 88, 89, 91, 144]]
[183, 2.89246, [0, 1, 3, 4, 9, 10, 12, 13, 27, 28, 30, 31, 36, 37, 66, 67, 77, 80, 81, 84, 86, 89, 90]]
[183, 2.89194, [0, 1, 3, 4, 9, 10, 12, 13, 27, 28, 30, 31, 36, 37, 66, 67, 77, 80, 82, 85, 86, 89, 91]]
[183, 2.90456, [0, 1, 3, 4, 9, 10, 12, 13, 27, 28, 30, 31, 36, 37, 67, 76, 80, 81, 83, 88, 89, 91, 117, 144]]
[183, 2.89897, [0, 1, 3, 4, 9, 10, 12, 13, 27, 28, 30, 31, 36, 37, 67, 76, 80, 81, 83, 88, 91, 117, 141, 144]]
[183, 2.89197, [0, 1, 3, 4, 9, 10, 12, 13, 27, 28, 30, 31, 36, 38, 65, 70, 74, 77, 79, 86, 87, 90, 91]]
[183, 2.89286, [0, 1, 3, 4, 9, 10, 12, 13, 27, 28, 30, 31, 36, 38, 65, 70, 74, 79, 81, 82, 86, 87, 89]]
[183, 2.89148, [0, 1, 3, 4, 9, 10, 12, 13, 27, 28, 30, 31, 36, 38, 65, 70, 74, 79, 81, 86, 87, 89, 90]]
[183, 2.89134, [0, 1, 3, 4, 9, 10, 12, 13, 27, 28, 30, 31, 36, 38, 65, 70, 78, 79, 81, 82, 87, 89, 90]]
[183, 2.89256, [0, 1, 3, 4, 9, 10, 12, 13, 27, 28, 30, 31, 36, 39, 64, 67, 73, 80, 81, 83, 84, 90, 91]]
[183, 2.89187, [0, 1, 3, 4, 9, 10, 12, 13, 27, 28, 30, 31, 36, 39, 64, 67, 73, 80, 81, 83, 88, 90, 91]]
[183, 2.89112, [0, 1, 3, 4, 9, 10, 12, 13, 27, 28, 30, 31, 36, 39, 64, 67, 73, 81, 83, 84, 88, 90, 91]]
[183, 2.89107, [0, 1, 3, 4, 9, 10, 12, 13, 27, 28, 30, 31, 36, 39, 64, 70, 73, 79, 83, 84, 86, 90, 91]]
[183, 2.89034, [0, 1, 3, 4, 9, 10, 12, 13, 27, 28, 30, 31, 36, 39, 64, 70, 73, 81, 83, 84, 88, 90, 91]]
[183, 2.89465, [0, 1, 3, 4, 9, 10, 12, 13, 27, 28, 30, 31, 36, 40, 64, 66, 73, 74, 78, 81, 85, 87, 91]]
[183, 2.89341, [0, 1, 3, 4, 9, 10, 12, 13, 27, 28, 30, 31, 36, 40, 64, 66, 73, 74, 78, 85, 86, 89, 91]]
[183, 2.89366, [0, 1, 3, 4, 9, 10, 12, 13, 27, 28, 30, 31, 36, 40, 64, 66, 73, 74, 81, 83, 86, 87, 90]]
[183, 2.89248, [0, 1, 3, 4, 9, 10, 12, 13, 27, 28, 30, 31, 36, 40, 64, 66, 73, 74, 81, 85, 87, 90, 91]]
[183, 2.89228, [0, 1, 3, 4, 9, 10, 12, 13, 27, 28, 30, 31, 36, 40, 64, 66, 73, 74, 83, 85, 86, 90, 91]]
[183, 2.89177, [0, 1, 3, 4, 9, 10, 12, 13, 27, 28, 30, 31, 36, 40, 64, 73, 83, 85, 89, 91, 117, 129, 131, 144]]
[183, 2.89169, [0, 1, 3, 4, 9, 10, 12, 13, 27, 28, 30, 31, 36, 40, 64, 73, 83, 85, 89, 91, 117, 129, 132, 144]]
[183, 2.89428, [0, 1, 3, 4, 9, 10, 12, 13, 27, 28, 30, 31, 36, 40, 65, 66, 73, 74, 78, 84, 85, 87, 88]]
[183, 2.89395, [0, 1, 3, 4, 9, 10, 12, 13, 27, 28, 30, 31, 36, 40, 65, 66, 73, 74, 78, 84, 85, 88, 89]]
[183, 2.89394, [0, 1, 3, 4, 9, 10, 12, 13, 27, 28, 30, 31, 36, 40, 65, 66, 73, 74, 78, 84, 86, 87, 89]]
[183, 2.8936, [0, 1, 3, 4, 9, 10, 12, 13, 27, 28, 30, 31, 36, 40, 65, 66, 73, 74, 78, 85, 86, 88, 89]]
[183, 2.90215, [0, 1, 3, 4, 9, 10, 12, 13, 27, 28, 30, 31, 36, 64, 65, 70, 73, 74, 79, 86, 87, 89, 90, 132]]
[183, 2.90183, [0, 1, 3, 4, 9, 10, 12, 13, 27, 28, 30, 31, 36, 64, 65, 70, 73, 74, 79, 86, 87, 90, 91, 132]]
[183, 2.89397, [0, 1, 3, 4, 9, 10, 12, 13, 27, 28, 30, 31, 36, 64, 65, 70, 74, 79, 86, 87, 89, 90, 132, 134]]
[183, 2.89366, [0, 1, 3, 4, 9, 10, 12, 13, 27, 28, 30, 31, 36, 64, 65, 70, 74, 79, 86, 87, 90, 91, 132, 134]]
[183, 2.89398, [0, 1, 3, 4, 9, 10, 12, 13, 27, 28, 30, 31, 36, 64, 67, 73, 74, 76, 86, 87, 89, 90, 126, 132]]
[183, 2.89366, [0, 1, 3, 4, 9, 10, 12, 13, 27, 28, 30, 31, 36, 64, 67, 73, 74, 76, 86, 87, 90, 91, 126, 132]]
[183, 2.89267, [0, 1, 3, 4, 9, 10, 12, 13, 27, 28, 30, 31, 36, 64, 67, 74, 76, 79, 86, 87, 89, 90, 126, 132]]
[183, 2.89256, [0, 1, 3, 4, 9, 10, 12, 13, 27, 28, 30, 31, 36, 64, 70, 73, 74, 79, 86, 87, 89, 90, 126, 132]]
[183, 2.89224, [0, 1, 3, 4, 9, 10, 12, 13, 27, 28, 30, 31, 36, 64, 70, 73, 74, 79, 86, 87, 90, 91, 126, 132]]
[183, 2.89798, [0, 1, 3, 4, 9, 10, 12, 13, 27, 28, 30, 31, 36, 66, 67, 70, 76, 80, 81, 83, 88, 89, 91, 144]]
[183, 2.89723, [0, 1, 3, 4, 9, 10, 12, 13, 27, 28, 30, 31, 36, 66, 67, 70, 76, 81, 83, 84, 88, 89, 91, 144]]
[183, 2.89103, [0, 1, 3, 4, 9, 10, 12, 13, 27, 28, 30, 31, 36, 67, 70, 74, 76, 79, 86, 87, 89, 90, 126, 132]]
[183, 2.89448, [0, 1, 3, 4, 9, 10, 12, 13, 27, 28, 30, 31, 37, 38, 40, 69, 81, 82, 85, 87, 90, 91, 123]]
[183, 2.89397, [0, 1, 3, 4, 9, 10, 12, 13, 27, 28, 30, 31, 37, 38, 40, 69, 81, 82, 87, 88, 90, 91, 123]]
[183, 2.89102, [0, 1, 3, 4, 9, 10, 12, 13, 27, 28, 30, 31, 37, 40, 63, 69, 72, 78, 82, 83, 85, 90, 91]]
[183, 2.90181, [0, 1, 3, 4, 9, 10, 12, 13, 27, 28, 30, 31, 37, 63, 68, 69, 76, 77, 80, 81, 87, 88, 90, 118]]
[183, 2.89369, [0, 1, 3, 4, 9, 10, 12, 13, 27, 28, 30, 31, 38, 65, 70, 71, 74, 79, 81, 86, 89, 90, 116, 125]]
[183, 2.89587, [0, 1, 3, 4, 9, 10, 12, 13, 27, 28, 30, 34, 35, 37, 49, 72, 75, 79, 80, 82, 87, 90, 91]]
[183, 2.89176, [0, 1, 3, 4, 9, 10, 12, 13, 27, 28, 30, 34, 35, 37, 63, 72, 75, 76, 79, 84, 85, 88, 90]]
[183, 2.89182, [0, 1, 3, 4, 9, 10, 12, 13, 27, 28, 30, 34, 35, 37, 63, 72, 76, 77, 79, 84, 85, 87, 88]]
[183, 2.89133, [0, 1, 3, 4, 9, 10, 12, 13, 27, 28, 30, 34, 35, 37, 63, 72, 76, 77, 79, 84, 85, 88, 90]]
[183, 2.8908, [0, 1, 3, 4, 9, 10, 12, 13, 27, 28, 30, 34, 35, 37, 63, 72, 76, 77, 79, 85, 87, 88, 90]]
[183, 2.8906, [0, 1, 3, 4, 9, 10, 12, 13, 27, 28, 30, 34, 35, 37, 63, 72, 76, 78, 79, 85, 87, 88, 90]]
[183, 2.89508, [0, 1, 3, 4, 9, 10, 12, 13, 27, 28, 30, 34, 35, 39, 49, 72, 73, 79, 80, 83, 84, 90, 91]]
[183, 2.89162, [0, 1, 3, 4, 9, 10, 12, 13, 27, 28, 30, 34, 35, 39, 62, 71, 72, 76, 79, 83, 84, 88, 91]]
[183, 2.89772, [0, 1, 3, 4, 9, 10, 12, 13, 27, 28, 30, 34, 36, 37, 49, 66, 75, 76, 79, 80, 87, 90, 91]]
[183, 2.89714, [0, 1, 3, 4, 9, 10, 12, 13, 27, 28, 30, 34, 36, 37, 49, 66, 75, 76, 80, 82, 87, 90, 91]]
[183, 2.89652, [0, 1, 3, 4, 9, 10, 12, 13, 27, 28, 30, 34, 36, 37, 49, 66, 75, 79, 80, 82, 87, 90, 91]]
[183, 2.89729, [0, 1, 3, 4, 9, 10, 12, 13, 27, 28, 30, 34, 36, 37, 49, 66, 76, 77, 79, 80, 87, 90, 91]]
[183, 2.8969, [0, 1, 3, 4, 9, 10, 12, 13, 27, 28, 30, 34, 36, 37, 49, 66, 76, 77, 80, 81, 87, 90, 91]]
[183, 2.90339, [0, 1, 3, 4, 9, 10, 12, 13, 27, 28, 30, 34, 36, 49, 61, 66, 75, 79, 80, 82, 87, 90, 91, 166]]
[183, 2.89635, [0, 1, 3, 4, 9, 10, 12, 13, 27, 28, 30, 34, 37, 39, 49, 63, 72, 79, 80, 82, 83, 90, 91]]
[183, 2.89599, [0, 1, 3, 4, 9, 10, 12, 13, 27, 28, 30, 34, 37, 39, 49, 63, 72, 79, 80, 83, 84, 90, 91]]
[183, 2.89245, [0, 1, 3, 4, 9, 10, 12, 13, 27, 28, 30, 34, 49, 61, 63, 66, 72, 75, 79, 80, 82, 90, 91, 166]]
[183, 2.89269, [0, 1, 3, 4, 9, 10, 12, 13, 27, 28, 30, 35, 36, 38, 65, 77, 81, 87, 88, 90, 91, 125, 131, 133]]
[183, 2.89496, [0, 1, 3, 4, 9, 10, 12, 13, 27, 28, 30, 35, 36, 39, 49, 64, 73, 80, 81, 83, 84, 90, 91]]
[183, 2.89445, [0, 1, 3, 4, 9, 10, 12, 13, 27, 28, 31, 33, 36, 37, 40, 48, 75, 81, 88, 89, 91, 133, 144]]
[183, 2.89229, [0, 1, 3, 4, 9, 10, 12, 13, 27, 28, 31, 33, 36, 37, 48, 67, 75, 76, 79, 80, 88, 89, 144]]
[183, 2.8921, [0, 1, 3, 4, 9, 10, 12, 13, 27, 28, 31, 33, 36, 37, 48, 67, 75, 76, 79, 81, 88, 89, 144]]
[183, 2.91804, [0, 1, 3, 4, 9, 10, 12, 13, 27, 28, 31, 33, 36, 37, 48, 67, 75, 76, 80, 81, 88, 89, 91, 144]]
[183, 2.8919, [0, 1, 3, 4, 9, 10, 12, 13, 27, 28, 31, 33, 36, 37, 48, 67, 75, 76, 80, 81, 88, 89, 144]]
[183, 2.89719, [0, 1, 3, 4, 9, 10, 12, 13, 27, 28, 31, 33, 36, 37, 48, 67, 75, 76, 80, 81, 88, 90, 91]]
[183, 2.89158, [0, 1, 3, 4, 9, 10, 12, 13, 27, 28, 31, 33, 36, 37, 48, 67, 75, 76, 80, 81, 88, 91, 144]]
[183, 2.89142, [0, 1, 3, 4, 9, 10, 12, 13, 27, 28, 31, 33, 36, 37, 48, 67, 75, 76, 80, 81, 89, 91, 144]]
[183, 2.89757, [0, 1, 3, 4, 9, 10, 12, 13, 27, 28, 31, 33, 36, 37, 48, 67, 75, 77, 78, 80, 88, 90, 91]]
[183, 2.8977, [0, 1, 3, 4, 9, 10, 12, 13, 27, 28, 31, 33, 36, 37, 48, 67, 75, 77, 78, 82, 85, 90, 91]]
[183, 2.89719, [0, 1, 3, 4, 9, 10, 12, 13, 27, 28, 31, 33, 36, 37, 48, 67, 75, 77, 78, 82, 88, 90, 91]]
[183, 2.89714, [0, 1, 3, 4, 9, 10, 12, 13, 27, 28, 31, 33, 36, 37, 48, 67, 75, 77, 80, 81, 88, 89, 91]]
[183, 2.89698, [0, 1, 3, 4, 9, 10, 12, 13, 27, 28, 31, 33, 36, 37, 48, 67, 75, 77, 80, 81, 88, 90, 91]]
[183, 2.89679, [0, 1, 3, 4, 9, 10, 12, 13, 27, 28, 31, 33, 36, 37, 48, 67, 75, 77, 80, 82, 88, 90, 91]]
[183, 2.89659, [0, 1, 3, 4, 9, 10, 12, 13, 27, 28, 31, 33, 36, 37, 48, 67, 75, 77, 81, 82, 88, 90, 91]]
[183, 2.89692, [0, 1, 3, 4, 9, 10, 12, 13, 27, 28, 31, 33, 36, 37, 48, 67, 76, 77, 80, 81, 88, 89, 91]]
[183, 2.89676, [0, 1, 3, 4, 9, 10, 12, 13, 27, 28, 31, 33, 36, 37, 48, 67, 76, 77, 80, 81, 88, 90, 91]]
[183, 2.89634, [0, 1, 3, 4, 9, 10, 12, 13, 27, 28, 31, 33, 36, 37, 48, 67, 77, 78, 80, 81, 88, 90, 91]]
[183, 2.89595, [0, 1, 3, 4, 9, 10, 12, 13, 27, 28, 31, 33, 36, 37, 48, 67, 77, 78, 81, 82, 88, 90, 91]]
[183, 2.90115, [0, 1, 3, 4, 9, 10, 12, 13, 27, 28, 31, 33, 36, 37, 67, 76, 80, 81, 83, 88, 89, 91, 117, 144]]
[183, 2.89556, [0, 1, 3, 4, 9, 10, 12, 13, 27, 28, 31, 33, 36, 37, 67, 76, 80, 81, 83, 88, 91, 117, 141, 144]]
[183, 2.89754, [0, 1, 3, 4, 9, 10, 12, 13, 27, 28, 31, 33, 36, 40, 48, 64, 73, 74, 78, 81, 85, 90, 91]]
[183, 2.90235, [0, 1, 3, 4, 9, 10, 12, 13, 27, 28, 31, 33, 37, 48, 60, 67, 77, 78, 81, 82, 88, 90, 91, 165]]
[183, 2.8921, [0, 1, 3, 4, 9, 10, 12, 13, 27, 28, 31, 36, 37, 39, 40, 82, 86, 88, 91, 108, 120, 122, 126, 138]]
[183, 2.90034, [0, 1, 3, 4, 9, 10, 12, 13, 27, 28, 31, 36, 37, 48, 66, 67, 75, 76, 80, 81, 88, 89, 91, 144]]
[183, 2.89415, [0, 1, 3, 4, 9, 10, 12, 13, 27, 28, 32, 34, 35, 39, 48, 49, 73, 76, 80, 81, 90, 91, 165]]
[183, 2.89633, [0, 1, 3, 4, 9, 10, 12, 13, 27, 28, 32, 34, 35, 39, 48, 71, 73, 80, 81, 90, 124, 131, 140, 165]]
[183, 2.8946, [0, 1, 3, 4, 9, 10, 12, 13, 27, 28, 32, 34, 35, 39, 48, 71, 73, 80, 90, 91, 124, 131, 140, 165]]
[183, 2.89389, [0, 1, 3, 4, 9, 10, 12, 13, 27, 28, 32, 34, 35, 39, 48, 71, 81, 82, 88, 89, 124, 131, 145, 147]]
[183, 2.89242, [0, 1, 3, 4, 9, 10, 12, 13, 27, 28, 32, 34, 35, 39, 48, 73, 80, 81, 90, 91, 124, 131, 140, 165]]
[183, 2.89275, [0, 1, 3, 4, 9, 10, 12, 13, 27, 28, 32, 34, 35, 39, 49, 72, 73, 79, 80, 83, 84, 90, 91]]
[183, 2.90463, [0, 1, 3, 4, 9, 10, 12, 13, 27, 28, 32, 34, 38, 39, 57, 62, 70, 71, 81, 84, 88, 89, 154, 160]]
[183, 2.90346, [0, 1, 3, 4, 9, 10, 12, 13, 27, 28, 32, 34, 38, 39, 57, 62, 71, 81, 83, 84, 88, 89, 131, 160]]
[183, 2.89597, [0, 1, 3, 4, 9, 10, 12, 13, 27, 28, 32, 34, 38, 39, 57, 62, 71, 81, 84, 88, 89, 131, 154, 160]]
[183, 2.89414, [0, 1, 3, 4, 9, 10, 12, 13, 27, 28, 32, 34, 38, 39, 57, 62, 81, 83, 84, 88, 89, 131, 143, 160]]
[183, 2.89108, [0, 1, 3, 4, 9, 10, 12, 13, 27, 28, 32, 34, 38, 57, 62, 69, 71, 74, 78, 84, 88, 89, 154, 160]]
[183, 2.90387, [0, 1, 3, 4, 9, 10, 12, 13, 27, 28, 33, 35, 36, 40, 48, 49, 64, 73, 74, 78, 81, 90, 91]]
[183, 2.89422, [0, 1, 3, 4, 9, 10, 12, 13, 27, 28, 33, 35, 36, 40, 48, 49, 73, 74, 78, 81, 90, 91, 124]]
[183, 2.8934, [0, 1, 3, 4, 9, 10, 12, 13, 27, 28, 33, 35, 36, 40, 48, 64, 73, 74, 78, 81, 85, 90, 91]]
[183, 2.89256, [0, 1, 3, 4, 9, 10, 12, 13, 27, 28, 33, 35, 36, 40, 49, 64, 73, 74, 78, 81, 87, 90, 91]]
[183, 2.89037, [0, 1, 3, 4, 9, 10, 12, 13, 27, 29, 30, 32, 36, 38, 65, 70, 74, 79, 81, 82, 86, 87, 89]]
[183, 2.90704, [0, 1, 3, 4, 9, 10, 12, 13, 27, 29, 30, 32, 36, 39, 67, 70, 76, 81, 83, 84, 88, 89, 91, 145]]
[183, 2.89521, [0, 1, 3, 4, 9, 10, 12, 13, 27, 29, 30, 32, 36, 65, 66, 70, 76, 81, 83, 84, 88, 89, 91, 145]]
[183, 2.89494, [0, 1, 3, 4, 9, 10, 12, 13, 27, 29, 30, 32, 36, 65, 67, 70, 76, 81, 83, 84, 88, 89, 91, 145]]
[183, 2.89465, [0, 1, 3, 4, 9, 10, 12, 13, 27, 29, 30, 32, 36, 66, 67, 70, 76, 81, 83, 84, 88, 89, 91, 145]]
[183, 2.89373, [0, 1, 3, 4, 9, 10, 12, 13, 27, 29, 30, 32, 38, 39, 43, 62, 70, 71, 87, 88, 90, 91, 134]]
[183, 2.89159, [0, 1, 3, 4, 9, 10, 12, 13, 27, 29, 30, 32, 38, 40, 62, 65, 69, 74, 81, 82, 85, 87, 91]]
[183, 2.89065, [0, 1, 3, 4, 9, 10, 12, 13, 27, 29, 30, 32, 39, 67, 70, 72, 76, 81, 83, 84, 88, 89, 91, 145]]
[183, 2.92549, [0, 1, 3, 4, 9, 10, 12, 13, 27, 29, 30, 34, 35, 37, 52, 63, 72, 76, 78, 79, 85, 87, 88, 90]]
[183, 2.89883, [0, 1, 3, 4, 9, 10, 12, 13, 27, 29, 30, 34, 35, 37, 52, 63, 72, 76, 78, 79, 85, 87, 90]]
[183, 2.89866, [0, 1, 3, 4, 9, 10, 12, 13, 27, 29, 30, 34, 35, 37, 52, 63, 72, 76, 78, 79, 85, 88, 90]]
[183, 2.89832, [0, 1, 3, 4, 9, 10, 12, 13, 27, 29, 30, 34, 35, 37, 52, 63, 72, 76, 78, 79, 87, 88, 90]]
[183, 2.89825, [0, 1, 3, 4, 9, 10, 12, 13, 27, 29, 30, 34, 35, 37, 52, 63, 72, 76, 78, 82, 85, 87, 90]]
[183, 2.89719, [0, 1, 3, 4, 9, 10, 12, 13, 27, 29, 30, 34, 35, 37, 52, 63, 72, 76, 78, 85, 87, 88, 90]]
[183, 2.898, [0, 1, 3, 4, 9, 10, 12, 13, 27, 29, 30, 34, 35, 37, 52, 63, 72, 76, 79, 84, 85, 87, 88]]
[183, 2.89089, [0, 1, 3, 4, 9, 10, 12, 13, 27, 29, 30, 34, 35, 37, 52, 63, 72, 76, 79, 84, 85, 87, 163]]
[183, 2.89751, [0, 1, 3, 4, 9, 10, 12, 13, 27, 29, 30, 34, 35, 37, 52, 63, 72, 76, 79, 84, 85, 88, 90]]
[183, 2.89699, [0, 1, 3, 4, 9, 10, 12, 13, 27, 29, 30, 34, 35, 37, 52, 63, 72, 76, 79, 85, 87, 88, 90]]
[183, 2.89711, [0, 1, 3, 4, 9, 10, 12, 13, 27, 29, 30, 34, 35, 37, 52, 63, 72, 78, 79, 82, 87, 88, 90]]
[183, 2.89657, [0, 1, 3, 4, 9, 10, 12, 13, 27, 29, 30, 34, 35, 37, 52, 63, 72, 78, 79, 85, 87, 88, 90]]
[183, 2.8911, [0, 1, 3, 4, 9, 10, 12, 13, 27, 29, 30, 34, 35, 37, 52, 63, 72, 78, 83, 85, 86, 90, 130]]
[183, 2.89075, [0, 1, 3, 4, 9, 10, 12, 13, 27, 29, 30, 34, 35, 37, 52, 63, 72, 78, 83, 86, 87, 90, 130]]
[183, 2.92356, [0, 1, 3, 4, 9, 10, 12, 13, 27, 29, 30, 34, 35, 37, 52, 63, 76, 78, 79, 81, 85, 87, 88, 90]]
[183, 2.89691, [0, 1, 3, 4, 9, 10, 12, 13, 27, 29, 30, 34, 35, 37, 52, 63, 76, 78, 79, 81, 85, 87, 90]]
[183, 2.89674, [0, 1, 3, 4, 9, 10, 12, 13, 27, 29, 30, 34, 35, 37, 52, 63, 76, 78, 79, 81, 85, 88, 90]]
[183, 2.8964, [0, 1, 3, 4, 9, 10, 12, 13, 27, 29, 30, 34, 35, 37, 52, 63, 76, 78, 79, 81, 87, 88, 90]]
[183, 2.89667, [0, 1, 3, 4, 9, 10, 12, 13, 27, 29, 30, 34, 35, 37, 52, 63, 76, 78, 79, 84, 85, 87, 88]]
[183, 2.89566, [0, 1, 3, 4, 9, 10, 12, 13, 27, 29, 30, 34, 35, 37, 52, 63, 76, 78, 79, 85, 87, 88, 90]]
[183, 2.89632, [0, 1, 3, 4, 9, 10, 12, 13, 27, 29, 30, 34, 35, 37, 52, 63, 76, 78, 81, 82, 85, 87, 90]]
[183, 2.89527, [0, 1, 3, 4, 9, 10, 12, 13, 27, 29, 30, 34, 35, 37, 52, 63, 76, 78, 81, 85, 87, 88, 90]]
[183, 2.89559, [0, 1, 3, 4, 9, 10, 12, 13, 27, 29, 30, 34, 35, 37, 52, 63, 76, 79, 81, 84, 85, 88, 90]]
[183, 2.89507, [0, 1, 3, 4, 9, 10, 12, 13, 27, 29, 30, 34, 35, 37, 52, 63, 76, 79, 81, 85, 87, 88, 90]]
[183, 2.89519, [0, 1, 3, 4, 9, 10, 12, 13, 27, 29, 30, 34, 35, 37, 52, 63, 78, 79, 81, 82, 87, 88, 90]]
[183, 2.89465, [0, 1, 3, 4, 9, 10, 12, 13, 27, 29, 30, 34, 35, 37, 52, 63, 78, 79, 81, 85, 87, 88, 90]]
[183, 2.89481, [0, 1, 3, 4, 9, 10, 12, 13, 27, 29, 30, 34, 35, 37, 52, 72, 76, 78, 79, 81, 85, 87, 88]]
[183, 2.89324, [0, 1, 3, 4, 9, 10, 12, 13, 27, 29, 30, 34, 35, 37, 52, 72, 76, 78, 79, 85, 87, 88, 90]]
[183, 2.89132, [0, 1, 3, 4, 9, 10, 12, 13, 27, 29, 30, 34, 35, 37, 52, 76, 78, 79, 81, 85, 87, 88, 90]]
[183, 2.89039, [0, 1, 3, 4, 9, 10, 12, 13, 27, 29, 30, 34, 35, 37, 63, 72, 75, 76, 79, 84, 85, 88, 90]]
[183, 2.89045, [0, 1, 3, 4, 9, 10, 12, 13, 27, 29, 30, 34, 35, 37, 63, 72, 76, 77, 79, 84, 85, 87, 88]]
[183, 2.89546, [0, 1, 3, 4, 9, 10, 12, 13, 27, 29, 30, 34, 36, 37, 52, 66, 76, 78, 79, 81, 85, 87, 88]]
[183, 2.8949, [0, 1, 3, 4, 9, 10, 12, 13, 27, 29, 30, 34, 36, 37, 52, 66, 76, 78, 79, 84, 85, 87, 88]]
[183, 2.89382, [0, 1, 3, 4, 9, 10, 12, 13, 27, 29, 30, 34, 36, 37, 52, 66, 76, 79, 81, 84, 85, 88, 90]]
[183, 2.89329, [0, 1, 3, 4, 9, 10, 12, 13, 27, 29, 30, 34, 36, 37, 52, 66, 76, 79, 81, 85, 87, 88, 90]]
[183, 2.89042, [0, 1, 3, 4, 9, 10, 12, 13, 27, 29, 30, 34, 36, 37, 52, 76, 78, 79, 81, 85, 87, 88, 90]]
[183, 2.89684, [0, 1, 3, 4, 9, 10, 12, 13, 27, 29, 30, 34, 40, 52, 62, 63, 66, 78, 81, 82, 85, 87, 142, 148]]
[183, 2.89126, [0, 1, 3, 4, 9, 10, 12, 13, 27, 29, 30, 34, 40, 52, 66, 69, 73, 81, 83, 84, 88, 90, 127, 144]]
[183, 2.8909, [0, 1, 3, 4, 9, 10, 12, 13, 27, 29, 30, 34, 40, 52, 66, 69, 73, 81, 84, 85, 88, 90, 127, 144]]
[183, 2.89213, [0, 1, 3, 4, 9, 10, 12, 13, 27, 29, 30, 34, 52, 62, 63, 66, 71, 73, 78, 81, 82, 87, 88, 148]]
[183, 2.89852, [0, 1, 3, 4, 9, 10, 12, 13, 27, 29, 30, 36, 37, 40, 52, 66, 81, 83, 84, 88, 89, 109, 127, 144]]
[183, 2.8912, [0, 1, 3, 4, 9, 10, 12, 13, 27, 29, 33, 34, 38, 40, 52, 60, 69, 74, 81, 83, 84, 89, 90]]
[183, 2.89747, [0, 1, 3, 4, 9, 10, 12, 13, 27, 29, 33, 34, 38, 40, 52, 60, 69, 81, 83, 88, 90, 130, 144, 148]]
[183, 2.89105, [0, 1, 3, 4, 9, 10, 12, 13, 27, 29, 33, 34, 38, 40, 52, 69, 81, 83, 87, 88, 90, 130, 144, 148]]
[183, 2.89314, [0, 1, 3, 4, 9, 10, 12, 13, 27, 29, 33, 34, 40, 52, 60, 69, 72, 73, 83, 85, 89, 90, 121, 127]]
[183, 2.89718, [0, 1, 3, 4, 9, 10, 12, 13, 27, 29, 34, 38, 40, 52, 60, 69, 81, 83, 87, 88, 90, 127, 130, 144, 148]]
[183, 2.89184, [0, 1, 3, 4, 9, 10, 12, 13, 27, 29, 35, 36, 47, 52, 56, 64, 73, 74, 78, 79, 86, 88, 89, 161]]
[183, 2.89794, [0, 1, 3, 4, 9, 10, 12, 13, 27, 31, 33, 36, 37, 48, 55, 67, 75, 76, 80, 81, 88, 89, 91, 144]]
[183, 2.89036, [0, 1, 3, 4, 9, 10, 12, 13, 27, 31, 33, 37, 38, 40, 55, 60, 69, 81, 84, 86, 90, 133, 144, 157]]
[183, 2.90365, [0, 1, 3, 4, 9, 10, 12, 13, 28, 29, 31, 32, 38, 39, 42, 70, 82, 87, 88, 90, 91, 105, 124, 129]]
[183, 2.89498, [0, 1, 3, 4, 9, 10, 12, 13, 28, 29, 31, 32, 38, 39, 42, 82, 87, 88, 90, 91, 105, 124, 129, 131]]
[183, 2.89047, [0, 1, 3, 4, 9, 10, 12, 13, 28, 29, 32, 33, 39, 40, 42, 73, 85, 90, 91, 105, 115, 121, 123, 135]]
[183, 2.90102, [0, 1, 3, 4, 9, 10, 12, 13, 28, 29, 33, 34, 36, 50, 51, 61, 70, 75, 81, 82, 84, 85, 144, 145]]
[183, 2.89657, [0, 1, 3, 4, 9, 10, 12, 13, 28, 29, 33, 35, 36, 40, 64, 73, 74, 81, 85, 87, 90, 91, 105, 131]]
[183, 2.90816, [0, 1, 3, 4, 9, 10, 12, 13, 28, 30, 31, 35, 36, 38, 54, 65, 74, 79, 82, 86, 88, 89, 91, 132]]
[183, 2.90186, [0, 1, 3, 4, 9, 10, 12, 13, 28, 30, 31, 35, 36, 54, 64, 65, 75, 79, 81, 82, 84, 88, 90, 91]]
[183, 2.89111, [0, 1, 3, 4, 9, 10, 12, 13, 28, 30, 31, 36, 37, 54, 66, 67, 76, 81, 83, 84, 88, 89, 91, 144]]
[183, 2.90516, [0, 1, 3, 4, 9, 10, 12, 13, 29, 30, 34, 35, 37, 42, 52, 63, 76, 77, 79, 85, 87, 88, 90, 105]]
[183, 2.89333, [0, 1, 3, 4, 9, 10, 12, 13, 29, 30, 34, 35, 37, 52, 63, 72, 76, 77, 79, 85, 87, 88, 90, 105]]
[183, 2.89334, [0, 1, 3, 4, 9, 10, 12, 13, 29, 31, 32, 34, 40, 44, 66, 69, 73, 74, 81, 83, 90, 91, 105, 121]]
[183, 2.89164, [0, 1, 3, 4, 9, 10, 12, 13, 29, 32, 39, 40, 42, 43, 56, 62, 87, 88, 90, 91, 105, 107, 125, 128, 130]]

Search completed in 3 hours, 32 minutes, and 59.273 seconds.  Enter a string to quit.