Enter an integer k for which our Kempner sets are k-free: 3
Enter a positive integer modulus b: 311
Enter estimation parameters, or * for pre-computed parameters ([0.0818, 1.6238, 1.1994]): *
Enter a threshold (e.g. 4.2) to determine printed output: 2.94
Enter a root for the search space (e.g. [0, 1, 2]) [or * for the root [0]]: *
Enter an upper bound for the size of allowable digit sets [or * to ignore]: 37
Enter a maximal number of deviations from a greedy search [or * to ignore]: *
Searching for k-free sets mod b...

[311, 2.94666, [0, 1, 3, 4, 9, 10, 12, 13, 27, 28, 30, 31, 36, 37, 39, 40, 81, 83, 86, 87, 99, 101, 102, 106, 107, 109, 114, 120, 124, 140, 148, 151, 155, 255]]
[311, 2.94305, [0, 1, 3, 4, 9, 10, 12, 13, 27, 28, 30, 31, 36, 37, 39, 40, 81, 84, 94, 96, 102, 103, 105, 106, 113, 117, 127, 133, 136, 143, 144, 146, 147, 154]]
[311, 2.94399, [0, 1, 3, 4, 9, 10, 12, 13, 27, 28, 30, 31, 36, 37, 39, 40, 81, 85, 86, 90, 92, 100, 104, 106, 111, 113, 124, 128, 129, 138, 146, 151, 155, 268]]
[311, 2.94028, [0, 1, 3, 4, 9, 10, 12, 13, 27, 28, 30, 31, 36, 37, 39, 40, 81, 85, 86, 90, 96, 98, 104, 108, 113, 119, 121, 124, 137, 147, 151, 154, 197, 253]]
[311, 2.94143, [0, 1, 3, 4, 9, 10, 12, 13, 27, 28, 30, 31, 36, 37, 39, 40, 81, 85, 86, 90, 103, 104, 106, 110, 112, 113, 115, 128, 137, 147, 148, 154, 155, 240]]
[311, 2.94067, [0, 1, 3, 4, 9, 10, 12, 13, 27, 28, 30, 31, 36, 37, 39, 40, 81, 85, 86, 90, 103, 104, 106, 110, 112, 113, 124, 128, 137, 147, 148, 154, 155, 240]]
[311, 2.94073, [0, 1, 3, 4, 9, 10, 12, 13, 27, 28, 30, 31, 36, 37, 39, 40, 81, 85, 86, 90, 104, 108, 110, 113, 115, 119, 121, 124, 137, 146, 147, 151, 154, 197]]
[311, 2.94113, [0, 1, 3, 4, 9, 10, 12, 13, 27, 28, 30, 31, 36, 37, 39, 40, 82, 84, 85, 97, 99, 104, 105, 107, 108, 118, 120, 121, 144, 146, 149, 150, 153, 254]]
[311, 2.94097, [0, 1, 3, 4, 9, 10, 12, 13, 27, 28, 30, 31, 36, 37, 39, 40, 82, 84, 85, 97, 99, 104, 105, 107, 108, 118, 121, 122, 144, 146, 149, 150, 153, 254]]
[311, 2.94177, [0, 1, 3, 4, 9, 10, 12, 13, 27, 28, 30, 31, 36, 37, 39, 40, 82, 84, 91, 94, 99, 105, 108, 109, 112, 118, 120, 121, 123, 139, 144, 150, 153, 254]]
[311, 2.94161, [0, 1, 3, 4, 9, 10, 12, 13, 27, 28, 30, 31, 36, 37, 39, 40, 82, 84, 97, 98, 102, 104, 105, 109, 118, 119, 123, 130, 135, 143, 145, 146, 150, 153]]
[311, 2.94262, [0, 1, 3, 4, 9, 10, 12, 13, 27, 28, 30, 31, 36, 37, 39, 40, 82, 92, 94, 97, 98, 103, 107, 113, 115, 118, 126, 130, 131, 135, 141, 143, 146, 150]]
[311, 2.94332, [0, 1, 3, 4, 9, 10, 12, 13, 27, 28, 30, 31, 36, 37, 39, 40, 83, 84, 87, 93, 101, 105, 107, 110, 111, 114, 120, 124, 125, 142, 148, 151, 152, 196]]
[311, 2.94191, [0, 1, 3, 4, 9, 10, 12, 13, 27, 28, 30, 31, 36, 37, 39, 40, 83, 84, 97, 98, 100, 104, 106, 107, 109, 119, 122, 133, 142, 143, 145, 149, 150, 152]]
[311, 2.94242, [0, 1, 3, 4, 9, 10, 12, 13, 27, 28, 30, 31, 36, 37, 39, 40, 83, 85, 86, 99, 101, 102, 106, 107, 109, 114, 120, 125, 137, 146, 147, 150, 152, 196]]
[311, 2.94311, [0, 1, 3, 4, 9, 10, 12, 13, 27, 28, 30, 31, 36, 37, 39, 40, 83, 85, 86, 99, 101, 102, 107, 109, 110, 114, 120, 122, 125, 146, 147, 150, 152, 196]]
[311, 2.94326, [0, 1, 3, 4, 9, 10, 12, 13, 27, 28, 30, 31, 36, 37, 39, 40, 83, 85, 97, 98, 101, 103, 106, 107, 110, 118, 120, 128, 132, 141, 145, 147, 148, 152]]
[311, 2.94108, [0, 1, 3, 4, 9, 10, 12, 13, 27, 28, 30, 31, 36, 37, 39, 40, 83, 86, 87, 99, 101, 102, 106, 107, 109, 114, 120, 123, 124, 148, 150, 151, 155, 255]]
[311, 2.94097, [0, 1, 3, 4, 9, 10, 12, 13, 27, 28, 30, 31, 36, 37, 39, 40, 83, 86, 87, 99, 101, 102, 106, 107, 109, 114, 120, 123, 124, 148, 151, 152, 155, 255]]
[311, 2.94529, [0, 1, 3, 4, 9, 10, 12, 13, 27, 28, 30, 31, 36, 37, 39, 40, 83, 86, 87, 99, 101, 102, 107, 109, 110, 114, 120, 122, 123, 140, 148, 149, 151, 152]]
[311, 2.94512, [0, 1, 3, 4, 9, 10, 12, 13, 27, 28, 30, 31, 36, 37, 39, 40, 83, 86, 87, 99, 101, 102, 107, 109, 110, 114, 120, 122, 123, 140, 148, 149, 151, 155]]
[311, 2.94507, [0, 1, 3, 4, 9, 10, 12, 13, 27, 28, 30, 31, 36, 37, 39, 40, 83, 86, 87, 99, 101, 102, 107, 109, 110, 114, 120, 122, 123, 140, 148, 150, 151, 155]]
[311, 2.94496, [0, 1, 3, 4, 9, 10, 12, 13, 27, 28, 30, 31, 36, 37, 39, 40, 83, 86, 87, 99, 101, 102, 107, 109, 110, 114, 120, 122, 123, 140, 148, 151, 152, 155]]
[311, 2.94491, [0, 1, 3, 4, 9, 10, 12, 13, 27, 28, 30, 31, 36, 37, 39, 40, 83, 86, 87, 99, 101, 102, 107, 109, 110, 114, 120, 123, 124, 140, 148, 150, 151, 155]]
[311, 2.9448, [0, 1, 3, 4, 9, 10, 12, 13, 27, 28, 30, 31, 36, 37, 39, 40, 83, 86, 87, 99, 101, 102, 107, 109, 110, 114, 120, 123, 124, 140, 148, 151, 152, 155]]
[311, 2.94552, [0, 1, 3, 4, 9, 10, 12, 13, 27, 28, 30, 31, 36, 37, 39, 40, 83, 86, 87, 99, 101, 102, 109, 110, 113, 114, 120, 122, 123, 128, 148, 149, 151, 152]]
[311, 2.94334, [0, 1, 3, 4, 9, 10, 12, 13, 27, 28, 30, 31, 36, 37, 39, 40, 83, 87, 88, 92, 98, 100, 106, 107, 110, 111, 118, 123, 141, 142, 150, 151, 155, 198]]
[311, 2.94469, [0, 1, 3, 4, 9, 10, 12, 13, 27, 28, 30, 31, 36, 37, 39, 40, 83, 87, 93, 97, 100, 102, 105, 106, 109, 120, 122, 128, 132, 133, 141, 145, 148, 152]]
[311, 2.94188, [0, 1, 3, 4, 9, 10, 12, 13, 27, 28, 30, 31, 36, 37, 39, 40, 84, 85, 93, 99, 100, 106, 108, 109, 111, 120, 121, 124, 135, 144, 145, 151, 152, 154]]
[311, 2.94037, [0, 1, 3, 4, 9, 10, 12, 13, 27, 28, 30, 31, 36, 37, 39, 40, 84, 85, 99, 100, 105, 107, 108, 112, 118, 120, 121, 123, 127, 144, 145, 148, 150, 153]]
[311, 2.94229, [0, 1, 3, 4, 9, 10, 12, 13, 27, 28, 30, 31, 36, 37, 39, 40, 84, 86, 87, 91, 102, 107, 108, 110, 111, 119, 121, 124, 126, 139, 148, 149, 153, 197]]
[311, 2.94436, [0, 1, 3, 4, 9, 10, 12, 13, 27, 28, 30, 31, 36, 37, 39, 40, 84, 87, 93, 97, 98, 100, 104, 114, 117, 119, 122, 139, 142, 148, 152, 153, 255, 258, 262]]
[311, 2.94055, [0, 1, 3, 4, 9, 10, 12, 13, 27, 28, 30, 31, 36, 37, 39, 40, 84, 87, 97, 100, 101, 104, 106, 109, 119, 120, 122, 130, 133, 142, 145, 149, 150, 152]]
[311, 2.94228, [0, 1, 3, 4, 9, 10, 12, 13, 27, 28, 30, 31, 36, 37, 39, 40, 84, 92, 94, 97, 98, 101, 106, 107, 109, 119, 123, 125, 133, 135, 136, 142, 150, 197]]
[311, 2.94091, [0, 1, 3, 4, 9, 10, 12, 13, 27, 28, 30, 31, 36, 37, 39, 40, 85, 86, 90, 96, 98, 104, 108, 109, 113, 115, 119, 124, 137, 146, 147, 151, 154, 197]]
[311, 2.94755, [0, 1, 3, 4, 9, 10, 12, 13, 27, 28, 30, 31, 36, 37, 39, 40, 85, 87, 99, 101, 102, 106, 107, 109, 114, 118, 123, 124, 136, 150, 152, 153, 155, 240, 254]]
[311, 2.94708, [0, 1, 3, 4, 9, 10, 12, 13, 27, 28, 30, 31, 36, 37, 39, 40, 85, 89, 98, 99, 101, 105, 108, 110, 114, 124, 126, 132, 136, 137, 145, 152, 155, 256, 258]]
[311, 2.9417, [0, 1, 3, 4, 9, 10, 12, 13, 27, 28, 30, 31, 36, 37, 39, 40, 85, 91, 95, 98, 100, 103, 104, 107, 112, 125, 127, 132, 135, 136, 141, 144, 148, 149]]
[311, 2.94835, [0, 1, 3, 4, 9, 10, 12, 13, 27, 28, 30, 31, 36, 37, 39, 40, 85, 93, 99, 100, 106, 108, 109, 111, 121, 124, 132, 135, 141, 144, 145, 151, 152, 154, 201]]
[311, 2.94955, [0, 1, 3, 4, 9, 10, 12, 13, 27, 28, 30, 31, 36, 37, 39, 40, 88, 98, 102, 104, 105, 107, 113, 114, 117, 118, 125, 135, 141, 142, 144, 150, 151, 154, 155]]
[311, 2.94079, [0, 1, 3, 4, 9, 10, 12, 13, 27, 28, 30, 31, 36, 37, 39, 40, 90, 92, 97, 98, 100, 105, 109, 111, 114, 115, 127, 129, 134, 135, 137, 142, 146, 151]]
[311, 2.94188, [0, 1, 3, 4, 9, 10, 12, 13, 27, 28, 30, 31, 36, 37, 39, 40, 90, 94, 96, 97, 99, 105, 106, 109, 110, 117, 127, 131, 133, 134, 136, 142, 146, 147]]
[311, 2.94607, [0, 1, 3, 4, 9, 10, 12, 13, 27, 28, 30, 31, 36, 37, 39, 40, 94, 98, 100, 101, 103, 110, 111, 115, 116, 118, 123, 137, 139, 140, 144, 150, 153, 154, 259]]
[311, 2.94594, [0, 1, 3, 4, 9, 10, 12, 13, 27, 28, 30, 31, 36, 37, 39, 40, 94, 98, 100, 101, 103, 110, 111, 115, 116, 118, 123, 137, 140, 141, 144, 150, 153, 154, 259]]
[311, 2.94589, [0, 1, 3, 4, 9, 10, 12, 13, 27, 28, 30, 31, 36, 37, 39, 40, 94, 98, 100, 101, 103, 110, 111, 115, 116, 118, 123, 137, 140, 141, 144, 150, 153, 155, 259]]
[311, 2.94584, [0, 1, 3, 4, 9, 10, 12, 13, 27, 28, 30, 31, 36, 37, 39, 40, 94, 98, 100, 101, 103, 110, 111, 115, 116, 118, 123, 137, 140, 141, 144, 150, 154, 155, 259]]
[311, 2.94627, [0, 1, 3, 4, 9, 10, 12, 13, 27, 28, 30, 31, 36, 37, 39, 40, 98, 99, 102, 103, 109, 111, 112, 114, 118, 128, 135, 136, 139, 140, 146, 148, 149, 151, 155]]
[311, 2.94096, [0, 1, 3, 4, 9, 10, 12, 13, 27, 28, 30, 31, 36, 37, 39, 40, 98, 100, 101, 103, 110, 111, 115, 116, 118, 123, 137, 140, 141, 144, 150, 152, 153, 155, 259]]
[311, 2.94083, [0, 1, 3, 4, 9, 10, 12, 13, 27, 28, 30, 31, 36, 37, 39, 40, 98, 100, 101, 103, 110, 111, 115, 116, 118, 123, 137, 141, 142, 144, 150, 152, 153, 155, 259]]
[311, 2.94081, [0, 1, 3, 4, 9, 10, 12, 13, 27, 28, 30, 31, 36, 37, 39, 40, 98, 100, 101, 103, 110, 111, 115, 116, 118, 123, 139, 141, 142, 144, 150, 151, 153, 154, 259]]
[311, 2.94453, [0, 1, 3, 4, 9, 10, 12, 13, 27, 28, 30, 31, 36, 37, 39, 40, 98, 102, 104, 105, 107, 113, 114, 117, 118, 125, 135, 139, 141, 142, 144, 150, 151, 154, 155]]
[311, 2.94099, [0, 1, 3, 4, 9, 10, 12, 13, 27, 28, 31, 33, 36, 37, 40, 48, 88, 98, 102, 104, 105, 107, 113, 114, 117, 118, 125, 135, 141, 142, 144, 150, 151, 154, 155]]
[311, 2.94427, [0, 1, 3, 4, 9, 10, 12, 13, 27, 30, 31, 36, 37, 39, 40, 46, 85, 90, 93, 98, 104, 105, 107, 108, 113, 127, 135, 137, 138, 142, 151, 152, 154, 188, 255, 259]]
[311, 2.94181, [0, 1, 3, 4, 9, 10, 12, 13, 27, 30, 31, 36, 37, 39, 40, 46, 85, 90, 98, 104, 105, 107, 108, 113, 115, 127, 135, 137, 138, 142, 151, 152, 154, 188, 255, 259]]
[311, 2.9406, [0, 1, 3, 4, 9, 10, 12, 13, 27, 30, 31, 36, 37, 39, 40, 46, 85, 90, 98, 104, 105, 107, 108, 113, 115, 127, 137, 138, 142, 151, 152, 154, 155, 188, 255, 259]]
[311, 2.94079, [0, 1, 3, 4, 9, 10, 12, 13, 28, 29, 31, 32, 37, 38, 40, 41, 84, 85, 100, 102, 106, 108, 109, 111, 117, 121, 124, 135, 144, 145, 147, 151, 152, 154, 255]]
[311, 2.94111, [0, 1, 3, 4, 9, 10, 12, 13, 28, 29, 31, 32, 37, 38, 40, 41, 84, 88, 98, 99, 104, 106, 115, 116, 118, 122, 123, 125, 141, 143, 149, 150, 153, 154, 256]]
[311, 2.9423, [0, 1, 3, 4, 9, 10, 12, 13, 28, 29, 31, 32, 38, 39, 41, 42, 85, 86, 88, 100, 101, 103, 107, 109, 110, 122, 124, 125, 136, 146, 151, 152, 154, 155, 255]]

Search completed in 141 hours, 12 minutes, and 43.222 seconds.  Enter a string to quit.