Enter an integer k for which our Kempner sets are k-free: 3
Enter a positive integer modulus b: 314
Enter estimation parameters, or * for pre-computed parameters ([0.0821, 1.6303, 1.197]): *
Enter a threshold (e.g. 4.2) to determine printed output: 2.935
Enter a root for the search space (e.g. [0, 1, 2]) [or * for the root [0]]: *
Enter an upper bound for the size of allowable digit sets [or * to ignore]: 36
Enter a maximal number of deviations from a greedy search [or * to ignore]: *
Searching for k-free sets mod b...

[314, 2.94147, [0, 1, 3, 4, 9, 10, 12, 13, 27, 28, 30, 31, 36, 37, 39, 40, 81, 82, 90, 100, 104, 106, 107, 109, 116, 117, 120, 121, 129, 139, 145, 146, 148, 156]]
[314, 2.94141, [0, 1, 3, 4, 9, 10, 12, 13, 27, 28, 30, 31, 36, 37, 39, 40, 81, 82, 90, 100, 104, 106, 107, 109, 116, 117, 120, 121, 129, 139, 145, 147, 148, 156]]
[314, 2.93653, [0, 1, 3, 4, 9, 10, 12, 13, 27, 28, 30, 31, 36, 37, 39, 40, 81, 82, 100, 104, 106, 107, 109, 116, 117, 120, 121, 129, 139, 143, 145, 146, 148, 156]]
[314, 2.93641, [0, 1, 3, 4, 9, 10, 12, 13, 27, 28, 30, 31, 36, 37, 39, 40, 81, 82, 100, 104, 106, 107, 109, 116, 117, 120, 121, 129, 139, 144, 145, 147, 148, 156]]
[314, 2.94043, [0, 1, 3, 4, 9, 10, 12, 13, 27, 28, 30, 31, 36, 37, 39, 40, 81, 84, 94, 96, 102, 103, 105, 106, 113, 117, 127, 133, 136, 143, 144, 146, 147, 154]]
[314, 2.93742, [0, 1, 3, 4, 9, 10, 12, 13, 27, 28, 30, 31, 36, 37, 39, 40, 81, 85, 94, 95, 98, 99, 106, 108, 112, 119, 124, 128, 138, 141, 145, 147, 155, 261]]
[314, 2.93655, [0, 1, 3, 4, 9, 10, 12, 13, 27, 28, 30, 31, 36, 37, 39, 40, 81, 85, 94, 95, 98, 99, 106, 108, 112, 119, 128, 136, 138, 141, 145, 147, 155, 261]]
[314, 2.93551, [0, 1, 3, 4, 9, 10, 12, 13, 27, 28, 30, 31, 36, 37, 39, 40, 81, 85, 94, 95, 98, 99, 106, 108, 119, 124, 128, 136, 138, 141, 145, 147, 155, 261]]
[314, 2.9369, [0, 1, 3, 4, 9, 10, 12, 13, 27, 28, 30, 31, 36, 37, 39, 40, 81, 85, 97, 99, 100, 104, 105, 107, 112, 116, 118, 138, 141, 145, 146, 148, 156, 203]]
[314, 2.93752, [0, 1, 3, 4, 9, 10, 12, 13, 27, 28, 30, 31, 36, 37, 39, 40, 81, 86, 90, 92, 100, 101, 104, 111, 113, 117, 124, 129, 138, 139, 146, 151, 155, 260]]
[314, 2.93744, [0, 1, 3, 4, 9, 10, 12, 13, 27, 28, 30, 31, 36, 37, 39, 40, 81, 86, 92, 94, 100, 101, 104, 111, 113, 117, 124, 129, 138, 139, 143, 146, 155, 260]]
[314, 2.938, [0, 1, 3, 4, 9, 10, 12, 13, 27, 28, 30, 31, 36, 37, 39, 40, 81, 87, 89, 90, 94, 106, 112, 114, 115, 119, 120, 127, 129, 133, 145, 155, 156, 252]]
[314, 2.94176, [0, 1, 3, 4, 9, 10, 12, 13, 27, 28, 30, 31, 36, 37, 39, 40, 81, 87, 89, 99, 103, 105, 106, 108, 112, 114, 115, 128, 133, 136, 140, 145, 155, 156]]
[314, 2.93605, [0, 1, 3, 4, 9, 10, 12, 13, 27, 28, 30, 31, 36, 37, 39, 40, 81, 87, 95, 99, 101, 105, 106, 108, 112, 114, 128, 130, 136, 139, 140, 145, 156, 261]]
[314, 2.93639, [0, 1, 3, 4, 9, 10, 12, 13, 27, 28, 30, 31, 36, 37, 39, 40, 81, 88, 94, 96, 102, 105, 106, 109, 115, 117, 120, 127, 133, 141, 143, 147, 154, 260]]
[314, 2.93676, [0, 1, 3, 4, 9, 10, 12, 13, 27, 28, 30, 31, 36, 37, 39, 40, 81, 89, 99, 103, 105, 106, 108, 112, 114, 115, 128, 133, 136, 137, 140, 145, 155, 156]]
[314, 2.93644, [0, 1, 3, 4, 9, 10, 12, 13, 27, 28, 30, 31, 36, 37, 39, 40, 81, 90, 95, 103, 104, 106, 107, 112, 114, 115, 128, 136, 137, 139, 145, 148, 155, 156]]
[314, 2.93762, [0, 1, 3, 4, 9, 10, 12, 13, 27, 28, 30, 31, 36, 37, 39, 40, 81, 94, 95, 99, 101, 102, 106, 112, 114, 115, 119, 138, 140, 141, 145, 146, 155, 156]]
[314, 2.93786, [0, 1, 3, 4, 9, 10, 12, 13, 27, 28, 30, 31, 36, 37, 39, 40, 81, 94, 95, 99, 101, 102, 106, 112, 115, 119, 127, 133, 138, 140, 141, 145, 146, 156]]
[314, 2.93609, [0, 1, 3, 4, 9, 10, 12, 13, 27, 28, 30, 31, 36, 37, 39, 40, 81, 94, 95, 99, 101, 102, 106, 112, 115, 119, 133, 138, 140, 141, 145, 146, 155, 156]]
[314, 2.93533, [0, 1, 3, 4, 9, 10, 12, 13, 27, 28, 30, 31, 36, 37, 39, 40, 81, 94, 95, 99, 102, 106, 108, 112, 115, 119, 133, 138, 140, 141, 145, 146, 155, 156]]
[314, 2.94223, [0, 1, 3, 4, 9, 10, 12, 13, 27, 28, 30, 31, 36, 37, 39, 40, 82, 83, 92, 94, 95, 97, 104, 109, 110, 115, 117, 122, 131, 132, 141, 143, 146, 268]]
[314, 2.93751, [0, 1, 3, 4, 9, 10, 12, 13, 27, 28, 30, 31, 36, 37, 39, 40, 82, 83, 94, 95, 97, 104, 109, 110, 115, 117, 122, 131, 132, 141, 143, 144, 146, 268]]
[314, 2.93608, [0, 1, 3, 4, 9, 10, 12, 13, 27, 28, 30, 31, 36, 37, 39, 40, 82, 84, 94, 99, 100, 103, 105, 108, 109, 120, 123, 130, 142, 144, 145, 150, 153, 255]]
[314, 2.93899, [0, 1, 3, 4, 9, 10, 12, 13, 27, 28, 30, 31, 36, 37, 39, 40, 82, 84, 97, 98, 102, 104, 105, 109, 118, 119, 123, 130, 135, 143, 145, 146, 150, 153]]
[314, 2.93793, [0, 1, 3, 4, 9, 10, 12, 13, 27, 28, 30, 31, 36, 37, 39, 40, 82, 85, 87, 90, 91, 94, 99, 105, 109, 112, 114, 117, 118, 121, 126, 132, 156]]
[314, 2.94278, [0, 1, 3, 4, 9, 10, 12, 13, 27, 28, 30, 31, 36, 37, 39, 40, 82, 86, 87, 91, 97, 105, 109, 110, 114, 116, 117, 126, 130, 139, 140, 149, 153, 156]]
[314, 2.93696, [0, 1, 3, 4, 9, 10, 12, 13, 27, 28, 30, 31, 36, 37, 39, 40, 82, 86, 98, 100, 105, 106, 108, 115, 117, 120, 121, 131, 138, 139, 143, 149, 150, 153]]
[314, 2.93685, [0, 1, 3, 4, 9, 10, 12, 13, 27, 28, 30, 31, 36, 37, 39, 40, 82, 86, 98, 100, 105, 107, 108, 115, 117, 120, 121, 131, 138, 139, 143, 149, 150, 153]]
[314, 2.93796, [0, 1, 3, 4, 9, 10, 12, 13, 27, 28, 30, 31, 36, 37, 39, 40, 82, 87, 91, 97, 105, 109, 110, 114, 116, 117, 126, 130, 132, 139, 140, 149, 153, 156]]
[314, 2.93551, [0, 1, 3, 4, 9, 10, 12, 13, 27, 28, 30, 31, 36, 37, 39, 40, 82, 91, 99, 102, 103, 109, 112, 114, 117, 118, 123, 130, 138, 139, 141, 149, 150, 156]]
[314, 2.94, [0, 1, 3, 4, 9, 10, 12, 13, 27, 28, 30, 31, 36, 37, 39, 40, 82, 92, 94, 97, 98, 103, 107, 113, 115, 118, 126, 130, 131, 135, 141, 143, 146, 150]]
[314, 2.93565, [0, 1, 3, 4, 9, 10, 12, 13, 27, 28, 30, 31, 36, 37, 39, 40, 82, 92, 94, 98, 99, 105, 107, 108, 113, 123, 126, 130, 131, 135, 143, 146, 150, 254]]
[314, 2.93929, [0, 1, 3, 4, 9, 10, 12, 13, 27, 28, 30, 31, 36, 37, 39, 40, 83, 84, 97, 98, 100, 104, 106, 107, 109, 119, 122, 133, 142, 143, 145, 149, 150, 152]]
[314, 2.93737, [0, 1, 3, 4, 9, 10, 12, 13, 27, 28, 30, 31, 36, 37, 39, 40, 83, 84, 98, 100, 104, 106, 107, 109, 115, 119, 122, 133, 142, 143, 145, 149, 150, 152]]
[314, 2.94064, [0, 1, 3, 4, 9, 10, 12, 13, 27, 28, 30, 31, 36, 37, 39, 40, 83, 85, 97, 98, 101, 103, 106, 107, 110, 118, 120, 128, 132, 141, 145, 147, 148, 152]]
[314, 2.94266, [0, 1, 3, 4, 9, 10, 12, 13, 27, 28, 30, 31, 36, 37, 39, 40, 83, 86, 87, 99, 101, 102, 107, 109, 110, 114, 120, 122, 123, 140, 148, 149, 151, 152]]
[314, 2.9425, [0, 1, 3, 4, 9, 10, 12, 13, 27, 28, 30, 31, 36, 37, 39, 40, 83, 86, 87, 99, 101, 102, 107, 109, 110, 114, 120, 122, 123, 140, 148, 149, 151, 155]]
[314, 2.94244, [0, 1, 3, 4, 9, 10, 12, 13, 27, 28, 30, 31, 36, 37, 39, 40, 83, 86, 87, 99, 101, 102, 107, 109, 110, 114, 120, 122, 123, 140, 148, 150, 151, 155]]
[314, 2.94233, [0, 1, 3, 4, 9, 10, 12, 13, 27, 28, 30, 31, 36, 37, 39, 40, 83, 86, 87, 99, 101, 102, 107, 109, 110, 114, 120, 122, 123, 140, 148, 151, 152, 155]]
[314, 2.94228, [0, 1, 3, 4, 9, 10, 12, 13, 27, 28, 30, 31, 36, 37, 39, 40, 83, 86, 87, 99, 101, 102, 107, 109, 110, 114, 120, 123, 124, 140, 148, 150, 151, 155]]
[314, 2.94217, [0, 1, 3, 4, 9, 10, 12, 13, 27, 28, 30, 31, 36, 37, 39, 40, 83, 86, 87, 99, 101, 102, 107, 109, 110, 114, 120, 123, 124, 140, 148, 151, 152, 155]]
[314, 2.94289, [0, 1, 3, 4, 9, 10, 12, 13, 27, 28, 30, 31, 36, 37, 39, 40, 83, 86, 87, 99, 101, 102, 109, 110, 113, 114, 120, 122, 123, 128, 148, 149, 151, 152]]
[314, 2.93693, [0, 1, 3, 4, 9, 10, 12, 13, 27, 28, 30, 31, 36, 37, 39, 40, 83, 86, 99, 101, 102, 107, 109, 110, 114, 120, 122, 123, 140, 146, 148, 149, 151, 155]]
[314, 2.93689, [0, 1, 3, 4, 9, 10, 12, 13, 27, 28, 30, 31, 36, 37, 39, 40, 83, 86, 99, 101, 102, 107, 109, 110, 114, 120, 123, 124, 140, 143, 148, 150, 151, 155]]
[314, 2.93678, [0, 1, 3, 4, 9, 10, 12, 13, 27, 28, 30, 31, 36, 37, 39, 40, 83, 86, 99, 101, 102, 107, 109, 110, 114, 120, 123, 124, 140, 143, 148, 151, 152, 155]]
[314, 2.93562, [0, 1, 3, 4, 9, 10, 12, 13, 27, 28, 30, 31, 36, 37, 39, 40, 83, 86, 99, 101, 106, 107, 109, 110, 118, 120, 123, 124, 143, 146, 148, 151, 152, 155]]
[314, 2.93524, [0, 1, 3, 4, 9, 10, 12, 13, 27, 28, 30, 31, 36, 37, 39, 40, 83, 86, 99, 101, 106, 107, 109, 114, 118, 120, 123, 124, 143, 146, 148, 151, 152, 155]]
[314, 2.94206, [0, 1, 3, 4, 9, 10, 12, 13, 27, 28, 30, 31, 36, 37, 39, 40, 83, 87, 93, 97, 100, 102, 105, 106, 109, 120, 122, 128, 132, 133, 141, 145, 148, 152]]
[314, 2.9368, [0, 1, 3, 4, 9, 10, 12, 13, 27, 28, 30, 31, 36, 37, 39, 40, 83, 87, 99, 101, 102, 107, 109, 110, 114, 120, 123, 124, 140, 142, 148, 150, 151, 155]]
[314, 2.93669, [0, 1, 3, 4, 9, 10, 12, 13, 27, 28, 30, 31, 36, 37, 39, 40, 83, 87, 99, 101, 102, 107, 109, 110, 114, 120, 123, 124, 140, 142, 148, 151, 152, 155]]
[314, 2.93606, [0, 1, 3, 4, 9, 10, 12, 13, 27, 28, 30, 31, 36, 37, 39, 40, 83, 87, 99, 101, 102, 107, 109, 114, 118, 120, 123, 124, 140, 142, 148, 150, 151, 155]]
[314, 2.93595, [0, 1, 3, 4, 9, 10, 12, 13, 27, 28, 30, 31, 36, 37, 39, 40, 83, 87, 99, 101, 102, 107, 109, 114, 118, 120, 123, 124, 140, 142, 148, 151, 152, 155]]
[314, 2.93633, [0, 1, 3, 4, 9, 10, 12, 13, 27, 28, 30, 31, 36, 37, 39, 40, 83, 88, 98, 99, 101, 106, 107, 109, 118, 122, 123, 134, 141, 142, 144, 151, 152, 155]]
[314, 2.9357, [0, 1, 3, 4, 9, 10, 12, 13, 27, 28, 30, 31, 36, 37, 39, 40, 83, 93, 97, 98, 105, 106, 109, 110, 116, 118, 132, 133, 140, 141, 144, 145, 151, 152]]
[314, 2.9367, [0, 1, 3, 4, 9, 10, 12, 13, 27, 28, 30, 31, 36, 37, 39, 40, 83, 93, 97, 99, 106, 107, 109, 110, 116, 118, 128, 132, 134, 141, 142, 144, 145, 151]]
[314, 2.93642, [0, 1, 3, 4, 9, 10, 12, 13, 27, 28, 30, 31, 36, 37, 39, 40, 83, 94, 95, 100, 101, 104, 110, 111, 115, 124, 131, 132, 134, 141, 142, 145, 146, 155]]
[314, 2.93565, [0, 1, 3, 4, 9, 10, 12, 13, 27, 28, 30, 31, 36, 37, 39, 40, 84, 85, 87, 98, 101, 105, 107, 108, 110, 120, 121, 124, 145, 149, 151, 152, 154, 257]]
[314, 2.93926, [0, 1, 3, 4, 9, 10, 12, 13, 27, 28, 30, 31, 36, 37, 39, 40, 84, 85, 93, 99, 100, 106, 108, 109, 111, 120, 121, 124, 135, 144, 145, 151, 152, 154]]
[314, 2.9374, [0, 1, 3, 4, 9, 10, 12, 13, 27, 28, 30, 31, 36, 37, 39, 40, 84, 85, 93, 100, 106, 108, 109, 111, 117, 120, 121, 124, 135, 144, 145, 151, 152, 154]]
[314, 2.93626, [0, 1, 3, 4, 9, 10, 12, 13, 27, 28, 30, 31, 36, 37, 39, 40, 84, 85, 99, 100, 102, 106, 108, 109, 111, 121, 124, 135, 144, 145, 147, 151, 152, 154]]
[314, 2.93577, [0, 1, 3, 4, 9, 10, 12, 13, 27, 28, 30, 31, 36, 37, 39, 40, 84, 85, 99, 100, 105, 106, 108, 109, 120, 121, 123, 124, 144, 145, 150, 151, 153, 154]]
[314, 2.93775, [0, 1, 3, 4, 9, 10, 12, 13, 27, 28, 30, 31, 36, 37, 39, 40, 84, 85, 99, 100, 105, 107, 108, 112, 118, 120, 121, 123, 127, 144, 145, 148, 150, 153]]
[314, 2.93604, [0, 1, 3, 4, 9, 10, 12, 13, 27, 28, 30, 31, 36, 37, 39, 40, 84, 85, 99, 100, 105, 107, 108, 112, 118, 120, 121, 123, 144, 145, 148, 150, 153, 154]]
[314, 2.93753, [0, 1, 3, 4, 9, 10, 12, 13, 27, 28, 30, 31, 36, 37, 39, 40, 84, 86, 98, 99, 104, 105, 108, 113, 115, 116, 120, 123, 139, 143, 149, 150, 152, 153]]
[314, 2.93779, [0, 1, 3, 4, 9, 10, 12, 13, 27, 28, 30, 31, 36, 37, 39, 40, 84, 87, 93, 97, 98, 100, 106, 108, 111, 117, 120, 121, 133, 139, 148, 151, 152, 258]]
[314, 2.93793, [0, 1, 3, 4, 9, 10, 12, 13, 27, 28, 30, 31, 36, 37, 39, 40, 84, 87, 97, 100, 101, 104, 106, 109, 119, 120, 122, 130, 133, 142, 145, 149, 150, 152]]
[314, 2.93609, [0, 1, 3, 4, 9, 10, 12, 13, 27, 28, 30, 31, 36, 37, 39, 40, 84, 87, 97, 100, 101, 104, 106, 109, 119, 122, 130, 133, 139, 142, 149, 150, 152, 153]]
[314, 2.93548, [0, 1, 3, 4, 9, 10, 12, 13, 27, 28, 30, 31, 36, 37, 39, 40, 84, 87, 97, 100, 101, 104, 109, 112, 119, 122, 130, 133, 139, 142, 149, 150, 152, 153]]
[314, 2.93848, [0, 1, 3, 4, 9, 10, 12, 13, 27, 28, 30, 31, 36, 37, 39, 40, 84, 88, 89, 93, 100, 101, 103, 108, 110, 121, 124, 125, 133, 135, 143, 144, 152, 272]]
[314, 2.93639, [0, 1, 3, 4, 9, 10, 12, 13, 27, 28, 30, 31, 36, 37, 39, 40, 84, 90, 98, 101, 102, 108, 110, 111, 113, 117, 127, 134, 135, 139, 145, 147, 148, 154]]
[314, 2.9357, [0, 1, 3, 4, 9, 10, 12, 13, 27, 28, 30, 31, 36, 37, 39, 40, 84, 90, 101, 102, 104, 108, 110, 111, 113, 117, 127, 134, 135, 139, 145, 147, 148, 154]]
[314, 2.9362, [0, 1, 3, 4, 9, 10, 12, 13, 27, 28, 30, 31, 36, 37, 39, 40, 84, 96, 97, 100, 102, 106, 111, 113, 114, 119, 121, 133, 134, 139, 143, 148, 150, 151]]
[314, 2.93607, [0, 1, 3, 4, 9, 10, 12, 13, 27, 28, 30, 31, 36, 37, 39, 40, 85, 86, 91, 99, 102, 103, 110, 111, 114, 122, 124, 127, 128, 147, 148, 150, 156, 199]]
[314, 2.93578, [0, 1, 3, 4, 9, 10, 12, 13, 27, 28, 30, 31, 36, 37, 39, 40, 85, 86, 99, 101, 102, 107, 109, 110, 114, 122, 123, 125, 138, 146, 150, 152, 155, 156]]
[314, 2.94071, [0, 1, 3, 4, 9, 10, 12, 13, 27, 28, 30, 31, 36, 37, 39, 40, 85, 87, 90, 99, 100, 105, 106, 109, 114, 117, 121, 124, 126, 132, 145, 151, 154, 156]]
[314, 2.93637, [0, 1, 3, 4, 9, 10, 12, 13, 27, 28, 30, 31, 36, 37, 39, 40, 85, 87, 93, 102, 105, 109, 110, 112, 120, 121, 124, 126, 129, 141, 145, 151, 152, 154]]
[314, 2.93635, [0, 1, 3, 4, 9, 10, 12, 13, 27, 28, 30, 31, 36, 37, 39, 40, 85, 87, 99, 100, 102, 106, 107, 109, 120, 121, 123, 124, 132, 145, 150, 151, 154, 156]]
[314, 2.94017, [0, 1, 3, 4, 9, 10, 12, 13, 27, 28, 30, 31, 36, 37, 39, 40, 85, 87, 99, 102, 106, 107, 109, 120, 121, 123, 124, 132, 145, 150, 151, 154, 156, 257, 258]]
[314, 2.93908, [0, 1, 3, 4, 9, 10, 12, 13, 27, 28, 30, 31, 36, 37, 39, 40, 85, 91, 95, 98, 100, 103, 104, 107, 112, 125, 127, 132, 135, 136, 141, 144, 148, 149]]
[314, 2.93552, [0, 1, 3, 4, 9, 10, 12, 13, 27, 28, 30, 31, 36, 37, 39, 40, 85, 91, 98, 101, 103, 107, 109, 110, 112, 118, 132, 136, 137, 141, 144, 148, 149, 153]]
[314, 2.93681, [0, 1, 3, 4, 9, 10, 12, 13, 27, 28, 30, 31, 36, 37, 39, 40, 85, 95, 99, 101, 102, 104, 110, 111, 114, 115, 122, 132, 136, 138, 141, 147, 148, 152]]
[314, 2.93643, [0, 1, 3, 4, 9, 10, 12, 13, 27, 28, 30, 31, 36, 37, 39, 40, 85, 95, 99, 101, 102, 104, 110, 111, 114, 115, 122, 132, 136, 138, 141, 147, 152, 155]]
[314, 2.93594, [0, 1, 3, 4, 9, 10, 12, 13, 27, 28, 30, 31, 36, 37, 39, 40, 85, 95, 99, 101, 102, 104, 110, 111, 114, 115, 122, 132, 136, 138, 141, 152, 155, 156]]
[314, 2.93613, [0, 1, 3, 4, 9, 10, 12, 13, 27, 28, 30, 31, 36, 37, 39, 40, 85, 95, 99, 101, 102, 104, 110, 111, 114, 115, 122, 132, 136, 138, 146, 147, 152, 155]]
[314, 2.93607, [0, 1, 3, 4, 9, 10, 12, 13, 27, 28, 30, 31, 36, 37, 39, 40, 85, 95, 99, 101, 102, 104, 110, 111, 114, 115, 122, 132, 136, 138, 146, 148, 152, 155]]
[314, 2.93601, [0, 1, 3, 4, 9, 10, 12, 13, 27, 28, 30, 31, 36, 37, 39, 40, 85, 95, 99, 101, 102, 104, 110, 111, 114, 115, 122, 132, 136, 138, 147, 148, 152, 155]]
[314, 2.93538, [0, 1, 3, 4, 9, 10, 12, 13, 27, 28, 30, 31, 36, 37, 39, 40, 85, 95, 99, 101, 102, 104, 110, 111, 114, 115, 122, 132, 136, 141, 147, 152, 155, 156]]
[314, 2.93581, [0, 1, 3, 4, 9, 10, 12, 13, 27, 28, 30, 31, 36, 37, 39, 40, 85, 95, 99, 101, 102, 104, 110, 111, 114, 115, 122, 132, 138, 141, 146, 147, 152, 155]]
[314, 2.93531, [0, 1, 3, 4, 9, 10, 12, 13, 27, 28, 30, 31, 36, 37, 39, 40, 85, 95, 99, 101, 102, 104, 110, 111, 114, 115, 122, 132, 138, 141, 146, 152, 155, 156]]
[314, 2.936, [0, 1, 3, 4, 9, 10, 12, 13, 27, 28, 30, 31, 36, 37, 39, 40, 85, 97, 98, 101, 103, 107, 112, 114, 115, 119, 120, 122, 136, 138, 144, 148, 149, 151]]
[314, 2.94687, [0, 1, 3, 4, 9, 10, 12, 13, 27, 28, 30, 31, 36, 37, 39, 40, 85, 97, 99, 100, 104, 105, 107, 112, 116, 118, 122, 138, 141, 146, 148, 149, 153, 156, 203]]
[314, 2.93546, [0, 1, 3, 4, 9, 10, 12, 13, 27, 28, 30, 31, 36, 37, 39, 40, 86, 87, 91, 97, 100, 102, 110, 115, 116, 119, 124, 126, 127, 131, 149, 153, 156, 256]]
[314, 2.9376, [0, 1, 3, 4, 9, 10, 12, 13, 27, 28, 30, 31, 36, 37, 39, 40, 86, 88, 89, 102, 104, 105, 110, 112, 113, 117, 123, 125, 126, 143, 152, 153, 155, 156]]
[314, 2.93571, [0, 1, 3, 4, 9, 10, 12, 13, 27, 28, 30, 31, 36, 37, 39, 40, 86, 88, 94, 98, 101, 105, 106, 115, 117, 123, 127, 134, 138, 143, 147, 150, 154, 155]]
[314, 2.93686, [0, 1, 3, 4, 9, 10, 12, 13, 27, 28, 30, 31, 36, 37, 39, 40, 87, 89, 95, 99, 100, 102, 108, 112, 118, 119, 123, 131, 133, 140, 145, 152, 155, 156]]
[314, 2.93649, [0, 1, 3, 4, 9, 10, 12, 13, 27, 28, 30, 31, 36, 37, 39, 40, 87, 89, 95, 99, 100, 102, 112, 114, 118, 119, 123, 130, 131, 140, 145, 152, 155, 156]]
[314, 2.93544, [0, 1, 3, 4, 9, 10, 12, 13, 27, 28, 30, 31, 36, 37, 39, 40, 87, 90, 99, 100, 103, 105, 112, 114, 115, 117, 126, 132, 133, 139, 142, 148, 155, 156]]
[314, 2.93539, [0, 1, 3, 4, 9, 10, 12, 13, 27, 28, 30, 31, 36, 37, 39, 40, 87, 90, 99, 100, 103, 105, 114, 115, 117, 118, 124, 126, 132, 139, 142, 151, 155, 156]]
[314, 2.93716, [0, 1, 3, 4, 9, 10, 12, 13, 27, 28, 30, 31, 36, 37, 39, 40, 87, 93, 97, 98, 100, 105, 106, 108, 122, 124, 127, 128, 131, 133, 141, 145, 152, 153]]
[314, 2.94442, [0, 1, 3, 4, 9, 10, 12, 13, 27, 28, 30, 31, 36, 37, 39, 40, 87, 95, 99, 101, 105, 106, 108, 114, 118, 119, 126, 136, 140, 142, 145, 152, 155, 156, 261]]
[314, 2.9352, [0, 1, 3, 4, 9, 10, 12, 13, 27, 28, 30, 31, 36, 37, 39, 40, 88, 94, 96, 102, 103, 106, 107, 113, 114, 117, 129, 133, 135, 142, 143, 147, 150, 154]]
[314, 2.94685, [0, 1, 3, 4, 9, 10, 12, 13, 27, 28, 30, 31, 36, 37, 39, 40, 88, 98, 102, 104, 105, 107, 113, 114, 117, 118, 125, 135, 141, 142, 144, 150, 151, 154, 155]]
[314, 2.93729, [0, 1, 3, 4, 9, 10, 12, 13, 27, 28, 30, 31, 36, 37, 39, 40, 89, 92, 97, 100, 104, 106, 109, 110, 113, 124, 125, 127, 132, 133, 136, 143, 149, 152]]
[314, 2.93817, [0, 1, 3, 4, 9, 10, 12, 13, 27, 28, 30, 31, 36, 37, 39, 40, 90, 92, 97, 98, 100, 105, 109, 111, 114, 115, 127, 129, 134, 135, 137, 142, 146, 151]]
[314, 2.93926, [0, 1, 3, 4, 9, 10, 12, 13, 27, 28, 30, 31, 36, 37, 39, 40, 90, 94, 96, 97, 99, 105, 106, 109, 110, 117, 127, 131, 133, 134, 136, 142, 146, 147]]
[314, 2.93547, [0, 1, 3, 4, 9, 10, 12, 13, 27, 28, 30, 31, 36, 37, 39, 40, 90, 97, 98, 101, 102, 108, 110, 111, 113, 117, 127, 134, 135, 138, 139, 145, 147, 148]]
[314, 2.93725, [0, 1, 3, 4, 9, 10, 12, 13, 27, 28, 30, 31, 36, 37, 39, 40, 91, 92, 97, 98, 100, 106, 107, 110, 111, 126, 127, 132, 134, 135, 139, 140, 149, 150]]
[314, 2.93753, [0, 1, 3, 4, 9, 10, 12, 13, 27, 28, 30, 31, 36, 37, 39, 40, 91, 95, 97, 98, 100, 106, 107, 110, 111, 118, 128, 132, 134, 135, 137, 144, 147, 148]]
[314, 2.93522, [0, 1, 3, 4, 9, 10, 12, 13, 27, 28, 30, 31, 36, 37, 39, 40, 91, 95, 97, 98, 106, 107, 109, 113, 118, 124, 126, 132, 133, 136, 137, 144, 147, 149]]
[314, 2.94358, [0, 1, 3, 4, 9, 10, 12, 13, 27, 28, 30, 31, 36, 37, 39, 40, 98, 99, 102, 103, 109, 111, 112, 114, 118, 128, 135, 136, 139, 140, 146, 148, 149, 151, 155]]
[314, 2.94185, [0, 1, 3, 4, 9, 10, 12, 13, 27, 28, 30, 31, 36, 37, 39, 40, 98, 102, 104, 105, 107, 113, 114, 117, 118, 125, 135, 139, 141, 142, 144, 150, 151, 154, 155]]
[314, 2.94203, [0, 1, 3, 4, 9, 10, 12, 13, 27, 28, 30, 31, 36, 37, 39, 40, 99, 100, 103, 104, 110, 112, 113, 115, 119, 129, 136, 137, 140, 141, 147, 149, 150, 152, 156]]
[314, 2.94032, [0, 1, 3, 4, 9, 10, 12, 13, 27, 28, 30, 31, 36, 37, 39, 40, 99, 103, 105, 106, 108, 114, 115, 118, 119, 126, 136, 140, 142, 143, 145, 151, 152, 155, 156]]
[314, 2.9383, [0, 1, 3, 4, 9, 10, 12, 13, 27, 28, 31, 33, 36, 37, 40, 48, 88, 98, 102, 104, 105, 107, 113, 114, 117, 118, 125, 135, 141, 142, 144, 150, 151, 154, 155]]
[314, 2.93615, [0, 1, 3, 4, 9, 10, 12, 13, 27, 30, 31, 34, 36, 39, 40, 43, 88, 98, 102, 104, 105, 107, 113, 114, 117, 118, 125, 135, 139, 141, 144, 150, 151, 154, 155]]
[314, 2.9373, [0, 1, 3, 4, 9, 10, 12, 13, 27, 30, 31, 34, 36, 39, 40, 43, 94, 98, 100, 101, 103, 109, 110, 113, 114, 121, 131, 135, 137, 138, 140, 146, 147, 150, 151]]
[314, 2.93891, [0, 1, 3, 4, 9, 10, 12, 13, 28, 29, 31, 32, 37, 38, 40, 41, 85, 86, 89, 102, 103, 108, 109, 112, 123, 125, 126, 128, 136, 145, 151, 152, 155, 156, 257]]
[314, 2.93646, [0, 1, 3, 4, 9, 10, 12, 13, 28, 29, 31, 32, 37, 38, 40, 41, 85, 86, 101, 103, 107, 109, 110, 112, 118, 122, 125, 136, 145, 146, 148, 152, 153, 155, 257]]
[314, 2.93732, [0, 1, 3, 4, 9, 10, 12, 13, 28, 29, 31, 32, 37, 38, 40, 41, 89, 99, 103, 105, 106, 108, 114, 115, 118, 119, 126, 136, 142, 143, 145, 151, 152, 155, 156]]
[314, 2.94165, [0, 1, 3, 4, 9, 10, 12, 13, 28, 29, 31, 32, 38, 39, 41, 42, 85, 86, 91, 95, 101, 103, 109, 110, 112, 113, 122, 126, 136, 137, 145, 147, 155, 156, 238]]

Search completed in 32 hours, 38 minutes, and 59.459 seconds.  Enter a string to quit.