Enter an integer k for which our Kempner sets are k-free: 3
Enter a positive integer modulus b: 54
Enter estimation parameters, or * for pre-computed parameters ([0.1019, 1.1073, 1.4415]): *
Enter a threshold (e.g. 4.2) to determine printed output: 2.65
Enter a root for the search space (e.g. [0, 1, 2]) [or * for the root [0]]: *
Enter an upper bound for the size of allowable digit sets [or * to ignore]: *
Enter a maximal number of deviations from a greedy search [or * to ignore]: *
Searching for k-free sets mod b...

[54, 2.75543, [0, 1, 3, 4, 9, 10, 12, 22, 25, 26]]
[54, 2.66418, [0, 1, 3, 4, 9, 10, 12, 22, 26]]
[54, 2.65733, [0, 1, 3, 4, 9, 10, 12, 25, 26]]
[54, 2.68524, [0, 1, 3, 4, 9, 10, 12, 40, 41, 43]]
[54, 2.66382, [0, 1, 3, 4, 9, 10, 13, 21, 24]]
[54, 2.71732, [0, 1, 3, 4, 9, 10, 21, 22, 24, 25]]
[54, 2.71315, [0, 1, 3, 4, 9, 10, 21, 22, 25, 26]]
[54, 2.7128, [0, 1, 3, 4, 9, 10, 21, 23, 24, 26]]
[54, 2.68719, [0, 1, 3, 4, 9, 10, 21, 24, 25, 43]]
[54, 2.66664, [0, 1, 3, 4, 9, 10, 21, 24, 40, 43]]
[54, 2.7079, [0, 1, 3, 4, 9, 10, 22, 23, 25, 26]]
[54, 2.68312, [0, 1, 3, 4, 9, 10, 22, 23, 25, 48]]
[54, 2.68528, [0, 1, 3, 4, 9, 10, 22, 24, 25, 42]]
[54, 2.68379, [0, 1, 3, 4, 9, 10, 22, 25, 26, 39]]
[54, 2.66351, [0, 1, 3, 4, 9, 10, 22, 25, 39, 42]]
[54, 2.68763, [0, 1, 3, 4, 9, 10, 23, 24, 26, 35]]
[54, 2.68226, [0, 1, 3, 4, 9, 10, 23, 25, 26, 38]]
[54, 2.66683, [0, 1, 3, 4, 9, 10, 23, 26, 35, 38]]
[54, 2.66403, [0, 1, 3, 4, 9, 10, 23, 26, 35, 41]]
[54, 2.66082, [0, 1, 3, 4, 9, 10, 23, 26, 38, 41]]
[54, 2.65517, [0, 1, 3, 4, 9, 10, 24, 25, 42, 43]]
[54, 2.71131, [0, 1, 3, 4, 9, 10, 24, 35, 40, 42, 43]]
[54, 2.65816, [0, 1, 3, 4, 9, 10, 25, 26, 38, 39]]
[54, 2.70677, [0, 1, 3, 4, 9, 10, 25, 38, 39, 42, 43]]
[54, 2.76636, [0, 1, 3, 4, 9, 11, 12, 16, 25, 26]]
[54, 2.67486, [0, 1, 3, 4, 9, 11, 12, 16, 26]]
[54, 2.67301, [0, 1, 3, 4, 9, 11, 12, 40, 41, 46]]
[54, 2.72705, [0, 1, 3, 4, 9, 11, 16, 20, 25, 26]]
[54, 2.70225, [0, 1, 3, 4, 9, 11, 16, 20, 25, 48]]
[54, 2.6962, [0, 1, 3, 4, 9, 11, 16, 24, 25, 42]]
[54, 2.653, [0, 1, 3, 4, 9, 11, 16, 39, 41, 42]]
[54, 2.67886, [0, 1, 3, 4, 9, 11, 20, 23, 25, 48]]
[54, 2.68588, [0, 1, 3, 4, 9, 11, 20, 24, 26, 35]]
[54, 2.71288, [0, 1, 3, 4, 9, 12, 16, 22, 25, 26]]
[54, 2.67192, [0, 1, 3, 4, 9, 13, 20, 21, 24, 46]]
[54, 2.68256, [0, 1, 3, 4, 9, 16, 19, 20, 25, 26]]
[54, 2.6578, [0, 1, 3, 4, 9, 16, 19, 20, 25, 48]]
[54, 2.68375, [0, 1, 3, 4, 9, 16, 19, 21, 24, 25]]
[54, 2.65634, [0, 1, 3, 4, 9, 16, 19, 21, 24, 49]]
[54, 2.65175, [0, 1, 3, 4, 9, 16, 19, 24, 25, 42]]
[54, 2.67361, [0, 1, 3, 4, 9, 16, 20, 22, 25, 26]]
[54, 2.6748, [0, 1, 3, 4, 9, 16, 21, 22, 24, 25]]
[54, 2.66109, [0, 1, 3, 4, 10, 11, 14, 15, 23]]
[54, 2.68703, [0, 1, 3, 4, 10, 11, 15, 23, 25, 48]]
[54, 2.74597, [0, 1, 3, 4, 10, 15, 18, 22, 23, 25, 48]]
[54, 2.65316, [0, 1, 3, 4, 10, 15, 18, 22, 23, 48]]
[54, 2.67759, [0, 1, 3, 4, 10, 15, 18, 22, 24, 25]]
[54, 2.66779, [0, 1, 3, 4, 10, 15, 21, 22, 24, 25]]
[54, 2.69996, [0, 1, 3, 4, 11, 12, 14, 15, 32, 37]]
[54, 2.66515, [0, 1, 3, 4, 11, 12, 14, 26, 32, 37]]
[54, 2.7027, [0, 1, 3, 4, 11, 12, 15, 17, 25, 32]]
[54, 2.70746, [0, 1, 3, 4, 11, 12, 16, 17, 25, 26]]
[54, 2.68136, [0, 1, 3, 4, 11, 12, 16, 17, 26, 47]]
[54, 2.66788, [0, 1, 3, 4, 11, 12, 17, 25, 26, 32]]
[54, 2.68811, [0, 1, 3, 4, 11, 13, 16, 17, 20, 48]]
[54, 2.66379, [0, 1, 3, 4, 11, 13, 17, 20, 24, 46]]
[54, 2.65725, [0, 1, 3, 4, 11, 15, 16, 20, 23, 48]]
[54, 2.65191, [0, 1, 3, 4, 11, 15, 17, 20, 24, 46]]
[54, 2.66818, [0, 1, 3, 4, 11, 16, 17, 20, 25, 26]]
[54, 2.66201, [0, 1, 3, 4, 12, 14, 15, 17, 32, 38]]
[54, 2.65386, [0, 1, 3, 4, 14, 16, 17, 19, 23, 26]]
[54, 2.70243, [0, 1, 3, 4, 15, 16, 18, 22, 23, 25, 48]]
[54, 2.68227, [0, 1, 3, 4, 15, 16, 18, 23, 24, 34, 49]]
[54, 2.65276, [0, 1, 3, 4, 15, 16, 18, 23, 34, 48, 49]]
[54, 2.65877, [0, 1, 3, 4, 15, 16, 19, 20, 33, 48, 49]]
[54, 2.67761, [0, 1, 3, 7, 8, 10, 22, 25, 26, 33, 39]]
[54, 2.65154, [0, 1, 3, 7, 8, 10, 25, 26, 33, 38, 39]]
[54, 2.65631, [0, 1, 3, 7, 9, 10, 12, 22, 25, 26]]
[54, 2.65058, [0, 1, 4, 6, 10, 15, 17, 18, 22, 23, 25]]

Search completed in 0 hours, 0 minutes, and 0.107 seconds.  Enter a string to quit.