Enter an integer k for which our Kempner sets are k-free: 3
Enter a positive integer modulus b: 149
Enter estimation parameters, or * for pre-computed parameters ([0.0721, 1.0801, 1.3382]): *
Enter a threshold (e.g. 4.2) to determine printed output: 2.85
Enter a root for the search space (e.g. [0, 1, 2]) [or * for the root [0]]: *
Enter an upper bound for the size of allowable digit sets [or * to ignore]: *
Enter a maximal number of deviations from a greedy search [or * to ignore]: *
Searching for k-free sets mod b...

[149, 2.85312, [0, 1, 3, 4, 9, 10, 12, 13, 27, 28, 30, 36, 40, 49, 61, 64, 65, 74, 132, 134]]
[149, 2.8557, [0, 1, 3, 4, 9, 10, 12, 13, 27, 28, 33, 35, 36, 40, 48, 49, 64, 73, 74]]
[149, 2.86619, [0, 1, 3, 4, 9, 10, 12, 13, 27, 28, 33, 35, 36, 40, 48, 64, 73, 74, 104, 126]]
[149, 2.85152, [0, 1, 3, 4, 9, 10, 12, 13, 27, 28, 33, 36, 40, 48, 58, 64, 73, 74, 114, 126]]
[149, 2.86214, [0, 1, 3, 4, 9, 10, 12, 13, 27, 29, 30, 34, 40, 43, 62, 63, 66, 72, 100, 118]]
[149, 2.85054, [0, 1, 3, 4, 9, 10, 12, 13, 27, 29, 30, 35, 39, 52, 62, 63, 71, 73, 131, 135]]
[149, 2.85023, [0, 1, 3, 4, 9, 10, 12, 13, 27, 29, 30, 35, 39, 52, 62, 64, 71, 73, 131, 135]]
[149, 2.87278, [0, 1, 3, 4, 9, 10, 12, 13, 27, 29, 33, 34, 38, 40, 52, 60, 61, 69, 74, 132]]
[149, 2.86375, [0, 1, 3, 4, 9, 10, 12, 13, 27, 29, 33, 34, 38, 40, 60, 61, 69, 74, 102, 103]]
[149, 2.85105, [0, 1, 3, 4, 9, 10, 12, 13, 27, 29, 33, 34, 38, 52, 60, 61, 69, 74, 127, 132]]
[149, 2.85746, [0, 1, 3, 4, 9, 10, 12, 13, 27, 29, 33, 34, 40, 52, 60, 61, 69, 73, 74, 132]]
[149, 2.85647, [0, 1, 3, 4, 9, 10, 12, 13, 27, 29, 34, 40, 47, 52, 61, 62, 66, 69, 73, 74]]
[149, 2.85648, [0, 1, 3, 4, 9, 10, 12, 13, 27, 31, 32, 34, 38, 40, 43, 47, 57, 69, 89]]
[149, 2.85661, [0, 1, 3, 4, 9, 10, 12, 13, 27, 31, 32, 34, 38, 43, 46, 47, 57, 69, 70]]
[149, 2.8621, [0, 1, 3, 4, 9, 10, 12, 13, 27, 31, 32, 34, 38, 43, 47, 57, 69, 89, 99, 127]]
[149, 2.85253, [0, 1, 3, 4, 9, 10, 12, 13, 27, 31, 32, 34, 38, 43, 47, 57, 89, 99, 127, 134]]
[149, 2.86769, [0, 1, 3, 4, 9, 10, 12, 13, 27, 31, 32, 34, 38, 46, 47, 57, 70, 71, 74, 134]]
[149, 2.85881, [0, 1, 3, 4, 9, 10, 12, 13, 27, 31, 32, 34, 38, 46, 47, 57, 70, 74, 132, 134]]
[149, 2.85828, [0, 1, 3, 4, 9, 10, 12, 13, 27, 31, 32, 34, 38, 46, 48, 57, 70, 74, 132, 134]]
[149, 2.87192, [0, 1, 3, 4, 9, 10, 12, 13, 27, 31, 32, 34, 38, 47, 48, 57, 70, 71, 74, 89]]
[149, 2.88683, [0, 1, 3, 4, 9, 10, 12, 13, 27, 31, 32, 34, 38, 47, 48, 57, 70, 74, 89, 132, 134]]
[149, 2.86287, [0, 1, 3, 4, 9, 10, 12, 13, 27, 31, 32, 34, 38, 47, 48, 57, 70, 74, 89, 134]]
[149, 2.85772, [0, 1, 3, 4, 9, 10, 12, 13, 27, 31, 32, 34, 38, 47, 48, 57, 70, 74, 132, 134]]
[149, 2.85473, [0, 1, 3, 4, 9, 10, 12, 13, 27, 31, 32, 34, 38, 47, 48, 57, 70, 89, 132, 134]]
[149, 2.85373, [0, 1, 3, 4, 9, 10, 12, 13, 27, 31, 32, 34, 38, 47, 48, 57, 74, 89, 132, 134]]
[149, 2.85522, [0, 1, 3, 4, 9, 10, 12, 13, 27, 31, 32, 34, 38, 47, 57, 69, 70, 74, 89, 132]]
[149, 2.85453, [0, 1, 3, 4, 9, 10, 12, 13, 27, 31, 32, 34, 38, 47, 57, 70, 71, 74, 89, 134]]
[149, 2.86019, [0, 1, 3, 4, 9, 10, 12, 13, 27, 31, 32, 34, 43, 47, 48, 57, 70, 72, 89, 129]]
[149, 2.85097, [0, 1, 3, 4, 9, 10, 12, 13, 27, 31, 32, 36, 38, 39, 43, 56, 57, 70, 89]]
[149, 2.86626, [0, 1, 3, 4, 9, 10, 12, 13, 27, 31, 32, 36, 38, 43, 47, 57, 65, 70, 89, 134]]
[149, 2.86211, [0, 1, 3, 4, 9, 10, 12, 13, 27, 31, 32, 36, 38, 43, 56, 57, 65, 70, 89, 134]]
[149, 2.85692, [0, 1, 3, 4, 9, 10, 12, 13, 27, 31, 32, 36, 38, 46, 47, 57, 70, 74, 132, 134]]
[149, 2.85639, [0, 1, 3, 4, 9, 10, 12, 13, 27, 31, 32, 36, 38, 46, 48, 57, 70, 74, 132, 134]]
[149, 2.86099, [0, 1, 3, 4, 9, 10, 12, 13, 27, 31, 32, 36, 38, 47, 48, 57, 70, 74, 89, 134]]
[149, 2.85584, [0, 1, 3, 4, 9, 10, 12, 13, 27, 31, 32, 36, 38, 47, 48, 57, 70, 74, 132, 134]]
[149, 2.85429, [0, 1, 3, 4, 9, 10, 12, 13, 27, 31, 32, 36, 38, 47, 57, 65, 70, 74, 89, 134]]
[149, 2.85248, [0, 1, 3, 4, 9, 10, 12, 13, 27, 31, 32, 36, 39, 43, 56, 57, 67, 89, 127, 129]]
[149, 2.86329, [0, 1, 3, 4, 9, 10, 12, 13, 27, 31, 32, 36, 43, 47, 48, 56, 57, 70, 89, 129]]
[149, 2.86286, [0, 1, 3, 4, 9, 10, 12, 13, 27, 31, 32, 36, 43, 47, 48, 56, 57, 70, 89, 134]]
[149, 2.85548, [0, 1, 3, 4, 9, 10, 12, 13, 27, 31, 32, 36, 43, 48, 56, 57, 67, 70, 89, 129]]
[149, 2.85429, [0, 1, 3, 4, 9, 10, 12, 13, 27, 31, 32, 36, 47, 48, 56, 57, 70, 73, 74, 132]]
[149, 2.85089, [0, 1, 3, 4, 9, 10, 12, 13, 27, 31, 32, 36, 47, 48, 56, 57, 70, 74, 89, 134]]
[149, 2.87349, [0, 1, 3, 4, 9, 10, 12, 13, 27, 31, 36, 37, 39, 48, 55, 56, 67, 89, 91, 129, 135]]
[149, 2.85687, [0, 1, 3, 4, 9, 10, 12, 13, 27, 31, 36, 37, 39, 56, 57, 67, 89, 91, 123, 127, 129]]
[149, 2.85636, [0, 1, 3, 4, 9, 10, 12, 13, 27, 31, 36, 37, 39, 56, 57, 67, 89, 91, 123, 127, 135]]
[149, 2.8558, [0, 1, 3, 4, 9, 10, 12, 13, 27, 31, 36, 37, 39, 56, 57, 67, 89, 91, 127, 129, 135]]
[149, 2.86374, [0, 1, 3, 4, 9, 10, 12, 13, 27, 34, 35, 39, 40, 47, 48, 52, 63, 72, 73, 89]]
[149, 2.85512, [0, 1, 3, 4, 9, 10, 12, 13, 27, 38, 40, 47, 48, 52, 55, 59, 61, 65, 89, 132, 134]]
[149, 2.85104, [0, 1, 3, 4, 9, 10, 12, 13, 28, 29, 33, 36, 40, 41, 61, 64, 74, 98, 102, 104]]
[149, 2.85122, [0, 1, 3, 4, 9, 10, 12, 13, 28, 29, 33, 39, 41, 51, 59, 60, 64, 71, 88, 131]]
[149, 2.85512, [0, 1, 3, 4, 9, 10, 12, 13, 28, 30, 31, 36, 40, 45, 65, 66, 73, 74, 88, 98]]
[149, 2.85778, [0, 1, 3, 4, 9, 10, 12, 13, 28, 31, 33, 40, 41, 45, 48, 60, 64, 74, 94, 98]]
[149, 2.85137, [0, 1, 3, 4, 9, 10, 12, 13, 28, 32, 33, 35, 40, 49, 50, 59, 73, 74, 103, 130]]
[149, 2.86129, [0, 1, 3, 4, 9, 10, 12, 13, 29, 30, 33, 34, 40, 44, 52, 61, 69, 72, 73, 130]]
[149, 2.85266, [0, 1, 3, 4, 9, 10, 12, 13, 29, 30, 33, 34, 40, 44, 52, 61, 69, 73, 130, 132]]
[149, 2.8695, [0, 1, 3, 4, 9, 10, 12, 13, 29, 30, 34, 40, 44, 52, 61, 63, 66, 72, 73, 124, 130]]
[149, 2.85331, [0, 1, 3, 4, 9, 10, 12, 13, 29, 30, 34, 40, 44, 53, 61, 63, 74, 100, 124, 130, 132]]
[149, 2.85314, [0, 1, 3, 4, 9, 10, 12, 13, 29, 30, 34, 40, 44, 53, 61, 63, 74, 100, 124, 130, 134]]
[149, 2.85296, [0, 1, 3, 4, 9, 10, 12, 13, 29, 30, 34, 40, 44, 53, 61, 63, 74, 100, 124, 132, 134]]
[149, 2.86158, [0, 1, 3, 4, 9, 10, 12, 13, 29, 31, 32, 34, 40, 44, 47, 66, 69, 73, 74, 130]]
[149, 2.85134, [0, 1, 3, 4, 9, 10, 12, 13, 29, 31, 32, 34, 40, 44, 47, 69, 73, 74, 130, 132]]
[149, 2.85185, [0, 1, 3, 4, 9, 10, 12, 13, 29, 31, 35, 36, 40, 42, 47, 56, 73, 88, 105, 130]]
[149, 2.8591, [0, 1, 3, 4, 9, 10, 12, 13, 29, 31, 35, 36, 40, 47, 56, 73, 74, 105, 123, 125, 130]]
[149, 2.85413, [0, 1, 3, 4, 9, 10, 12, 13, 29, 31, 35, 36, 42, 44, 47, 56, 64, 73, 106, 135]]
[149, 2.85486, [0, 1, 3, 4, 9, 10, 12, 13, 29, 32, 34, 40, 44, 50, 53, 69, 73, 108, 110, 124, 132]]
[149, 2.85484, [0, 1, 3, 4, 9, 10, 12, 13, 29, 32, 34, 40, 44, 50, 62, 69, 72, 102, 108, 116, 118]]
[149, 2.85937, [0, 1, 3, 4, 9, 10, 12, 13, 29, 33, 39, 41, 47, 51, 52, 59, 60, 64, 129, 131, 135]]
[149, 2.8592, [0, 1, 3, 4, 9, 10, 12, 13, 29, 33, 39, 41, 47, 51, 52, 59, 60, 64, 129, 133, 135]]
[149, 2.86396, [0, 1, 3, 4, 9, 10, 12, 13, 29, 34, 40, 44, 47, 52, 61, 62, 66, 69, 73, 74, 130]]
[149, 2.85365, [0, 1, 3, 4, 9, 10, 12, 13, 29, 34, 40, 44, 47, 52, 61, 62, 69, 73, 74, 130, 132]]
[149, 2.86587, [0, 1, 3, 4, 9, 10, 12, 13, 30, 31, 33, 34, 39, 40, 42, 43, 88, 89, 103, 104]]
[149, 2.85221, [0, 1, 3, 4, 9, 10, 12, 13, 30, 31, 35, 41, 43, 44, 46, 54, 63, 71, 93, 135]]
[149, 2.86133, [0, 1, 3, 4, 9, 10, 12, 13, 30, 31, 35, 41, 44, 46, 54, 55, 63, 65, 68, 74]]
[149, 2.85768, [0, 1, 3, 4, 9, 10, 12, 13, 30, 31, 35, 41, 44, 46, 54, 55, 63, 65, 68, 93]]
[149, 2.85097, [0, 1, 3, 4, 9, 10, 12, 13, 30, 31, 35, 41, 44, 46, 54, 55, 63, 68, 74, 130]]
[149, 2.85042, [0, 1, 3, 4, 9, 10, 12, 13, 30, 31, 39, 43, 45, 46, 63, 67, 70, 93, 107, 115, 135]]
[149, 2.85475, [0, 1, 3, 4, 9, 10, 12, 13, 30, 31, 42, 43, 45, 46, 63, 65, 66, 70, 93, 134, 135]]
[149, 2.85622, [0, 1, 3, 4, 9, 10, 12, 13, 30, 32, 38, 42, 43, 49, 53, 58, 62, 65, 69, 70]]
[149, 2.85548, [0, 1, 3, 4, 9, 10, 12, 13, 30, 44, 46, 52, 54, 63, 65, 66, 70, 71, 73, 93, 124, 135]]
[149, 2.85109, [0, 1, 3, 4, 9, 10, 12, 13, 31, 32, 36, 38, 42, 43, 47, 57, 65, 70, 89, 134]]
[149, 2.85191, [0, 1, 3, 4, 9, 10, 12, 13, 31, 32, 36, 42, 43, 45, 46, 57, 65, 66, 70, 134]]
[149, 2.85078, [0, 1, 3, 4, 9, 10, 12, 13, 31, 32, 36, 42, 43, 46, 47, 57, 65, 66, 70, 134]]
[149, 2.85404, [0, 1, 3, 4, 9, 10, 12, 13, 31, 33, 34, 36, 44, 46, 47, 51, 70, 73, 74, 132]]
[149, 2.85296, [0, 1, 3, 4, 9, 10, 12, 13, 31, 33, 34, 36, 44, 47, 48, 51, 70, 73, 74, 132]]
[149, 2.85301, [0, 1, 3, 4, 9, 10, 12, 13, 31, 35, 36, 42, 44, 45, 47, 51, 56, 64, 73, 135]]
[149, 2.85021, [0, 1, 3, 4, 9, 10, 12, 13, 32, 33, 39, 42, 44, 47, 48, 58, 59, 67, 73, 89]]
[149, 2.85861, [0, 1, 3, 4, 9, 10, 12, 13, 33, 34, 36, 44, 46, 50, 51, 61, 70, 73, 74, 120, 132]]
[149, 2.85069, [0, 1, 3, 4, 9, 10, 12, 13, 36, 37, 41, 42, 44, 53, 55, 56, 58, 89, 90, 92, 135]]
[149, 2.85598, [0, 1, 3, 4, 9, 10, 12, 22, 26, 28, 29, 31, 39, 45, 65, 67, 70, 83, 98, 115, 117]]
[149, 2.85474, [0, 1, 3, 4, 9, 11, 12, 16, 25, 26, 42, 44, 53, 54, 61, 65, 67, 70, 71, 74, 91]]
[149, 2.85689, [0, 1, 3, 4, 9, 11, 12, 16, 25, 27, 33, 36, 40, 48, 52, 58, 59, 67, 73, 74]]
[149, 2.85256, [0, 1, 3, 4, 9, 11, 12, 16, 25, 27, 33, 37, 40, 60, 61, 67, 72, 92, 98, 102, 103]]
[149, 2.85059, [0, 1, 3, 4, 9, 11, 12, 16, 25, 27, 33, 37, 56, 60, 61, 67, 68, 72, 92, 98, 102]]
[149, 2.86399, [0, 1, 3, 4, 9, 11, 12, 16, 25, 27, 36, 40, 48, 52, 58, 59, 65, 67, 73, 74, 120]]
[149, 2.85745, [0, 1, 3, 4, 9, 11, 12, 16, 26, 27, 39, 44, 46, 47, 57, 58, 63, 64, 73, 95, 136]]
[149, 2.86555, [0, 1, 3, 4, 9, 11, 12, 16, 30, 35, 43, 46, 47, 52, 53, 55, 65, 68, 72, 73, 123, 131]]
[149, 2.85311, [0, 1, 3, 4, 9, 12, 13, 19, 27, 30, 31, 39, 44, 46, 52, 55, 63, 67, 68, 70, 93]]
[149, 2.8526, [0, 1, 3, 4, 9, 12, 13, 19, 27, 30, 31, 39, 44, 46, 52, 55, 63, 67, 68, 72, 93]]
[149, 2.85206, [0, 1, 3, 4, 9, 12, 13, 19, 27, 30, 31, 39, 44, 46, 52, 55, 63, 67, 70, 72, 93]]
[149, 2.85834, [0, 1, 3, 4, 10, 11, 13, 14, 29, 30, 32, 37, 39, 43, 52, 62, 66, 69, 79, 84, 133]]
[149, 2.85605, [0, 1, 3, 4, 10, 12, 13, 18, 28, 30, 31, 40, 41, 45, 65, 66, 71, 73, 74, 88, 93, 94]]
[149, 2.85629, [0, 1, 3, 4, 11, 12, 16, 17, 25, 27, 36, 40, 41, 48, 52, 58, 59, 62, 67, 73, 74, 127]]

Search completed in 12 hours, 12 minutes, and 22.128 seconds.  Enter a string to quit.