Enter an integer k for which our Kempner sets are k-free: 3
Enter a positive integer modulus b: 210
Enter estimation parameters, or * for pre-computed parameters ([0.0716, 1.0532, 1.3826]): *
Enter a threshold (e.g. 4.2) to determine printed output: 2.92
Enter a root for the search space (e.g. [0, 1, 2]) [or * for the root [0]]: *
Enter an upper bound for the size of allowable digit sets [or * to ignore]: 32
Enter a maximal number of deviations from a greedy search [or * to ignore]: *
Searching for k-free sets mod b...

[210, 2.93876, [0, 1, 3, 4, 9, 10, 12, 13, 27, 28, 30, 31, 36, 37, 39, 40, 81, 82, 85, 87, 91, 96, 98, 99, 103, 104]]
[210, 2.93905, [0, 1, 3, 4, 9, 10, 12, 13, 27, 28, 30, 31, 36, 37, 39, 40, 81, 82, 86, 87, 89, 94, 98, 100, 103, 104]]
[210, 2.92558, [0, 1, 3, 4, 9, 10, 12, 13, 27, 28, 30, 31, 36, 37, 39, 40, 81, 84, 90, 93, 100, 101, 103, 104, 148, 151]]
[210, 2.9254, [0, 1, 3, 4, 9, 10, 12, 13, 27, 28, 30, 31, 36, 37, 39, 40, 81, 84, 90, 93, 100, 101, 103, 104, 148, 154]]
[210, 2.92521, [0, 1, 3, 4, 9, 10, 12, 13, 27, 28, 30, 31, 36, 37, 39, 40, 81, 84, 90, 93, 100, 101, 103, 104, 151, 154]]
[210, 2.93164, [0, 1, 3, 4, 9, 10, 12, 13, 27, 28, 30, 31, 36, 37, 39, 40, 82, 83, 85, 94, 96, 97, 101, 102, 104, 150]]
[210, 2.93196, [0, 1, 3, 4, 9, 10, 12, 13, 27, 28, 30, 31, 36, 37, 39, 40, 82, 83, 86, 92, 96, 97, 99, 103, 104, 149]]
[210, 2.93306, [0, 1, 3, 4, 9, 10, 12, 13, 27, 28, 30, 31, 36, 37, 39, 40, 82, 83, 87, 89, 90, 94, 100, 102, 103, 159]]
[210, 2.92549, [0, 1, 3, 4, 9, 10, 12, 13, 27, 28, 30, 31, 36, 37, 39, 40, 82, 83, 92, 96, 97, 99, 103, 104, 149, 150]]
[210, 2.92528, [0, 1, 3, 4, 9, 10, 12, 13, 27, 28, 30, 31, 36, 37, 39, 40, 82, 85, 91, 96, 98, 99, 103, 104, 147, 150]]
[210, 2.92484, [0, 1, 3, 4, 9, 10, 12, 13, 27, 28, 30, 31, 36, 37, 39, 40, 82, 85, 94, 96, 97, 101, 102, 104, 147, 150]]
[210, 2.93071, [0, 1, 3, 4, 9, 10, 12, 13, 27, 28, 30, 31, 36, 37, 39, 40, 83, 85, 89, 94, 96, 97, 101, 102, 104, 146]]
[210, 2.92472, [0, 1, 3, 4, 9, 10, 12, 13, 27, 28, 30, 31, 36, 37, 39, 40, 83, 85, 94, 96, 97, 101, 102, 104, 146, 150]]
[210, 2.92504, [0, 1, 3, 4, 9, 10, 12, 13, 27, 28, 30, 31, 36, 37, 39, 40, 83, 86, 92, 96, 97, 99, 103, 104, 146, 149]]
[210, 2.92674, [0, 1, 3, 4, 9, 10, 12, 13, 27, 28, 30, 31, 36, 37, 39, 76, 79, 80, 83, 85, 93, 95, 96, 98, 102, 104]]
[210, 2.92634, [0, 1, 3, 4, 9, 10, 12, 13, 27, 28, 30, 31, 36, 37, 39, 76, 79, 80, 83, 85, 93, 95, 98, 99, 102, 104]]
[210, 2.92078, [0, 1, 3, 4, 9, 10, 12, 13, 27, 28, 30, 31, 36, 37, 39, 76, 79, 80, 83, 85, 93, 96, 97, 100, 102, 178]]
[210, 2.92038, [0, 1, 3, 4, 9, 10, 12, 13, 27, 28, 30, 31, 36, 37, 39, 76, 79, 80, 83, 85, 93, 97, 99, 100, 102, 178]]
[210, 2.92179, [0, 1, 3, 4, 9, 10, 12, 13, 27, 28, 30, 31, 36, 37, 39, 76, 79, 81, 84, 85, 90, 93, 97, 98, 100, 178]]
[210, 2.92459, [0, 1, 3, 4, 9, 10, 12, 13, 27, 28, 30, 31, 36, 37, 39, 76, 80, 81, 83, 91, 94, 95, 98, 100, 103, 104]]
[210, 2.92634, [0, 1, 3, 4, 9, 10, 12, 13, 27, 28, 30, 31, 36, 37, 39, 76, 80, 82, 83, 85, 91, 95, 96, 98, 103, 104]]
[210, 2.92356, [0, 1, 3, 4, 9, 10, 12, 13, 27, 28, 30, 31, 36, 37, 39, 79, 80, 83, 85, 89, 94, 96, 97, 101, 102, 104]]
[210, 2.92461, [0, 1, 3, 4, 9, 10, 12, 13, 27, 28, 30, 31, 36, 37, 39, 79, 81, 82, 86, 87, 89, 94, 98, 100, 103, 104]]
[210, 2.92389, [0, 1, 3, 4, 9, 10, 12, 13, 27, 28, 30, 31, 36, 37, 40, 66, 75, 81, 83, 86, 88, 94, 98, 99, 103, 177]]
[210, 2.92524, [0, 1, 3, 4, 9, 10, 12, 13, 27, 28, 30, 31, 36, 37, 40, 75, 78, 82, 83, 85, 94, 96, 97, 101, 102, 104]]
[210, 2.92514, [0, 1, 3, 4, 9, 10, 12, 13, 27, 28, 30, 31, 36, 37, 40, 75, 78, 83, 85, 86, 90, 96, 98, 99, 103, 104]]
[210, 2.92405, [0, 1, 3, 4, 9, 10, 12, 13, 27, 28, 30, 31, 36, 37, 40, 75, 78, 83, 85, 89, 94, 96, 97, 101, 102, 104]]
[210, 2.92276, [0, 1, 3, 4, 9, 10, 12, 13, 27, 28, 30, 31, 36, 38, 39, 79, 80, 83, 85, 89, 94, 96, 97, 101, 102, 104]]
[210, 2.92381, [0, 1, 3, 4, 9, 10, 12, 13, 27, 28, 30, 31, 36, 38, 39, 79, 81, 82, 86, 87, 89, 94, 98, 100, 103, 104]]
[210, 2.92187, [0, 1, 3, 4, 9, 10, 12, 13, 27, 28, 30, 34, 35, 37, 49, 72, 75, 77, 80, 81, 91, 93, 99, 100, 103, 104]]
[210, 2.92189, [0, 1, 3, 4, 9, 10, 12, 13, 27, 28, 30, 34, 35, 37, 49, 72, 76, 78, 79, 81, 92, 93, 96, 101, 102, 104]]
[210, 2.92149, [0, 1, 3, 4, 9, 10, 12, 13, 27, 28, 30, 34, 35, 37, 49, 72, 76, 78, 79, 81, 92, 93, 99, 101, 102, 104]]
[210, 2.92088, [0, 1, 3, 4, 9, 10, 12, 13, 27, 28, 30, 34, 35, 37, 49, 72, 77, 79, 80, 84, 87, 93, 100, 101, 103, 104]]
[210, 2.92518, [0, 1, 3, 4, 9, 10, 12, 13, 27, 28, 30, 34, 35, 39, 49, 62, 72, 73, 76, 81, 92, 93, 99, 101, 102, 104]]
[210, 2.94552, [0, 1, 3, 4, 9, 10, 12, 13, 27, 28, 30, 34, 35, 39, 49, 62, 72, 73, 79, 80, 83, 92, 99, 100, 102, 103, 152]]
[210, 2.92245, [0, 1, 3, 4, 9, 10, 12, 13, 27, 28, 30, 34, 35, 39, 49, 62, 72, 73, 79, 80, 83, 92, 99, 100, 102, 152]]
[210, 2.92233, [0, 1, 3, 4, 9, 10, 12, 13, 27, 28, 30, 34, 35, 39, 49, 62, 72, 73, 79, 80, 83, 92, 99, 100, 103, 152]]
[210, 2.92208, [0, 1, 3, 4, 9, 10, 12, 13, 27, 28, 30, 34, 35, 39, 49, 62, 72, 73, 79, 80, 83, 92, 99, 102, 103, 152]]
[210, 2.92195, [0, 1, 3, 4, 9, 10, 12, 13, 27, 28, 30, 34, 35, 39, 49, 62, 72, 73, 79, 80, 83, 92, 100, 102, 103, 152]]
[210, 2.92098, [0, 1, 3, 4, 9, 10, 12, 13, 27, 28, 30, 34, 35, 39, 49, 62, 72, 73, 79, 80, 83, 99, 100, 102, 103, 152]]
[210, 2.92501, [0, 1, 3, 4, 9, 10, 12, 13, 27, 28, 30, 34, 35, 39, 49, 62, 72, 73, 79, 80, 92, 93, 99, 100, 102, 103]]
[210, 2.92457, [0, 1, 3, 4, 9, 10, 12, 13, 27, 28, 30, 34, 35, 39, 49, 62, 72, 73, 79, 81, 92, 93, 99, 101, 102, 104]]
[210, 2.92391, [0, 1, 3, 4, 9, 10, 12, 13, 27, 28, 30, 34, 35, 39, 49, 62, 72, 76, 79, 81, 92, 93, 99, 101, 102, 104]]
[210, 2.92552, [0, 1, 3, 4, 9, 10, 12, 13, 27, 28, 30, 34, 35, 39, 49, 62, 72, 76, 79, 84, 87, 91, 93, 100, 101, 104]]
[210, 2.92472, [0, 1, 3, 4, 9, 10, 12, 13, 27, 28, 30, 34, 35, 39, 49, 62, 72, 79, 80, 84, 87, 91, 93, 100, 101, 104]]
[210, 2.92309, [0, 1, 3, 4, 9, 10, 12, 13, 27, 28, 30, 34, 35, 39, 49, 62, 72, 79, 80, 84, 87, 93, 100, 101, 103, 104]]
[210, 2.92103, [0, 1, 3, 4, 9, 10, 12, 13, 27, 28, 30, 34, 35, 39, 49, 62, 72, 80, 84, 87, 91, 93, 100, 101, 103, 104]]
[210, 2.92246, [0, 1, 3, 4, 9, 10, 12, 13, 27, 28, 30, 34, 35, 39, 49, 72, 73, 79, 80, 82, 83, 90, 96, 99, 103, 104]]
[210, 2.92292, [0, 1, 3, 4, 9, 10, 12, 13, 27, 28, 30, 34, 35, 39, 49, 72, 73, 79, 80, 83, 84, 90, 92, 99, 102, 103]]
[210, 2.92592, [0, 1, 3, 4, 9, 10, 12, 13, 27, 28, 30, 34, 35, 62, 71, 72, 74, 78, 79, 81, 92, 93, 95, 99, 101, 102, 104]]
[210, 2.92569, [0, 1, 3, 4, 9, 10, 12, 13, 27, 28, 30, 34, 35, 62, 71, 73, 74, 78, 79, 81, 92, 93, 95, 99, 101, 102, 104]]
[210, 2.92357, [0, 1, 3, 4, 9, 10, 12, 13, 27, 28, 30, 34, 36, 37, 39, 76, 79, 80, 83, 85, 93, 95, 96, 98, 102, 104]]
[210, 2.92317, [0, 1, 3, 4, 9, 10, 12, 13, 27, 28, 30, 34, 36, 37, 39, 76, 79, 80, 83, 85, 93, 95, 98, 99, 102, 104]]
[210, 2.92143, [0, 1, 3, 4, 9, 10, 12, 13, 27, 28, 30, 34, 36, 37, 39, 76, 80, 81, 83, 91, 94, 95, 98, 100, 103, 104]]
[210, 2.92318, [0, 1, 3, 4, 9, 10, 12, 13, 27, 28, 30, 34, 36, 37, 39, 76, 80, 82, 83, 85, 91, 95, 96, 98, 103, 104]]
[210, 2.9204, [0, 1, 3, 4, 9, 10, 12, 13, 27, 28, 30, 34, 36, 37, 39, 79, 80, 83, 85, 89, 94, 96, 97, 101, 102, 104]]
[210, 2.92144, [0, 1, 3, 4, 9, 10, 12, 13, 27, 28, 30, 34, 36, 37, 39, 79, 81, 82, 86, 87, 89, 94, 98, 100, 103, 104]]
[210, 2.92417, [0, 1, 3, 4, 9, 10, 12, 13, 27, 28, 30, 34, 37, 39, 49, 63, 72, 76, 79, 83, 84, 91, 93, 100, 101, 104]]
[210, 2.92337, [0, 1, 3, 4, 9, 10, 12, 13, 27, 28, 30, 34, 37, 39, 49, 63, 72, 79, 80, 83, 84, 91, 93, 100, 101, 104]]
[210, 2.92477, [0, 1, 3, 4, 9, 10, 12, 13, 27, 28, 31, 33, 36, 37, 40, 48, 81, 82, 88, 89, 91, 98, 99, 102, 103, 144]]
[210, 2.92465, [0, 1, 3, 4, 9, 10, 12, 13, 27, 28, 31, 33, 36, 37, 40, 48, 81, 82, 88, 89, 91, 98, 99, 102, 104, 144]]
[210, 2.92452, [0, 1, 3, 4, 9, 10, 12, 13, 27, 28, 31, 33, 36, 37, 40, 48, 81, 82, 88, 89, 91, 98, 99, 103, 104, 144]]
[210, 2.92189, [0, 1, 3, 4, 9, 10, 12, 13, 27, 28, 31, 33, 36, 37, 40, 75, 78, 82, 83, 85, 94, 96, 97, 101, 102, 104]]
[210, 2.92178, [0, 1, 3, 4, 9, 10, 12, 13, 27, 28, 31, 33, 36, 37, 40, 75, 78, 83, 85, 86, 90, 96, 98, 99, 103, 104]]
[210, 2.9207, [0, 1, 3, 4, 9, 10, 12, 13, 27, 28, 31, 33, 36, 37, 40, 75, 78, 83, 85, 89, 94, 96, 97, 101, 102, 104]]
[210, 2.92785, [0, 1, 3, 4, 9, 10, 12, 13, 27, 28, 32, 33, 35, 49, 59, 72, 74, 77, 78, 81, 92, 93, 96, 101, 102, 104, 166]]
[210, 2.92745, [0, 1, 3, 4, 9, 10, 12, 13, 27, 28, 32, 33, 35, 49, 59, 72, 74, 78, 79, 81, 92, 93, 96, 101, 102, 104, 166]]
[210, 2.92598, [0, 1, 3, 4, 9, 10, 12, 13, 27, 28, 32, 33, 35, 59, 71, 72, 74, 78, 79, 81, 92, 93, 95, 96, 101, 102, 104]]
[210, 2.92575, [0, 1, 3, 4, 9, 10, 12, 13, 27, 28, 32, 33, 35, 59, 71, 73, 74, 78, 79, 81, 92, 93, 95, 96, 101, 102, 104]]
[210, 2.92042, [0, 1, 3, 4, 9, 10, 12, 13, 27, 28, 32, 34, 35, 39, 48, 72, 73, 79, 80, 82, 89, 90, 94, 97, 102, 103]]
[210, 2.92322, [0, 1, 3, 4, 9, 10, 12, 13, 27, 28, 32, 34, 35, 39, 49, 62, 72, 76, 79, 84, 87, 91, 93, 100, 101, 104]]
[210, 2.92241, [0, 1, 3, 4, 9, 10, 12, 13, 27, 28, 32, 34, 35, 39, 49, 62, 72, 79, 80, 84, 87, 91, 93, 100, 101, 104]]
[210, 2.92079, [0, 1, 3, 4, 9, 10, 12, 13, 27, 28, 32, 34, 35, 39, 49, 62, 72, 79, 80, 84, 87, 93, 100, 101, 103, 104]]
[210, 2.92061, [0, 1, 3, 4, 9, 10, 12, 13, 27, 28, 32, 34, 35, 39, 49, 72, 73, 79, 80, 83, 84, 90, 92, 99, 102, 103]]
[210, 2.92134, [0, 1, 3, 4, 9, 10, 12, 13, 27, 29, 30, 32, 36, 38, 39, 79, 81, 82, 86, 87, 89, 94, 98, 100, 103, 104]]
[210, 2.9213, [0, 1, 3, 4, 9, 10, 12, 13, 27, 29, 30, 32, 38, 39, 43, 62, 70, 84, 88, 90, 91, 93, 99, 100, 103, 104]]
[210, 2.92279, [0, 1, 3, 4, 9, 10, 12, 13, 28, 29, 31, 32, 37, 38, 40, 41, 85, 86, 90, 91, 93, 98, 99, 102, 104, 147]]

Search completed in 3 hours, 13 minutes, and 36.084 seconds.  Enter a string to quit.