Enter an integer k for which our Kempner sets are k-free: 3
Enter a positive integer modulus b: 37
Enter estimation parameters, or * for pre-computed parameters ([0.1182, 1.1275, 1.487]): *
Enter a threshold (e.g. 4.2) to determine printed output: 2.65
Enter a root for the search space (e.g. [0, 1, 2]) [or * for the root [0]]: *
Enter an upper bound for the size of allowable digit sets [or * to ignore]: *
Enter a maximal number of deviations from a greedy search [or * to ignore]: *
Searching for k-free sets mod b...

[37, 2.78588, [0, 1, 3, 4, 9, 10, 12, 13]]
[37, 2.72355, [0, 1, 3, 4, 9, 10, 12, 32]]
[37, 2.71726, [0, 1, 3, 4, 9, 10, 13, 31]]
[37, 2.65508, [0, 1, 3, 4, 9, 10, 31, 32]]
[37, 2.75684, [0, 1, 3, 4, 9, 11, 12, 16]]
[37, 2.6566, [0, 1, 3, 4, 9, 11, 27, 29]]
[37, 2.6532, [0, 1, 3, 4, 9, 11, 27, 31]]
[37, 2.73984, [0, 1, 3, 4, 9, 12, 13, 16]]
[37, 2.74759, [0, 1, 3, 4, 10, 11, 13, 14]]
[37, 2.69377, [0, 1, 3, 4, 10, 11, 13, 31]]
[37, 2.73467, [0, 1, 3, 4, 10, 11, 14, 15]]
[37, 2.68857, [0, 1, 3, 4, 10, 11, 14, 30]]
[37, 2.69747, [0, 1, 3, 4, 10, 11, 15, 23]]
[37, 2.73241, [0, 1, 3, 4, 10, 12, 13, 15]]
[37, 2.71788, [0, 1, 3, 4, 10, 12, 13, 18]]
[37, 2.68993, [0, 1, 3, 4, 10, 12, 13, 28]]
[37, 2.65893, [0, 1, 3, 4, 10, 12, 18, 30]]
[37, 2.69712, [0, 1, 3, 4, 10, 13, 15, 18]]
[37, 2.65551, [0, 1, 3, 4, 10, 14, 15, 32]]
[37, 2.65311, [0, 1, 3, 4, 10, 15, 18, 23]]
[37, 2.71483, [0, 1, 3, 4, 11, 12, 14, 15]]
[37, 2.70341, [0, 1, 3, 4, 11, 12, 15, 16]]
[37, 2.6986, [0, 1, 3, 4, 11, 12, 15, 17]]
[37, 2.69323, [0, 1, 3, 4, 11, 12, 16, 17]]
[37, 2.70159, [0, 1, 3, 4, 11, 13, 14, 16]]
[37, 2.68537, [0, 1, 3, 4, 11, 13, 16, 17]]
[37, 2.68643, [0, 1, 3, 4, 12, 13, 15, 16]]
[37, 2.67626, [0, 1, 3, 4, 12, 13, 16, 17]]
[37, 2.67192, [0, 1, 3, 4, 12, 13, 16, 18]]
[37, 2.66712, [0, 1, 3, 4, 12, 13, 17, 18]]
[37, 2.67477, [0, 1, 3, 4, 12, 14, 15, 17]]
[37, 2.66027, [0, 1, 3, 4, 12, 14, 17, 18]]
[37, 2.66155, [0, 1, 3, 4, 13, 14, 16, 17]]
[37, 2.65241, [0, 1, 3, 4, 13, 14, 17, 18]]
[37, 2.65118, [0, 1, 3, 4, 13, 15, 16, 18]]
[37, 2.66227, [0, 1, 3, 7, 9, 10, 12, 16]]
[37, 2.73958, [0, 1, 3, 8, 12, 14, 17, 18, 30, 32]]
[37, 2.75109, [0, 1, 3, 9, 10, 13, 14, 21, 31, 35]]
[37, 2.81956, [0, 1, 4, 5, 11, 13, 14, 16, 20, 30]]
[37, 2.68512, [0, 1, 4, 5, 11, 13, 14, 16, 30]]
[37, 2.668, [0, 1, 4, 5, 11, 13, 14, 20, 30]]
[37, 2.65626, [0, 1, 4, 5, 11, 13, 16, 20, 30]]
[37, 2.65389, [0, 1, 4, 5, 12, 22, 26, 28, 29, 31]]
[37, 2.75505, [0, 1, 4, 6, 10, 15, 17, 18, 23, 25]]

Search completed in 0 hours, 0 minutes, and 0.028 seconds.  Enter a string to quit.