Enter an integer k for which our Kempner sets are k-free: 3
Enter a positive integer modulus b: 196
Enter estimation parameters, or * for pre-computed parameters ([0.0712, 1.0568, 1.3687]): *
Enter a threshold (e.g. 4.2) to determine printed output: 2.905
Enter a root for the search space (e.g. [0, 1, 2]) [or * for the root [0]]: *
Enter an upper bound for the size of allowable digit sets [or * to ignore]: 31
Enter a maximal number of deviations from a greedy search [or * to ignore]: *
Searching for k-free sets mod b...

[196, 2.91653, [0, 1, 3, 4, 9, 10, 12, 13, 27, 28, 30, 31, 36, 37, 39, 40, 81, 82, 84, 85, 90, 91, 93, 94]]
[196, 2.91596, [0, 1, 3, 4, 9, 10, 12, 13, 27, 28, 30, 31, 36, 37, 39, 40, 81, 82, 84, 85, 90, 92, 93, 97]]
[196, 2.91566, [0, 1, 3, 4, 9, 10, 12, 13, 27, 28, 30, 31, 36, 37, 39, 40, 81, 82, 84, 85, 90, 93, 94, 97]]
[196, 2.91593, [0, 1, 3, 4, 9, 10, 12, 13, 27, 28, 30, 31, 36, 37, 39, 40, 81, 82, 84, 85, 91, 92, 94, 95]]
[196, 2.91565, [0, 1, 3, 4, 9, 10, 12, 13, 27, 28, 30, 31, 36, 37, 39, 40, 81, 82, 84, 85, 91, 92, 95, 96]]
[196, 2.91564, [0, 1, 3, 4, 9, 10, 12, 13, 27, 28, 30, 31, 36, 37, 39, 40, 81, 82, 84, 85, 91, 93, 94, 96]]
[196, 2.91535, [0, 1, 3, 4, 9, 10, 12, 13, 27, 28, 30, 31, 36, 37, 39, 40, 81, 82, 84, 85, 92, 93, 95, 96]]
[196, 2.91507, [0, 1, 3, 4, 9, 10, 12, 13, 27, 28, 30, 31, 36, 37, 39, 40, 81, 82, 84, 85, 92, 93, 96, 97]]
[196, 2.91507, [0, 1, 3, 4, 9, 10, 12, 13, 27, 28, 30, 31, 36, 37, 39, 40, 81, 82, 84, 85, 92, 94, 95, 97]]
[196, 2.91478, [0, 1, 3, 4, 9, 10, 12, 13, 27, 28, 30, 31, 36, 37, 39, 40, 81, 82, 84, 85, 93, 94, 96, 97]]
[196, 2.9156, [0, 1, 3, 4, 9, 10, 12, 13, 27, 28, 30, 31, 36, 37, 39, 40, 81, 82, 84, 88, 90, 91, 93, 97]]
[196, 2.91472, [0, 1, 3, 4, 9, 10, 12, 13, 27, 28, 30, 31, 36, 37, 39, 40, 81, 82, 84, 88, 91, 93, 96, 97]]
[196, 2.915, [0, 1, 3, 4, 9, 10, 12, 13, 27, 28, 30, 31, 36, 37, 39, 40, 81, 82, 85, 86, 92, 93, 95, 96]]
[196, 2.91473, [0, 1, 3, 4, 9, 10, 12, 13, 27, 28, 30, 31, 36, 37, 39, 40, 81, 82, 85, 86, 92, 93, 96, 97]]
[196, 2.91472, [0, 1, 3, 4, 9, 10, 12, 13, 27, 28, 30, 31, 36, 37, 39, 40, 81, 82, 85, 86, 92, 94, 95, 97]]
[196, 2.91443, [0, 1, 3, 4, 9, 10, 12, 13, 27, 28, 30, 31, 36, 37, 39, 40, 81, 82, 85, 86, 93, 94, 96, 97]]
[196, 2.91558, [0, 1, 3, 4, 9, 10, 12, 13, 27, 28, 30, 31, 36, 37, 39, 40, 81, 82, 85, 87, 90, 91, 94, 96]]
[196, 2.91472, [0, 1, 3, 4, 9, 10, 12, 13, 27, 28, 30, 31, 36, 37, 39, 40, 81, 82, 85, 87, 90, 94, 96, 97]]
[196, 2.91466, [0, 1, 3, 4, 9, 10, 12, 13, 27, 28, 30, 31, 36, 37, 39, 40, 81, 82, 87, 88, 90, 91, 96, 97]]
[196, 2.91588, [0, 1, 3, 4, 9, 10, 12, 13, 27, 28, 30, 31, 36, 37, 39, 40, 81, 83, 84, 86, 90, 92, 93, 95]]
[196, 2.915, [0, 1, 3, 4, 9, 10, 12, 13, 27, 28, 30, 31, 36, 37, 39, 40, 81, 83, 84, 86, 92, 93, 95, 96]]
[196, 2.91472, [0, 1, 3, 4, 9, 10, 12, 13, 27, 28, 30, 31, 36, 37, 39, 40, 81, 83, 84, 86, 92, 93, 96, 97]]
[196, 2.91471, [0, 1, 3, 4, 9, 10, 12, 13, 27, 28, 30, 31, 36, 37, 39, 40, 81, 83, 84, 86, 92, 94, 95, 97]]
[196, 2.91442, [0, 1, 3, 4, 9, 10, 12, 13, 27, 28, 30, 31, 36, 37, 39, 40, 81, 83, 84, 86, 93, 94, 96, 97]]
[196, 2.91494, [0, 1, 3, 4, 9, 10, 12, 13, 27, 28, 30, 31, 36, 37, 39, 40, 81, 83, 86, 87, 90, 92, 95, 96]]
[196, 2.91462, [0, 1, 3, 4, 9, 10, 12, 13, 27, 28, 30, 31, 36, 37, 39, 40, 81, 84, 85, 88, 90, 93, 94, 97]]
[196, 2.91374, [0, 1, 3, 4, 9, 10, 12, 13, 27, 28, 30, 31, 36, 37, 39, 40, 81, 84, 85, 88, 93, 94, 96, 97]]
[196, 2.90791, [0, 1, 3, 4, 9, 10, 12, 13, 27, 28, 30, 31, 36, 37, 39, 40, 81, 84, 85, 93, 94, 96, 97, 144]]
[196, 2.91339, [0, 1, 3, 4, 9, 10, 12, 13, 27, 28, 30, 31, 36, 37, 39, 40, 81, 85, 86, 88, 93, 94, 96, 97]]
[196, 2.91368, [0, 1, 3, 4, 9, 10, 12, 13, 27, 28, 30, 31, 36, 37, 39, 40, 81, 85, 87, 88, 90, 94, 96, 97]]
[196, 2.91522, [0, 1, 3, 4, 9, 10, 12, 13, 27, 28, 30, 31, 36, 37, 39, 40, 82, 83, 85, 86, 91, 92, 94, 95]]
[196, 2.91463, [0, 1, 3, 4, 9, 10, 12, 13, 27, 28, 30, 31, 36, 37, 39, 40, 82, 83, 85, 86, 92, 93, 95, 96]]
[196, 2.91436, [0, 1, 3, 4, 9, 10, 12, 13, 27, 28, 30, 31, 36, 37, 39, 40, 82, 83, 85, 86, 92, 93, 96, 97]]
[196, 2.91435, [0, 1, 3, 4, 9, 10, 12, 13, 27, 28, 30, 31, 36, 37, 39, 40, 82, 83, 85, 86, 92, 94, 95, 97]]
[196, 2.91406, [0, 1, 3, 4, 9, 10, 12, 13, 27, 28, 30, 31, 36, 37, 39, 40, 82, 83, 85, 86, 93, 94, 96, 97]]
[196, 2.91372, [0, 1, 3, 4, 9, 10, 12, 13, 27, 28, 30, 31, 36, 37, 39, 40, 82, 83, 86, 87, 93, 94, 96, 97]]
[196, 2.91429, [0, 1, 3, 4, 9, 10, 12, 13, 27, 28, 30, 31, 36, 37, 39, 40, 82, 83, 86, 88, 91, 92, 95, 97]]
[196, 2.91458, [0, 1, 3, 4, 9, 10, 12, 13, 27, 28, 30, 31, 36, 37, 39, 40, 82, 84, 85, 87, 91, 93, 94, 96]]
[196, 2.91372, [0, 1, 3, 4, 9, 10, 12, 13, 27, 28, 30, 31, 36, 37, 39, 40, 82, 84, 85, 87, 93, 94, 96, 97]]
[196, 2.91366, [0, 1, 3, 4, 9, 10, 12, 13, 27, 28, 30, 31, 36, 37, 39, 40, 82, 84, 87, 88, 91, 93, 96, 97]]
[196, 2.91393, [0, 1, 3, 4, 9, 10, 12, 13, 27, 28, 30, 31, 36, 37, 39, 40, 83, 84, 86, 87, 92, 93, 95, 96]]
[196, 2.91336, [0, 1, 3, 4, 9, 10, 12, 13, 27, 28, 30, 31, 36, 37, 39, 40, 83, 84, 86, 87, 93, 94, 96, 97]]
[196, 2.91331, [0, 1, 3, 4, 9, 10, 12, 13, 27, 28, 30, 31, 36, 37, 39, 40, 83, 85, 86, 88, 92, 94, 95, 97]]
[196, 2.91268, [0, 1, 3, 4, 9, 10, 12, 13, 27, 28, 30, 31, 36, 37, 39, 40, 84, 85, 87, 88, 93, 94, 96, 97]]
[196, 2.9076, [0, 1, 3, 4, 9, 10, 12, 13, 27, 28, 30, 31, 36, 37, 39, 40, 84, 86, 87, 92, 93, 95, 96, 139]]
[196, 2.90703, [0, 1, 3, 4, 9, 10, 12, 13, 27, 28, 30, 31, 36, 37, 39, 40, 84, 86, 87, 93, 94, 96, 97, 139]]
[196, 2.90824, [0, 1, 3, 4, 9, 10, 12, 13, 27, 28, 30, 31, 36, 37, 39, 67, 76, 79, 80, 83, 88, 89, 92, 94]]
[196, 2.90695, [0, 1, 3, 4, 9, 10, 12, 13, 27, 28, 30, 31, 36, 37, 39, 67, 76, 79, 80, 87, 89, 90, 92, 96]]
[196, 2.90756, [0, 1, 3, 4, 9, 10, 12, 13, 27, 28, 30, 31, 36, 37, 39, 67, 76, 79, 81, 84, 88, 90, 93, 94]]
[196, 2.90668, [0, 1, 3, 4, 9, 10, 12, 13, 27, 28, 30, 31, 36, 37, 39, 67, 76, 79, 81, 84, 88, 93, 94, 96]]
[196, 2.90662, [0, 1, 3, 4, 9, 10, 12, 13, 27, 28, 30, 31, 36, 37, 39, 67, 76, 79, 81, 87, 88, 90, 94, 96]]
[196, 2.90675, [0, 1, 3, 4, 9, 10, 12, 13, 27, 28, 30, 31, 36, 37, 39, 67, 76, 79, 81, 87, 89, 90, 92, 96]]
[196, 2.90646, [0, 1, 3, 4, 9, 10, 12, 13, 27, 28, 30, 31, 36, 37, 39, 67, 76, 79, 81, 87, 89, 90, 94, 96]]
[196, 2.90584, [0, 1, 3, 4, 9, 10, 12, 13, 27, 28, 30, 31, 36, 37, 39, 67, 76, 79, 81, 88, 89, 93, 94, 96]]
[196, 2.90562, [0, 1, 3, 4, 9, 10, 12, 13, 27, 28, 30, 31, 36, 37, 39, 67, 76, 79, 84, 87, 88, 93, 94, 96]]
[196, 2.90773, [0, 1, 3, 4, 9, 10, 12, 13, 27, 28, 30, 31, 36, 37, 39, 67, 76, 80, 81, 83, 87, 89, 92, 96]]
[196, 2.9083, [0, 1, 3, 4, 9, 10, 12, 13, 27, 28, 30, 31, 36, 37, 39, 67, 76, 80, 81, 83, 88, 89, 91, 92]]
[196, 2.90785, [0, 1, 3, 4, 9, 10, 12, 13, 27, 28, 30, 31, 36, 37, 39, 67, 76, 80, 81, 83, 88, 89, 92, 94]]
[196, 2.90738, [0, 1, 3, 4, 9, 10, 12, 13, 27, 28, 30, 31, 36, 37, 39, 67, 76, 80, 81, 83, 89, 91, 92, 94]]
[196, 2.9071, [0, 1, 3, 4, 9, 10, 12, 13, 27, 28, 30, 31, 36, 37, 39, 67, 76, 80, 81, 83, 89, 91, 92, 96]]
[196, 2.9068, [0, 1, 3, 4, 9, 10, 12, 13, 27, 28, 30, 31, 36, 37, 39, 67, 76, 80, 81, 83, 89, 91, 94, 96]]
[196, 2.90656, [0, 1, 3, 4, 9, 10, 12, 13, 27, 28, 30, 31, 36, 37, 39, 67, 76, 80, 81, 87, 89, 90, 92, 96]]
[196, 2.90719, [0, 1, 3, 4, 9, 10, 12, 13, 27, 28, 30, 31, 36, 37, 39, 67, 76, 80, 82, 83, 89, 91, 92, 94]]
[196, 2.90652, [0, 1, 3, 4, 9, 10, 12, 13, 27, 28, 30, 31, 36, 37, 39, 67, 76, 81, 82, 84, 90, 91, 93, 94]]
[196, 2.90563, [0, 1, 3, 4, 9, 10, 12, 13, 27, 28, 30, 31, 36, 37, 39, 67, 76, 81, 82, 84, 91, 93, 94, 96]]
[196, 2.90557, [0, 1, 3, 4, 9, 10, 12, 13, 27, 28, 30, 31, 36, 37, 39, 67, 76, 81, 82, 87, 90, 91, 94, 96]]
[196, 2.90698, [0, 1, 3, 4, 9, 10, 12, 13, 27, 28, 30, 31, 36, 37, 39, 67, 76, 81, 83, 84, 88, 89, 91, 96]]
[196, 2.90545, [0, 1, 3, 4, 9, 10, 12, 13, 27, 28, 30, 31, 36, 37, 39, 67, 76, 81, 83, 84, 91, 93, 94, 96]]
[196, 2.90651, [0, 1, 3, 4, 9, 10, 12, 13, 27, 28, 30, 31, 36, 37, 39, 67, 79, 80, 83, 85, 88, 89, 92, 94]]
[196, 2.90584, [0, 1, 3, 4, 9, 10, 12, 13, 27, 28, 30, 31, 36, 37, 39, 67, 79, 81, 84, 85, 88, 90, 93, 94]]
[196, 2.90555, [0, 1, 3, 4, 9, 10, 12, 13, 27, 28, 30, 31, 36, 37, 39, 67, 80, 81, 83, 84, 89, 91, 92, 96]]
[196, 2.90547, [0, 1, 3, 4, 9, 10, 12, 13, 27, 28, 30, 31, 36, 37, 39, 67, 80, 82, 83, 85, 89, 91, 92, 94]]
[196, 2.907, [0, 1, 3, 4, 9, 10, 12, 13, 27, 28, 30, 31, 36, 37, 40, 66, 75, 78, 82, 83, 85, 93, 94, 97]]
[196, 2.90666, [0, 1, 3, 4, 9, 10, 12, 13, 27, 28, 30, 31, 36, 37, 40, 66, 75, 78, 82, 83, 87, 93, 94, 97]]
[196, 2.90717, [0, 1, 3, 4, 9, 10, 12, 13, 27, 28, 30, 31, 36, 37, 40, 66, 75, 78, 82, 85, 87, 91, 93, 94]]
[196, 2.90631, [0, 1, 3, 4, 9, 10, 12, 13, 27, 28, 30, 31, 36, 37, 40, 66, 75, 78, 82, 85, 87, 93, 94, 97]]
[196, 2.90625, [0, 1, 3, 4, 9, 10, 12, 13, 27, 28, 30, 31, 36, 37, 40, 66, 75, 78, 82, 87, 88, 91, 93, 97]]
[196, 2.90527, [0, 1, 3, 4, 9, 10, 12, 13, 27, 28, 30, 31, 36, 37, 40, 66, 75, 78, 85, 87, 88, 93, 94, 97]]
[196, 2.9061, [0, 1, 3, 4, 9, 10, 12, 13, 27, 28, 30, 31, 36, 37, 40, 66, 75, 81, 82, 85, 90, 91, 93, 94]]
[196, 2.90541, [0, 1, 3, 4, 9, 10, 12, 13, 27, 28, 30, 31, 36, 37, 40, 66, 78, 82, 84, 85, 87, 91, 93, 94]]
[196, 2.91682, [0, 1, 3, 4, 9, 10, 12, 13, 27, 28, 30, 31, 36, 38, 65, 70, 74, 82, 84, 87, 88, 91, 93, 96, 97]]
[196, 2.91087, [0, 1, 3, 4, 9, 10, 12, 13, 27, 28, 30, 31, 36, 38, 65, 70, 74, 82, 84, 88, 91, 93, 96, 97, 143]]
[196, 2.90526, [0, 1, 3, 4, 9, 10, 12, 13, 27, 28, 30, 31, 36, 39, 40, 64, 73, 81, 83, 86, 87, 90, 95, 96]]
[196, 2.90563, [0, 1, 3, 4, 9, 10, 12, 13, 27, 28, 30, 31, 36, 65, 67, 73, 74, 77, 78, 84, 86, 92, 93, 96, 97]]
[196, 2.91042, [0, 1, 3, 4, 9, 10, 12, 13, 27, 28, 30, 31, 37, 40, 63, 66, 72, 84, 85, 87, 88, 93, 94, 97, 152]]
[196, 2.90962, [0, 1, 3, 4, 9, 10, 12, 13, 27, 28, 30, 31, 37, 40, 63, 69, 72, 84, 85, 87, 88, 93, 94, 97, 152]]
[196, 2.91392, [0, 1, 3, 4, 9, 10, 12, 13, 27, 28, 30, 31, 38, 40, 65, 69, 74, 82, 84, 87, 88, 91, 93, 96, 97]]
[196, 2.90797, [0, 1, 3, 4, 9, 10, 12, 13, 27, 28, 30, 31, 38, 40, 65, 69, 74, 82, 84, 88, 91, 93, 96, 97, 143]]
[196, 2.90985, [0, 1, 3, 4, 9, 10, 12, 13, 27, 28, 30, 31, 39, 63, 64, 70, 71, 73, 80, 81, 85, 86, 88, 93, 94]]
[196, 2.90845, [0, 1, 3, 4, 9, 10, 12, 13, 27, 28, 30, 31, 39, 63, 64, 70, 71, 73, 81, 84, 85, 88, 90, 93, 94]]
[196, 2.90611, [0, 1, 3, 4, 9, 10, 12, 13, 27, 28, 30, 31, 40, 63, 65, 69, 72, 74, 82, 84, 87, 88, 91, 93, 97]]
[196, 2.90733, [0, 1, 3, 4, 9, 10, 12, 13, 27, 28, 30, 34, 35, 39, 63, 71, 72, 82, 85, 86, 89, 94, 95, 97, 173]]
[196, 2.90963, [0, 1, 3, 4, 9, 10, 12, 13, 27, 28, 30, 34, 35, 39, 63, 72, 73, 80, 82, 85, 86, 89, 94, 95, 173]]
[196, 2.91713, [0, 1, 3, 4, 9, 10, 12, 13, 27, 28, 31, 32, 38, 40, 57, 65, 69, 78, 84, 85, 88, 93, 94, 96, 97]]
[196, 2.91181, [0, 1, 3, 4, 9, 10, 12, 13, 27, 28, 31, 32, 38, 40, 57, 65, 69, 78, 84, 85, 88, 93, 96, 97, 150]]
[196, 2.9116, [0, 1, 3, 4, 9, 10, 12, 13, 27, 28, 31, 32, 38, 40, 65, 69, 74, 82, 84, 87, 88, 91, 93, 96, 97]]
[196, 2.90582, [0, 1, 3, 4, 9, 10, 12, 13, 27, 28, 31, 32, 38, 40, 65, 69, 74, 82, 84, 87, 88, 93, 96, 97, 150]]
[196, 2.90565, [0, 1, 3, 4, 9, 10, 12, 13, 27, 28, 31, 32, 38, 40, 65, 69, 74, 82, 84, 88, 91, 93, 96, 97, 143]]
[196, 2.90649, [0, 1, 3, 4, 9, 10, 12, 13, 27, 28, 31, 32, 38, 57, 65, 68, 69, 78, 80, 84, 85, 93, 94, 96, 97]]
[196, 2.90624, [0, 1, 3, 4, 9, 10, 12, 13, 27, 28, 31, 32, 38, 57, 65, 68, 70, 78, 80, 84, 85, 93, 94, 96, 97]]
[196, 2.90598, [0, 1, 3, 4, 9, 10, 12, 13, 27, 28, 31, 32, 38, 57, 65, 69, 70, 78, 80, 84, 85, 93, 94, 96, 97]]
[196, 2.90811, [0, 1, 3, 4, 9, 10, 12, 13, 27, 28, 31, 32, 38, 57, 65, 69, 71, 74, 78, 80, 88, 90, 93, 94, 97]]
[196, 2.90752, [0, 1, 3, 4, 9, 10, 12, 13, 27, 28, 31, 32, 38, 57, 65, 69, 71, 74, 78, 84, 88, 89, 93, 95, 96]]
[196, 2.90686, [0, 1, 3, 4, 9, 10, 12, 13, 27, 28, 31, 33, 36, 37, 67, 75, 77, 78, 82, 88, 90, 91, 95, 96, 158]]
[196, 2.916, [0, 1, 3, 4, 9, 10, 12, 13, 27, 28, 31, 36, 37, 39, 40, 57, 81, 82, 84, 85, 90, 93, 94, 97, 172]]
[196, 2.91434, [0, 1, 3, 4, 9, 10, 12, 13, 27, 29, 30, 32, 36, 38, 65, 70, 74, 82, 84, 87, 88, 91, 93, 96, 97]]
[196, 2.90838, [0, 1, 3, 4, 9, 10, 12, 13, 27, 29, 30, 32, 36, 38, 65, 70, 74, 82, 84, 88, 91, 93, 96, 97, 143]]
[196, 2.91143, [0, 1, 3, 4, 9, 10, 12, 13, 27, 29, 30, 32, 38, 40, 65, 69, 74, 82, 84, 87, 88, 91, 93, 96, 97]]
[196, 2.90548, [0, 1, 3, 4, 9, 10, 12, 13, 27, 29, 30, 32, 38, 40, 65, 69, 74, 82, 84, 88, 91, 93, 96, 97, 143]]
[196, 2.91201, [0, 1, 3, 4, 9, 10, 12, 13, 27, 29, 30, 32, 38, 43, 62, 65, 69, 71, 78, 84, 88, 89, 93, 96, 150]]
[196, 2.90605, [0, 1, 3, 4, 9, 10, 12, 13, 27, 29, 30, 32, 38, 62, 65, 69, 70, 74, 82, 84, 87, 88, 91, 93, 96]]
[196, 2.90576, [0, 1, 3, 4, 9, 10, 12, 13, 28, 29, 31, 32, 37, 38, 40, 41, 83, 84, 86, 87, 92, 93, 95, 96]]
[196, 2.90893, [0, 1, 3, 4, 9, 10, 12, 13, 28, 29, 31, 32, 38, 40, 41, 65, 74, 84, 85, 87, 88, 93, 97, 150, 152]]
[196, 2.90878, [0, 1, 3, 4, 9, 10, 12, 13, 28, 29, 31, 32, 38, 40, 65, 69, 74, 82, 84, 87, 88, 91, 93, 96, 97]]

Search completed in 2 hours, 16 minutes, and 19.44 seconds.  Enter a string to quit.