Enter an integer k for which our Kempner sets are k-free: 3
Enter a positive integer modulus b: 49
Enter estimation parameters, or * for pre-computed parameters ([0.1066, 1.1111, 1.4597]): *
Enter a threshold (e.g. 4.2) to determine printed output: 2.67
Enter a root for the search space (e.g. [0, 1, 2]) [or * for the root [0]]: *
Enter an upper bound for the size of allowable digit sets [or * to ignore]: *
Enter a maximal number of deviations from a greedy search [or * to ignore]: *
Searching for k-free sets mod b...

[49, 2.68882, [0, 1, 3, 4, 9, 10, 12, 22, 38]]
[49, 2.70546, [0, 1, 3, 4, 9, 10, 13, 21, 24]]
[49, 2.67967, [0, 1, 3, 4, 9, 10, 13, 21, 43]]
[49, 2.68368, [0, 1, 3, 4, 9, 10, 13, 24, 32]]
[49, 2.69409, [0, 1, 3, 4, 9, 12, 13, 16, 30]]
[49, 2.70885, [0, 1, 3, 4, 9, 12, 16, 30, 36, 38]]
[49, 2.67335, [0, 1, 3, 4, 9, 13, 16, 20, 21]]
[49, 2.72711, [0, 1, 3, 4, 9, 13, 16, 20, 30, 43]]
[49, 2.7317, [0, 1, 3, 4, 9, 13, 20, 21, 24, 32]]
[49, 2.71237, [0, 1, 3, 4, 9, 13, 20, 24, 30, 32]]
[49, 2.7097, [0, 1, 3, 4, 9, 13, 20, 24, 30, 34]]
[49, 2.70673, [0, 1, 3, 4, 9, 13, 20, 24, 32, 34]]
[49, 2.78596, [0, 1, 3, 4, 10, 11, 13, 14, 29, 34]]
[49, 2.69567, [0, 1, 3, 4, 10, 11, 13, 14, 34]]
[49, 2.70276, [0, 1, 3, 4, 10, 11, 14, 15, 23]]
[49, 2.72233, [0, 1, 3, 4, 10, 11, 14, 29, 34, 36]]
[49, 2.68036, [0, 1, 3, 4, 10, 12, 13, 15, 35]]
[49, 2.67525, [0, 1, 3, 4, 10, 12, 13, 18, 29]]
[49, 2.69838, [0, 1, 3, 4, 10, 12, 18, 22, 38, 42]]
[49, 2.68352, [0, 1, 3, 4, 10, 12, 18, 29, 38, 42]]
[49, 2.72333, [0, 1, 3, 4, 10, 14, 15, 21, 23, 44]]
[49, 2.68026, [0, 1, 3, 4, 11, 13, 14, 16, 20]]
[49, 2.67955, [0, 1, 3, 4, 11, 13, 17, 24, 39, 41]]
[49, 2.7009, [0, 1, 3, 4, 11, 15, 17, 20, 24, 41]]
[49, 2.6812, [0, 1, 3, 4, 11, 15, 20, 23, 24, 41]]
[49, 2.69056, [0, 1, 3, 4, 12, 14, 17, 19, 29, 42]]
[49, 2.67322, [0, 1, 3, 4, 12, 14, 17, 19, 42, 44]]
[49, 2.68646, [0, 1, 3, 4, 12, 14, 18, 19, 29, 42]]
[49, 2.68504, [0, 1, 3, 4, 14, 15, 17, 18, 23, 44]]
[49, 2.67488, [0, 1, 3, 4, 14, 15, 17, 21, 23, 44]]
[49, 2.67387, [0, 1, 3, 4, 14, 15, 18, 20, 23, 44]]
[49, 2.68387, [0, 1, 3, 4, 14, 15, 19, 21, 22, 31]]
[49, 2.67618, [0, 1, 3, 7, 8, 10, 18, 21, 22, 38]]
[49, 2.68888, [0, 1, 3, 7, 8, 10, 18, 21, 23, 27]]

Search completed in 0 hours, 0 minutes, and 0.076 seconds.  Enter a string to quit.