Enter an integer k for which our Kempner sets are k-free: 3
Enter a positive integer modulus b: 207
Enter estimation parameters, or * for pre-computed parameters ([0.072, 1.0522, 1.3847]): *
Enter a threshold (e.g. 4.2) to determine printed output: 2.92
Enter a root for the search space (e.g. [0, 1, 2]) [or * for the root [0]]: *
Enter an upper bound for the size of allowable digit sets [or * to ignore]: 32
Enter a maximal number of deviations from a greedy search [or * to ignore]: *
Searching for k-free sets mod b...

[207, 2.92141, [0, 1, 3, 4, 9, 10, 12, 13, 27, 28, 30, 31, 36, 37, 39, 40, 81, 82, 84, 85, 90, 94, 97, 101, 102]]
[207, 2.921, [0, 1, 3, 4, 9, 10, 12, 13, 27, 28, 30, 31, 36, 37, 39, 40, 81, 82, 84, 85, 91, 95, 96, 102, 103]]
[207, 2.92202, [0, 1, 3, 4, 9, 10, 12, 13, 27, 28, 30, 31, 36, 37, 39, 40, 81, 82, 84, 85, 92, 94, 95, 97, 101]]
[207, 2.92161, [0, 1, 3, 4, 9, 10, 12, 13, 27, 28, 30, 31, 36, 37, 39, 40, 81, 82, 84, 85, 92, 94, 97, 98, 101]]
[207, 2.92095, [0, 1, 3, 4, 9, 10, 12, 13, 27, 28, 30, 31, 36, 37, 39, 40, 81, 82, 84, 85, 93, 95, 96, 100, 103]]
[207, 2.92067, [0, 1, 3, 4, 9, 10, 12, 13, 27, 28, 30, 31, 36, 37, 39, 40, 81, 82, 84, 85, 94, 95, 97, 101, 102]]
[207, 2.92053, [0, 1, 3, 4, 9, 10, 12, 13, 27, 28, 30, 31, 36, 37, 39, 40, 81, 82, 84, 85, 94, 95, 99, 100, 102]]
[207, 2.92041, [0, 1, 3, 4, 9, 10, 12, 13, 27, 28, 30, 31, 36, 37, 39, 40, 81, 82, 84, 85, 94, 95, 99, 101, 102]]
[207, 2.92053, [0, 1, 3, 4, 9, 10, 12, 13, 27, 28, 30, 31, 36, 37, 39, 40, 81, 82, 84, 85, 94, 96, 97, 101, 102]]
[207, 2.92099, [0, 1, 3, 4, 9, 10, 12, 13, 27, 28, 30, 31, 36, 37, 39, 40, 81, 82, 84, 88, 89, 91, 99, 102, 103]]
[207, 2.92095, [0, 1, 3, 4, 9, 10, 12, 13, 27, 28, 30, 31, 36, 37, 39, 40, 81, 82, 84, 88, 89, 93, 99, 100, 103]]
[207, 2.92069, [0, 1, 3, 4, 9, 10, 12, 13, 27, 28, 30, 31, 36, 37, 39, 40, 81, 82, 84, 88, 89, 93, 100, 101, 103]]
[207, 2.92054, [0, 1, 3, 4, 9, 10, 12, 13, 27, 28, 30, 31, 36, 37, 39, 40, 81, 82, 84, 88, 90, 93, 100, 101, 103]]
[207, 2.92038, [0, 1, 3, 4, 9, 10, 12, 13, 27, 28, 30, 31, 36, 37, 39, 40, 81, 82, 84, 89, 90, 93, 100, 101, 103]]
[207, 2.92083, [0, 1, 3, 4, 9, 10, 12, 13, 27, 28, 30, 31, 36, 37, 39, 40, 81, 82, 84, 89, 92, 93, 98, 99, 101]]
[207, 2.92047, [0, 1, 3, 4, 9, 10, 12, 13, 27, 28, 30, 31, 36, 37, 39, 40, 81, 82, 84, 90, 91, 94, 95, 102, 103]]
[207, 2.9378, [0, 1, 3, 4, 9, 10, 12, 13, 27, 28, 30, 31, 36, 37, 39, 40, 81, 82, 84, 93, 95, 96, 100, 101, 103, 148]]
[207, 2.92168, [0, 1, 3, 4, 9, 10, 12, 13, 27, 28, 30, 31, 36, 37, 39, 40, 81, 82, 85, 86, 92, 94, 95, 97, 101]]
[207, 2.92128, [0, 1, 3, 4, 9, 10, 12, 13, 27, 28, 30, 31, 36, 37, 39, 40, 81, 82, 85, 86, 92, 94, 95, 100, 101]]
[207, 2.92087, [0, 1, 3, 4, 9, 10, 12, 13, 27, 28, 30, 31, 36, 37, 39, 40, 81, 82, 85, 86, 92, 95, 97, 100, 101]]
[207, 2.92099, [0, 1, 3, 4, 9, 10, 12, 13, 27, 28, 30, 31, 36, 37, 39, 40, 81, 82, 85, 86, 93, 95, 96, 98, 102]]
[207, 2.92036, [0, 1, 3, 4, 9, 10, 12, 13, 27, 28, 30, 31, 36, 37, 39, 40, 81, 82, 85, 86, 93, 95, 96, 102, 103]]
[207, 2.92059, [0, 1, 3, 4, 9, 10, 12, 13, 27, 28, 30, 31, 36, 37, 39, 40, 81, 82, 85, 86, 93, 95, 98, 99, 102]]
[207, 2.92087, [0, 1, 3, 4, 9, 10, 12, 13, 27, 28, 30, 31, 36, 37, 39, 40, 81, 82, 85, 87, 90, 96, 97, 100, 101]]
[207, 2.92049, [0, 1, 3, 4, 9, 10, 12, 13, 27, 28, 30, 31, 36, 37, 39, 40, 81, 82, 85, 87, 90, 96, 97, 101, 103]]
[207, 2.92046, [0, 1, 3, 4, 9, 10, 12, 13, 27, 28, 30, 31, 36, 37, 39, 40, 81, 82, 85, 87, 91, 96, 98, 99, 103]]
[207, 2.93813, [0, 1, 3, 4, 9, 10, 12, 13, 27, 28, 30, 31, 36, 37, 39, 40, 81, 82, 85, 91, 95, 96, 98, 102, 103, 147]]
[207, 2.92179, [0, 1, 3, 4, 9, 10, 12, 13, 27, 28, 30, 31, 36, 37, 39, 40, 81, 82, 86, 87, 89, 94, 95, 98, 100]]
[207, 2.92075, [0, 1, 3, 4, 9, 10, 12, 13, 27, 28, 30, 31, 36, 37, 39, 40, 81, 82, 86, 87, 89, 94, 98, 100, 103]]
[207, 2.92086, [0, 1, 3, 4, 9, 10, 12, 13, 27, 28, 30, 31, 36, 37, 39, 40, 81, 82, 86, 87, 89, 95, 98, 99, 102]]
[207, 2.9206, [0, 1, 3, 4, 9, 10, 12, 13, 27, 28, 30, 31, 36, 37, 39, 40, 81, 82, 86, 87, 89, 95, 99, 100, 102]]
[207, 2.93926, [0, 1, 3, 4, 9, 10, 12, 13, 27, 28, 30, 31, 36, 37, 39, 40, 81, 82, 86, 88, 89, 93, 99, 101, 102, 157]]
[207, 2.92035, [0, 1, 3, 4, 9, 10, 12, 13, 27, 28, 30, 31, 36, 37, 39, 40, 81, 82, 86, 88, 89, 93, 99, 102, 103]]
[207, 2.92037, [0, 1, 3, 4, 9, 10, 12, 13, 27, 28, 30, 31, 36, 37, 39, 40, 81, 82, 87, 88, 90, 96, 97, 100, 101]]
[207, 2.93158, [0, 1, 3, 4, 9, 10, 12, 13, 27, 28, 30, 31, 36, 37, 39, 40, 81, 82, 91, 95, 96, 98, 102, 103, 147, 148]]
[207, 2.92053, [0, 1, 3, 4, 9, 10, 12, 13, 27, 28, 30, 31, 36, 37, 39, 40, 81, 83, 84, 86, 90, 95, 98, 102, 103]]
[207, 2.92085, [0, 1, 3, 4, 9, 10, 12, 13, 27, 28, 30, 31, 36, 37, 39, 40, 81, 83, 84, 86, 93, 94, 98, 99, 101]]
[207, 2.92058, [0, 1, 3, 4, 9, 10, 12, 13, 27, 28, 30, 31, 36, 37, 39, 40, 81, 83, 84, 86, 94, 95, 97, 98, 103]]
[207, 2.92031, [0, 1, 3, 4, 9, 10, 12, 13, 27, 28, 30, 31, 36, 37, 39, 40, 81, 83, 84, 86, 94, 96, 97, 99, 103]]
[207, 2.92158, [0, 1, 3, 4, 9, 10, 12, 13, 27, 28, 30, 31, 36, 37, 39, 40, 81, 83, 84, 88, 89, 91, 96, 100, 102]]
[207, 2.92068, [0, 1, 3, 4, 9, 10, 12, 13, 27, 28, 30, 31, 36, 37, 39, 40, 81, 83, 84, 88, 89, 91, 100, 102, 103]]
[207, 2.92085, [0, 1, 3, 4, 9, 10, 12, 13, 27, 28, 30, 31, 36, 37, 39, 40, 81, 83, 84, 88, 89, 96, 98, 99, 101]]
[207, 2.92047, [0, 1, 3, 4, 9, 10, 12, 13, 27, 28, 30, 31, 36, 37, 39, 40, 81, 83, 84, 88, 89, 96, 98, 101, 102]]
[207, 2.92053, [0, 1, 3, 4, 9, 10, 12, 13, 27, 28, 30, 31, 36, 37, 39, 40, 81, 83, 84, 88, 90, 91, 100, 102, 103]]
[207, 2.92042, [0, 1, 3, 4, 9, 10, 12, 13, 27, 28, 30, 31, 36, 37, 39, 40, 81, 83, 84, 88, 91, 96, 97, 100, 102]]
[207, 2.92083, [0, 1, 3, 4, 9, 10, 12, 13, 27, 28, 30, 31, 36, 37, 39, 40, 81, 83, 84, 89, 90, 93, 98, 100, 101]]
[207, 2.92029, [0, 1, 3, 4, 9, 10, 12, 13, 27, 28, 30, 31, 36, 37, 39, 40, 81, 83, 84, 90, 91, 94, 95, 102, 103]]
[207, 2.92102, [0, 1, 3, 4, 9, 10, 12, 13, 27, 28, 30, 31, 36, 37, 39, 40, 81, 83, 86, 87, 92, 94, 95, 99, 100]]
[207, 2.92038, [0, 1, 3, 4, 9, 10, 12, 13, 27, 28, 30, 31, 36, 37, 39, 40, 81, 84, 85, 88, 90, 94, 97, 101, 102]]
[207, 2.93137, [0, 1, 3, 4, 9, 10, 12, 13, 27, 28, 30, 31, 36, 37, 39, 40, 81, 84, 90, 95, 97, 98, 102, 103, 145, 148]]
[207, 2.93092, [0, 1, 3, 4, 9, 10, 12, 13, 27, 28, 30, 31, 36, 37, 39, 40, 81, 84, 93, 95, 96, 100, 101, 103, 145, 148]]
[207, 2.92471, [0, 1, 3, 4, 9, 10, 12, 13, 27, 28, 30, 31, 36, 37, 39, 40, 81, 90, 95, 97, 98, 102, 103, 145, 147, 148]]
[207, 2.92063, [0, 1, 3, 4, 9, 10, 12, 13, 27, 28, 30, 31, 36, 37, 39, 40, 82, 83, 85, 86, 93, 95, 96, 98, 102]]
[207, 2.92029, [0, 1, 3, 4, 9, 10, 12, 13, 27, 28, 30, 31, 36, 37, 39, 40, 82, 83, 86, 87, 93, 95, 96, 98, 102]]
[207, 2.92041, [0, 1, 3, 4, 9, 10, 12, 13, 27, 28, 30, 31, 36, 37, 39, 40, 82, 83, 87, 88, 90, 95, 96, 99, 101]]
[207, 2.93684, [0, 1, 3, 4, 9, 10, 12, 13, 27, 28, 30, 31, 36, 37, 39, 40, 82, 84, 88, 93, 95, 96, 100, 101, 103, 144]]
[207, 2.9308, [0, 1, 3, 4, 9, 10, 12, 13, 27, 28, 30, 31, 36, 37, 39, 40, 82, 84, 93, 95, 96, 100, 101, 103, 144, 148]]
[207, 2.93112, [0, 1, 3, 4, 9, 10, 12, 13, 27, 28, 30, 31, 36, 37, 39, 40, 82, 85, 91, 95, 96, 98, 102, 103, 144, 147]]
[207, 2.92458, [0, 1, 3, 4, 9, 10, 12, 13, 27, 28, 30, 31, 36, 37, 39, 40, 82, 91, 95, 96, 98, 102, 103, 144, 147, 148]]
[207, 2.92391, [0, 1, 3, 4, 9, 10, 12, 13, 27, 28, 30, 31, 36, 37, 39, 40, 84, 93, 95, 96, 100, 101, 103, 144, 145, 148]]
[207, 2.92752, [0, 1, 3, 4, 9, 10, 12, 13, 27, 28, 30, 31, 36, 37, 39, 67, 81, 82, 86, 88, 89, 93, 99, 101, 102, 157]]
[207, 2.92612, [0, 1, 3, 4, 9, 10, 12, 13, 27, 28, 30, 31, 36, 37, 39, 76, 79, 80, 83, 85, 93, 95, 96, 98, 102, 175]]
[207, 2.92586, [0, 1, 3, 4, 9, 10, 12, 13, 27, 28, 30, 31, 36, 37, 39, 76, 79, 80, 83, 85, 93, 95, 96, 100, 102, 175]]
[207, 2.92572, [0, 1, 3, 4, 9, 10, 12, 13, 27, 28, 30, 31, 36, 37, 39, 76, 79, 80, 83, 85, 93, 95, 98, 99, 102, 175]]
[207, 2.92545, [0, 1, 3, 4, 9, 10, 12, 13, 27, 28, 30, 31, 36, 37, 39, 76, 79, 80, 83, 85, 93, 95, 99, 100, 102, 175]]
[207, 2.92558, [0, 1, 3, 4, 9, 10, 12, 13, 27, 28, 30, 31, 36, 37, 39, 76, 79, 80, 83, 85, 93, 96, 97, 100, 102, 175]]
[207, 2.92518, [0, 1, 3, 4, 9, 10, 12, 13, 27, 28, 30, 31, 36, 37, 39, 76, 79, 80, 83, 85, 93, 97, 99, 100, 102, 175]]
[207, 2.92489, [0, 1, 3, 4, 9, 10, 12, 13, 27, 28, 30, 31, 36, 37, 39, 76, 79, 80, 85, 87, 93, 96, 97, 100, 102, 175]]
[207, 2.9266, [0, 1, 3, 4, 9, 10, 12, 13, 27, 28, 30, 31, 36, 37, 39, 76, 79, 81, 84, 85, 90, 93, 97, 98, 100, 175]]
[207, 2.92555, [0, 1, 3, 4, 9, 10, 12, 13, 27, 28, 30, 31, 36, 37, 39, 76, 80, 82, 83, 85, 93, 95, 96, 98, 102, 175]]
[207, 2.92528, [0, 1, 3, 4, 9, 10, 12, 13, 27, 28, 30, 31, 36, 37, 39, 76, 80, 82, 83, 85, 93, 95, 96, 100, 102, 175]]
[207, 2.92514, [0, 1, 3, 4, 9, 10, 12, 13, 27, 28, 30, 31, 36, 37, 39, 76, 80, 82, 83, 85, 93, 95, 98, 99, 102, 175]]
[207, 2.92488, [0, 1, 3, 4, 9, 10, 12, 13, 27, 28, 30, 31, 36, 37, 39, 76, 80, 82, 83, 85, 93, 95, 99, 100, 102, 175]]
[207, 2.92501, [0, 1, 3, 4, 9, 10, 12, 13, 27, 28, 30, 31, 36, 37, 39, 76, 80, 82, 83, 85, 93, 96, 97, 100, 102, 175]]
[207, 2.92461, [0, 1, 3, 4, 9, 10, 12, 13, 27, 28, 30, 31, 36, 37, 39, 76, 80, 82, 83, 85, 93, 97, 99, 100, 102, 175]]
[207, 2.92495, [0, 1, 3, 4, 9, 10, 12, 13, 27, 28, 30, 31, 36, 37, 39, 76, 80, 82, 83, 87, 93, 95, 96, 100, 102, 175]]
[207, 2.92467, [0, 1, 3, 4, 9, 10, 12, 13, 27, 28, 30, 31, 36, 37, 39, 76, 80, 82, 83, 87, 93, 96, 97, 100, 102, 175]]
[207, 2.9246, [0, 1, 3, 4, 9, 10, 12, 13, 27, 28, 30, 31, 36, 37, 39, 76, 80, 82, 85, 87, 93, 95, 96, 100, 102, 175]]
[207, 2.92432, [0, 1, 3, 4, 9, 10, 12, 13, 27, 28, 30, 31, 36, 37, 39, 76, 80, 82, 85, 87, 93, 96, 97, 100, 102, 175]]
[207, 2.92425, [0, 1, 3, 4, 9, 10, 12, 13, 27, 28, 30, 31, 36, 37, 39, 76, 81, 82, 85, 91, 95, 96, 98, 102, 103, 147]]
[207, 2.9238, [0, 1, 3, 4, 9, 10, 12, 13, 27, 28, 30, 31, 36, 37, 39, 79, 80, 82, 88, 92, 93, 95, 100, 101, 103, 142]]
[207, 2.92292, [0, 1, 3, 4, 9, 10, 12, 13, 27, 28, 30, 31, 36, 37, 39, 79, 80, 82, 90, 93, 94, 97, 99, 102, 103, 142]]
[207, 2.92477, [0, 1, 3, 4, 9, 10, 12, 13, 27, 28, 30, 31, 36, 37, 39, 79, 81, 82, 84, 88, 93, 96, 100, 101, 103, 142]]
[207, 2.92472, [0, 1, 3, 4, 9, 10, 12, 13, 27, 28, 30, 31, 36, 37, 39, 79, 81, 82, 84, 90, 94, 95, 97, 102, 103, 142]]
[207, 2.92385, [0, 1, 3, 4, 9, 10, 12, 13, 27, 28, 30, 31, 36, 37, 39, 79, 81, 82, 84, 93, 94, 96, 100, 101, 103, 142]]
[207, 2.92392, [0, 1, 3, 4, 9, 10, 12, 13, 27, 28, 30, 31, 36, 37, 39, 79, 81, 82, 84, 93, 95, 96, 100, 101, 103, 139]]
[207, 2.92371, [0, 1, 3, 4, 9, 10, 12, 13, 27, 28, 30, 31, 36, 37, 39, 79, 81, 82, 84, 93, 95, 96, 100, 101, 103, 142]]
[207, 2.92498, [0, 1, 3, 4, 9, 10, 12, 13, 27, 28, 30, 31, 36, 37, 39, 79, 81, 82, 86, 87, 89, 94, 98, 100, 103, 156]]
[207, 2.92371, [0, 1, 3, 4, 9, 10, 12, 13, 27, 28, 30, 31, 36, 37, 39, 79, 82, 84, 87, 88, 93, 96, 100, 101, 103, 142]]
[207, 2.94206, [0, 1, 3, 4, 9, 10, 12, 13, 27, 28, 30, 31, 36, 37, 39, 79, 82, 84, 88, 93, 95, 96, 100, 101, 103, 142, 144]]
[207, 2.92235, [0, 1, 3, 4, 9, 10, 12, 13, 27, 28, 30, 31, 36, 37, 39, 79, 82, 84, 88, 93, 95, 96, 100, 101, 103, 144]]
[207, 2.92619, [0, 1, 3, 4, 9, 10, 12, 13, 27, 28, 30, 31, 36, 37, 40, 75, 78, 82, 83, 85, 90, 94, 96, 99, 100, 174]]
[207, 2.925, [0, 1, 3, 4, 9, 10, 12, 13, 27, 28, 30, 31, 36, 37, 40, 75, 78, 82, 83, 85, 90, 96, 99, 100, 103, 174]]
[207, 2.92359, [0, 1, 3, 4, 9, 10, 12, 13, 27, 28, 30, 31, 36, 37, 40, 75, 78, 82, 83, 90, 94, 96, 99, 100, 103, 174]]
[207, 2.92456, [0, 1, 3, 4, 9, 10, 12, 13, 27, 28, 30, 31, 36, 37, 40, 75, 78, 83, 85, 86, 90, 96, 98, 99, 103, 174]]
[207, 2.9243, [0, 1, 3, 4, 9, 10, 12, 13, 27, 28, 30, 31, 36, 37, 40, 75, 78, 83, 85, 86, 90, 96, 99, 100, 103, 174]]
[207, 2.92329, [0, 1, 3, 4, 9, 10, 12, 13, 27, 28, 30, 31, 36, 37, 40, 75, 81, 83, 84, 86, 94, 96, 99, 100, 103, 174]]
[207, 2.92335, [0, 1, 3, 4, 9, 10, 12, 13, 27, 28, 30, 31, 36, 37, 40, 75, 81, 83, 84, 88, 94, 96, 97, 99, 103, 174]]
[207, 2.92433, [0, 1, 3, 4, 9, 10, 12, 13, 27, 28, 30, 31, 36, 37, 40, 78, 81, 82, 85, 87, 91, 98, 99, 102, 103, 141]]
[207, 2.92467, [0, 1, 3, 4, 9, 10, 12, 13, 27, 28, 30, 31, 36, 37, 40, 78, 81, 82, 85, 87, 94, 95, 99, 100, 102, 141]]
[207, 2.92351, [0, 1, 3, 4, 9, 10, 12, 13, 27, 28, 30, 31, 36, 37, 40, 78, 81, 82, 85, 91, 95, 96, 98, 102, 103, 141]]
[207, 2.92295, [0, 1, 3, 4, 9, 10, 12, 13, 27, 28, 30, 31, 36, 37, 40, 78, 81, 82, 85, 93, 95, 96, 100, 102, 103, 141]]
[207, 2.92314, [0, 1, 3, 4, 9, 10, 12, 13, 27, 28, 30, 31, 36, 37, 40, 78, 82, 83, 85, 91, 95, 96, 98, 102, 103, 141]]
[207, 2.92868, [0, 1, 3, 4, 9, 10, 12, 13, 27, 28, 30, 31, 36, 38, 39, 70, 79, 81, 82, 86, 87, 89, 98, 100, 103, 156]]
[207, 2.92733, [0, 1, 3, 4, 9, 10, 12, 13, 27, 28, 30, 31, 36, 38, 39, 70, 79, 81, 86, 87, 89, 90, 98, 100, 103, 156]]
[207, 2.92673, [0, 1, 3, 4, 9, 10, 12, 13, 27, 28, 30, 31, 36, 38, 39, 70, 79, 81, 86, 87, 89, 94, 98, 100, 103, 156]]
[207, 2.92312, [0, 1, 3, 4, 9, 10, 12, 13, 27, 28, 30, 31, 36, 38, 39, 79, 81, 82, 84, 93, 95, 96, 100, 101, 103, 139]]
[207, 2.92418, [0, 1, 3, 4, 9, 10, 12, 13, 27, 28, 30, 31, 36, 38, 39, 79, 81, 82, 86, 87, 89, 94, 98, 100, 103, 156]]
[207, 2.92155, [0, 1, 3, 4, 9, 10, 12, 13, 27, 28, 30, 31, 36, 38, 39, 79, 82, 84, 88, 93, 95, 96, 100, 101, 103, 144]]
[207, 2.92313, [0, 1, 3, 4, 9, 10, 12, 13, 27, 28, 30, 31, 37, 39, 40, 72, 81, 82, 86, 88, 89, 93, 99, 101, 102, 157]]
[207, 2.92247, [0, 1, 3, 4, 9, 10, 12, 13, 27, 28, 30, 31, 37, 39, 40, 72, 81, 83, 84, 88, 89, 91, 100, 102, 103, 171]]
[207, 2.9217, [0, 1, 3, 4, 9, 10, 12, 13, 27, 28, 30, 34, 35, 37, 63, 72, 75, 76, 82, 84, 90, 94, 95, 97, 102, 103]]
[207, 2.93308, [0, 1, 3, 4, 9, 10, 12, 13, 27, 28, 30, 34, 35, 37, 63, 72, 75, 82, 84, 90, 94, 95, 97, 102, 103, 142, 148]]
[207, 2.93118, [0, 1, 3, 4, 9, 10, 12, 13, 27, 28, 30, 34, 35, 37, 63, 75, 81, 82, 84, 90, 94, 95, 97, 102, 103, 142, 148]]
[207, 2.93467, [0, 1, 3, 4, 9, 10, 12, 13, 27, 28, 30, 34, 35, 37, 72, 75, 79, 80, 82, 90, 93, 94, 97, 99, 102, 103, 142]]
[207, 2.93132, [0, 1, 3, 4, 9, 10, 12, 13, 27, 28, 30, 34, 35, 39, 49, 62, 72, 73, 79, 80, 83, 92, 99, 100, 102, 103]]
[207, 2.9297, [0, 1, 3, 4, 9, 10, 12, 13, 27, 28, 30, 34, 35, 39, 49, 62, 72, 73, 79, 80, 92, 93, 99, 100, 102, 103]]
[207, 2.92443, [0, 1, 3, 4, 9, 10, 12, 13, 27, 28, 30, 34, 35, 39, 49, 62, 72, 73, 79, 80, 92, 93, 100, 102, 103, 162]]
[207, 2.92153, [0, 1, 3, 4, 9, 10, 12, 13, 27, 28, 30, 34, 35, 39, 49, 72, 73, 79, 80, 82, 90, 93, 99, 102, 103, 139]]
[207, 2.92064, [0, 1, 3, 4, 9, 10, 12, 13, 27, 28, 30, 34, 35, 39, 49, 72, 73, 79, 80, 82, 93, 96, 100, 101, 103, 139]]
[207, 2.92052, [0, 1, 3, 4, 9, 10, 12, 13, 27, 28, 30, 34, 35, 39, 49, 72, 73, 79, 80, 82, 93, 96, 100, 102, 103, 139]]
[207, 2.9276, [0, 1, 3, 4, 9, 10, 12, 13, 27, 28, 30, 34, 35, 39, 49, 72, 73, 79, 80, 83, 84, 90, 92, 99, 102, 103]]
[207, 2.92258, [0, 1, 3, 4, 9, 10, 12, 13, 27, 28, 30, 34, 35, 39, 49, 72, 73, 79, 81, 82, 84, 93, 99, 100, 103, 139]]
[207, 2.92232, [0, 1, 3, 4, 9, 10, 12, 13, 27, 28, 30, 34, 35, 39, 49, 72, 73, 79, 81, 82, 84, 93, 100, 101, 103, 139]]
[207, 2.92137, [0, 1, 3, 4, 9, 10, 12, 13, 27, 28, 30, 34, 35, 39, 49, 72, 73, 79, 81, 82, 84, 99, 100, 102, 103, 139]]
[207, 2.92045, [0, 1, 3, 4, 9, 10, 12, 13, 27, 28, 30, 34, 35, 39, 49, 72, 73, 79, 81, 82, 93, 96, 100, 101, 103, 139]]
[207, 2.92033, [0, 1, 3, 4, 9, 10, 12, 13, 27, 28, 30, 34, 35, 39, 49, 72, 73, 79, 81, 82, 93, 96, 100, 102, 103, 139]]
[207, 2.92104, [0, 1, 3, 4, 9, 10, 12, 13, 27, 28, 30, 34, 35, 39, 49, 72, 73, 79, 82, 84, 90, 93, 99, 100, 103, 139]]
[207, 2.92088, [0, 1, 3, 4, 9, 10, 12, 13, 27, 28, 30, 34, 35, 39, 49, 72, 73, 80, 81, 84, 91, 93, 99, 100, 103, 139]]
[207, 2.92358, [0, 1, 3, 4, 9, 10, 12, 13, 27, 28, 30, 34, 35, 39, 62, 71, 72, 76, 79, 83, 84, 88, 98, 99, 101, 102]]
[207, 2.92096, [0, 1, 3, 4, 9, 10, 12, 13, 27, 28, 30, 34, 35, 39, 62, 71, 72, 76, 79, 88, 91, 92, 98, 99, 101, 102]]
[207, 2.92216, [0, 1, 3, 4, 9, 10, 12, 13, 27, 28, 30, 34, 35, 39, 63, 72, 73, 79, 80, 82, 89, 90, 93, 94, 102, 103]]
[207, 2.92075, [0, 1, 3, 4, 9, 10, 12, 13, 27, 28, 30, 34, 35, 39, 63, 72, 73, 79, 80, 82, 89, 93, 94, 100, 102, 103]]
[207, 2.92108, [0, 1, 3, 4, 9, 10, 12, 13, 27, 28, 30, 34, 36, 37, 39, 76, 81, 82, 85, 91, 95, 96, 98, 102, 103, 147]]
[207, 2.92154, [0, 1, 3, 4, 9, 10, 12, 13, 27, 28, 30, 34, 36, 37, 39, 79, 81, 82, 84, 90, 94, 95, 97, 102, 103, 142]]
[207, 2.92068, [0, 1, 3, 4, 9, 10, 12, 13, 27, 28, 30, 34, 36, 37, 39, 79, 81, 82, 84, 93, 94, 96, 100, 101, 103, 142]]
[207, 2.92054, [0, 1, 3, 4, 9, 10, 12, 13, 27, 28, 30, 34, 36, 37, 39, 79, 81, 82, 84, 93, 95, 96, 100, 101, 103, 142]]
[207, 2.92181, [0, 1, 3, 4, 9, 10, 12, 13, 27, 28, 30, 34, 36, 37, 39, 79, 81, 82, 86, 87, 89, 94, 98, 100, 103, 156]]
[207, 2.92024, [0, 1, 3, 4, 9, 10, 12, 13, 27, 28, 30, 36, 37, 39, 40, 58, 81, 82, 84, 90, 91, 95, 97, 102, 121, 148]]
[207, 2.92127, [0, 1, 3, 4, 9, 10, 12, 13, 27, 28, 31, 36, 37, 39, 40, 48, 81, 85, 88, 90, 97, 98, 100, 101, 120, 138]]
[207, 2.92089, [0, 1, 3, 4, 9, 10, 12, 13, 27, 28, 31, 36, 37, 39, 40, 48, 81, 85, 88, 90, 97, 98, 101, 103, 120, 138]]
[207, 2.9205, [0, 1, 3, 4, 9, 10, 12, 13, 27, 28, 31, 36, 37, 39, 40, 48, 81, 85, 88, 90, 98, 100, 101, 103, 120, 138]]
[207, 2.92231, [0, 1, 3, 4, 9, 10, 12, 13, 27, 28, 32, 33, 35, 40, 59, 72, 73, 75, 81, 82, 84, 88, 97, 99, 100, 102]]
[207, 2.92127, [0, 1, 3, 4, 9, 10, 12, 13, 27, 28, 32, 33, 35, 40, 59, 72, 73, 75, 81, 82, 88, 93, 96, 97, 100, 102]]
[207, 2.92087, [0, 1, 3, 4, 9, 10, 12, 13, 27, 28, 32, 33, 35, 40, 59, 72, 73, 75, 81, 82, 88, 93, 97, 99, 100, 102]]
[207, 2.93239, [0, 1, 3, 4, 9, 10, 12, 13, 27, 28, 32, 33, 35, 40, 72, 73, 78, 81, 82, 85, 93, 95, 96, 100, 102, 103, 139]]
[207, 2.92456, [0, 1, 3, 4, 9, 10, 12, 13, 27, 28, 32, 33, 35, 40, 72, 73, 81, 82, 85, 93, 95, 96, 100, 102, 103, 139, 147]]
[207, 2.92305, [0, 1, 3, 4, 9, 10, 12, 13, 27, 28, 32, 33, 35, 48, 49, 59, 72, 73, 76, 78, 81, 82, 99, 101, 102, 173]]
[207, 2.92511, [0, 1, 3, 4, 9, 10, 12, 13, 27, 28, 32, 34, 35, 39, 48, 72, 73, 79, 80, 82, 89, 90, 94, 97, 102, 103]]
[207, 2.92367, [0, 1, 3, 4, 9, 10, 12, 13, 27, 28, 32, 34, 35, 39, 48, 72, 73, 79, 80, 82, 90, 94, 97, 99, 102, 103]]
[207, 2.92529, [0, 1, 3, 4, 9, 10, 12, 13, 27, 28, 32, 34, 35, 39, 49, 72, 73, 79, 80, 83, 84, 90, 92, 99, 102, 103]]
[207, 2.92127, [0, 1, 3, 4, 9, 10, 12, 13, 27, 28, 32, 34, 35, 39, 62, 71, 72, 76, 79, 83, 84, 88, 98, 99, 101, 102]]
[207, 2.92304, [0, 1, 3, 4, 9, 10, 12, 13, 27, 28, 32, 34, 35, 49, 72, 73, 75, 79, 80, 82, 90, 93, 99, 102, 103, 139, 165]]
[207, 2.92621, [0, 1, 3, 4, 9, 10, 12, 13, 27, 29, 30, 32, 36, 38, 39, 70, 79, 81, 82, 86, 87, 89, 98, 100, 103, 156]]
[207, 2.92485, [0, 1, 3, 4, 9, 10, 12, 13, 27, 29, 30, 32, 36, 38, 39, 70, 79, 81, 86, 87, 89, 90, 98, 100, 103, 156]]
[207, 2.9212, [0, 1, 3, 4, 9, 10, 12, 13, 27, 29, 30, 32, 36, 38, 39, 79, 80, 83, 84, 90, 92, 98, 99, 102, 103, 140]]
[207, 2.92157, [0, 1, 3, 4, 9, 10, 12, 13, 27, 29, 30, 32, 36, 38, 39, 79, 81, 82, 84, 90, 94, 95, 97, 102, 103, 140]]
[207, 2.92136, [0, 1, 3, 4, 9, 10, 12, 13, 27, 29, 30, 34, 35, 37, 63, 75, 76, 79, 81, 84, 85, 88, 90, 98, 102, 103]]
[207, 2.93331, [0, 1, 3, 4, 9, 10, 12, 13, 27, 29, 30, 34, 35, 37, 72, 75, 79, 80, 82, 90, 93, 94, 97, 99, 102, 103, 142]]
[207, 2.92172, [0, 1, 3, 4, 9, 10, 12, 13, 27, 31, 33, 34, 38, 46, 48, 60, 70, 71, 77, 78, 81, 90, 97, 98, 100, 101]]
[207, 2.9289, [0, 1, 3, 4, 9, 10, 12, 13, 28, 29, 31, 32, 37, 38, 40, 41, 84, 85, 89, 90, 92, 97, 98, 101, 103, 145]]
[207, 2.92339, [0, 1, 3, 4, 9, 10, 12, 13, 28, 29, 31, 32, 37, 38, 40, 41, 85, 89, 90, 92, 97, 98, 101, 103, 131, 145]]
[207, 2.92278, [0, 1, 3, 4, 9, 10, 12, 13, 28, 30, 31, 33, 37, 39, 40, 42, 82, 86, 88, 89, 91, 99, 101, 102, 117, 157]]
[207, 2.92248, [0, 1, 3, 4, 9, 10, 12, 13, 28, 30, 31, 33, 37, 39, 40, 42, 82, 86, 88, 89, 93, 99, 101, 102, 117, 157]]
[207, 2.92217, [0, 1, 3, 4, 9, 10, 12, 13, 28, 30, 31, 33, 37, 39, 40, 42, 82, 86, 88, 91, 93, 99, 101, 102, 117, 157]]
[207, 2.92621, [0, 1, 3, 4, 9, 10, 12, 13, 28, 30, 31, 33, 37, 42, 68, 69, 76, 78, 79, 86, 91, 95, 97, 100, 102, 117, 175]]
[207, 2.92364, [0, 1, 3, 4, 9, 10, 12, 13, 28, 30, 31, 33, 37, 42, 68, 69, 76, 78, 79, 86, 91, 95, 97, 100, 102, 150, 175]]
[207, 2.92358, [0, 1, 3, 4, 9, 10, 12, 13, 28, 30, 31, 36, 37, 39, 45, 79, 82, 84, 88, 93, 95, 100, 101, 103, 117, 135, 142]]

Search completed in 5 hours, 33 minutes, and 33.12 seconds.  Enter a string to quit.