Enter an integer k for which our Kempner sets are k-free: 3
Enter a positive integer modulus b: 43
Enter estimation parameters, or * for pre-computed parameters ([0.111, 1.1195, 1.466]): *
Enter a threshold (e.g. 4.2) to determine printed output: 2.65
Enter a root for the search space (e.g. [0, 1, 2]) [or * for the root [0]]: *
Enter an upper bound for the size of allowable digit sets [or * to ignore]: *
Enter a maximal number of deviations from a greedy search [or * to ignore]: *
Searching for k-free sets mod b...

[43, 2.7076, [0, 1, 3, 4, 9, 10, 12, 13]]
[43, 2.65219, [0, 1, 3, 4, 9, 10, 12, 30]]
[43, 2.66415, [0, 1, 3, 4, 9, 10, 13, 21]]
[43, 2.73018, [0, 1, 3, 4, 9, 10, 13, 29, 37]]
[43, 2.68019, [0, 1, 3, 4, 9, 11, 12, 16]]
[43, 2.66412, [0, 1, 3, 4, 9, 12, 13, 16]]
[43, 2.75061, [0, 1, 3, 4, 9, 12, 13, 19, 27]]
[43, 2.73631, [0, 1, 3, 4, 9, 13, 16, 20, 21]]
[43, 2.70369, [0, 1, 3, 4, 9, 13, 16, 21, 37]]
[43, 2.70588, [0, 1, 3, 4, 9, 13, 19, 21, 27]]
[43, 2.68995, [0, 1, 3, 4, 9, 13, 20, 21, 35]]
[43, 2.67774, [0, 1, 3, 4, 9, 13, 21, 27, 31]]
[43, 2.66528, [0, 1, 3, 4, 9, 13, 21, 31, 35]]
[43, 2.65737, [0, 1, 3, 4, 9, 13, 21, 35, 37]]
[43, 2.65659, [0, 1, 3, 4, 9, 13, 27, 29, 33]]
[43, 2.65334, [0, 1, 3, 4, 9, 13, 27, 31, 33]]
[43, 2.67138, [0, 1, 3, 4, 10, 11, 13, 14]]
[43, 2.65919, [0, 1, 3, 4, 10, 11, 14, 15]]
[43, 2.66388, [0, 1, 3, 4, 10, 11, 26, 30, 31]]
[43, 2.65704, [0, 1, 3, 4, 10, 12, 13, 15]]
[43, 2.67373, [0, 1, 3, 4, 10, 12, 18, 30, 34]]
[43, 2.66313, [0, 1, 3, 4, 10, 12, 18, 34, 38]]
[43, 2.65351, [0, 1, 3, 4, 10, 12, 26, 30, 32]]
[43, 2.74372, [0, 1, 3, 4, 11, 13, 14, 16, 20]]
[43, 2.72796, [0, 1, 3, 4, 11, 13, 16, 17, 20]]
[43, 2.69536, [0, 1, 3, 4, 11, 13, 16, 17, 37]]
[43, 2.68162, [0, 1, 3, 4, 11, 13, 17, 20, 35]]
[43, 2.66909, [0, 1, 3, 4, 11, 15, 17, 20, 35]]
[43, 2.68865, [0, 1, 3, 4, 12, 13, 17, 19, 27]]
[43, 2.6839, [0, 1, 3, 4, 12, 14, 15, 17, 38]]
[43, 2.66984, [0, 1, 3, 4, 12, 14, 17, 18, 38]]
[43, 2.6901, [0, 1, 3, 4, 13, 14, 16, 20, 21]]
[43, 2.66435, [0, 1, 3, 4, 13, 14, 16, 20, 34]]
[43, 2.6847, [0, 1, 3, 4, 13, 14, 18, 19, 21]]
[43, 2.68124, [0, 1, 3, 4, 13, 14, 18, 20, 21]]
[43, 2.6555, [0, 1, 3, 4, 13, 14, 18, 20, 34]]
[43, 2.68422, [0, 1, 3, 4, 13, 15, 16, 20, 21]]

Search completed in 0 hours, 0 minutes, and 0.046 seconds.  Enter a string to quit.