Enter an integer k for which our Kempner sets are k-free: 3
Enter a positive integer modulus b: 145
Enter estimation parameters, or * for pre-computed parameters ([0.0765, 1.0686, 1.3805]): *
Enter a threshold (e.g. 4.2) to determine printed output: 2.85
Enter a root for the search space (e.g. [0, 1, 2]) [or * for the root [0]]: *
Enter an upper bound for the size of allowable digit sets [or * to ignore]: *
Enter a maximal number of deviations from a greedy search [or * to ignore]: *
Searching for k-free sets mod b...

[145, 2.85583, [0, 1, 3, 4, 9, 10, 12, 13, 27, 29, 33, 34, 36, 40, 52, 98, 102, 108, 110, 121]]
[145, 2.85887, [0, 1, 3, 4, 9, 10, 12, 13, 27, 29, 35, 36, 39, 47, 52, 56, 64, 121, 123, 131]]
[145, 2.85049, [0, 1, 3, 4, 9, 10, 12, 13, 27, 29, 35, 37, 52, 56, 59, 63, 68, 72, 98, 129]]
[145, 2.85265, [0, 1, 3, 4, 9, 10, 12, 13, 27, 29, 35, 39, 47, 52, 56, 63, 64, 71, 121, 131]]
[145, 2.86361, [0, 1, 3, 4, 9, 10, 12, 13, 27, 29, 37, 39, 40, 59, 63, 72, 95, 101, 103, 119, 121]]
[145, 2.85178, [0, 1, 3, 4, 9, 10, 12, 13, 27, 30, 31, 36, 37, 39, 67, 87, 99, 105, 113, 119]]
[145, 2.86666, [0, 1, 3, 4, 9, 10, 12, 13, 27, 31, 32, 34, 38, 43, 46, 47, 57, 69, 70]]
[145, 2.85892, [0, 1, 3, 4, 9, 10, 12, 13, 27, 31, 32, 34, 38, 43, 46, 47, 69, 70, 87]]
[145, 2.85866, [0, 1, 3, 4, 9, 10, 12, 13, 27, 31, 32, 34, 38, 43, 46, 47, 69, 71, 87]]
[145, 2.8584, [0, 1, 3, 4, 9, 10, 12, 13, 27, 31, 32, 34, 38, 43, 46, 47, 70, 71, 87]]
[145, 2.85319, [0, 1, 3, 4, 9, 10, 12, 13, 27, 31, 32, 34, 43, 46, 47, 57, 66, 69, 70]]
[145, 2.85242, [0, 1, 3, 4, 9, 10, 12, 13, 27, 31, 32, 34, 43, 46, 47, 57, 66, 70, 72]]
[145, 2.85158, [0, 1, 3, 4, 9, 10, 12, 13, 27, 31, 32, 34, 43, 46, 47, 57, 69, 70, 72]]
[145, 2.85068, [0, 1, 3, 4, 9, 10, 12, 13, 27, 31, 32, 36, 38, 43, 46, 47, 70, 87, 103]]
[145, 2.85849, [0, 1, 3, 4, 9, 10, 12, 13, 27, 31, 32, 43, 47, 48, 56, 66, 68, 71, 72, 125]]
[145, 2.8656, [0, 1, 3, 4, 9, 10, 12, 13, 27, 31, 33, 38, 46, 47, 55, 60, 68, 69, 71, 121]]
[145, 2.85076, [0, 1, 3, 4, 9, 10, 12, 13, 27, 31, 33, 38, 47, 55, 60, 68, 69, 71, 99, 121]]
[145, 2.85829, [0, 1, 3, 4, 9, 10, 12, 13, 27, 31, 33, 38, 47, 55, 69, 71, 99, 103, 117, 121, 123]]
[145, 2.85655, [0, 1, 3, 4, 9, 10, 12, 13, 27, 31, 33, 43, 46, 47, 60, 68, 69, 71, 72, 121]]
[145, 2.8504, [0, 1, 3, 4, 9, 10, 12, 13, 27, 31, 33, 46, 47, 55, 60, 68, 69, 71, 72, 121]]
[145, 2.85719, [0, 1, 3, 4, 9, 10, 12, 13, 28, 37, 38, 42, 45, 49, 51, 54, 58, 68, 69, 130]]
[145, 2.85293, [0, 1, 3, 4, 9, 10, 12, 13, 28, 37, 38, 42, 45, 51, 54, 58, 59, 68, 69, 130]]
[145, 2.85273, [0, 1, 3, 4, 9, 10, 12, 13, 29, 31, 32, 34, 40, 42, 43, 47, 66, 69, 130]]
[145, 2.85145, [0, 1, 3, 4, 9, 10, 12, 13, 29, 31, 32, 34, 40, 43, 44, 47, 66, 69, 130]]
[145, 2.85408, [0, 1, 3, 4, 9, 10, 12, 13, 29, 33, 34, 36, 41, 47, 51, 52, 86, 88, 108, 126]]
[145, 2.8521, [0, 1, 3, 4, 9, 10, 12, 13, 29, 33, 35, 39, 44, 47, 51, 52, 64, 86, 123, 131]]
[145, 2.86121, [0, 1, 3, 4, 9, 10, 12, 13, 29, 33, 39, 41, 47, 51, 52, 59, 60, 121, 125, 127, 131]]
[145, 2.85453, [0, 1, 3, 4, 9, 10, 12, 13, 29, 34, 35, 40, 47, 52, 53, 86, 88, 108, 109, 114, 126]]
[145, 2.85077, [0, 1, 3, 4, 9, 10, 12, 13, 29, 34, 35, 40, 47, 52, 53, 86, 108, 109, 114, 115, 126]]
[145, 2.85014, [0, 1, 3, 4, 9, 10, 12, 13, 29, 34, 35, 40, 47, 52, 53, 86, 108, 109, 114, 121, 126]]
[145, 2.85128, [0, 1, 3, 4, 9, 10, 12, 13, 29, 35, 39, 44, 47, 51, 52, 56, 62, 64, 71, 131]]
[145, 2.85028, [0, 1, 3, 4, 9, 10, 12, 13, 29, 38, 39, 43, 44, 51, 53, 56, 60, 70, 71, 123]]
[145, 2.85582, [0, 1, 3, 4, 9, 10, 12, 13, 30, 31, 35, 41, 43, 44, 46, 63, 64, 68, 129, 131]]
[145, 2.85188, [0, 1, 3, 4, 9, 10, 12, 13, 30, 31, 39, 41, 44, 45, 55, 63, 64, 67, 91, 129]]
[145, 2.85318, [0, 1, 3, 4, 9, 10, 12, 13, 30, 31, 41, 43, 44, 46, 54, 63, 66, 68, 71, 118]]
[145, 2.85078, [0, 1, 3, 4, 9, 10, 12, 13, 30, 32, 35, 37, 41, 43, 46, 53, 87, 111, 127, 129]]
[145, 2.86666, [0, 1, 3, 4, 9, 10, 12, 13, 30, 32, 38, 42, 43, 49, 53, 58, 62, 65, 69, 70]]
[145, 2.85802, [0, 1, 3, 4, 9, 10, 12, 13, 30, 34, 35, 37, 42, 46, 52, 53, 63, 86, 87, 124]]
[145, 2.86252, [0, 1, 3, 4, 9, 10, 12, 13, 30, 34, 39, 40, 43, 45, 49, 54, 61, 62, 72, 127]]
[145, 2.85528, [0, 1, 3, 4, 9, 10, 12, 13, 30, 34, 39, 40, 43, 49, 53, 54, 61, 62, 87, 127]]
[145, 2.8538, [0, 1, 3, 4, 9, 10, 12, 13, 30, 34, 40, 41, 43, 49, 53, 54, 61, 62, 87, 127]]
[145, 2.85682, [0, 1, 3, 4, 9, 10, 12, 13, 31, 32, 34, 40, 42, 43, 47, 57, 69, 87, 92, 130]]
[145, 2.85349, [0, 1, 3, 4, 9, 10, 12, 13, 31, 33, 37, 38, 40, 44, 46, 60, 69, 86, 106, 124]]
[145, 2.85314, [0, 1, 3, 4, 9, 10, 12, 13, 31, 35, 36, 38, 42, 44, 51, 54, 55, 86, 124, 126]]
[145, 2.86033, [0, 1, 3, 4, 9, 10, 12, 13, 31, 35, 36, 40, 42, 46, 51, 54, 55, 65, 87, 124]]
[145, 2.85542, [0, 1, 3, 4, 9, 10, 12, 13, 31, 35, 36, 40, 42, 46, 51, 54, 55, 86, 87, 124]]
[145, 2.85023, [0, 1, 3, 4, 9, 10, 12, 13, 31, 35, 36, 40, 42, 46, 51, 54, 55, 87, 124, 126]]
[145, 2.85783, [0, 1, 3, 4, 9, 10, 12, 13, 31, 35, 37, 41, 42, 46, 54, 56, 63, 68, 86, 87]]
[145, 2.85126, [0, 1, 3, 4, 9, 10, 12, 13, 31, 35, 41, 42, 45, 46, 54, 56, 64, 65, 68, 131]]
[145, 2.85487, [0, 1, 3, 4, 9, 10, 12, 13, 31, 37, 38, 40, 44, 46, 56, 69, 86, 104, 106, 118, 124]]
[145, 2.8527, [0, 1, 3, 4, 9, 10, 12, 13, 32, 34, 38, 39, 43, 45, 49, 50, 70, 71, 105, 123]]
[145, 2.85666, [0, 1, 3, 4, 9, 10, 12, 13, 32, 38, 45, 46, 48, 56, 57, 62, 65, 70, 71, 116, 122]]
[145, 2.85171, [0, 1, 3, 4, 9, 10, 12, 22, 26, 27, 29, 37, 38, 56, 60, 61, 63, 68, 69, 81]]
[145, 2.86201, [0, 1, 3, 4, 9, 10, 12, 22, 26, 27, 31, 33, 37, 38, 46, 60, 68, 69, 81, 106]]
[145, 2.85466, [0, 1, 3, 4, 9, 10, 12, 22, 26, 27, 31, 33, 37, 38, 46, 60, 68, 69, 106, 140]]
[145, 2.86581, [0, 1, 3, 4, 9, 10, 12, 22, 26, 27, 31, 33, 38, 46, 47, 55, 60, 69, 71, 81]]
[145, 2.85665, [0, 1, 3, 4, 9, 10, 12, 22, 26, 27, 31, 33, 38, 46, 47, 55, 69, 71, 81, 103]]
[145, 2.85338, [0, 1, 3, 4, 9, 10, 12, 22, 26, 27, 33, 37, 38, 46, 58, 60, 61, 68, 69, 81]]
[145, 2.85555, [0, 1, 3, 4, 9, 10, 12, 22, 26, 28, 29, 31, 37, 38, 60, 63, 68, 69, 81, 130]]
[145, 2.85533, [0, 1, 3, 4, 9, 10, 12, 22, 26, 28, 29, 31, 39, 45, 60, 63, 65, 71, 72, 96]]
[145, 2.85653, [0, 1, 3, 4, 10, 11, 13, 14, 29, 31, 34, 38, 40, 43, 53, 56, 60, 71, 121, 123, 126]]
[145, 2.85218, [0, 1, 3, 4, 10, 11, 14, 15, 33, 35, 38, 39, 42, 44, 47, 54, 57, 58, 71, 86, 124]]

Search completed in 7 hours, 45 minutes, and 17.226 seconds.  Enter a string to quit.