Enter an integer k for which our Kempner sets are k-free: 3
Enter a positive integer modulus b: 112
Enter estimation parameters, or * for pre-computed parameters ([0.0822, 1.0747, 1.3973]): *
Enter a threshold (e.g. 4.2) to determine printed output: 2.85
Enter a root for the search space (e.g. [0, 1, 2]) [or * for the root [0]]: *
Enter an upper bound for the size of allowable digit sets [or * to ignore]: *
Enter a maximal number of deviations from a greedy search [or * to ignore]: *
Searching for k-free sets mod b...

[112, 2.87187, [0, 1, 3, 4, 9, 10, 12, 13, 27, 28, 30, 31, 36, 37, 39, 40]]
[112, 2.85235, [0, 1, 3, 4, 9, 10, 12, 13, 27, 28, 30, 31, 36, 37, 39, 98]]
[112, 2.85172, [0, 1, 3, 4, 9, 10, 12, 13, 27, 28, 30, 31, 36, 37, 40, 97]]
[112, 2.8628, [0, 1, 3, 4, 9, 10, 12, 13, 27, 28, 30, 34, 36, 37, 39, 49]]
[112, 2.85748, [0, 1, 3, 4, 9, 10, 12, 13, 27, 28, 30, 36, 37, 39, 40, 49]]
[112, 2.86235, [0, 1, 3, 4, 9, 10, 12, 13, 27, 28, 31, 33, 36, 37, 40, 48]]
[112, 2.85676, [0, 1, 3, 4, 9, 10, 12, 13, 27, 28, 31, 36, 37, 39, 40, 48]]
[112, 2.85368, [0, 1, 3, 4, 9, 10, 12, 13, 27, 28, 32, 34, 35, 39, 48, 49]]
[112, 2.85328, [0, 1, 3, 4, 9, 10, 12, 13, 27, 28, 33, 34, 36, 37, 48, 49]]
[112, 2.85801, [0, 1, 3, 4, 9, 10, 12, 13, 27, 29, 30, 35, 36, 38, 39, 52]]
[112, 2.85455, [0, 1, 3, 4, 9, 10, 12, 13, 27, 29, 30, 36, 37, 39, 40, 52]]
[112, 2.85986, [0, 1, 3, 4, 9, 10, 12, 13, 27, 30, 31, 34, 36, 39, 40, 43]]
[112, 2.85584, [0, 1, 3, 4, 9, 10, 12, 13, 27, 30, 31, 34, 36, 39, 43, 46]]
[112, 2.85512, [0, 1, 3, 4, 9, 10, 12, 13, 27, 30, 31, 36, 37, 39, 40, 46]]
[112, 2.8506, [0, 1, 3, 4, 9, 10, 12, 13, 27, 30, 31, 36, 37, 39, 40, 55]]
[112, 2.85077, [0, 1, 3, 4, 9, 10, 12, 13, 27, 30, 35, 37, 38, 52, 55, 89, 96]]
[112, 2.86924, [0, 1, 3, 4, 9, 10, 12, 13, 27, 30, 36, 37, 39, 43, 46, 52, 98]]
[112, 2.88271, [0, 1, 3, 4, 9, 10, 12, 13, 27, 31, 32, 34, 38, 40, 43, 47, 97]]
[112, 2.87864, [0, 1, 3, 4, 9, 10, 12, 13, 27, 31, 32, 34, 38, 43, 46, 47, 97]]
[112, 2.85387, [0, 1, 3, 4, 9, 10, 12, 13, 27, 31, 32, 38, 43, 46, 47, 96, 97]]
[112, 2.85035, [0, 1, 3, 4, 9, 10, 12, 13, 27, 31, 33, 34, 36, 40, 43, 48]]
[112, 2.85892, [0, 1, 3, 4, 9, 10, 12, 13, 27, 31, 34, 36, 40, 43, 47, 88, 97]]
[112, 2.85713, [0, 1, 3, 4, 9, 10, 12, 13, 27, 31, 34, 38, 40, 43, 47, 88, 97]]
[112, 2.87692, [0, 1, 3, 4, 9, 10, 12, 13, 27, 33, 35, 36, 38, 46, 47, 52, 55]]
[112, 2.87636, [0, 1, 3, 4, 9, 10, 12, 13, 27, 33, 35, 36, 38, 46, 48, 52, 55]]
[112, 2.87577, [0, 1, 3, 4, 9, 10, 12, 13, 27, 33, 35, 36, 38, 47, 48, 52, 55]]
[112, 2.87625, [0, 1, 3, 4, 9, 10, 12, 13, 27, 33, 35, 36, 40, 46, 48, 49, 55]]
[112, 2.8707, [0, 1, 3, 4, 9, 10, 12, 13, 27, 35, 36, 38, 39, 46, 48, 52, 55]]
[112, 2.87059, [0, 1, 3, 4, 9, 10, 12, 13, 27, 35, 36, 39, 40, 46, 48, 49, 55]]
[112, 2.85514, [0, 1, 3, 4, 9, 10, 12, 13, 27, 35, 36, 40, 46, 48, 49, 55, 73]]
[112, 2.85489, [0, 1, 3, 4, 9, 10, 12, 13, 27, 35, 37, 38, 40, 48, 52, 55, 89]]
[112, 2.86317, [0, 1, 3, 4, 9, 10, 12, 13, 28, 29, 31, 32, 37, 38, 40, 41]]
[112, 2.86003, [0, 1, 3, 4, 9, 10, 12, 13, 28, 29, 31, 32, 38, 39, 41, 42]]
[112, 2.85917, [0, 1, 3, 4, 9, 10, 12, 13, 28, 30, 31, 33, 37, 39, 40, 42]]
[112, 2.85497, [0, 1, 3, 4, 9, 10, 12, 13, 28, 30, 31, 33, 37, 40, 42, 45]]
[112, 2.85419, [0, 1, 3, 4, 9, 10, 12, 13, 28, 30, 31, 36, 37, 39, 40, 45]]
[112, 2.87935, [0, 1, 3, 4, 9, 10, 12, 13, 28, 33, 35, 36, 40, 41, 48, 50, 51]]
[112, 2.87432, [0, 1, 3, 4, 9, 10, 12, 13, 28, 34, 35, 37, 38, 45, 49, 50, 54]]
[112, 2.87382, [0, 1, 3, 4, 9, 10, 12, 13, 28, 34, 35, 37, 38, 45, 49, 51, 54]]
[112, 2.8733, [0, 1, 3, 4, 9, 10, 12, 13, 28, 34, 35, 37, 38, 45, 50, 51, 54]]
[112, 2.85261, [0, 1, 3, 4, 9, 10, 12, 13, 28, 34, 35, 37, 45, 50, 51, 54, 94]]
[112, 2.85668, [0, 1, 3, 4, 9, 10, 12, 13, 28, 34, 35, 38, 45, 50, 51, 54, 71]]
[112, 2.85495, [0, 1, 3, 4, 9, 10, 12, 13, 29, 30, 32, 33, 38, 39, 41, 42]]
[112, 2.85195, [0, 1, 3, 4, 9, 10, 12, 13, 29, 30, 32, 33, 39, 40, 42, 43]]
[112, 2.85061, [0, 1, 3, 4, 9, 10, 12, 13, 29, 30, 32, 33, 39, 40, 43, 44]]
[112, 2.85055, [0, 1, 3, 4, 9, 10, 12, 13, 29, 30, 32, 33, 39, 41, 42, 44]]
[112, 2.89444, [0, 1, 3, 4, 9, 10, 12, 13, 29, 30, 33, 35, 38, 39, 42, 44, 52]]
[112, 2.87651, [0, 1, 3, 4, 9, 10, 12, 13, 29, 30, 33, 35, 38, 39, 44, 52, 96]]
[112, 2.85518, [0, 1, 3, 4, 9, 10, 12, 13, 29, 30, 33, 35, 39, 44, 52, 96, 98]]
[112, 2.85223, [0, 1, 3, 4, 9, 10, 12, 13, 29, 30, 33, 35, 43, 44, 52, 96, 98]]
[112, 2.8826, [0, 1, 3, 4, 9, 10, 12, 13, 29, 30, 35, 37, 38, 42, 43, 52, 53]]
[112, 2.85116, [0, 1, 3, 4, 9, 10, 12, 13, 29, 31, 32, 34, 38, 40, 41, 43]]
[112, 2.87527, [0, 1, 3, 4, 9, 10, 12, 13, 29, 31, 32, 34, 40, 43, 44, 47, 97]]
[112, 2.86302, [0, 1, 3, 4, 9, 10, 12, 13, 29, 33, 35, 36, 40, 42, 50, 52, 93]]
[112, 2.85305, [0, 1, 3, 4, 9, 10, 12, 13, 29, 35, 36, 40, 42, 50, 52, 53, 73]]
[112, 2.86626, [0, 1, 3, 4, 9, 10, 12, 13, 29, 35, 37, 38, 42, 43, 50, 52, 53]]
[112, 2.87618, [0, 1, 3, 4, 9, 10, 12, 13, 30, 31, 34, 36, 39, 43, 45, 46, 70]]
[112, 2.87144, [0, 1, 3, 4, 9, 10, 12, 13, 30, 31, 34, 36, 39, 43, 46, 54, 70]]
[112, 2.86458, [0, 1, 3, 4, 9, 10, 12, 13, 30, 31, 34, 39, 43, 45, 46, 54, 70]]
[112, 2.87056, [0, 1, 3, 4, 9, 10, 12, 13, 30, 32, 33, 35, 41, 43, 44, 46, 96]]
[112, 2.86953, [0, 1, 3, 4, 9, 10, 12, 13, 30, 32, 36, 38, 39, 43, 45, 49, 70]]
[112, 2.87067, [0, 1, 3, 4, 9, 10, 12, 13, 30, 34, 35, 37, 41, 43, 46, 53, 54]]
[112, 2.86708, [0, 1, 3, 4, 9, 10, 12, 13, 30, 34, 35, 37, 41, 46, 49, 53, 54]]
[112, 2.85451, [0, 1, 3, 4, 9, 10, 12, 13, 30, 34, 35, 37, 45, 49, 52, 54, 72]]
[112, 2.85303, [0, 1, 3, 4, 9, 10, 12, 13, 30, 34, 35, 39, 41, 45, 53, 54, 92]]
[112, 2.85073, [0, 1, 3, 4, 9, 10, 12, 13, 30, 34, 35, 39, 41, 49, 53, 54, 92]]
[112, 2.85281, [0, 1, 3, 4, 9, 10, 12, 13, 30, 34, 35, 39, 45, 49, 52, 54, 72]]
[112, 2.86708, [0, 1, 3, 4, 9, 10, 12, 13, 30, 34, 36, 39, 40, 43, 49, 53, 54]]
[112, 2.86553, [0, 1, 3, 4, 9, 10, 12, 13, 30, 34, 36, 40, 41, 43, 49, 53, 54]]
[112, 2.85093, [0, 1, 3, 4, 9, 10, 12, 13, 30, 34, 37, 39, 45, 49, 52, 54, 72]]
[112, 2.86255, [0, 1, 3, 4, 9, 10, 12, 13, 30, 35, 37, 38, 42, 43, 52, 53, 55]]
[112, 2.85629, [0, 1, 3, 4, 9, 10, 12, 13, 30, 36, 39, 40, 43, 45, 52, 53, 55]]
[112, 2.86499, [0, 1, 3, 4, 9, 10, 12, 13, 31, 33, 34, 36, 43, 45, 46, 51, 70]]
[112, 2.8546, [0, 1, 3, 4, 9, 10, 12, 13, 31, 34, 36, 39, 43, 46, 51, 54, 70]]
[112, 2.86554, [0, 1, 3, 4, 9, 10, 12, 13, 31, 35, 36, 38, 42, 44, 47, 51, 54]]
[112, 2.86369, [0, 1, 3, 4, 9, 10, 12, 13, 31, 35, 36, 38, 42, 44, 47, 54, 55]]
[112, 2.86156, [0, 1, 3, 4, 9, 10, 12, 13, 31, 35, 36, 38, 42, 44, 51, 54, 55]]
[112, 2.85995, [0, 1, 3, 4, 9, 10, 12, 13, 31, 35, 36, 38, 44, 47, 48, 54, 55]]
[112, 2.8587, [0, 1, 3, 4, 9, 10, 12, 13, 31, 35, 36, 40, 42, 46, 51, 54, 55]]
[112, 2.85903, [0, 1, 3, 4, 9, 10, 12, 13, 31, 35, 37, 38, 44, 47, 48, 54, 55]]
[112, 2.85528, [0, 1, 3, 4, 9, 10, 12, 13, 32, 33, 35, 36, 44, 46, 49, 50, 93]]
[112, 2.85188, [0, 1, 3, 4, 9, 10, 12, 13, 32, 33, 35, 40, 44, 46, 49, 50, 93]]
[112, 2.85715, [0, 1, 3, 4, 9, 10, 12, 13, 32, 34, 35, 37, 43, 45, 46, 48, 94]]
[112, 2.85609, [0, 1, 3, 4, 9, 10, 12, 13, 32, 34, 35, 37, 43, 45, 46, 50, 94]]
[112, 2.85494, [0, 1, 3, 4, 9, 10, 12, 13, 32, 34, 35, 37, 43, 45, 48, 50, 94]]
[112, 2.86252, [0, 1, 3, 4, 9, 10, 12, 13, 33, 34, 38, 39, 41, 46, 47, 50, 52]]
[112, 2.85774, [0, 1, 3, 4, 9, 10, 12, 13, 33, 35, 36, 38, 46, 47, 49, 50, 55]]
[112, 2.85623, [0, 1, 3, 4, 9, 10, 12, 13, 33, 35, 36, 38, 46, 47, 50, 52, 55]]
[112, 2.85668, [0, 1, 3, 4, 9, 10, 12, 13, 33, 35, 36, 38, 46, 48, 49, 51, 55]]
[112, 2.85516, [0, 1, 3, 4, 9, 10, 12, 13, 33, 35, 36, 38, 46, 48, 51, 52, 55]]
[112, 2.85506, [0, 1, 3, 4, 9, 10, 12, 13, 33, 35, 36, 40, 46, 48, 49, 51, 55]]
[112, 2.85893, [0, 1, 3, 4, 9, 10, 12, 13, 33, 35, 38, 39, 44, 46, 47, 51, 52]]
[112, 2.85407, [0, 1, 3, 4, 9, 10, 12, 13, 33, 35, 38, 39, 46, 48, 49, 51, 55]]
[112, 2.85255, [0, 1, 3, 4, 9, 10, 12, 13, 33, 35, 38, 39, 46, 48, 51, 52, 55]]
[112, 2.85328, [0, 1, 3, 4, 9, 10, 12, 13, 33, 35, 38, 40, 46, 48, 49, 51, 55]]
[112, 2.85245, [0, 1, 3, 4, 9, 10, 12, 13, 33, 35, 39, 40, 46, 48, 49, 51, 55]]
[112, 2.85735, [0, 1, 3, 4, 9, 10, 12, 13, 34, 35, 37, 38, 45, 47, 48, 50, 54]]
[112, 2.85578, [0, 1, 3, 4, 9, 10, 12, 13, 34, 35, 37, 38, 45, 47, 50, 51, 54]]
[112, 2.85228, [0, 1, 3, 4, 9, 10, 12, 13, 34, 35, 37, 42, 45, 46, 51, 52, 54]]
[112, 2.85565, [0, 1, 3, 4, 9, 10, 12, 13, 34, 35, 38, 39, 45, 47, 48, 50, 54]]
[112, 2.85419, [0, 1, 3, 4, 9, 10, 12, 13, 34, 35, 38, 39, 45, 47, 48, 53, 54]]
[112, 2.85256, [0, 1, 3, 4, 9, 10, 12, 13, 34, 35, 38, 39, 45, 48, 50, 53, 54]]
[112, 2.85253, [0, 1, 3, 4, 9, 10, 12, 13, 34, 35, 38, 40, 43, 49, 50, 53, 54]]
[112, 2.85597, [0, 1, 3, 4, 9, 10, 12, 13, 34, 35, 39, 40, 42, 47, 48, 51, 53]]
[112, 2.85239, [0, 1, 3, 4, 9, 10, 12, 13, 34, 36, 37, 39, 46, 47, 51, 52, 54]]
[112, 2.85234, [0, 1, 3, 4, 9, 10, 12, 13, 34, 36, 37, 41, 42, 49, 51, 52, 54]]
[112, 2.85215, [0, 1, 3, 4, 9, 10, 12, 13, 34, 36, 37, 42, 43, 46, 51, 53, 54]]
[112, 2.85254, [0, 1, 3, 4, 9, 10, 12, 13, 34, 36, 39, 40, 45, 47, 48, 52, 53]]
[112, 2.85102, [0, 1, 3, 4, 9, 10, 12, 13, 35, 36, 38, 39, 46, 48, 49, 51, 55]]
[112, 2.87202, [0, 1, 3, 4, 9, 11, 12, 16, 26, 30, 33, 35, 38, 39, 42, 47, 53]]
[112, 2.86776, [0, 1, 3, 4, 9, 11, 12, 16, 26, 30, 33, 35, 38, 42, 45, 47, 53]]
[112, 2.85354, [0, 1, 3, 4, 9, 11, 12, 16, 26, 30, 33, 35, 38, 42, 45, 53, 93]]
[112, 2.85925, [0, 1, 3, 4, 9, 11, 12, 16, 26, 33, 34, 37, 38, 44, 46, 47, 53]]
[112, 2.88379, [0, 1, 3, 4, 9, 11, 12, 16, 30, 35, 37, 38, 42, 43, 50, 52, 53, 55]]
[112, 2.86902, [0, 1, 3, 4, 9, 12, 13, 16, 30, 35, 37, 38, 42, 43, 50, 52, 53, 55]]
[112, 2.85365, [0, 1, 3, 4, 10, 11, 13, 14, 29, 31, 34, 35, 38, 40, 43, 50, 53]]
[112, 2.85333, [0, 1, 3, 4, 10, 11, 13, 14, 30, 31, 34, 36, 39, 40, 43, 45, 53]]
[112, 2.8748, [0, 1, 3, 4, 10, 12, 13, 15, 28, 34, 35, 37, 38, 45, 47, 50, 51, 54]]

Search completed in 0 hours, 3 minutes, and 31.492 seconds.  Enter a string to quit.