Enter an integer k for which our Kempner sets are k-free: 3
Enter a positive integer modulus b: 129
Enter estimation parameters, or * for pre-computed parameters ([0.0799, 1.0669, 1.3977]): *
Enter a threshold (e.g. 4.2) to determine printed output: 2.85
Enter a root for the search space (e.g. [0, 1, 2]) [or * for the root [0]]: *
Enter an upper bound for the size of allowable digit sets [or * to ignore]: *
Enter a maximal number of deviations from a greedy search [or * to ignore]: *
Searching for k-free sets mod b...

[129, 2.85341, [0, 1, 3, 4, 9, 10, 12, 13, 27, 28, 33, 35, 40, 48, 49, 59, 64, 111]]
[129, 2.85141, [0, 1, 3, 4, 9, 10, 12, 13, 27, 28, 36, 37, 39, 40, 57, 58, 81, 82]]
[129, 2.86092, [0, 1, 3, 4, 9, 10, 12, 13, 27, 28, 39, 40, 48, 58, 59, 63, 64, 82, 111]]
[129, 2.85181, [0, 1, 3, 4, 9, 10, 12, 13, 27, 28, 39, 40, 48, 60, 62, 63, 88, 94, 106]]
[129, 2.85245, [0, 1, 3, 4, 9, 10, 12, 13, 27, 28, 39, 40, 58, 59, 63, 64, 81, 82, 93]]
[129, 2.85829, [0, 1, 3, 4, 9, 10, 12, 13, 27, 29, 30, 37, 39, 43, 87, 95, 97, 109, 111]]
[129, 2.85591, [0, 1, 3, 4, 9, 10, 12, 13, 27, 29, 30, 37, 39, 43, 87, 95, 109, 111, 115]]
[129, 2.85199, [0, 1, 3, 4, 9, 10, 12, 13, 27, 29, 30, 37, 39, 63, 82, 91, 95, 103, 109]]
[129, 2.85783, [0, 1, 3, 4, 9, 10, 12, 13, 27, 29, 35, 36, 39, 40, 47, 56, 64, 105]]
[129, 2.85679, [0, 1, 3, 4, 9, 10, 12, 13, 27, 29, 35, 39, 40, 47, 52, 56, 62, 63]]
[129, 2.85701, [0, 1, 3, 4, 9, 10, 12, 13, 27, 29, 40, 43, 47, 56, 61, 63, 64, 87, 105]]
[129, 2.85972, [0, 1, 3, 4, 9, 10, 12, 13, 27, 31, 32, 34, 38, 39, 43, 57, 79, 107]]
[129, 2.85714, [0, 1, 3, 4, 9, 10, 12, 13, 27, 31, 32, 34, 38, 43, 47, 57, 79, 89]]
[129, 2.86458, [0, 1, 3, 4, 9, 10, 12, 13, 27, 31, 32, 36, 38, 39, 43, 56, 57, 107]]
[129, 2.8578, [0, 1, 3, 4, 9, 10, 12, 13, 27, 31, 32, 36, 38, 39, 43, 57, 79, 107]]
[129, 2.85953, [0, 1, 3, 4, 9, 10, 12, 13, 27, 31, 33, 38, 46, 47, 55, 60, 105, 112, 113]]
[129, 2.8676, [0, 1, 3, 4, 9, 10, 12, 13, 27, 39, 40, 46, 47, 49, 56, 57, 61, 62, 64]]
[129, 2.85672, [0, 1, 3, 4, 9, 10, 12, 13, 27, 39, 40, 46, 47, 49, 56, 61, 62, 64, 105]]
[129, 2.85049, [0, 1, 3, 4, 9, 10, 12, 13, 27, 39, 40, 46, 47, 49, 56, 61, 64, 87, 105]]
[129, 2.85486, [0, 1, 3, 4, 9, 10, 12, 13, 27, 39, 40, 46, 47, 49, 60, 61, 63, 64, 105]]
[129, 2.85047, [0, 1, 3, 4, 9, 10, 12, 13, 28, 29, 33, 39, 40, 42, 59, 60, 64, 82]]
[129, 2.85499, [0, 1, 3, 4, 9, 10, 12, 13, 28, 30, 38, 39, 41, 42, 49, 58, 61, 62]]
[129, 2.85031, [0, 1, 3, 4, 9, 10, 12, 13, 28, 33, 36, 37, 40, 48, 50, 51, 58, 82]]
[129, 2.85786, [0, 1, 3, 4, 9, 10, 12, 13, 28, 33, 39, 40, 48, 51, 58, 59, 64, 82, 111]]
[129, 2.85095, [0, 1, 3, 4, 9, 10, 12, 13, 28, 33, 40, 48, 50, 51, 58, 59, 64, 82, 111]]
[129, 2.85033, [0, 1, 3, 4, 9, 10, 12, 13, 28, 36, 37, 40, 41, 48, 50, 51, 57, 58]]
[129, 2.86071, [0, 1, 3, 4, 9, 10, 12, 13, 29, 30, 33, 38, 39, 42, 44, 52, 61, 82]]
[129, 2.85477, [0, 1, 3, 4, 9, 10, 12, 13, 29, 31, 35, 36, 40, 42, 47, 56, 64, 78]]
[129, 2.86079, [0, 1, 3, 4, 9, 10, 12, 13, 29, 31, 35, 36, 42, 44, 47, 51, 56, 64]]
[129, 2.85124, [0, 1, 3, 4, 9, 10, 12, 13, 29, 31, 35, 36, 42, 44, 47, 51, 56, 115]]
[129, 2.87995, [0, 1, 3, 4, 9, 10, 12, 13, 29, 32, 39, 40, 42, 43, 50, 53, 59, 62, 101]]
[129, 2.86528, [0, 1, 3, 4, 9, 10, 12, 13, 29, 32, 40, 42, 43, 47, 50, 56, 59, 98, 101]]
[129, 2.85982, [0, 1, 3, 4, 9, 10, 12, 13, 29, 32, 40, 42, 43, 47, 50, 56, 78, 98, 101]]
[129, 2.86004, [0, 1, 3, 4, 9, 10, 12, 13, 29, 32, 40, 42, 43, 50, 53, 59, 62, 98, 101]]
[129, 2.85451, [0, 1, 3, 4, 9, 10, 12, 13, 29, 35, 37, 38, 42, 43, 50, 52, 53, 59]]
[129, 2.85323, [0, 1, 3, 4, 9, 10, 12, 13, 29, 35, 37, 38, 42, 43, 50, 52, 56, 59]]
[129, 2.86231, [0, 1, 3, 4, 9, 10, 12, 13, 29, 35, 37, 43, 44, 47, 52, 56, 63, 80, 115]]
[129, 2.85188, [0, 1, 3, 4, 9, 10, 12, 13, 29, 35, 37, 43, 44, 47, 52, 63, 80, 99, 115]]
[129, 2.85075, [0, 1, 3, 4, 9, 10, 12, 13, 29, 35, 37, 43, 44, 47, 56, 63, 80, 95, 115]]
[129, 2.85487, [0, 1, 3, 4, 9, 10, 12, 13, 29, 35, 37, 43, 47, 50, 52, 56, 78, 80, 115]]
[129, 2.85337, [0, 1, 3, 4, 9, 10, 12, 13, 29, 37, 39, 44, 47, 52, 53, 56, 63, 80, 115]]
[129, 2.88068, [0, 1, 3, 4, 9, 10, 12, 13, 29, 39, 42, 44, 47, 53, 56, 60, 61, 63, 104, 115]]
[129, 2.8514, [0, 1, 3, 4, 9, 10, 12, 13, 29, 39, 42, 44, 47, 53, 56, 60, 61, 63, 115]]
[129, 2.86738, [0, 1, 3, 4, 9, 10, 12, 13, 30, 32, 35, 37, 41, 43, 46, 53, 95, 111, 113]]
[129, 2.85298, [0, 1, 3, 4, 9, 10, 12, 13, 30, 32, 38, 39, 41, 42, 49, 53, 58, 62]]
[129, 2.85161, [0, 1, 3, 4, 9, 10, 12, 13, 30, 32, 38, 39, 42, 43, 49, 53, 58, 62]]
[129, 2.85459, [0, 1, 3, 4, 9, 10, 12, 13, 30, 34, 36, 39, 40, 43, 49, 53, 54, 61]]
[129, 2.85309, [0, 1, 3, 4, 9, 10, 12, 13, 30, 34, 36, 40, 41, 43, 49, 53, 54, 61]]
[129, 2.85064, [0, 1, 3, 4, 9, 10, 12, 13, 31, 32, 34, 35, 42, 43, 47, 48, 78, 79]]
[129, 2.86055, [0, 1, 3, 4, 9, 10, 12, 13, 31, 37, 39, 42, 44, 48, 55, 56, 60, 63, 115]]
[129, 2.85942, [0, 1, 3, 4, 9, 10, 12, 13, 32, 33, 37, 39, 43, 44, 50, 59, 80, 95, 107]]
[129, 2.85502, [0, 1, 3, 4, 9, 10, 12, 13, 32, 33, 37, 39, 43, 44, 50, 59, 95, 101, 113]]
[129, 2.8542, [0, 1, 3, 4, 9, 10, 12, 13, 32, 33, 37, 39, 43, 44, 50, 59, 95, 107, 113]]
[129, 2.85832, [0, 1, 3, 4, 9, 10, 12, 13, 32, 35, 37, 43, 45, 46, 50, 56, 59, 95, 113]]
[129, 2.86822, [0, 1, 3, 4, 9, 10, 12, 13, 33, 34, 38, 39, 46, 48, 51, 52, 60, 61, 106]]
[129, 2.85795, [0, 1, 3, 4, 9, 10, 12, 13, 33, 34, 38, 39, 46, 48, 51, 52, 60, 106, 112]]
[129, 2.85321, [0, 1, 3, 4, 9, 10, 12, 13, 33, 34, 38, 39, 46, 51, 52, 60, 61, 105, 106]]
[129, 2.86514, [0, 1, 3, 4, 9, 10, 12, 13, 34, 39, 40, 42, 48, 49, 52, 53, 60, 61, 63]]
[129, 2.86412, [0, 1, 3, 4, 9, 10, 12, 13, 36, 38, 39, 43, 44, 46, 51, 55, 57, 61, 81]]
[129, 2.85174, [0, 1, 3, 4, 9, 10, 12, 13, 39, 41, 42, 46, 47, 49, 54, 58, 60, 63, 64]]
[129, 2.8602, [0, 1, 3, 4, 9, 10, 12, 22, 26, 27, 31, 33, 38, 46, 47, 55, 60, 112, 124]]
[129, 2.85137, [0, 1, 3, 4, 9, 10, 12, 22, 26, 27, 38, 39, 46, 47, 57, 58, 61, 62, 81]]
[129, 2.85104, [0, 1, 3, 4, 9, 10, 12, 22, 26, 27, 38, 39, 46, 47, 57, 58, 61, 63, 81]]
[129, 2.85069, [0, 1, 3, 4, 9, 10, 12, 22, 26, 27, 38, 39, 46, 47, 57, 58, 62, 63, 81]]
[129, 2.85032, [0, 1, 3, 4, 9, 10, 12, 22, 26, 27, 38, 39, 46, 47, 57, 59, 62, 63, 81]]
[129, 2.85061, [0, 1, 3, 4, 9, 10, 12, 22, 26, 27, 38, 39, 46, 47, 58, 59, 61, 62, 81]]
[129, 2.85299, [0, 1, 3, 4, 9, 10, 12, 25, 29, 31, 32, 36, 42, 45, 51, 76, 91, 94, 109, 114]]
[129, 2.85976, [0, 1, 3, 4, 9, 11, 12, 16, 25, 27, 33, 37, 44, 52, 56, 59, 64, 82, 90]]
[129, 2.86254, [0, 1, 3, 4, 9, 11, 12, 16, 25, 30, 36, 40, 43, 45, 52, 53, 58, 62, 114]]
[129, 2.85202, [0, 1, 3, 4, 9, 11, 12, 16, 25, 30, 36, 43, 45, 52, 53, 55, 62, 64, 114]]
[129, 2.85789, [0, 1, 3, 4, 9, 11, 12, 16, 25, 33, 37, 42, 44, 45, 52, 56, 61, 64, 82]]
[129, 2.86262, [0, 1, 3, 4, 9, 11, 12, 16, 25, 35, 37, 42, 43, 48, 52, 55, 57, 60, 64]]
[129, 2.85537, [0, 1, 3, 4, 9, 11, 12, 16, 25, 35, 37, 42, 43, 48, 52, 55, 57, 60, 97]]
[129, 2.8621, [0, 1, 3, 4, 9, 11, 12, 16, 26, 27, 39, 44, 46, 47, 56, 57, 59, 63, 64]]
[129, 2.86171, [0, 1, 3, 4, 9, 11, 12, 16, 26, 27, 39, 44, 46, 47, 56, 58, 59, 63, 64]]
[129, 2.85444, [0, 1, 3, 4, 9, 11, 12, 16, 26, 33, 37, 39, 42, 44, 56, 59, 61, 64, 99]]
[129, 2.85669, [0, 1, 3, 4, 9, 11, 12, 16, 27, 35, 40, 44, 46, 47, 49, 55, 56, 60, 62]]
[129, 2.8656, [0, 1, 3, 4, 9, 11, 12, 25, 29, 31, 34, 35, 40, 42, 48, 52, 60, 74, 115, 121]]
[129, 2.85884, [0, 1, 3, 4, 9, 11, 12, 25, 29, 31, 34, 35, 40, 42, 48, 52, 60, 114, 115, 121]]
[129, 2.85138, [0, 1, 3, 4, 9, 11, 12, 25, 29, 31, 35, 40, 42, 43, 48, 52, 60, 114, 115, 121]]
[129, 2.8522, [0, 1, 3, 4, 10, 11, 13, 14, 29, 32, 34, 38, 40, 41, 49, 52, 59, 74, 112]]
[129, 2.85263, [0, 1, 3, 4, 10, 11, 13, 14, 34, 39, 40, 43, 45, 48, 49, 60, 61, 63, 99, 105]]

Search completed in 2 hours, 1 minutes, and 25.835 seconds.  Enter a string to quit.