Enter an integer k for which our Kempner sets are k-free: 3
Enter a positive integer modulus b: 163
Enter estimation parameters, or * for pre-computed parameters ([0.0729, 1.0723, 1.3595]): *
Enter a threshold (e.g. 4.2) to determine printed output: 2.87
Enter a root for the search space (e.g. [0, 1, 2]) [or * for the root [0]]: *
Enter an upper bound for the size of allowable digit sets [or * to ignore]: 28
Enter a maximal number of deviations from a greedy search [or * to ignore]: *
Searching for k-free sets mod b...

[163, 2.87934, [0, 1, 3, 4, 9, 10, 12, 13, 27, 28, 32, 33, 35, 40, 49, 59, 72, 73, 75, 81, 107]]
[163, 2.87261, [0, 1, 3, 4, 9, 10, 12, 13, 27, 28, 32, 33, 35, 40, 49, 59, 72, 73, 81, 107, 121]]
[163, 2.87948, [0, 1, 3, 4, 9, 10, 12, 13, 27, 28, 32, 33, 35, 48, 49, 59, 72, 73, 75, 76, 81]]
[163, 2.87328, [0, 1, 3, 4, 9, 10, 12, 13, 27, 28, 32, 33, 35, 48, 49, 59, 72, 73, 75, 76, 129]]
[163, 2.90214, [0, 1, 3, 4, 9, 10, 12, 13, 27, 28, 32, 33, 35, 48, 49, 59, 72, 73, 75, 79, 80, 129]]
[163, 2.87884, [0, 1, 3, 4, 9, 10, 12, 13, 27, 28, 32, 33, 35, 48, 49, 59, 72, 73, 75, 79, 81]]
[163, 2.87264, [0, 1, 3, 4, 9, 10, 12, 13, 27, 28, 32, 33, 35, 48, 49, 59, 72, 73, 75, 79, 129]]
[163, 2.87864, [0, 1, 3, 4, 9, 10, 12, 13, 27, 28, 32, 33, 35, 48, 49, 59, 72, 73, 75, 80, 81]]
[163, 2.87244, [0, 1, 3, 4, 9, 10, 12, 13, 27, 28, 32, 33, 35, 48, 49, 59, 72, 73, 75, 80, 129]]
[163, 2.8725, [0, 1, 3, 4, 9, 10, 12, 13, 27, 28, 32, 33, 35, 48, 49, 59, 72, 73, 75, 81, 126]]
[163, 2.87284, [0, 1, 3, 4, 9, 10, 12, 13, 27, 28, 32, 33, 35, 48, 49, 59, 72, 73, 76, 77, 129]]
[163, 2.87882, [0, 1, 3, 4, 9, 10, 12, 13, 27, 28, 32, 33, 35, 48, 49, 59, 72, 73, 76, 78, 81]]
[163, 2.87881, [0, 1, 3, 4, 9, 10, 12, 13, 27, 28, 32, 33, 35, 48, 49, 59, 72, 73, 77, 78, 80]]
[163, 2.9017, [0, 1, 3, 4, 9, 10, 12, 13, 27, 28, 32, 33, 35, 48, 49, 59, 72, 73, 77, 79, 80, 129]]
[163, 2.8722, [0, 1, 3, 4, 9, 10, 12, 13, 27, 28, 32, 33, 35, 48, 49, 59, 72, 73, 77, 79, 129]]
[163, 2.872, [0, 1, 3, 4, 9, 10, 12, 13, 27, 28, 32, 33, 35, 48, 49, 59, 72, 73, 77, 80, 129]]
[163, 2.87819, [0, 1, 3, 4, 9, 10, 12, 13, 27, 28, 32, 33, 35, 48, 49, 59, 72, 73, 78, 79, 81]]
[163, 2.87798, [0, 1, 3, 4, 9, 10, 12, 13, 27, 28, 32, 33, 35, 48, 49, 59, 72, 73, 78, 80, 81]]
[163, 2.87185, [0, 1, 3, 4, 9, 10, 12, 13, 27, 28, 32, 33, 35, 48, 49, 59, 72, 73, 78, 81, 126]]
[163, 2.87158, [0, 1, 3, 4, 9, 10, 12, 13, 27, 28, 32, 33, 35, 48, 49, 59, 72, 73, 79, 80, 129]]
[163, 2.87903, [0, 1, 3, 4, 9, 10, 12, 13, 27, 28, 32, 33, 35, 48, 49, 59, 72, 74, 75, 77, 81]]
[163, 2.87282, [0, 1, 3, 4, 9, 10, 12, 13, 27, 28, 32, 33, 35, 48, 49, 59, 72, 74, 75, 77, 129]]
[163, 2.9019, [0, 1, 3, 4, 9, 10, 12, 13, 27, 28, 32, 33, 35, 48, 49, 59, 72, 74, 75, 79, 80, 129]]
[163, 2.87861, [0, 1, 3, 4, 9, 10, 12, 13, 27, 28, 32, 33, 35, 48, 49, 59, 72, 74, 75, 79, 81]]
[163, 2.8724, [0, 1, 3, 4, 9, 10, 12, 13, 27, 28, 32, 33, 35, 48, 49, 59, 72, 74, 75, 79, 129]]
[163, 2.8784, [0, 1, 3, 4, 9, 10, 12, 13, 27, 28, 32, 33, 35, 48, 49, 59, 72, 74, 75, 80, 81]]
[163, 2.8722, [0, 1, 3, 4, 9, 10, 12, 13, 27, 28, 32, 33, 35, 48, 49, 59, 72, 74, 75, 80, 129]]
[163, 2.87227, [0, 1, 3, 4, 9, 10, 12, 13, 27, 28, 32, 33, 35, 48, 49, 59, 72, 74, 75, 81, 126]]
[163, 2.87837, [0, 1, 3, 4, 9, 10, 12, 13, 27, 28, 32, 33, 35, 48, 49, 59, 72, 74, 77, 78, 81]]
[163, 2.87196, [0, 1, 3, 4, 9, 10, 12, 13, 27, 28, 32, 33, 35, 48, 49, 59, 72, 74, 77, 79, 129]]
[163, 2.87795, [0, 1, 3, 4, 9, 10, 12, 13, 27, 28, 32, 33, 35, 48, 49, 59, 72, 74, 78, 79, 81]]
[163, 2.87775, [0, 1, 3, 4, 9, 10, 12, 13, 27, 28, 32, 33, 35, 48, 49, 59, 72, 74, 78, 80, 81]]
[163, 2.87162, [0, 1, 3, 4, 9, 10, 12, 13, 27, 28, 32, 33, 35, 48, 49, 59, 72, 74, 78, 81, 126]]
[163, 2.87134, [0, 1, 3, 4, 9, 10, 12, 13, 27, 28, 32, 33, 35, 48, 49, 59, 72, 74, 79, 80, 129]]
[163, 2.87815, [0, 1, 3, 4, 9, 10, 12, 13, 27, 28, 32, 33, 35, 48, 49, 59, 72, 75, 76, 79, 81]]
[163, 2.87195, [0, 1, 3, 4, 9, 10, 12, 13, 27, 28, 32, 33, 35, 48, 49, 59, 72, 75, 76, 79, 129]]
[163, 2.87773, [0, 1, 3, 4, 9, 10, 12, 13, 27, 28, 32, 33, 35, 48, 49, 59, 72, 75, 77, 80, 81]]
[163, 2.87153, [0, 1, 3, 4, 9, 10, 12, 13, 27, 28, 32, 33, 35, 48, 49, 59, 72, 75, 77, 80, 129]]
[163, 2.87111, [0, 1, 3, 4, 9, 10, 12, 13, 27, 28, 32, 33, 35, 48, 49, 59, 72, 75, 79, 80, 129]]
[163, 2.87151, [0, 1, 3, 4, 9, 10, 12, 13, 27, 28, 32, 33, 35, 48, 49, 59, 72, 76, 77, 79, 129]]
[163, 2.8775, [0, 1, 3, 4, 9, 10, 12, 13, 27, 28, 32, 33, 35, 48, 49, 59, 72, 76, 78, 79, 81]]
[163, 2.87708, [0, 1, 3, 4, 9, 10, 12, 13, 27, 28, 32, 33, 35, 48, 49, 59, 72, 77, 78, 80, 81]]
[163, 2.87067, [0, 1, 3, 4, 9, 10, 12, 13, 27, 28, 32, 33, 35, 48, 49, 59, 72, 77, 79, 80, 129]]
[163, 2.87236, [0, 1, 3, 4, 9, 10, 12, 13, 27, 28, 32, 33, 35, 48, 49, 59, 73, 74, 76, 77, 129]]
[163, 2.87794, [0, 1, 3, 4, 9, 10, 12, 13, 27, 28, 32, 33, 35, 48, 49, 59, 73, 74, 76, 80, 81]]
[163, 2.87174, [0, 1, 3, 4, 9, 10, 12, 13, 27, 28, 32, 33, 35, 48, 49, 59, 73, 74, 76, 80, 129]]
[163, 2.87172, [0, 1, 3, 4, 9, 10, 12, 13, 27, 28, 32, 33, 35, 48, 49, 59, 73, 74, 77, 79, 129]]
[163, 2.87771, [0, 1, 3, 4, 9, 10, 12, 13, 27, 28, 32, 33, 35, 48, 49, 59, 73, 74, 78, 79, 81]]
[163, 2.87751, [0, 1, 3, 4, 9, 10, 12, 13, 27, 28, 32, 33, 35, 48, 49, 59, 73, 74, 78, 80, 81]]
[163, 2.87138, [0, 1, 3, 4, 9, 10, 12, 13, 27, 28, 32, 33, 35, 48, 49, 59, 73, 74, 78, 81, 126]]
[163, 2.8711, [0, 1, 3, 4, 9, 10, 12, 13, 27, 28, 32, 33, 35, 48, 49, 59, 73, 74, 79, 80, 129]]
[163, 2.87771, [0, 1, 3, 4, 9, 10, 12, 13, 27, 28, 32, 33, 35, 48, 49, 59, 73, 75, 76, 80, 81]]
[163, 2.87151, [0, 1, 3, 4, 9, 10, 12, 13, 27, 28, 32, 33, 35, 48, 49, 59, 73, 75, 76, 80, 129]]
[163, 2.87087, [0, 1, 3, 4, 9, 10, 12, 13, 27, 28, 32, 33, 35, 48, 49, 59, 73, 75, 79, 80, 129]]
[163, 2.87107, [0, 1, 3, 4, 9, 10, 12, 13, 27, 28, 32, 33, 35, 48, 49, 59, 73, 76, 77, 80, 129]]
[163, 2.87043, [0, 1, 3, 4, 9, 10, 12, 13, 27, 28, 32, 33, 35, 48, 49, 59, 73, 77, 79, 80, 129]]
[163, 2.87064, [0, 1, 3, 4, 9, 10, 12, 13, 27, 28, 32, 33, 35, 48, 49, 59, 74, 75, 79, 80, 129]]
[163, 2.87104, [0, 1, 3, 4, 9, 10, 12, 13, 27, 28, 32, 33, 35, 48, 49, 59, 74, 76, 77, 79, 129]]
[163, 2.87042, [0, 1, 3, 4, 9, 10, 12, 13, 27, 28, 32, 33, 35, 48, 49, 59, 74, 76, 79, 80, 129]]
[163, 2.87071, [0, 1, 3, 4, 9, 10, 12, 13, 27, 28, 32, 33, 35, 48, 59, 71, 72, 74, 75, 80, 81]]
[163, 2.89196, [0, 1, 3, 4, 9, 10, 12, 13, 27, 28, 32, 33, 35, 48, 59, 71, 73, 74, 78, 80, 81, 140]]
[163, 2.88578, [0, 1, 3, 4, 9, 10, 12, 13, 27, 28, 32, 33, 35, 48, 59, 71, 73, 74, 78, 81, 126, 140]]
[163, 2.87582, [0, 1, 3, 4, 9, 10, 12, 13, 27, 28, 32, 33, 35, 48, 59, 71, 78, 80, 81, 120, 140, 145]]
[163, 2.87161, [0, 1, 3, 4, 9, 10, 12, 13, 27, 28, 32, 33, 35, 49, 59, 68, 72, 73, 75, 79, 80]]
[163, 2.89671, [0, 1, 3, 4, 9, 10, 12, 13, 27, 28, 32, 33, 35, 49, 59, 68, 72, 73, 75, 79, 81, 107]]
[163, 2.87121, [0, 1, 3, 4, 9, 10, 12, 13, 27, 28, 32, 33, 35, 49, 59, 68, 72, 73, 75, 80, 81]]
[163, 2.87118, [0, 1, 3, 4, 9, 10, 12, 13, 27, 28, 32, 33, 35, 49, 59, 68, 72, 74, 75, 79, 81]]
[163, 2.87053, [0, 1, 3, 4, 9, 10, 12, 13, 27, 28, 32, 33, 35, 49, 59, 68, 72, 74, 78, 79, 81]]
[163, 2.88497, [0, 1, 3, 4, 9, 10, 12, 13, 27, 28, 32, 35, 48, 49, 59, 62, 72, 73, 77, 79, 80, 129]]
[163, 2.87196, [0, 1, 3, 4, 9, 10, 12, 13, 27, 28, 32, 48, 49, 57, 59, 62, 72, 73, 77, 79, 80, 129]]
[163, 2.88703, [0, 1, 3, 4, 9, 10, 12, 13, 27, 28, 33, 35, 36, 40, 48, 49, 64, 73, 74, 78, 81]]
[163, 2.87542, [0, 1, 3, 4, 9, 10, 12, 13, 27, 28, 33, 35, 40, 48, 49, 59, 64, 72, 73, 75, 81]]
[163, 2.87519, [0, 1, 3, 4, 9, 10, 12, 13, 27, 28, 33, 35, 40, 48, 49, 59, 64, 72, 74, 75, 81]]
[163, 2.8719, [0, 1, 3, 4, 9, 10, 12, 13, 27, 29, 30, 34, 36, 37, 52, 66, 76, 78, 79, 81, 130]]
[163, 2.87724, [0, 1, 3, 4, 9, 10, 12, 13, 27, 29, 30, 34, 36, 40, 52, 61, 66, 73, 78, 81, 107]]
[163, 2.89315, [0, 1, 3, 4, 9, 10, 12, 13, 27, 29, 30, 34, 40, 52, 61, 62, 66, 69, 73, 78, 81, 130]]
[163, 2.88437, [0, 1, 3, 4, 9, 10, 12, 13, 27, 29, 30, 34, 40, 52, 61, 66, 69, 73, 78, 81, 107, 130]]
[163, 2.88278, [0, 1, 3, 4, 9, 10, 12, 13, 27, 29, 30, 34, 40, 52, 61, 69, 72, 73, 78, 81, 107, 130]]
[163, 2.88608, [0, 1, 3, 4, 9, 10, 12, 13, 27, 29, 30, 34, 40, 61, 62, 66, 69, 73, 74, 78, 81, 130]]
[163, 2.87816, [0, 1, 3, 4, 9, 10, 12, 13, 27, 29, 30, 34, 52, 61, 62, 66, 69, 73, 78, 79, 81, 130]]
[163, 2.88071, [0, 1, 3, 4, 9, 10, 12, 13, 27, 29, 34, 40, 47, 52, 61, 62, 66, 69, 73, 74, 78, 130]]
[163, 2.8851, [0, 1, 3, 4, 9, 10, 12, 13, 27, 30, 31, 34, 43, 46, 63, 66, 70, 71, 78, 81, 104, 107]]
[163, 2.87349, [0, 1, 3, 4, 9, 10, 12, 13, 27, 30, 31, 34, 46, 63, 66, 70, 71, 73, 78, 81, 104, 107]]
[163, 2.88327, [0, 1, 3, 4, 9, 10, 12, 13, 27, 30, 34, 36, 39, 43, 49, 61, 70, 80, 81, 96, 115, 125]]
[163, 2.87499, [0, 1, 3, 4, 9, 10, 12, 13, 27, 31, 32, 34, 38, 43, 46, 47, 57, 70, 78, 96, 148]]
[163, 2.87442, [0, 1, 3, 4, 9, 10, 12, 13, 27, 31, 32, 34, 38, 46, 48, 57, 70, 71, 77, 78, 81]]
[163, 2.88297, [0, 1, 3, 4, 9, 10, 12, 13, 27, 31, 32, 34, 43, 46, 47, 66, 70, 71, 75, 78, 145, 148]]
[163, 2.88245, [0, 1, 3, 4, 9, 10, 12, 13, 27, 31, 32, 34, 43, 46, 48, 66, 70, 71, 75, 78, 145, 148]]
[163, 2.8819, [0, 1, 3, 4, 9, 10, 12, 13, 27, 31, 32, 34, 43, 47, 48, 66, 70, 71, 75, 78, 145, 148]]
[163, 2.87108, [0, 1, 3, 4, 9, 10, 12, 13, 27, 31, 32, 34, 46, 48, 66, 70, 71, 73, 78, 81, 126, 148]]
[163, 2.87149, [0, 1, 3, 4, 9, 10, 12, 13, 27, 31, 32, 34, 46, 48, 66, 70, 72, 73, 75, 81, 126, 148]]
[163, 2.87388, [0, 1, 3, 4, 9, 10, 12, 13, 27, 31, 32, 36, 38, 39, 43, 56, 57, 70, 79, 96, 141]]
[163, 2.89522, [0, 1, 3, 4, 9, 10, 12, 13, 27, 31, 32, 36, 38, 43, 47, 57, 65, 70, 79, 80, 96, 141]]
[163, 2.88454, [0, 1, 3, 4, 9, 10, 12, 13, 27, 31, 32, 36, 38, 43, 47, 65, 70, 78, 79, 96, 112, 141]]
[163, 2.87643, [0, 1, 3, 4, 9, 10, 12, 13, 27, 31, 32, 36, 38, 43, 47, 65, 70, 78, 96, 112, 141, 148]]
[163, 2.88337, [0, 1, 3, 4, 9, 10, 12, 13, 27, 31, 32, 36, 38, 47, 57, 65, 70, 74, 79, 80, 96, 141]]
[163, 2.8754, [0, 1, 3, 4, 9, 10, 12, 13, 27, 31, 32, 36, 38, 47, 57, 65, 70, 74, 80, 96, 141, 146]]
[163, 2.87102, [0, 1, 3, 4, 9, 10, 12, 13, 27, 31, 32, 36, 43, 47, 48, 56, 66, 70, 75, 78, 79]]
[163, 2.87852, [0, 1, 3, 4, 9, 10, 12, 13, 27, 31, 32, 36, 43, 47, 57, 65, 66, 70, 79, 80, 125, 141]]
[163, 2.87242, [0, 1, 3, 4, 9, 10, 12, 13, 27, 31, 32, 36, 43, 47, 57, 65, 70, 79, 80, 96, 125, 141]]
[163, 2.8746, [0, 1, 3, 4, 9, 10, 12, 13, 27, 31, 32, 36, 47, 48, 56, 66, 70, 73, 75, 78, 126, 148]]
[163, 2.87983, [0, 1, 3, 4, 9, 10, 12, 13, 27, 31, 32, 38, 43, 47, 57, 65, 68, 70, 78, 80, 96, 141]]
[163, 2.8796, [0, 1, 3, 4, 9, 10, 12, 13, 27, 31, 32, 43, 47, 66, 68, 71, 72, 79, 80, 96, 106, 114, 125]]
[163, 2.87171, [0, 1, 3, 4, 9, 10, 12, 13, 27, 31, 32, 43, 47, 66, 68, 71, 72, 79, 96, 106, 114, 125, 147]]
[163, 2.87228, [0, 1, 3, 4, 9, 10, 12, 13, 27, 31, 33, 34, 38, 46, 48, 60, 70, 71, 77, 78, 81]]
[163, 2.87108, [0, 1, 3, 4, 9, 10, 12, 13, 27, 33, 35, 36, 40, 46, 48, 49, 64, 73, 74, 78, 81]]
[163, 2.87212, [0, 1, 3, 4, 9, 10, 12, 13, 27, 33, 35, 36, 47, 49, 52, 64, 73, 74, 78, 80, 102, 141]]
[163, 2.89126, [0, 1, 3, 4, 9, 10, 12, 13, 28, 29, 33, 34, 36, 50, 51, 61, 70, 76, 77, 80, 81, 146]]
[163, 2.88301, [0, 1, 3, 4, 9, 10, 12, 13, 28, 29, 33, 34, 36, 50, 51, 61, 70, 76, 80, 81, 144, 146]]
[163, 2.87319, [0, 1, 3, 4, 9, 10, 12, 13, 28, 29, 34, 35, 37, 38, 50, 51, 77, 78, 80, 81, 95]]
[163, 2.87234, [0, 1, 3, 4, 9, 10, 12, 13, 28, 32, 33, 35, 48, 50, 59, 71, 73, 74, 78, 80, 81, 140]]
[163, 2.87281, [0, 1, 3, 4, 9, 10, 12, 13, 29, 31, 36, 42, 44, 47, 56, 64, 66, 67, 73, 77, 95, 149]]
[163, 2.87781, [0, 1, 3, 4, 9, 10, 12, 13, 29, 34, 37, 38, 43, 50, 51, 53, 60, 78, 80, 81, 95, 104]]
[163, 2.87111, [0, 1, 3, 4, 9, 10, 12, 13, 30, 32, 38, 42, 43, 49, 53, 58, 62, 65, 69, 70, 142, 148]]
[163, 2.87048, [0, 1, 3, 4, 9, 11, 12, 16, 25, 26, 30, 37, 54, 55, 61, 64, 66, 72, 75, 76, 79, 81]]
[163, 2.88409, [0, 1, 3, 4, 9, 11, 12, 16, 25, 27, 33, 52, 56, 58, 59, 61, 68, 69, 73, 74, 76, 81, 99]]

Search completed in 0 hours, 24 minutes, and 1.379 seconds.  Enter a string to quit.