Enter an integer k for which our Kempner sets are k-free: 3
Enter a positive integer modulus b: 137
Enter estimation parameters, or * for pre-computed parameters ([0.078, 1.0703, 1.3875]): *
Enter a threshold (e.g. 4.2) to determine printed output: 2.85
Enter a root for the search space (e.g. [0, 1, 2]) [or * for the root [0]]: *
Enter an upper bound for the size of allowable digit sets [or * to ignore]: *
Enter a maximal number of deviations from a greedy search [or * to ignore]: *
Searching for k-free sets mod b...

[137, 2.8507, [0, 1, 3, 4, 9, 10, 12, 13, 27, 28, 30, 36, 37, 40, 66, 86, 94, 98, 114]]
[137, 2.85276, [0, 1, 3, 4, 9, 10, 12, 13, 27, 28, 30, 38, 40, 58, 61, 62, 65, 91, 108]]
[137, 2.85507, [0, 1, 3, 4, 9, 10, 12, 13, 27, 29, 34, 35, 40, 47, 52, 62, 63, 107, 119]]
[137, 2.88125, [0, 1, 3, 4, 9, 10, 12, 13, 27, 29, 35, 36, 39, 47, 52, 56, 64, 113, 117, 123]]
[137, 2.85465, [0, 1, 3, 4, 9, 10, 12, 13, 27, 29, 35, 36, 39, 47, 52, 56, 64, 113, 123]]
[137, 2.85421, [0, 1, 3, 4, 9, 10, 12, 13, 27, 29, 35, 36, 39, 47, 52, 56, 64, 117, 123]]
[137, 2.86983, [0, 1, 3, 4, 9, 10, 12, 13, 27, 29, 35, 36, 39, 47, 56, 64, 95, 113, 117, 123]]
[137, 2.85209, [0, 1, 3, 4, 9, 10, 12, 13, 27, 30, 32, 38, 40, 43, 58, 62, 65, 108, 122]]
[137, 2.85642, [0, 1, 3, 4, 9, 10, 12, 13, 27, 31, 32, 36, 43, 47, 48, 56, 57, 117, 122]]
[137, 2.86671, [0, 1, 3, 4, 9, 10, 12, 13, 27, 31, 32, 43, 47, 48, 56, 57, 68, 117, 119, 122]]
[137, 2.85046, [0, 1, 3, 4, 9, 10, 12, 13, 27, 31, 32, 43, 47, 56, 57, 68, 115, 117, 121, 122]]
[137, 2.85024, [0, 1, 3, 4, 9, 10, 12, 13, 27, 31, 32, 43, 47, 56, 57, 68, 115, 119, 121, 122]]
[137, 2.85721, [0, 1, 3, 4, 9, 10, 12, 13, 27, 31, 33, 36, 37, 55, 67, 95, 99, 111, 113, 117]]
[137, 2.85698, [0, 1, 3, 4, 9, 10, 12, 13, 27, 31, 33, 36, 37, 55, 67, 95, 99, 111, 115, 117]]
[137, 2.8519, [0, 1, 3, 4, 9, 10, 12, 13, 27, 31, 33, 36, 38, 46, 47, 55, 95, 113, 120]]
[137, 2.85018, [0, 1, 3, 4, 9, 10, 12, 13, 27, 33, 34, 38, 40, 48, 52, 60, 61, 98, 114]]
[137, 2.86454, [0, 1, 3, 4, 9, 10, 12, 13, 27, 35, 36, 39, 47, 49, 52, 56, 64, 113, 117, 123]]
[137, 2.86678, [0, 1, 3, 4, 9, 10, 12, 13, 28, 29, 32, 33, 39, 40, 42, 59, 82, 92, 120]]
[137, 2.85998, [0, 1, 3, 4, 9, 10, 12, 13, 28, 29, 32, 33, 40, 42, 50, 59, 82, 92, 120]]
[137, 2.85357, [0, 1, 3, 4, 9, 10, 12, 13, 28, 30, 31, 33, 42, 45, 64, 67, 68, 82, 120]]
[137, 2.85395, [0, 1, 3, 4, 9, 10, 12, 13, 28, 31, 33, 37, 39, 48, 51, 60, 67, 82, 123]]
[137, 2.8589, [0, 1, 3, 4, 9, 10, 12, 13, 28, 33, 37, 39, 48, 49, 51, 67, 82, 103, 105, 119]]
[137, 2.85684, [0, 1, 3, 4, 9, 10, 12, 13, 28, 33, 37, 39, 48, 49, 51, 67, 82, 103, 119, 123]]
[137, 2.85439, [0, 1, 3, 4, 9, 10, 12, 13, 29, 30, 33, 35, 38, 39, 42, 44, 52, 82]]
[137, 2.86722, [0, 1, 3, 4, 9, 10, 12, 13, 29, 30, 33, 35, 38, 42, 44, 52, 68, 82, 118]]
[137, 2.86709, [0, 1, 3, 4, 9, 10, 12, 13, 29, 30, 33, 35, 39, 42, 44, 52, 64, 82, 123]]
[137, 2.87694, [0, 1, 3, 4, 9, 10, 12, 13, 29, 31, 35, 36, 38, 42, 44, 51, 56, 65, 82]]
[137, 2.86751, [0, 1, 3, 4, 9, 10, 12, 13, 29, 31, 35, 36, 38, 42, 44, 51, 56, 82, 118]]
[137, 2.85743, [0, 1, 3, 4, 9, 10, 12, 13, 29, 31, 35, 36, 38, 44, 51, 56, 65, 82, 115]]
[137, 2.86546, [0, 1, 3, 4, 9, 10, 12, 13, 29, 31, 35, 36, 42, 44, 47, 51, 56, 64, 123]]
[137, 2.85572, [0, 1, 3, 4, 9, 10, 12, 13, 29, 31, 35, 36, 42, 44, 47, 51, 56, 118, 123]]
[137, 2.86387, [0, 1, 3, 4, 9, 10, 12, 13, 29, 31, 35, 36, 42, 44, 51, 56, 64, 65, 82]]
[137, 2.85392, [0, 1, 3, 4, 9, 10, 12, 13, 29, 31, 35, 36, 42, 44, 51, 56, 64, 82, 123]]
[137, 2.85699, [0, 1, 3, 4, 9, 10, 12, 13, 29, 31, 35, 36, 47, 51, 56, 64, 95, 113, 117, 123]]
[137, 2.85134, [0, 1, 3, 4, 9, 10, 12, 13, 29, 33, 35, 39, 42, 44, 50, 52, 64, 82, 123]]
[137, 2.86062, [0, 1, 3, 4, 9, 10, 12, 13, 29, 35, 36, 39, 47, 51, 52, 56, 64, 113, 117, 123]]
[137, 2.85261, [0, 1, 3, 4, 9, 10, 12, 13, 29, 35, 37, 38, 42, 51, 52, 56, 59, 68, 82]]
[137, 2.85646, [0, 1, 3, 4, 9, 10, 12, 13, 29, 36, 37, 40, 41, 47, 50, 52, 56, 66, 86]]
[137, 2.86444, [0, 1, 3, 4, 9, 10, 12, 13, 29, 36, 39, 41, 47, 51, 52, 56, 64, 67, 113, 123]]
[137, 2.85189, [0, 1, 3, 4, 9, 10, 12, 13, 29, 36, 39, 41, 47, 51, 52, 64, 67, 113, 117, 123]]
[137, 2.85241, [0, 1, 3, 4, 9, 10, 12, 13, 29, 36, 39, 41, 51, 52, 56, 64, 67, 84, 113, 123]]
[137, 2.8614, [0, 1, 3, 4, 9, 10, 12, 13, 29, 37, 41, 43, 47, 63, 66, 67, 99, 101, 109, 111, 115]]
[137, 2.8526, [0, 1, 3, 4, 9, 10, 12, 13, 30, 31, 34, 36, 44, 46, 66, 94, 100, 104, 110, 118]]
[137, 2.8552, [0, 1, 3, 4, 9, 10, 12, 13, 30, 31, 35, 41, 43, 44, 46, 54, 63, 68, 121]]
[137, 2.85875, [0, 1, 3, 4, 9, 10, 12, 13, 30, 31, 35, 41, 44, 46, 54, 55, 63, 65, 68]]
[137, 2.86613, [0, 1, 3, 4, 9, 10, 12, 13, 30, 31, 41, 43, 44, 46, 54, 63, 66, 68, 110, 121]]
[137, 2.8531, [0, 1, 3, 4, 9, 10, 12, 13, 30, 32, 35, 36, 39, 41, 45, 53, 83, 99, 117]]
[137, 2.85612, [0, 1, 3, 4, 9, 10, 12, 13, 31, 33, 36, 37, 45, 47, 51, 67, 95, 111, 113, 117]]
[137, 2.8559, [0, 1, 3, 4, 9, 10, 12, 13, 31, 33, 36, 37, 45, 47, 51, 67, 95, 111, 115, 117]]
[137, 2.85229, [0, 1, 3, 4, 9, 10, 12, 13, 31, 33, 36, 37, 45, 47, 51, 83, 95, 111, 113, 117]]
[137, 2.85167, [0, 1, 3, 4, 9, 10, 12, 13, 31, 33, 36, 37, 45, 47, 51, 83, 95, 111, 113, 123]]
[137, 2.85099, [0, 1, 3, 4, 9, 10, 12, 13, 31, 33, 36, 37, 45, 47, 51, 83, 95, 113, 117, 123]]
[137, 2.85863, [0, 1, 3, 4, 9, 10, 12, 13, 31, 33, 36, 37, 45, 47, 55, 67, 83, 95, 113, 117]]
[137, 2.85514, [0, 1, 3, 4, 9, 10, 12, 13, 31, 33, 36, 37, 45, 47, 55, 67, 83, 113, 117, 123]]
[137, 2.88342, [0, 1, 3, 4, 9, 10, 12, 13, 31, 33, 36, 37, 45, 47, 55, 67, 95, 99, 111, 113, 117]]
[137, 2.88319, [0, 1, 3, 4, 9, 10, 12, 13, 31, 33, 36, 37, 45, 47, 55, 67, 95, 99, 111, 115, 117]]
[137, 2.85615, [0, 1, 3, 4, 9, 10, 12, 13, 31, 33, 36, 37, 45, 47, 55, 67, 95, 99, 111, 117]]
[137, 2.85614, [0, 1, 3, 4, 9, 10, 12, 13, 31, 33, 36, 37, 45, 47, 55, 67, 95, 99, 113, 115]]
[137, 2.85592, [0, 1, 3, 4, 9, 10, 12, 13, 31, 33, 36, 37, 45, 47, 55, 67, 95, 99, 113, 117]]
[137, 2.85569, [0, 1, 3, 4, 9, 10, 12, 13, 31, 33, 36, 37, 45, 47, 55, 67, 95, 99, 115, 117]]
[137, 2.85434, [0, 1, 3, 4, 9, 10, 12, 13, 31, 33, 36, 37, 45, 47, 55, 67, 95, 111, 113, 117]]
[137, 2.85411, [0, 1, 3, 4, 9, 10, 12, 13, 31, 33, 36, 37, 45, 47, 55, 67, 95, 111, 115, 117]]
[137, 2.85374, [0, 1, 3, 4, 9, 10, 12, 13, 31, 33, 36, 37, 45, 47, 55, 67, 99, 111, 113, 117]]
[137, 2.85351, [0, 1, 3, 4, 9, 10, 12, 13, 31, 33, 36, 37, 45, 47, 55, 67, 99, 111, 115, 117]]
[137, 2.85209, [0, 1, 3, 4, 9, 10, 12, 13, 31, 33, 36, 37, 45, 47, 55, 83, 95, 99, 113, 117]]
[137, 2.85228, [0, 1, 3, 4, 9, 10, 12, 13, 31, 33, 36, 37, 45, 51, 55, 67, 95, 111, 113, 117]]
[137, 2.85206, [0, 1, 3, 4, 9, 10, 12, 13, 31, 33, 36, 37, 45, 51, 55, 67, 95, 111, 115, 117]]
[137, 2.85679, [0, 1, 3, 4, 9, 10, 12, 13, 31, 33, 37, 39, 51, 55, 83, 95, 103, 105, 113, 117, 119]]
[137, 2.85913, [0, 1, 3, 4, 9, 10, 12, 13, 31, 33, 37, 45, 47, 55, 67, 95, 99, 105, 113, 117, 119]]
[137, 2.85837, [0, 1, 3, 4, 9, 10, 12, 13, 31, 33, 37, 45, 47, 55, 67, 95, 99, 111, 113, 117, 119]]
[137, 2.85263, [0, 1, 3, 4, 9, 10, 12, 13, 31, 33, 37, 45, 51, 55, 83, 95, 103, 105, 113, 117, 119]]
[137, 2.85804, [0, 1, 3, 4, 9, 10, 12, 13, 31, 35, 36, 38, 42, 44, 51, 54, 56, 65, 82]]
[137, 2.8607, [0, 1, 3, 4, 9, 10, 12, 13, 31, 35, 41, 43, 46, 48, 54, 56, 63, 68, 119, 121]]
[137, 2.85252, [0, 1, 3, 4, 9, 10, 12, 13, 32, 36, 37, 41, 43, 44, 53, 57, 58, 66, 67]]
[137, 2.85418, [0, 1, 3, 4, 9, 10, 12, 13, 34, 40, 44, 45, 47, 51, 52, 61, 63, 66, 83, 107]]
[137, 2.86891, [0, 1, 3, 4, 9, 10, 12, 13, 36, 41, 43, 49, 51, 52, 56, 64, 65, 67, 84, 113, 123]]
[137, 2.85123, [0, 1, 3, 4, 9, 10, 12, 13, 40, 41, 45, 47, 48, 52, 58, 60, 61, 65, 66, 88]]
[137, 2.86732, [0, 1, 3, 4, 9, 11, 12, 16, 25, 35, 37, 42, 43, 48, 52, 55, 57, 60, 64, 115]]
[137, 2.8509, [0, 1, 3, 4, 9, 11, 12, 16, 25, 36, 40, 42, 43, 51, 52, 54, 58, 67, 106, 124]]
[137, 2.85255, [0, 1, 3, 4, 9, 11, 12, 16, 25, 37, 42, 43, 45, 52, 55, 57, 60, 64, 66, 115]]
[137, 2.87371, [0, 1, 3, 4, 9, 11, 12, 16, 25, 40, 42, 43, 48, 52, 57, 58, 60, 65, 67, 106, 124]]
[137, 2.85536, [0, 1, 3, 4, 9, 11, 12, 16, 30, 34, 36, 40, 41, 43, 53, 55, 58, 62, 117, 122]]
[137, 2.85378, [0, 1, 3, 4, 10, 11, 14, 15, 23, 37, 39, 40, 44, 47, 52, 56, 58, 61, 62, 86]]

Search completed in 5 hours, 15 minutes, and 23.873 seconds.  Enter a string to quit.