Enter an integer k for which our Kempner sets are k-free: 3
Enter a positive integer modulus b: 61
Enter estimation parameters, or * for pre-computed parameters ([0.0989, 1.0995, 1.4414]): *
Enter a threshold (e.g. 4.2) to determine printed output: 2.74
Enter a root for the search space (e.g. [0, 1, 2]) [or * for the root [0]]: *
Enter an upper bound for the size of allowable digit sets [or * to ignore]: *
Enter a maximal number of deviations from a greedy search [or * to ignore]: *
Searching for k-free sets mod b...

[61, 2.81138, [0, 1, 3, 4, 9, 10, 12, 13, 27, 28, 30]]
[61, 2.80977, [0, 1, 3, 4, 9, 10, 12, 13, 27, 29, 30]]
[61, 2.79029, [0, 1, 3, 4, 9, 10, 12, 13, 29, 30, 44]]
[61, 2.77341, [0, 1, 3, 4, 9, 10, 12, 13, 30, 44, 45]]
[61, 2.75665, [0, 1, 3, 4, 9, 10, 12, 13, 44, 45, 47]]
[61, 2.75595, [0, 1, 3, 4, 9, 10, 12, 13, 44, 46, 47]]
[61, 2.78317, [0, 1, 3, 4, 9, 10, 12, 22, 25, 26, 29]]
[61, 2.77982, [0, 1, 3, 4, 9, 10, 12, 22, 25, 27, 30]]
[61, 2.77649, [0, 1, 3, 4, 9, 10, 12, 22, 25, 29, 30]]
[61, 2.77937, [0, 1, 3, 4, 9, 10, 12, 22, 26, 27, 29]]
[61, 2.75593, [0, 1, 3, 4, 9, 10, 12, 22, 26, 27, 56]]
[61, 2.77765, [0, 1, 3, 4, 9, 10, 12, 22, 26, 28, 29]]
[61, 2.75749, [0, 1, 3, 4, 9, 10, 12, 22, 26, 28, 50]]
[61, 2.7743, [0, 1, 3, 4, 9, 10, 12, 22, 27, 28, 30]]
[61, 2.7569, [0, 1, 3, 4, 9, 10, 12, 22, 27, 28, 48]]
[61, 2.77269, [0, 1, 3, 4, 9, 10, 12, 22, 27, 29, 30]]
[61, 2.7708, [0, 1, 3, 4, 9, 10, 12, 25, 26, 28, 29]]
[61, 2.76768, [0, 1, 3, 4, 9, 10, 12, 25, 26, 29, 30]]
[61, 2.75721, [0, 1, 3, 4, 9, 10, 12, 25, 26, 29, 39]]
[61, 2.76745, [0, 1, 3, 4, 9, 10, 12, 25, 27, 28, 30]]
[61, 2.76388, [0, 1, 3, 4, 9, 10, 12, 26, 27, 29, 30]]
[61, 2.75342, [0, 1, 3, 4, 9, 10, 12, 26, 27, 29, 39]]
[61, 2.74496, [0, 1, 3, 4, 9, 10, 12, 27, 28, 30, 43]]
[61, 2.74335, [0, 1, 3, 4, 9, 10, 12, 27, 29, 30, 43]]
[61, 2.75583, [0, 1, 3, 4, 9, 10, 12, 39, 44, 45, 47, 48]]
[61, 2.77571, [0, 1, 3, 4, 9, 10, 13, 21, 24, 28, 30]]
[61, 2.7698, [0, 1, 3, 4, 9, 10, 13, 21, 27, 28, 30]]
[61, 2.74526, [0, 1, 3, 4, 9, 10, 13, 21, 27, 30, 55]]
[61, 2.75034, [0, 1, 3, 4, 9, 10, 13, 21, 28, 30, 44]]
[61, 2.74372, [0, 1, 3, 4, 9, 10, 13, 24, 29, 30, 41]]
[61, 2.74213, [0, 1, 3, 4, 9, 10, 13, 27, 28, 30, 38]]
[61, 2.74416, [0, 1, 3, 4, 9, 10, 21, 22, 24, 25, 30]]
[61, 2.74016, [0, 1, 3, 4, 9, 10, 21, 22, 24, 28, 29]]
[61, 2.79036, [0, 1, 3, 4, 9, 10, 22, 23, 27, 28, 30, 48]]
[61, 2.79231, [0, 1, 3, 4, 9, 11, 12, 16, 25, 26, 30]]
[61, 2.79048, [0, 1, 3, 4, 9, 11, 12, 16, 25, 27, 30]]
[61, 2.77307, [0, 1, 3, 4, 9, 11, 12, 16, 25, 27, 48]]
[61, 2.78851, [0, 1, 3, 4, 9, 11, 12, 16, 26, 27, 30]]
[61, 2.76095, [0, 1, 3, 4, 9, 11, 12, 25, 26, 28, 29]]
[61, 2.75783, [0, 1, 3, 4, 9, 11, 12, 25, 26, 29, 30]]
[61, 2.75761, [0, 1, 3, 4, 9, 11, 12, 25, 27, 28, 30]]
[61, 2.74021, [0, 1, 3, 4, 9, 11, 12, 25, 27, 28, 48]]
[61, 2.74141, [0, 1, 3, 4, 9, 11, 12, 25, 28, 30, 40]]
[61, 2.75403, [0, 1, 3, 4, 9, 11, 12, 26, 27, 29, 30]]
[61, 2.74358, [0, 1, 3, 4, 9, 11, 12, 26, 27, 29, 39]]
[61, 2.80898, [0, 1, 3, 4, 9, 11, 16, 20, 26, 27, 30, 55]]
[61, 2.78601, [0, 1, 3, 4, 9, 11, 20, 23, 27, 28, 30, 48]]
[61, 2.75042, [0, 1, 3, 4, 9, 11, 23, 27, 29, 30, 41, 48]]
[61, 2.75155, [0, 1, 3, 4, 9, 11, 29, 39, 42, 43, 46, 48, 51]]
[61, 2.75771, [0, 1, 3, 4, 9, 12, 13, 19, 27, 28, 30]]
[61, 2.74539, [0, 1, 3, 4, 9, 12, 13, 19, 28, 30, 36]]
[61, 2.74666, [0, 1, 3, 4, 9, 12, 16, 19, 25, 27, 30]]
[61, 2.74196, [0, 1, 3, 4, 9, 16, 19, 20, 26, 27, 55, 56]]
[61, 2.76346, [0, 1, 3, 4, 10, 11, 13, 14, 29, 30, 35]]
[61, 2.7466, [0, 1, 3, 4, 10, 11, 13, 14, 30, 35, 45]]
[61, 2.74164, [0, 1, 3, 4, 10, 11, 13, 14, 30, 40, 45]]
[61, 2.74942, [0, 1, 3, 4, 10, 12, 13, 18, 27, 28, 30]]
[61, 2.74781, [0, 1, 3, 4, 10, 12, 13, 18, 27, 29, 30]]
[61, 2.74109, [0, 1, 3, 4, 11, 13, 14, 16, 20, 30, 35]]
[61, 2.74519, [0, 1, 3, 4, 11, 16, 17, 20, 25, 27, 35, 55]]
[61, 2.75283, [0, 1, 3, 4, 12, 13, 15, 16, 35, 36, 41, 42]]
[61, 2.77103, [0, 1, 3, 4, 14, 16, 17, 22, 23, 36, 37, 48, 54]]
[61, 2.76993, [0, 1, 3, 4, 14, 17, 19, 22, 23, 26, 36, 54, 56]]
[61, 2.76159, [0, 1, 3, 7, 8, 10, 18, 21, 22, 25, 27, 30]]
[61, 2.75642, [0, 1, 3, 7, 9, 10, 12, 22, 26, 27, 29, 33]]

Search completed in 0 hours, 0 minutes, and 0.549 seconds.  Enter a string to quit.