Enter an integer k for which our Kempner sets are k-free: 3
Enter a positive integer modulus b: 289
Enter estimation parameters, or * for pre-computed parameters ([0.0791, 1.5877, 1.2046]): *
Enter a threshold (e.g. 4.2) to determine printed output: 2.945
Enter a root for the search space (e.g. [0, 1, 2]) [or * for the root [0]]: *
Enter an upper bound for the size of allowable digit sets [or * to ignore]: 36
Enter a maximal number of deviations from a greedy search [or * to ignore]: *
Searching for k-free sets mod b...

[289, 2.95275, [0, 1, 3, 4, 9, 10, 12, 13, 27, 28, 30, 31, 36, 37, 39, 40, 81, 82, 84, 85, 90, 91, 93, 94, 108, 109, 111, 112, 117, 118, 120, 121]]
[289, 2.94956, [0, 1, 3, 4, 9, 10, 12, 13, 27, 28, 30, 31, 36, 37, 39, 40, 81, 82, 84, 85, 91, 93, 94, 99, 108, 109, 111, 112, 118, 120, 121, 144]]
[289, 2.94768, [0, 1, 3, 4, 9, 10, 12, 13, 27, 28, 30, 31, 36, 37, 39, 40, 81, 82, 84, 85, 91, 93, 94, 108, 109, 111, 112, 117, 118, 120, 121, 144]]
[289, 2.94879, [0, 1, 3, 4, 9, 10, 12, 13, 27, 28, 30, 31, 36, 37, 39, 40, 81, 82, 84, 90, 91, 93, 94, 103, 108, 109, 111, 117, 118, 120, 121, 130]]
[289, 2.94746, [0, 1, 3, 4, 9, 10, 12, 13, 27, 28, 30, 31, 36, 37, 39, 40, 81, 82, 84, 90, 91, 93, 94, 103, 108, 109, 111, 117, 118, 120, 130, 139]]
[289, 2.94723, [0, 1, 3, 4, 9, 10, 12, 13, 27, 28, 30, 31, 36, 37, 39, 40, 81, 82, 84, 90, 91, 93, 94, 108, 109, 111, 112, 117, 118, 120, 121, 139]]
[289, 2.94541, [0, 1, 3, 4, 9, 10, 12, 13, 27, 28, 30, 31, 36, 37, 39, 40, 81, 82, 84, 90, 91, 93, 103, 108, 109, 111, 112, 117, 118, 120, 130, 139]]
[289, 2.94562, [0, 1, 3, 4, 9, 10, 12, 13, 27, 28, 30, 31, 36, 37, 39, 40, 81, 82, 84, 90, 93, 94, 97, 103, 108, 111, 115, 117, 120, 121, 130, 142]]
[289, 2.9456, [0, 1, 3, 4, 9, 10, 12, 13, 27, 28, 30, 31, 36, 37, 39, 40, 81, 82, 84, 91, 93, 94, 99, 103, 108, 109, 111, 118, 120, 121, 130, 144]]
[289, 2.94872, [0, 1, 3, 4, 9, 10, 12, 13, 27, 28, 30, 31, 36, 37, 39, 40, 81, 82, 85, 90, 91, 93, 94, 102, 108, 109, 112, 117, 118, 120, 121, 129]]
[289, 2.94737, [0, 1, 3, 4, 9, 10, 12, 13, 27, 28, 30, 31, 36, 37, 39, 40, 81, 82, 85, 90, 91, 93, 94, 102, 108, 109, 112, 117, 118, 121, 129, 138]]
[289, 2.94713, [0, 1, 3, 4, 9, 10, 12, 13, 27, 28, 30, 31, 36, 37, 39, 40, 81, 82, 85, 90, 91, 93, 94, 108, 109, 111, 112, 117, 118, 120, 121, 138]]
[289, 2.94528, [0, 1, 3, 4, 9, 10, 12, 13, 27, 28, 30, 31, 36, 37, 39, 40, 81, 82, 85, 90, 91, 94, 102, 108, 109, 111, 112, 117, 118, 121, 129, 138]]
[289, 2.9455, [0, 1, 3, 4, 9, 10, 12, 13, 27, 28, 30, 31, 36, 37, 39, 40, 81, 82, 85, 91, 93, 94, 96, 102, 109, 112, 114, 118, 120, 121, 129, 141]]
[289, 2.94553, [0, 1, 3, 4, 9, 10, 12, 13, 27, 28, 30, 31, 36, 37, 39, 40, 81, 82, 85, 91, 93, 94, 99, 102, 108, 109, 112, 118, 120, 121, 129, 144]]
[289, 2.95303, [0, 1, 3, 4, 9, 10, 12, 13, 27, 28, 30, 31, 36, 37, 39, 40, 81, 82, 93, 94, 96, 100, 103, 108, 109, 114, 121, 129, 130, 138, 140, 141, 143]]
[289, 2.94731, [0, 1, 3, 4, 9, 10, 12, 13, 27, 28, 30, 31, 36, 37, 39, 40, 81, 82, 93, 94, 100, 102, 103, 108, 109, 120, 121, 129, 130, 141, 143, 144, 244]]
[289, 2.94699, [0, 1, 3, 4, 9, 10, 12, 13, 27, 28, 30, 31, 36, 37, 39, 40, 81, 83, 93, 94, 99, 101, 102, 106, 114, 116, 124, 128, 137, 141, 143, 144, 240]]
[289, 2.94988, [0, 1, 3, 4, 9, 10, 12, 13, 27, 28, 30, 31, 36, 37, 39, 40, 81, 84, 85, 88, 90, 93, 94, 97, 108, 111, 112, 115, 117, 120, 121, 124]]
[289, 2.94885, [0, 1, 3, 4, 9, 10, 12, 13, 27, 28, 30, 31, 36, 37, 39, 40, 81, 84, 85, 88, 90, 93, 94, 97, 108, 111, 115, 117, 118, 120, 124, 127]]
[289, 2.94669, [0, 1, 3, 4, 9, 10, 12, 13, 27, 28, 30, 31, 36, 37, 39, 40, 81, 84, 85, 88, 93, 94, 97, 99, 108, 111, 112, 115, 120, 121, 124, 144]]
[289, 2.94566, [0, 1, 3, 4, 9, 10, 12, 13, 27, 28, 30, 31, 36, 37, 39, 40, 81, 84, 85, 88, 93, 94, 97, 99, 108, 111, 115, 118, 120, 124, 127, 144]]
[289, 2.94857, [0, 1, 3, 4, 9, 10, 12, 13, 27, 28, 30, 31, 36, 37, 39, 40, 81, 84, 85, 90, 91, 93, 94, 100, 108, 111, 112, 117, 118, 120, 121, 127]]
[289, 2.94718, [0, 1, 3, 4, 9, 10, 12, 13, 27, 28, 30, 31, 36, 37, 39, 40, 81, 84, 85, 90, 91, 93, 94, 100, 108, 111, 112, 117, 120, 121, 127, 136]]
[289, 2.94692, [0, 1, 3, 4, 9, 10, 12, 13, 27, 28, 30, 31, 36, 37, 39, 40, 81, 84, 85, 90, 91, 93, 94, 108, 109, 111, 112, 117, 118, 120, 121, 136]]
[289, 2.94537, [0, 1, 3, 4, 9, 10, 12, 13, 27, 28, 30, 31, 36, 37, 39, 40, 81, 84, 85, 91, 93, 94, 99, 100, 108, 111, 112, 118, 120, 121, 127, 144]]
[289, 2.94718, [0, 1, 3, 4, 9, 10, 12, 13, 27, 28, 30, 31, 36, 37, 39, 40, 81, 84, 88, 90, 91, 93, 97, 100, 108, 111, 115, 117, 118, 120, 124, 127]]
[289, 2.94619, [0, 1, 3, 4, 9, 10, 12, 13, 27, 28, 30, 31, 36, 37, 39, 40, 81, 84, 88, 90, 91, 93, 97, 100, 108, 111, 117, 118, 120, 121, 127, 130]]
[289, 2.94574, [0, 1, 3, 4, 9, 10, 12, 13, 27, 28, 30, 31, 36, 37, 39, 40, 81, 84, 88, 90, 91, 93, 97, 100, 108, 111, 117, 118, 120, 121, 130, 133]]
[289, 2.94572, [0, 1, 3, 4, 9, 10, 12, 13, 27, 28, 30, 31, 36, 37, 39, 40, 81, 84, 88, 90, 91, 93, 97, 100, 108, 111, 117, 118, 120, 124, 127, 133]]
[289, 2.94524, [0, 1, 3, 4, 9, 10, 12, 13, 27, 28, 30, 31, 36, 37, 39, 40, 81, 84, 88, 90, 91, 93, 97, 100, 108, 111, 117, 120, 121, 124, 130, 133]]
[289, 2.94545, [0, 1, 3, 4, 9, 10, 12, 13, 27, 28, 30, 31, 36, 37, 39, 40, 81, 84, 88, 90, 91, 93, 100, 106, 108, 111, 115, 117, 118, 120, 127, 133]]
[289, 2.94593, [0, 1, 3, 4, 9, 10, 12, 13, 27, 28, 30, 31, 36, 37, 39, 40, 81, 84, 88, 90, 93, 94, 97, 103, 108, 111, 115, 117, 120, 121, 124, 130]]
[289, 2.94585, [0, 1, 3, 4, 9, 10, 12, 13, 27, 28, 30, 31, 36, 37, 39, 40, 81, 85, 88, 90, 93, 94, 97, 102, 108, 112, 115, 117, 120, 121, 124, 129]]
[289, 2.9499, [0, 1, 3, 4, 9, 10, 12, 13, 27, 28, 30, 31, 36, 37, 39, 40, 81, 85, 91, 93, 94, 98, 106, 108, 112, 113, 117, 124, 129, 137, 138, 144, 242]]
[289, 2.94727, [0, 1, 3, 4, 9, 10, 12, 13, 27, 28, 30, 31, 36, 37, 39, 40, 81, 88, 93, 94, 96, 97, 108, 110, 114, 116, 121, 129, 130, 133, 141, 143, 244]]
[289, 2.94536, [0, 1, 3, 4, 9, 10, 12, 13, 27, 28, 30, 31, 36, 37, 39, 40, 81, 88, 93, 94, 97, 103, 104, 108, 110, 121, 129, 130, 133, 141, 143, 144, 244]]
[289, 2.94648, [0, 1, 3, 4, 9, 10, 12, 13, 27, 28, 30, 31, 36, 37, 39, 40, 81, 88, 93, 99, 100, 102, 103, 108, 109, 120, 124, 127, 129, 133, 143, 144, 233]]
[289, 2.95111, [0, 1, 3, 4, 9, 10, 12, 13, 27, 28, 30, 31, 36, 37, 39, 40, 81, 91, 93, 97, 99, 100, 102, 106, 108, 120, 124, 127, 129, 136, 137, 139, 144]]
[289, 2.94831, [0, 1, 3, 4, 9, 10, 12, 13, 27, 28, 30, 31, 36, 37, 39, 40, 81, 93, 94, 96, 97, 102, 103, 106, 114, 124, 128, 130, 133, 139, 140, 143, 144]]
[289, 2.94818, [0, 1, 3, 4, 9, 10, 12, 13, 27, 28, 30, 31, 36, 37, 39, 40, 81, 93, 94, 96, 97, 102, 103, 106, 114, 124, 128, 130, 133, 140, 141, 143, 144]]
[289, 2.9505, [0, 1, 3, 4, 9, 10, 12, 13, 27, 28, 30, 31, 36, 37, 39, 40, 81, 93, 94, 97, 99, 102, 103, 106, 108, 116, 121, 127, 128, 137, 141, 142, 144]]
[289, 2.94973, [0, 1, 3, 4, 9, 10, 12, 13, 27, 28, 30, 31, 36, 37, 39, 40, 81, 93, 94, 97, 99, 102, 103, 106, 108, 121, 127, 128, 130, 137, 138, 141, 142]]
[289, 2.95011, [0, 1, 3, 4, 9, 10, 12, 13, 27, 28, 30, 31, 36, 37, 39, 40, 81, 93, 94, 97, 99, 102, 103, 106, 114, 116, 124, 127, 128, 136, 137, 141, 143]]
[289, 2.9496, [0, 1, 3, 4, 9, 10, 12, 13, 27, 28, 30, 31, 36, 37, 39, 40, 81, 93, 94, 97, 99, 102, 103, 106, 114, 116, 124, 127, 128, 137, 141, 143, 144]]
[289, 2.94902, [0, 1, 3, 4, 9, 10, 12, 13, 27, 28, 30, 31, 36, 37, 39, 40, 81, 93, 94, 97, 99, 102, 103, 106, 114, 116, 124, 127, 136, 137, 141, 143, 144]]
[289, 2.94793, [0, 1, 3, 4, 9, 10, 12, 13, 27, 28, 30, 31, 36, 37, 39, 40, 81, 93, 94, 97, 99, 102, 103, 106, 114, 124, 128, 130, 133, 139, 140, 143, 144]]
[289, 2.94781, [0, 1, 3, 4, 9, 10, 12, 13, 27, 28, 30, 31, 36, 37, 39, 40, 81, 93, 94, 97, 99, 102, 103, 106, 114, 124, 128, 130, 133, 140, 141, 143, 144]]
[289, 2.94899, [0, 1, 3, 4, 9, 10, 12, 13, 27, 28, 30, 31, 36, 37, 39, 40, 81, 93, 94, 97, 99, 103, 106, 108, 114, 116, 127, 128, 130, 136, 137, 141, 143]]
[289, 2.94713, [0, 1, 3, 4, 9, 10, 12, 13, 27, 28, 30, 31, 36, 37, 39, 40, 81, 93, 97, 99, 100, 106, 108, 109, 111, 120, 127, 128, 130, 138, 139, 142, 144]]
[289, 2.94878, [0, 1, 3, 4, 9, 10, 12, 13, 27, 28, 30, 31, 36, 37, 39, 40, 81, 94, 95, 97, 98, 103, 105, 106, 110, 121, 127, 128, 130, 138, 140, 141, 143]]
[289, 2.95078, [0, 1, 3, 4, 9, 10, 12, 13, 27, 28, 30, 31, 36, 37, 39, 40, 82, 83, 85, 86, 91, 92, 94, 95, 109, 110, 112, 113, 118, 119, 121, 122]]
[289, 2.95005, [0, 1, 3, 4, 9, 10, 12, 13, 27, 28, 30, 31, 36, 37, 39, 40, 82, 83, 85, 86, 91, 92, 94, 95, 110, 111, 113, 114, 119, 120, 122, 123]]
[289, 2.94983, [0, 1, 3, 4, 9, 10, 12, 13, 27, 28, 30, 31, 36, 37, 39, 40, 82, 84, 85, 87, 91, 93, 94, 96, 109, 111, 112, 114, 118, 120, 121, 123]]
[289, 2.94878, [0, 1, 3, 4, 9, 10, 12, 13, 27, 28, 30, 31, 36, 37, 39, 40, 82, 84, 85, 87, 91, 93, 94, 96, 109, 112, 114, 117, 118, 121, 123, 126]]
[289, 2.94582, [0, 1, 3, 4, 9, 10, 12, 13, 27, 28, 30, 31, 36, 37, 39, 40, 82, 84, 85, 89, 90, 92, 97, 106, 111, 113, 114, 118, 119, 121, 126, 135]]
[289, 2.94849, [0, 1, 3, 4, 9, 10, 12, 13, 27, 28, 30, 31, 36, 37, 39, 40, 82, 84, 85, 90, 91, 93, 94, 99, 109, 111, 112, 117, 118, 120, 121, 126]]
[289, 2.94708, [0, 1, 3, 4, 9, 10, 12, 13, 27, 28, 30, 31, 36, 37, 39, 40, 82, 84, 85, 90, 91, 93, 94, 99, 109, 111, 112, 118, 120, 121, 126, 135]]
[289, 2.94682, [0, 1, 3, 4, 9, 10, 12, 13, 27, 28, 30, 31, 36, 37, 39, 40, 82, 84, 85, 90, 91, 93, 94, 108, 109, 111, 112, 117, 118, 120, 121, 135]]
[289, 2.94587, [0, 1, 3, 4, 9, 10, 12, 13, 27, 28, 30, 31, 36, 37, 39, 40, 82, 84, 87, 91, 93, 94, 96, 103, 109, 111, 114, 118, 120, 121, 123, 130]]
[289, 2.94707, [0, 1, 3, 4, 9, 10, 12, 13, 27, 28, 30, 31, 36, 37, 39, 40, 82, 85, 87, 90, 91, 94, 96, 99, 109, 112, 114, 117, 118, 121, 123, 126]]
[289, 2.94606, [0, 1, 3, 4, 9, 10, 12, 13, 27, 28, 30, 31, 36, 37, 39, 40, 82, 85, 87, 90, 91, 94, 96, 99, 109, 112, 117, 118, 120, 121, 126, 129]]
[289, 2.94562, [0, 1, 3, 4, 9, 10, 12, 13, 27, 28, 30, 31, 36, 37, 39, 40, 82, 85, 87, 90, 91, 94, 96, 99, 109, 112, 117, 118, 120, 121, 129, 132]]
[289, 2.94559, [0, 1, 3, 4, 9, 10, 12, 13, 27, 28, 30, 31, 36, 37, 39, 40, 82, 85, 87, 90, 91, 94, 96, 99, 109, 112, 117, 118, 121, 123, 126, 132]]
[289, 2.94531, [0, 1, 3, 4, 9, 10, 12, 13, 27, 28, 30, 31, 36, 37, 39, 40, 82, 85, 87, 90, 91, 94, 99, 105, 109, 112, 114, 117, 118, 121, 126, 132]]
[289, 2.9458, [0, 1, 3, 4, 9, 10, 12, 13, 27, 28, 30, 31, 36, 37, 39, 40, 82, 85, 87, 91, 93, 94, 96, 102, 109, 112, 114, 118, 120, 121, 123, 129]]
[289, 2.95038, [0, 1, 3, 4, 9, 10, 12, 13, 27, 28, 30, 31, 36, 37, 39, 40, 82, 92, 93, 96, 97, 103, 105, 106, 108, 121, 122, 126, 129, 135, 140, 142, 143]]
[289, 2.9467, [0, 1, 3, 4, 9, 10, 12, 13, 27, 28, 30, 31, 36, 37, 39, 40, 82, 92, 93, 96, 97, 103, 105, 106, 108, 121, 122, 126, 129, 135, 140, 142, 236]]
[289, 2.94791, [0, 1, 3, 4, 9, 10, 12, 13, 27, 28, 30, 31, 36, 37, 39, 40, 82, 92, 96, 98, 99, 101, 105, 108, 113, 123, 126, 131, 132, 135, 140, 142, 143]]
[289, 2.94773, [0, 1, 3, 4, 9, 10, 12, 13, 27, 28, 30, 31, 36, 37, 39, 40, 82, 93, 94, 96, 100, 103, 105, 108, 109, 121, 129, 131, 135, 138, 140, 143, 144]]
[289, 2.94731, [0, 1, 3, 4, 9, 10, 12, 13, 27, 28, 30, 31, 36, 37, 39, 40, 82, 93, 94, 97, 99, 103, 108, 110, 111, 115, 130, 132, 135, 139, 141, 142, 144]]
[289, 2.94885, [0, 1, 3, 4, 9, 10, 12, 13, 27, 28, 30, 31, 36, 37, 39, 40, 83, 84, 86, 87, 92, 93, 95, 96, 110, 111, 113, 114, 119, 120, 122, 123]]
[289, 2.94814, [0, 1, 3, 4, 9, 10, 12, 13, 27, 28, 30, 31, 36, 37, 39, 40, 83, 84, 86, 87, 92, 93, 95, 96, 111, 112, 114, 115, 120, 121, 123, 124]]
[289, 2.94781, [0, 1, 3, 4, 9, 10, 12, 13, 27, 28, 30, 31, 36, 37, 39, 40, 83, 84, 86, 87, 92, 93, 95, 96, 111, 112, 114, 115, 121, 122, 124, 125]]
[289, 2.94779, [0, 1, 3, 4, 9, 10, 12, 13, 27, 28, 30, 31, 36, 37, 39, 40, 83, 84, 86, 87, 92, 93, 95, 96, 111, 113, 114, 116, 120, 122, 123, 125]]
[289, 2.94743, [0, 1, 3, 4, 9, 10, 12, 13, 27, 28, 30, 31, 36, 37, 39, 40, 83, 84, 86, 87, 92, 93, 95, 96, 112, 113, 115, 116, 121, 122, 124, 125]]
[289, 2.9469, [0, 1, 3, 4, 9, 10, 12, 13, 27, 28, 30, 31, 36, 37, 39, 40, 83, 84, 86, 87, 93, 94, 96, 97, 112, 113, 115, 116, 121, 122, 124, 125]]
[289, 2.94749, [0, 1, 3, 4, 9, 10, 12, 13, 27, 28, 30, 31, 36, 37, 39, 40, 83, 84, 87, 89, 92, 93, 96, 98, 110, 111, 114, 116, 119, 120, 123, 125]]
[289, 2.94792, [0, 1, 3, 4, 9, 10, 12, 13, 27, 28, 30, 31, 36, 37, 39, 40, 83, 85, 86, 88, 92, 94, 95, 97, 110, 112, 113, 115, 119, 121, 122, 124]]
[289, 2.94685, [0, 1, 3, 4, 9, 10, 12, 13, 27, 28, 30, 31, 36, 37, 39, 40, 83, 85, 86, 88, 92, 94, 95, 97, 112, 113, 115, 116, 121, 122, 124, 125]]
[289, 2.94653, [0, 1, 3, 4, 9, 10, 12, 13, 27, 28, 30, 31, 36, 37, 39, 40, 83, 85, 86, 88, 92, 94, 95, 97, 112, 113, 115, 116, 121, 123, 124, 128]]
[289, 2.94637, [0, 1, 3, 4, 9, 10, 12, 13, 27, 28, 30, 31, 36, 37, 39, 40, 83, 85, 86, 88, 92, 94, 95, 97, 112, 113, 115, 116, 121, 124, 125, 128]]
[289, 2.94635, [0, 1, 3, 4, 9, 10, 12, 13, 27, 28, 30, 31, 36, 37, 39, 40, 83, 85, 86, 88, 92, 94, 95, 97, 112, 113, 115, 119, 121, 122, 124, 128]]
[289, 2.94583, [0, 1, 3, 4, 9, 10, 12, 13, 27, 28, 30, 31, 36, 37, 39, 40, 83, 85, 86, 88, 92, 94, 95, 97, 112, 115, 116, 119, 121, 124, 125, 128]]
[289, 2.94604, [0, 1, 3, 4, 9, 10, 12, 13, 27, 28, 30, 31, 36, 37, 39, 40, 83, 85, 86, 88, 94, 95, 97, 101, 110, 112, 113, 115, 121, 122, 124, 128]]
[289, 2.94655, [0, 1, 3, 4, 9, 10, 12, 13, 27, 28, 30, 31, 36, 37, 39, 40, 83, 85, 88, 89, 92, 94, 97, 98, 110, 112, 115, 116, 119, 121, 124, 125]]
[289, 2.94743, [0, 1, 3, 4, 9, 10, 12, 13, 27, 28, 30, 31, 36, 37, 39, 40, 83, 88, 94, 95, 97, 101, 104, 110, 112, 115, 117, 121, 131, 134, 143, 144, 243]]
[289, 2.95225, [0, 1, 3, 4, 9, 10, 12, 13, 27, 28, 30, 31, 36, 37, 39, 40, 83, 89, 93, 96, 98, 101, 102, 105, 116, 120, 122, 123, 125, 132, 133, 137, 140]]
[289, 2.94696, [0, 1, 3, 4, 9, 10, 12, 13, 27, 28, 30, 31, 36, 37, 39, 40, 84, 85, 87, 88, 93, 94, 96, 97, 111, 112, 114, 115, 120, 121, 123, 124]]
[289, 2.94593, [0, 1, 3, 4, 9, 10, 12, 13, 27, 28, 30, 31, 36, 37, 39, 40, 84, 85, 87, 88, 93, 94, 96, 97, 111, 114, 115, 118, 120, 123, 124, 127]]
[289, 2.94625, [0, 1, 3, 4, 9, 10, 12, 13, 27, 28, 30, 31, 36, 37, 39, 40, 84, 85, 87, 88, 93, 94, 96, 97, 112, 113, 115, 116, 121, 122, 124, 125]]
[289, 2.94593, [0, 1, 3, 4, 9, 10, 12, 13, 27, 28, 30, 31, 36, 37, 39, 40, 84, 85, 87, 88, 93, 94, 96, 97, 112, 113, 115, 116, 122, 123, 125, 126]]
[289, 2.94591, [0, 1, 3, 4, 9, 10, 12, 13, 27, 28, 30, 31, 36, 37, 39, 40, 84, 85, 87, 88, 93, 94, 96, 97, 112, 114, 115, 117, 121, 123, 124, 126]]
[289, 2.94556, [0, 1, 3, 4, 9, 10, 12, 13, 27, 28, 30, 31, 36, 37, 39, 40, 84, 85, 87, 88, 93, 94, 96, 97, 113, 114, 116, 117, 122, 123, 125, 126]]
[289, 2.94524, [0, 1, 3, 4, 9, 10, 12, 13, 27, 28, 30, 31, 36, 37, 39, 40, 84, 85, 87, 88, 93, 94, 96, 97, 113, 114, 116, 117, 123, 124, 126, 127]]
[289, 2.94522, [0, 1, 3, 4, 9, 10, 12, 13, 27, 28, 30, 31, 36, 37, 39, 40, 84, 85, 87, 88, 93, 94, 96, 97, 113, 115, 116, 118, 122, 124, 125, 127]]
[289, 2.94564, [0, 1, 3, 4, 9, 10, 12, 13, 27, 28, 30, 31, 36, 37, 39, 40, 84, 85, 87, 91, 93, 94, 96, 100, 111, 112, 114, 118, 120, 121, 123, 127]]
[289, 2.94562, [0, 1, 3, 4, 9, 10, 12, 13, 27, 28, 30, 31, 36, 37, 39, 40, 84, 85, 88, 90, 93, 94, 97, 99, 111, 112, 115, 117, 120, 121, 124, 126]]
[289, 2.94604, [0, 1, 3, 4, 9, 10, 12, 13, 27, 28, 30, 31, 36, 37, 39, 40, 84, 86, 87, 89, 93, 95, 96, 98, 111, 113, 114, 116, 120, 122, 123, 125]]
[289, 2.95033, [0, 1, 3, 4, 9, 10, 12, 13, 27, 28, 30, 31, 36, 37, 39, 40, 84, 90, 93, 94, 97, 103, 108, 111, 115, 117, 120, 124, 130, 134, 135, 139, 142]]
[289, 2.9509, [0, 1, 3, 4, 9, 10, 12, 13, 27, 28, 30, 31, 36, 37, 39, 40, 84, 92, 94, 97, 98, 101, 103, 106, 107, 119, 124, 126, 127, 134, 136, 139, 143]]
[289, 2.9519, [0, 1, 3, 4, 9, 10, 12, 13, 27, 28, 30, 31, 36, 37, 39, 40, 86, 91, 92, 94, 95, 100, 103, 107, 110, 118, 121, 127, 130, 131, 137, 138, 140]]
[289, 2.94708, [0, 1, 3, 4, 9, 10, 12, 13, 27, 28, 30, 31, 36, 37, 39, 40, 86, 92, 93, 96, 97, 103, 105, 119, 121, 122, 126, 127, 129, 134, 138, 140, 143]]
[289, 2.94681, [0, 1, 3, 4, 9, 10, 12, 13, 27, 28, 30, 31, 36, 37, 39, 40, 86, 93, 94, 96, 97, 103, 105, 119, 121, 122, 126, 127, 129, 134, 138, 140, 143]]
[289, 2.95358, [0, 1, 3, 4, 9, 10, 12, 13, 27, 28, 30, 31, 36, 37, 39, 40, 87, 88, 91, 92, 98, 99, 101, 102, 118, 119, 122, 124, 127, 128, 131, 133, 141]]
[289, 2.95288, [0, 1, 3, 4, 9, 10, 12, 13, 27, 28, 30, 31, 36, 37, 39, 40, 87, 88, 91, 92, 99, 101, 102, 104, 118, 119, 122, 124, 127, 128, 131, 133, 141]]
[289, 2.95177, [0, 1, 3, 4, 9, 10, 12, 13, 27, 28, 30, 31, 36, 37, 39, 40, 87, 91, 93, 94, 96, 102, 103, 106, 107, 114, 124, 128, 129, 131, 136, 139, 140]]
[289, 2.9519, [0, 1, 3, 4, 9, 10, 12, 13, 27, 28, 30, 31, 36, 37, 39, 40, 87, 91, 93, 94, 96, 102, 103, 106, 107, 114, 124, 128, 130, 131, 133, 139, 140]]
[289, 2.94809, [0, 1, 3, 4, 9, 10, 12, 13, 27, 28, 30, 31, 36, 37, 39, 40, 87, 92, 93, 95, 101, 102, 104, 105, 119, 124, 126, 127, 131, 132, 139, 141, 142]]
[289, 2.94787, [0, 1, 3, 4, 9, 10, 12, 13, 27, 28, 30, 31, 36, 37, 39, 40, 88, 89, 94, 96, 102, 105, 106, 112, 113, 117, 126, 127, 131, 133, 134, 143, 144]]
[289, 2.95177, [0, 1, 3, 4, 9, 10, 12, 13, 27, 28, 30, 31, 36, 37, 39, 40, 88, 90, 93, 94, 97, 99, 102, 103, 119, 120, 123, 125, 128, 129, 132, 134, 142]]
[289, 2.94658, [0, 1, 3, 4, 9, 10, 12, 13, 27, 28, 30, 31, 36, 37, 39, 40, 88, 92, 93, 95, 105, 106, 108, 109, 114, 116, 129, 131, 132, 134, 138, 141, 143]]
[289, 2.94683, [0, 1, 3, 4, 9, 10, 12, 13, 27, 28, 30, 31, 36, 37, 39, 40, 88, 93, 94, 96, 97, 102, 103, 105, 121, 126, 128, 129, 133, 134, 141, 143, 144]]
[289, 2.94683, [0, 1, 3, 4, 9, 10, 12, 13, 27, 28, 30, 31, 36, 37, 39, 40, 88, 93, 94, 96, 101, 105, 107, 110, 111, 123, 125, 130, 131, 133, 138, 142, 144]]
[289, 2.94578, [0, 1, 3, 4, 9, 10, 12, 13, 27, 28, 30, 31, 36, 37, 39, 40, 88, 93, 94, 96, 102, 103, 105, 106, 121, 126, 128, 129, 133, 134, 141, 143, 144]]
[289, 2.94814, [0, 1, 3, 4, 9, 10, 12, 13, 27, 28, 30, 31, 36, 37, 39, 40, 88, 94, 96, 97, 99, 105, 107, 108, 112, 121, 123, 124, 129, 131, 132, 142, 144]]
[289, 2.94536, [0, 1, 3, 4, 9, 10, 12, 13, 27, 28, 30, 31, 36, 37, 39, 40, 89, 90, 92, 93, 98, 99, 102, 116, 120, 122, 123, 125, 131, 132, 135, 136, 248]]
[289, 2.94647, [0, 1, 3, 4, 9, 10, 12, 13, 27, 28, 30, 31, 36, 37, 39, 40, 89, 90, 93, 95, 98, 102, 104, 105, 122, 123, 126, 128, 131, 132, 135, 137, 188]]
[289, 2.9472, [0, 1, 3, 4, 9, 10, 12, 13, 27, 28, 30, 31, 36, 37, 39, 40, 89, 93, 95, 96, 98, 104, 108, 109, 111, 117, 128, 131, 132, 135, 137, 140, 144]]
[289, 2.94681, [0, 1, 3, 4, 9, 10, 12, 13, 27, 28, 30, 31, 36, 37, 39, 40, 89, 93, 95, 96, 98, 104, 108, 109, 111, 117, 128, 131, 132, 135, 140, 143, 144]]
[289, 2.9468, [0, 1, 3, 4, 9, 10, 12, 13, 27, 28, 30, 31, 36, 37, 39, 40, 89, 93, 95, 96, 98, 104, 108, 109, 111, 117, 128, 132, 134, 135, 137, 143, 144]]
[289, 2.94638, [0, 1, 3, 4, 9, 10, 12, 13, 27, 28, 30, 31, 36, 37, 39, 40, 89, 93, 95, 96, 98, 104, 108, 109, 111, 117, 131, 132, 134, 135, 140, 143, 144]]
[289, 2.94809, [0, 1, 3, 4, 9, 10, 12, 13, 27, 28, 30, 31, 36, 37, 39, 40, 90, 92, 93, 95, 101, 102, 105, 106, 113, 123, 127, 129, 130, 132, 138, 139, 142]]
[289, 2.94777, [0, 1, 3, 4, 9, 10, 12, 13, 27, 28, 30, 31, 36, 37, 39, 40, 90, 92, 93, 95, 101, 102, 105, 106, 113, 126, 127, 129, 130, 135, 137, 138, 142]]
[289, 2.94982, [0, 1, 3, 4, 9, 10, 12, 13, 27, 28, 30, 31, 36, 37, 39, 40, 90, 92, 93, 97, 98, 100, 105, 109, 115, 119, 122, 124, 127, 131, 134, 136, 142]]
[289, 2.9468, [0, 1, 3, 4, 9, 10, 12, 13, 27, 28, 30, 31, 36, 37, 39, 40, 91, 92, 94, 95, 100, 103, 104, 107, 121, 125, 127, 128, 130, 136, 137, 140, 141]]
[289, 2.9467, [0, 1, 3, 4, 9, 10, 12, 13, 27, 28, 30, 31, 36, 37, 39, 40, 91, 92, 94, 95, 101, 102, 105, 106, 122, 124, 127, 128, 133, 135, 136, 140, 141]]
[289, 2.94758, [0, 1, 3, 4, 9, 10, 12, 13, 27, 28, 30, 31, 36, 37, 39, 40, 91, 92, 94, 95, 101, 103, 104, 106, 119, 123, 125, 126, 128, 136, 138, 139, 141]]
[289, 2.94742, [0, 1, 3, 4, 9, 10, 12, 13, 27, 28, 30, 31, 36, 37, 39, 40, 91, 92, 94, 95, 101, 103, 104, 106, 119, 124, 125, 127, 128, 136, 138, 139, 141]]
[289, 2.94696, [0, 1, 3, 4, 9, 10, 12, 13, 27, 28, 30, 31, 36, 37, 39, 40, 91, 92, 95, 96, 102, 104, 105, 107, 111, 125, 128, 129, 132, 134, 137, 138, 141]]
[289, 2.94655, [0, 1, 3, 4, 9, 10, 12, 13, 27, 28, 30, 31, 36, 37, 39, 40, 91, 92, 95, 96, 102, 104, 105, 107, 111, 125, 128, 129, 132, 137, 138, 140, 141]]
[289, 2.94702, [0, 1, 3, 4, 9, 10, 12, 13, 27, 28, 30, 31, 36, 37, 39, 40, 91, 92, 95, 97, 100, 101, 104, 106, 122, 123, 127, 128, 130, 135, 136, 139, 141]]
[289, 2.94664, [0, 1, 3, 4, 9, 10, 12, 13, 27, 28, 30, 31, 36, 37, 39, 40, 91, 92, 96, 97, 99, 104, 105, 108, 110, 126, 127, 130, 131, 137, 138, 140, 141]]
[289, 2.9469, [0, 1, 3, 4, 9, 10, 12, 13, 27, 28, 30, 31, 36, 37, 39, 40, 91, 92, 96, 97, 99, 104, 105, 108, 110, 126, 127, 130, 132, 135, 136, 139, 141]]
[289, 2.94751, [0, 1, 3, 4, 9, 10, 12, 13, 27, 28, 30, 31, 36, 37, 39, 40, 91, 93, 94, 96, 100, 102, 103, 105, 118, 124, 125, 127, 128, 135, 137, 141, 144]]
[289, 2.94737, [0, 1, 3, 4, 9, 10, 12, 13, 27, 28, 30, 31, 36, 37, 39, 40, 91, 93, 94, 96, 100, 102, 103, 105, 118, 124, 125, 127, 128, 135, 139, 141, 144]]
[289, 2.94604, [0, 1, 3, 4, 9, 10, 12, 13, 27, 28, 30, 31, 36, 37, 39, 40, 91, 93, 94, 96, 100, 102, 103, 105, 124, 125, 127, 128, 135, 137, 138, 140, 144]]
[289, 2.94585, [0, 1, 3, 4, 9, 10, 12, 13, 27, 28, 30, 31, 36, 37, 39, 40, 91, 93, 94, 96, 100, 102, 103, 105, 124, 125, 127, 128, 135, 137, 140, 141, 144]]
[289, 2.94589, [0, 1, 3, 4, 9, 10, 12, 13, 27, 28, 30, 31, 36, 37, 39, 40, 91, 93, 94, 96, 100, 102, 103, 105, 124, 125, 128, 129, 135, 137, 138, 140, 144]]
[289, 2.94636, [0, 1, 3, 4, 9, 10, 12, 13, 27, 28, 30, 31, 36, 37, 39, 40, 91, 93, 94, 96, 102, 103, 106, 107, 114, 124, 128, 130, 131, 133, 139, 140, 144]]
[289, 2.94569, [0, 1, 3, 4, 9, 10, 12, 13, 27, 28, 30, 31, 36, 37, 39, 40, 91, 93, 94, 96, 104, 105, 107, 108, 113, 126, 128, 129, 131, 137, 138, 140, 141]]
[289, 2.94548, [0, 1, 3, 4, 9, 10, 12, 13, 27, 28, 30, 31, 36, 37, 39, 40, 91, 93, 94, 96, 104, 106, 107, 109, 113, 126, 128, 129, 131, 137, 138, 140, 141]]
[289, 2.94529, [0, 1, 3, 4, 9, 10, 12, 13, 27, 28, 30, 31, 36, 37, 39, 40, 91, 93, 94, 96, 104, 106, 107, 109, 113, 126, 128, 129, 131, 137, 138, 140, 144]]
[289, 2.94685, [0, 1, 3, 4, 9, 10, 12, 13, 27, 28, 30, 31, 36, 37, 39, 40, 91, 93, 94, 98, 99, 101, 106, 112, 116, 122, 124, 127, 129, 135, 137, 140, 144]]
[289, 2.94535, [0, 1, 3, 4, 9, 10, 12, 13, 27, 28, 30, 31, 36, 37, 39, 40, 91, 93, 94, 99, 100, 103, 108, 110, 111, 124, 130, 132, 133, 135, 139, 141, 144]]
[289, 2.94616, [0, 1, 3, 4, 9, 10, 12, 13, 27, 28, 30, 31, 36, 37, 39, 40, 91, 93, 96, 97, 100, 102, 105, 106, 122, 124, 127, 128, 133, 135, 136, 140, 141]]
[289, 2.94602, [0, 1, 3, 4, 9, 10, 12, 13, 27, 28, 30, 31, 36, 37, 39, 40, 91, 93, 96, 97, 102, 104, 105, 109, 110, 126, 128, 131, 132, 135, 137, 140, 141]]
[289, 2.94557, [0, 1, 3, 4, 9, 10, 12, 13, 27, 28, 30, 31, 36, 37, 39, 40, 91, 93, 96, 97, 102, 104, 105, 109, 110, 126, 128, 131, 132, 137, 139, 140, 144]]
[289, 2.94544, [0, 1, 3, 4, 9, 10, 12, 13, 27, 28, 30, 31, 36, 37, 39, 40, 91, 93, 96, 97, 102, 104, 105, 109, 110, 126, 128, 131, 132, 137, 140, 141, 144]]
[289, 2.946, [0, 1, 3, 4, 9, 10, 12, 13, 27, 28, 30, 31, 36, 37, 39, 40, 91, 94, 95, 98, 100, 103, 104, 107, 121, 125, 127, 128, 130, 136, 137, 140, 141]]
[289, 2.95899, [0, 1, 3, 4, 9, 10, 12, 13, 27, 28, 30, 31, 36, 37, 39, 40, 92, 93, 95, 96, 101, 102, 104, 105, 120, 125, 127, 128, 132, 133, 140, 142, 143, 232]]
[289, 2.94592, [0, 1, 3, 4, 9, 10, 12, 13, 27, 28, 30, 31, 36, 37, 39, 40, 92, 93, 95, 96, 102, 104, 105, 107, 120, 124, 126, 127, 129, 137, 139, 140, 142]]
[289, 2.94577, [0, 1, 3, 4, 9, 10, 12, 13, 27, 28, 30, 31, 36, 37, 39, 40, 92, 93, 95, 96, 102, 104, 105, 107, 120, 125, 126, 128, 129, 137, 139, 140, 142]]
[289, 2.94527, [0, 1, 3, 4, 9, 10, 12, 13, 27, 28, 30, 31, 36, 37, 39, 40, 92, 93, 95, 96, 102, 104, 105, 107, 120, 126, 127, 129, 130, 137, 139, 142, 143]]
[289, 2.94532, [0, 1, 3, 4, 9, 10, 12, 13, 27, 28, 30, 31, 36, 37, 39, 40, 92, 93, 96, 97, 103, 105, 106, 108, 112, 122, 129, 130, 133, 134, 140, 142, 143]]
[289, 2.94538, [0, 1, 3, 4, 9, 10, 12, 13, 27, 28, 30, 31, 36, 37, 39, 40, 92, 93, 96, 97, 103, 105, 106, 108, 112, 122, 129, 130, 134, 135, 137, 142, 143]]
[289, 2.94531, [0, 1, 3, 4, 9, 10, 12, 13, 27, 28, 30, 31, 36, 37, 39, 40, 92, 93, 96, 97, 103, 105, 106, 108, 112, 126, 129, 130, 133, 135, 138, 139, 142]]
[289, 2.94538, [0, 1, 3, 4, 9, 10, 12, 13, 27, 28, 30, 31, 36, 37, 39, 40, 92, 93, 96, 98, 101, 102, 105, 107, 123, 124, 128, 129, 131, 136, 137, 140, 142]]
[289, 2.94526, [0, 1, 3, 4, 9, 10, 12, 13, 27, 28, 30, 31, 36, 37, 39, 40, 92, 93, 97, 98, 100, 105, 106, 109, 111, 127, 128, 131, 133, 136, 137, 140, 142]]
[289, 2.9461, [0, 1, 3, 4, 9, 10, 12, 13, 27, 28, 30, 31, 36, 37, 39, 40, 92, 94, 97, 98, 101, 103, 106, 107, 119, 121, 126, 127, 129, 130, 138, 142, 143]]
[289, 2.95052, [0, 1, 3, 4, 9, 10, 12, 13, 27, 31, 33, 37, 38, 40, 46, 48, 60, 78, 90, 94, 97, 99, 105, 106, 112, 114, 121, 124, 126, 133, 135, 139, 141, 159]]
[289, 2.94712, [0, 1, 3, 4, 9, 10, 12, 13, 28, 29, 31, 32, 37, 38, 40, 41, 83, 84, 88, 89, 91, 96, 97, 100, 102, 118, 119, 122, 124, 132, 133, 143, 242]]
[289, 2.9466, [0, 1, 3, 4, 9, 10, 12, 13, 28, 29, 31, 32, 37, 38, 40, 41, 83, 86, 88, 91, 92, 97, 100, 104, 110, 113, 115, 118, 119, 124, 127, 158, 231]]
[289, 2.94596, [0, 1, 3, 4, 9, 10, 12, 13, 28, 29, 31, 32, 37, 38, 40, 41, 84, 88, 90, 91, 93, 97, 99, 100, 113, 115, 118, 119, 122, 124, 132, 134, 242]]
[289, 2.94556, [0, 1, 3, 4, 9, 10, 12, 13, 28, 29, 31, 32, 37, 38, 40, 41, 88, 89, 91, 92, 97, 100, 101, 107, 115, 116, 118, 119, 124, 127, 128, 134, 158]]

Search completed in 56 hours, 32 minutes, and 19.299 seconds.  Enter a string to quit.