Enter an integer k for which our Kempner sets are k-free: 3
Enter a positive integer modulus b: 84
Enter estimation parameters, or * for pre-computed parameters ([0.089, 1.0875, 1.4133]): *
Enter a threshold (e.g. 4.2) to determine printed output: 2.92
Enter a root for the search space (e.g. [0, 1, 2]) [or * for the root [0]]: *
Enter an upper bound for the size of allowable digit sets [or * to ignore]: *
Enter a maximal number of deviations from a greedy search [or * to ignore]: *
Searching for k-free sets mod b...

[84, 2.99993, [0, 1, 3, 4, 9, 10, 12, 13, 27, 28, 30, 31, 36, 37, 39, 40]]
[84, 2.93657, [0, 1, 3, 4, 9, 10, 12, 13, 27, 28, 30, 31, 36, 37, 40]]
[84, 2.93649, [0, 1, 3, 4, 9, 10, 12, 13, 27, 28, 30, 31, 36, 38, 39]]
[84, 2.93475, [0, 1, 3, 4, 9, 10, 12, 13, 27, 28, 30, 31, 36, 39, 40]]
[84, 2.92062, [0, 1, 3, 4, 9, 10, 12, 13, 27, 28, 30, 31, 36, 39, 67]]
[84, 2.93466, [0, 1, 3, 4, 9, 10, 12, 13, 27, 28, 30, 31, 37, 38, 40]]
[84, 2.9202, [0, 1, 3, 4, 9, 10, 12, 13, 27, 28, 30, 31, 37, 38, 68]]
[84, 2.93377, [0, 1, 3, 4, 9, 10, 12, 13, 27, 28, 30, 31, 37, 39, 40]]
[84, 2.93379, [0, 1, 3, 4, 9, 10, 12, 13, 27, 28, 30, 34, 36, 37, 39]]
[84, 2.93177, [0, 1, 3, 4, 9, 10, 12, 13, 27, 28, 30, 35, 36, 38, 39]]
[84, 2.92802, [0, 1, 3, 4, 9, 10, 12, 13, 27, 28, 30, 36, 37, 39, 40]]
[84, 2.93272, [0, 1, 3, 4, 9, 10, 12, 13, 27, 28, 31, 33, 36, 37, 40]]
[84, 2.92666, [0, 1, 3, 4, 9, 10, 12, 13, 27, 28, 31, 36, 37, 39, 40]]
[84, 2.93367, [0, 1, 3, 4, 9, 10, 12, 13, 27, 29, 30, 32, 36, 38, 39]]
[84, 2.93023, [0, 1, 3, 4, 9, 10, 12, 13, 27, 29, 30, 35, 36, 38, 39]]
[84, 2.92648, [0, 1, 3, 4, 9, 10, 12, 13, 27, 29, 30, 36, 37, 39, 40]]
[84, 2.92677, [0, 1, 3, 4, 9, 10, 12, 13, 27, 30, 31, 34, 36, 39, 40]]
[84, 2.92368, [0, 1, 3, 4, 9, 10, 12, 13, 27, 30, 31, 36, 37, 39, 40]]
[84, 2.9211, [0, 1, 3, 4, 9, 10, 12, 13, 27, 30, 36, 39, 58, 61, 67, 70]]
[84, 2.99039, [0, 1, 3, 4, 9, 10, 12, 13, 28, 29, 31, 32, 37, 38, 40, 41]]
[84, 2.97622, [0, 1, 3, 4, 9, 10, 12, 13, 28, 29, 31, 32, 37, 38, 40, 69]]
[84, 2.97572, [0, 1, 3, 4, 9, 10, 12, 13, 28, 29, 31, 32, 37, 38, 41, 68]]
[84, 2.96155, [0, 1, 3, 4, 9, 10, 12, 13, 28, 29, 31, 32, 37, 38, 68, 69]]
[84, 2.92795, [0, 1, 3, 4, 9, 10, 12, 13, 28, 29, 31, 32, 37, 39, 40]]
[84, 2.97464, [0, 1, 3, 4, 9, 10, 12, 13, 28, 29, 31, 32, 37, 40, 41, 66]]
[84, 2.96047, [0, 1, 3, 4, 9, 10, 12, 13, 28, 29, 31, 32, 37, 40, 66, 69]]
[84, 2.95997, [0, 1, 3, 4, 9, 10, 12, 13, 28, 29, 31, 32, 37, 41, 66, 68]]
[84, 2.94581, [0, 1, 3, 4, 9, 10, 12, 13, 28, 29, 31, 32, 37, 66, 68, 69]]
[84, 2.9262, [0, 1, 3, 4, 9, 10, 12, 13, 28, 29, 31, 32, 38, 39, 41]]
[84, 2.97404, [0, 1, 3, 4, 9, 10, 12, 13, 28, 29, 31, 32, 38, 40, 41, 65]]
[84, 2.95988, [0, 1, 3, 4, 9, 10, 12, 13, 28, 29, 31, 32, 38, 40, 65, 69]]
[84, 2.95938, [0, 1, 3, 4, 9, 10, 12, 13, 28, 29, 31, 32, 38, 41, 65, 68]]
[84, 2.94521, [0, 1, 3, 4, 9, 10, 12, 13, 28, 29, 31, 32, 38, 65, 68, 69]]
[84, 2.95829, [0, 1, 3, 4, 9, 10, 12, 13, 28, 29, 31, 32, 40, 41, 65, 66]]
[84, 2.94413, [0, 1, 3, 4, 9, 10, 12, 13, 28, 29, 31, 32, 40, 65, 66, 69]]
[84, 2.94363, [0, 1, 3, 4, 9, 10, 12, 13, 28, 29, 31, 32, 41, 65, 66, 68]]
[84, 2.92947, [0, 1, 3, 4, 9, 10, 12, 13, 28, 29, 31, 32, 65, 66, 68, 69]]
[84, 2.9254, [0, 1, 3, 4, 9, 10, 12, 13, 28, 29, 31, 35, 37, 38, 40]]
[84, 2.92348, [0, 1, 3, 4, 9, 10, 12, 13, 28, 29, 31, 36, 37, 39, 40]]
[84, 2.97043, [0, 1, 3, 4, 9, 10, 12, 13, 28, 29, 31, 37, 38, 40, 41, 60]]
[84, 2.95626, [0, 1, 3, 4, 9, 10, 12, 13, 28, 29, 31, 37, 38, 40, 60, 69]]
[84, 2.95577, [0, 1, 3, 4, 9, 10, 12, 13, 28, 29, 31, 37, 38, 41, 60, 68]]
[84, 2.9416, [0, 1, 3, 4, 9, 10, 12, 13, 28, 29, 31, 37, 38, 60, 68, 69]]
[84, 2.95468, [0, 1, 3, 4, 9, 10, 12, 13, 28, 29, 31, 37, 40, 41, 60, 66]]
[84, 2.94052, [0, 1, 3, 4, 9, 10, 12, 13, 28, 29, 31, 37, 40, 60, 66, 69]]
[84, 2.94002, [0, 1, 3, 4, 9, 10, 12, 13, 28, 29, 31, 37, 41, 60, 66, 68]]
[84, 2.92586, [0, 1, 3, 4, 9, 10, 12, 13, 28, 29, 31, 37, 60, 66, 68, 69]]
[84, 2.95409, [0, 1, 3, 4, 9, 10, 12, 13, 28, 29, 31, 38, 40, 41, 60, 65]]
[84, 2.93992, [0, 1, 3, 4, 9, 10, 12, 13, 28, 29, 31, 38, 40, 60, 65, 69]]
[84, 2.93943, [0, 1, 3, 4, 9, 10, 12, 13, 28, 29, 31, 38, 41, 60, 65, 68]]
[84, 2.92526, [0, 1, 3, 4, 9, 10, 12, 13, 28, 29, 31, 38, 60, 65, 68, 69]]
[84, 2.93834, [0, 1, 3, 4, 9, 10, 12, 13, 28, 29, 31, 40, 41, 60, 65, 66]]
[84, 2.92418, [0, 1, 3, 4, 9, 10, 12, 13, 28, 29, 31, 40, 60, 65, 66, 69]]
[84, 2.92368, [0, 1, 3, 4, 9, 10, 12, 13, 28, 29, 31, 41, 60, 65, 66, 68]]
[84, 2.92439, [0, 1, 3, 4, 9, 10, 12, 13, 28, 29, 32, 34, 37, 38, 41]]
[84, 2.96955, [0, 1, 3, 4, 9, 10, 12, 13, 28, 29, 32, 37, 38, 40, 41, 59]]
[84, 2.95538, [0, 1, 3, 4, 9, 10, 12, 13, 28, 29, 32, 37, 38, 40, 59, 69]]
[84, 2.95488, [0, 1, 3, 4, 9, 10, 12, 13, 28, 29, 32, 37, 38, 41, 59, 68]]
[84, 2.94072, [0, 1, 3, 4, 9, 10, 12, 13, 28, 29, 32, 37, 38, 59, 68, 69]]
[84, 2.9538, [0, 1, 3, 4, 9, 10, 12, 13, 28, 29, 32, 37, 40, 41, 59, 66]]
[84, 2.93963, [0, 1, 3, 4, 9, 10, 12, 13, 28, 29, 32, 37, 40, 59, 66, 69]]
[84, 2.93914, [0, 1, 3, 4, 9, 10, 12, 13, 28, 29, 32, 37, 41, 59, 66, 68]]
[84, 2.92498, [0, 1, 3, 4, 9, 10, 12, 13, 28, 29, 32, 37, 59, 66, 68, 69]]
[84, 2.9532, [0, 1, 3, 4, 9, 10, 12, 13, 28, 29, 32, 38, 40, 41, 59, 65]]
[84, 2.93904, [0, 1, 3, 4, 9, 10, 12, 13, 28, 29, 32, 38, 40, 59, 65, 69]]
[84, 2.93854, [0, 1, 3, 4, 9, 10, 12, 13, 28, 29, 32, 38, 41, 59, 65, 68]]
[84, 2.92438, [0, 1, 3, 4, 9, 10, 12, 13, 28, 29, 32, 38, 59, 65, 68, 69]]
[84, 2.93746, [0, 1, 3, 4, 9, 10, 12, 13, 28, 29, 32, 40, 41, 59, 65, 66]]
[84, 2.9233, [0, 1, 3, 4, 9, 10, 12, 13, 28, 29, 32, 40, 59, 65, 66, 69]]
[84, 2.9228, [0, 1, 3, 4, 9, 10, 12, 13, 28, 29, 32, 41, 59, 65, 66, 68]]
[84, 2.94959, [0, 1, 3, 4, 9, 10, 12, 13, 28, 29, 37, 38, 40, 41, 59, 60]]
[84, 2.93543, [0, 1, 3, 4, 9, 10, 12, 13, 28, 29, 37, 38, 40, 59, 60, 69]]
[84, 2.93493, [0, 1, 3, 4, 9, 10, 12, 13, 28, 29, 37, 38, 41, 59, 60, 68]]
[84, 2.92077, [0, 1, 3, 4, 9, 10, 12, 13, 28, 29, 37, 38, 59, 60, 68, 69]]
[84, 2.93385, [0, 1, 3, 4, 9, 10, 12, 13, 28, 29, 37, 40, 41, 59, 60, 66]]
[84, 2.93325, [0, 1, 3, 4, 9, 10, 12, 13, 28, 29, 38, 40, 41, 59, 60, 65]]
[84, 2.9253, [0, 1, 3, 4, 9, 10, 12, 13, 28, 30, 31, 33, 37, 39, 40]]
[84, 2.92204, [0, 1, 3, 4, 9, 10, 12, 13, 28, 30, 31, 36, 37, 39, 40]]
[84, 2.96758, [0, 1, 3, 4, 9, 10, 12, 13, 28, 31, 32, 37, 38, 40, 41, 57]]
[84, 2.95341, [0, 1, 3, 4, 9, 10, 12, 13, 28, 31, 32, 37, 38, 40, 57, 69]]
[84, 2.95291, [0, 1, 3, 4, 9, 10, 12, 13, 28, 31, 32, 37, 38, 41, 57, 68]]
[84, 2.93875, [0, 1, 3, 4, 9, 10, 12, 13, 28, 31, 32, 37, 38, 57, 68, 69]]
[84, 2.95183, [0, 1, 3, 4, 9, 10, 12, 13, 28, 31, 32, 37, 40, 41, 57, 66]]
[84, 2.93766, [0, 1, 3, 4, 9, 10, 12, 13, 28, 31, 32, 37, 40, 57, 66, 69]]
[84, 2.93717, [0, 1, 3, 4, 9, 10, 12, 13, 28, 31, 32, 37, 41, 57, 66, 68]]
[84, 2.923, [0, 1, 3, 4, 9, 10, 12, 13, 28, 31, 32, 37, 57, 66, 68, 69]]
[84, 2.95123, [0, 1, 3, 4, 9, 10, 12, 13, 28, 31, 32, 38, 40, 41, 57, 65]]
[84, 2.93707, [0, 1, 3, 4, 9, 10, 12, 13, 28, 31, 32, 38, 40, 57, 65, 69]]
[84, 2.93657, [0, 1, 3, 4, 9, 10, 12, 13, 28, 31, 32, 38, 41, 57, 65, 68]]
[84, 2.92241, [0, 1, 3, 4, 9, 10, 12, 13, 28, 31, 32, 38, 57, 65, 68, 69]]
[84, 2.93549, [0, 1, 3, 4, 9, 10, 12, 13, 28, 31, 32, 40, 41, 57, 65, 66]]
[84, 2.92133, [0, 1, 3, 4, 9, 10, 12, 13, 28, 31, 32, 40, 57, 65, 66, 69]]
[84, 2.92083, [0, 1, 3, 4, 9, 10, 12, 13, 28, 31, 32, 41, 57, 65, 66, 68]]
[84, 2.94762, [0, 1, 3, 4, 9, 10, 12, 13, 28, 31, 37, 38, 40, 41, 57, 60]]
[84, 2.93346, [0, 1, 3, 4, 9, 10, 12, 13, 28, 31, 37, 38, 40, 57, 60, 69]]
[84, 2.93296, [0, 1, 3, 4, 9, 10, 12, 13, 28, 31, 37, 38, 41, 57, 60, 68]]
[84, 2.93188, [0, 1, 3, 4, 9, 10, 12, 13, 28, 31, 37, 40, 41, 57, 60, 66]]
[84, 2.93128, [0, 1, 3, 4, 9, 10, 12, 13, 28, 31, 38, 40, 41, 57, 60, 65]]
[84, 2.94674, [0, 1, 3, 4, 9, 10, 12, 13, 28, 32, 37, 38, 40, 41, 57, 59]]
[84, 2.93258, [0, 1, 3, 4, 9, 10, 12, 13, 28, 32, 37, 38, 40, 57, 59, 69]]
[84, 2.93208, [0, 1, 3, 4, 9, 10, 12, 13, 28, 32, 37, 38, 41, 57, 59, 68]]
[84, 2.93099, [0, 1, 3, 4, 9, 10, 12, 13, 28, 32, 37, 40, 41, 57, 59, 66]]
[84, 2.9304, [0, 1, 3, 4, 9, 10, 12, 13, 28, 32, 38, 40, 41, 57, 59, 65]]
[84, 2.92679, [0, 1, 3, 4, 9, 10, 12, 13, 28, 37, 38, 40, 41, 57, 59, 60]]
[84, 2.92073, [0, 1, 3, 4, 9, 10, 12, 13, 29, 30, 32, 33, 38, 39, 41]]
[84, 2.96647, [0, 1, 3, 4, 9, 10, 12, 13, 29, 31, 32, 37, 38, 40, 41, 56]]
[84, 2.9523, [0, 1, 3, 4, 9, 10, 12, 13, 29, 31, 32, 37, 38, 40, 56, 69]]
[84, 2.95181, [0, 1, 3, 4, 9, 10, 12, 13, 29, 31, 32, 37, 38, 41, 56, 68]]
[84, 2.93764, [0, 1, 3, 4, 9, 10, 12, 13, 29, 31, 32, 37, 38, 56, 68, 69]]
[84, 2.95072, [0, 1, 3, 4, 9, 10, 12, 13, 29, 31, 32, 37, 40, 41, 56, 66]]
[84, 2.93656, [0, 1, 3, 4, 9, 10, 12, 13, 29, 31, 32, 37, 40, 56, 66, 69]]
[84, 2.93606, [0, 1, 3, 4, 9, 10, 12, 13, 29, 31, 32, 37, 41, 56, 66, 68]]
[84, 2.9219, [0, 1, 3, 4, 9, 10, 12, 13, 29, 31, 32, 37, 56, 66, 68, 69]]
[84, 2.95013, [0, 1, 3, 4, 9, 10, 12, 13, 29, 31, 32, 38, 40, 41, 56, 65]]
[84, 2.93597, [0, 1, 3, 4, 9, 10, 12, 13, 29, 31, 32, 38, 40, 56, 65, 69]]
[84, 2.93547, [0, 1, 3, 4, 9, 10, 12, 13, 29, 31, 32, 38, 41, 56, 65, 68]]
[84, 2.92131, [0, 1, 3, 4, 9, 10, 12, 13, 29, 31, 32, 38, 56, 65, 68, 69]]
[84, 2.93438, [0, 1, 3, 4, 9, 10, 12, 13, 29, 31, 32, 40, 41, 56, 65, 66]]
[84, 2.92022, [0, 1, 3, 4, 9, 10, 12, 13, 29, 31, 32, 40, 56, 65, 66, 69]]
[84, 2.94652, [0, 1, 3, 4, 9, 10, 12, 13, 29, 31, 37, 38, 40, 41, 56, 60]]
[84, 2.93235, [0, 1, 3, 4, 9, 10, 12, 13, 29, 31, 37, 38, 40, 56, 60, 69]]
[84, 2.93186, [0, 1, 3, 4, 9, 10, 12, 13, 29, 31, 37, 38, 41, 56, 60, 68]]
[84, 2.93077, [0, 1, 3, 4, 9, 10, 12, 13, 29, 31, 37, 40, 41, 56, 60, 66]]
[84, 2.93018, [0, 1, 3, 4, 9, 10, 12, 13, 29, 31, 38, 40, 41, 56, 60, 65]]
[84, 2.94563, [0, 1, 3, 4, 9, 10, 12, 13, 29, 32, 37, 38, 40, 41, 56, 59]]
[84, 2.93147, [0, 1, 3, 4, 9, 10, 12, 13, 29, 32, 37, 38, 40, 56, 59, 69]]
[84, 2.93097, [0, 1, 3, 4, 9, 10, 12, 13, 29, 32, 37, 38, 41, 56, 59, 68]]
[84, 2.92989, [0, 1, 3, 4, 9, 10, 12, 13, 29, 32, 37, 40, 41, 56, 59, 66]]
[84, 2.9293, [0, 1, 3, 4, 9, 10, 12, 13, 29, 32, 38, 40, 41, 56, 59, 65]]
[84, 2.92568, [0, 1, 3, 4, 9, 10, 12, 13, 29, 37, 38, 40, 41, 56, 59, 60]]
[84, 2.94366, [0, 1, 3, 4, 9, 10, 12, 13, 31, 32, 37, 38, 40, 41, 56, 57]]
[84, 2.9295, [0, 1, 3, 4, 9, 10, 12, 13, 31, 32, 37, 38, 40, 56, 57, 69]]
[84, 2.929, [0, 1, 3, 4, 9, 10, 12, 13, 31, 32, 37, 38, 41, 56, 57, 68]]
[84, 2.92792, [0, 1, 3, 4, 9, 10, 12, 13, 31, 32, 37, 40, 41, 56, 57, 66]]
[84, 2.92732, [0, 1, 3, 4, 9, 10, 12, 13, 31, 32, 38, 40, 41, 56, 57, 65]]
[84, 2.92371, [0, 1, 3, 4, 9, 10, 12, 13, 31, 37, 38, 40, 41, 56, 57, 60]]
[84, 2.92283, [0, 1, 3, 4, 9, 10, 12, 13, 32, 37, 38, 40, 41, 56, 57, 59]]

Search completed in 0 hours, 0 minutes, and 6.899 seconds.  Enter a string to quit.