Enter an integer k for which our Kempner sets are k-free: 3
Enter a positive integer modulus b: 185
Enter estimation parameters, or * for pre-computed parameters ([0.0712, 1.063, 1.3602]): *
Enter a threshold (e.g. 4.2) to determine printed output: 2.89
Enter a root for the search space (e.g. [0, 1, 2]) [or * for the root [0]]: *
Enter an upper bound for the size of allowable digit sets [or * to ignore]: 30
Enter a maximal number of deviations from a greedy search [or * to ignore]: *
Searching for k-free sets mod b...

[185, 2.90096, [0, 1, 3, 4, 9, 10, 12, 13, 27, 28, 30, 31, 36, 37, 39, 67, 76, 79, 80, 83, 88, 89, 92]]
[185, 2.90091, [0, 1, 3, 4, 9, 10, 12, 13, 27, 28, 30, 31, 36, 37, 39, 67, 76, 79, 80, 86, 87, 89, 90]]
[185, 2.89994, [0, 1, 3, 4, 9, 10, 12, 13, 27, 28, 30, 31, 36, 37, 39, 67, 76, 79, 80, 87, 89, 90, 92]]
[185, 2.89975, [0, 1, 3, 4, 9, 10, 12, 13, 27, 28, 30, 31, 36, 37, 39, 67, 76, 79, 81, 87, 89, 90, 92]]
[185, 2.9009, [0, 1, 3, 4, 9, 10, 12, 13, 27, 28, 30, 31, 36, 37, 39, 67, 76, 80, 81, 83, 87, 88, 92]]
[185, 2.89765, [0, 1, 3, 4, 9, 10, 12, 13, 27, 28, 30, 31, 36, 37, 39, 67, 76, 80, 81, 83, 87, 88, 119]]
[185, 2.90074, [0, 1, 3, 4, 9, 10, 12, 13, 27, 28, 30, 31, 36, 37, 39, 67, 76, 80, 81, 83, 87, 89, 92]]
[185, 2.91796, [0, 1, 3, 4, 9, 10, 12, 13, 27, 28, 30, 31, 36, 37, 39, 67, 76, 80, 81, 83, 87, 89, 119, 145]]
[185, 2.8954, [0, 1, 3, 4, 9, 10, 12, 13, 27, 28, 30, 31, 36, 37, 39, 67, 76, 80, 81, 83, 87, 89, 145]]
[185, 2.89168, [0, 1, 3, 4, 9, 10, 12, 13, 27, 28, 30, 31, 36, 37, 39, 67, 76, 80, 81, 83, 87, 119, 145]]
[185, 2.92659, [0, 1, 3, 4, 9, 10, 12, 13, 27, 28, 30, 31, 36, 37, 39, 67, 76, 80, 81, 83, 88, 89, 91, 92]]
[185, 2.92332, [0, 1, 3, 4, 9, 10, 12, 13, 27, 28, 30, 31, 36, 37, 39, 67, 76, 80, 81, 83, 88, 89, 91, 119]]
[185, 2.90057, [0, 1, 3, 4, 9, 10, 12, 13, 27, 28, 30, 31, 36, 37, 39, 67, 76, 80, 81, 83, 88, 89, 92]]
[185, 2.89732, [0, 1, 3, 4, 9, 10, 12, 13, 27, 28, 30, 31, 36, 37, 39, 67, 76, 80, 81, 83, 88, 89, 119]]
[185, 2.90026, [0, 1, 3, 4, 9, 10, 12, 13, 27, 28, 30, 31, 36, 37, 39, 67, 76, 80, 81, 83, 88, 91, 92]]
[185, 2.89701, [0, 1, 3, 4, 9, 10, 12, 13, 27, 28, 30, 31, 36, 37, 39, 67, 76, 80, 81, 83, 88, 91, 119]]
[185, 2.90009, [0, 1, 3, 4, 9, 10, 12, 13, 27, 28, 30, 31, 36, 37, 39, 67, 76, 80, 81, 83, 89, 91, 92]]
[185, 2.89685, [0, 1, 3, 4, 9, 10, 12, 13, 27, 28, 30, 31, 36, 37, 39, 67, 76, 80, 81, 83, 89, 91, 119]]
[185, 2.89135, [0, 1, 3, 4, 9, 10, 12, 13, 27, 28, 30, 31, 36, 37, 39, 67, 76, 80, 81, 83, 89, 119, 145]]
[185, 2.89987, [0, 1, 3, 4, 9, 10, 12, 13, 27, 28, 30, 31, 36, 37, 39, 67, 76, 80, 81, 87, 88, 90, 91]]
[185, 2.89956, [0, 1, 3, 4, 9, 10, 12, 13, 27, 28, 30, 31, 36, 37, 39, 67, 76, 80, 81, 87, 88, 91, 92]]
[185, 2.89631, [0, 1, 3, 4, 9, 10, 12, 13, 27, 28, 30, 31, 36, 37, 39, 67, 76, 80, 81, 87, 88, 91, 119]]
[185, 2.89955, [0, 1, 3, 4, 9, 10, 12, 13, 27, 28, 30, 31, 36, 37, 39, 67, 76, 80, 81, 87, 89, 90, 92]]
[185, 2.89421, [0, 1, 3, 4, 9, 10, 12, 13, 27, 28, 30, 31, 36, 37, 39, 67, 76, 80, 81, 87, 89, 90, 145]]
[185, 2.89065, [0, 1, 3, 4, 9, 10, 12, 13, 27, 28, 30, 31, 36, 37, 39, 67, 76, 80, 81, 87, 89, 119, 145]]
[185, 2.89923, [0, 1, 3, 4, 9, 10, 12, 13, 27, 28, 30, 31, 36, 37, 39, 67, 76, 80, 81, 88, 89, 91, 92]]
[185, 2.89598, [0, 1, 3, 4, 9, 10, 12, 13, 27, 28, 30, 31, 36, 37, 39, 67, 76, 80, 81, 88, 89, 91, 119]]
[185, 2.91777, [0, 1, 3, 4, 9, 10, 12, 13, 27, 28, 30, 31, 36, 37, 39, 67, 76, 80, 82, 83, 87, 89, 119, 145]]
[185, 2.89521, [0, 1, 3, 4, 9, 10, 12, 13, 27, 28, 30, 31, 36, 37, 39, 67, 76, 80, 82, 83, 87, 89, 145]]
[185, 2.89149, [0, 1, 3, 4, 9, 10, 12, 13, 27, 28, 30, 31, 36, 37, 39, 67, 76, 80, 82, 83, 87, 119, 145]]
[185, 2.89991, [0, 1, 3, 4, 9, 10, 12, 13, 27, 28, 30, 31, 36, 37, 39, 67, 76, 80, 82, 83, 89, 91, 92]]
[185, 2.89666, [0, 1, 3, 4, 9, 10, 12, 13, 27, 28, 30, 31, 36, 37, 39, 67, 76, 80, 82, 83, 89, 91, 119]]
[185, 2.89116, [0, 1, 3, 4, 9, 10, 12, 13, 27, 28, 30, 31, 36, 37, 39, 67, 76, 80, 82, 83, 89, 119, 145]]
[185, 2.89402, [0, 1, 3, 4, 9, 10, 12, 13, 27, 28, 30, 31, 36, 37, 39, 67, 76, 80, 82, 87, 89, 90, 145]]
[185, 2.89046, [0, 1, 3, 4, 9, 10, 12, 13, 27, 28, 30, 31, 36, 37, 39, 67, 76, 80, 82, 87, 89, 119, 145]]
[185, 2.89028, [0, 1, 3, 4, 9, 10, 12, 13, 27, 28, 30, 31, 36, 37, 39, 67, 76, 80, 83, 87, 89, 119, 145]]
[185, 2.89885, [0, 1, 3, 4, 9, 10, 12, 13, 27, 28, 30, 31, 36, 37, 39, 67, 76, 80, 83, 88, 89, 91, 92]]
[185, 2.89561, [0, 1, 3, 4, 9, 10, 12, 13, 27, 28, 30, 31, 36, 37, 39, 67, 76, 80, 83, 88, 89, 91, 119]]
[185, 2.89434, [0, 1, 3, 4, 9, 10, 12, 13, 27, 28, 30, 31, 36, 37, 39, 67, 76, 81, 82, 84, 89, 90, 145]]
[185, 2.89382, [0, 1, 3, 4, 9, 10, 12, 13, 27, 28, 30, 31, 36, 37, 39, 67, 76, 81, 82, 87, 89, 90, 145]]
[185, 2.89027, [0, 1, 3, 4, 9, 10, 12, 13, 27, 28, 30, 31, 36, 37, 39, 67, 76, 81, 82, 87, 89, 119, 145]]
[185, 2.89998, [0, 1, 3, 4, 9, 10, 12, 13, 27, 28, 30, 31, 36, 37, 39, 67, 76, 81, 83, 84, 88, 89, 91]]
[185, 2.89866, [0, 1, 3, 4, 9, 10, 12, 13, 27, 28, 30, 31, 36, 37, 39, 67, 76, 81, 83, 88, 89, 91, 92]]
[185, 2.89541, [0, 1, 3, 4, 9, 10, 12, 13, 27, 28, 30, 31, 36, 37, 39, 67, 76, 81, 83, 88, 89, 91, 119]]
[185, 2.89976, [0, 1, 3, 4, 9, 10, 12, 13, 27, 28, 30, 31, 36, 37, 39, 67, 79, 80, 82, 83, 88, 89, 92]]
[185, 2.89944, [0, 1, 3, 4, 9, 10, 12, 13, 27, 28, 30, 31, 36, 37, 39, 67, 79, 80, 82, 83, 89, 90, 92]]
[185, 2.89922, [0, 1, 3, 4, 9, 10, 12, 13, 27, 28, 30, 31, 36, 37, 39, 67, 79, 80, 83, 85, 88, 89, 92]]
[185, 2.89868, [0, 1, 3, 4, 9, 10, 12, 13, 27, 28, 30, 31, 36, 37, 39, 67, 80, 81, 83, 84, 89, 90, 92]]
[185, 2.89334, [0, 1, 3, 4, 9, 10, 12, 13, 27, 28, 30, 31, 36, 37, 39, 67, 80, 81, 83, 84, 89, 90, 145]]
[185, 2.89853, [0, 1, 3, 4, 9, 10, 12, 13, 27, 28, 30, 31, 36, 37, 39, 67, 80, 81, 83, 84, 89, 91, 92]]
[185, 2.89165, [0, 1, 3, 4, 9, 10, 12, 13, 27, 28, 30, 31, 36, 37, 39, 67, 80, 81, 83, 84, 89, 91, 171]]
[185, 2.89816, [0, 1, 3, 4, 9, 10, 12, 13, 27, 28, 30, 31, 36, 37, 39, 67, 80, 81, 83, 87, 89, 90, 92]]
[185, 2.89282, [0, 1, 3, 4, 9, 10, 12, 13, 27, 28, 30, 31, 36, 37, 39, 67, 80, 81, 83, 87, 89, 90, 145]]
[185, 2.89784, [0, 1, 3, 4, 9, 10, 12, 13, 27, 28, 30, 31, 36, 37, 39, 67, 80, 81, 83, 88, 89, 91, 92]]
[185, 2.89459, [0, 1, 3, 4, 9, 10, 12, 13, 27, 28, 30, 31, 36, 37, 39, 67, 80, 81, 83, 88, 89, 91, 119]]
[185, 2.89816, [0, 1, 3, 4, 9, 10, 12, 13, 27, 28, 30, 31, 36, 37, 39, 67, 80, 82, 83, 85, 89, 91, 92]]
[185, 2.89491, [0, 1, 3, 4, 9, 10, 12, 13, 27, 28, 30, 31, 36, 37, 39, 67, 80, 82, 83, 85, 89, 91, 119]]
[185, 2.89129, [0, 1, 3, 4, 9, 10, 12, 13, 27, 28, 30, 31, 36, 37, 39, 67, 80, 82, 83, 85, 89, 91, 171]]
[185, 2.89263, [0, 1, 3, 4, 9, 10, 12, 13, 27, 28, 30, 31, 36, 37, 39, 67, 80, 82, 83, 87, 89, 90, 145]]
[185, 2.89765, [0, 1, 3, 4, 9, 10, 12, 13, 27, 28, 30, 31, 36, 37, 39, 67, 80, 82, 83, 88, 89, 91, 92]]
[185, 2.8944, [0, 1, 3, 4, 9, 10, 12, 13, 27, 28, 30, 31, 36, 37, 39, 67, 80, 82, 83, 88, 89, 91, 119]]
[185, 2.89705, [0, 1, 3, 4, 9, 10, 12, 13, 27, 28, 30, 31, 36, 37, 39, 76, 79, 80, 83, 85, 88, 89, 92]]
[185, 2.89606, [0, 1, 3, 4, 9, 10, 12, 13, 27, 28, 30, 31, 36, 37, 39, 76, 79, 80, 83, 88, 89, 91, 92]]
[185, 2.89085, [0, 1, 3, 4, 9, 10, 12, 13, 27, 28, 30, 31, 36, 37, 39, 76, 79, 80, 85, 88, 89, 92, 136]]
[185, 2.89567, [0, 1, 3, 4, 9, 10, 12, 13, 27, 28, 30, 31, 36, 37, 39, 76, 80, 81, 83, 88, 89, 91, 92]]
[185, 2.89242, [0, 1, 3, 4, 9, 10, 12, 13, 27, 28, 30, 31, 36, 37, 39, 76, 80, 81, 83, 88, 89, 91, 119]]
[185, 2.89599, [0, 1, 3, 4, 9, 10, 12, 13, 27, 28, 30, 31, 36, 37, 39, 76, 80, 82, 83, 85, 89, 91, 92]]
[185, 2.89274, [0, 1, 3, 4, 9, 10, 12, 13, 27, 28, 30, 31, 36, 37, 39, 76, 80, 82, 83, 85, 89, 91, 119]]
[185, 2.89486, [0, 1, 3, 4, 9, 10, 12, 13, 27, 28, 30, 31, 36, 37, 39, 79, 80, 82, 83, 88, 89, 91, 92]]
[185, 2.89093, [0, 1, 3, 4, 9, 10, 12, 13, 27, 28, 30, 31, 36, 37, 66, 67, 75, 76, 79, 80, 87, 88, 90]]
[185, 2.89077, [0, 1, 3, 4, 9, 10, 12, 13, 27, 28, 30, 31, 36, 37, 66, 67, 75, 76, 79, 80, 87, 89, 90]]
[185, 2.91585, [0, 1, 3, 4, 9, 10, 12, 13, 27, 28, 30, 31, 36, 37, 66, 67, 75, 76, 80, 81, 88, 89, 91, 92]]
[185, 2.89034, [0, 1, 3, 4, 9, 10, 12, 13, 27, 28, 30, 31, 36, 37, 66, 67, 75, 77, 80, 81, 86, 89, 90]]
[185, 2.91424, [0, 1, 3, 4, 9, 10, 12, 13, 27, 28, 30, 31, 36, 37, 66, 67, 76, 80, 81, 83, 88, 89, 91, 92]]
[185, 2.8977, [0, 1, 3, 4, 9, 10, 12, 13, 27, 28, 30, 31, 36, 38, 39, 70, 79, 80, 82, 83, 89, 91, 92]]
[185, 2.89227, [0, 1, 3, 4, 9, 10, 12, 13, 27, 28, 30, 31, 36, 38, 39, 70, 79, 80, 82, 83, 89, 92, 144]]
[185, 2.89209, [0, 1, 3, 4, 9, 10, 12, 13, 27, 28, 30, 31, 36, 38, 39, 70, 79, 80, 82, 83, 91, 92, 142]]
[185, 2.89173, [0, 1, 3, 4, 9, 10, 12, 13, 27, 28, 30, 31, 36, 38, 39, 70, 79, 80, 83, 84, 91, 92, 142]]
[185, 2.89173, [0, 1, 3, 4, 9, 10, 12, 13, 27, 28, 30, 31, 36, 38, 39, 70, 79, 80, 83, 85, 89, 92, 144]]
[185, 2.8916, [0, 1, 3, 4, 9, 10, 12, 13, 27, 28, 30, 31, 36, 38, 39, 70, 80, 81, 83, 84, 89, 91, 145]]
[185, 2.89301, [0, 1, 3, 4, 9, 10, 12, 13, 27, 28, 30, 31, 36, 38, 39, 70, 80, 81, 83, 88, 89, 91, 119]]
[185, 2.89657, [0, 1, 3, 4, 9, 10, 12, 13, 27, 28, 30, 31, 36, 38, 39, 70, 80, 82, 83, 85, 89, 91, 92]]
[185, 2.91377, [0, 1, 3, 4, 9, 10, 12, 13, 27, 28, 30, 31, 36, 38, 39, 70, 80, 82, 83, 85, 89, 91, 119, 145]]
[185, 2.89123, [0, 1, 3, 4, 9, 10, 12, 13, 27, 28, 30, 31, 36, 38, 39, 70, 80, 82, 83, 85, 89, 91, 145]]
[185, 2.89115, [0, 1, 3, 4, 9, 10, 12, 13, 27, 28, 30, 31, 36, 38, 39, 70, 80, 82, 83, 85, 89, 92, 144]]
[185, 2.89607, [0, 1, 3, 4, 9, 10, 12, 13, 27, 28, 30, 31, 36, 38, 39, 70, 80, 82, 83, 88, 89, 91, 92]]
[185, 2.89282, [0, 1, 3, 4, 9, 10, 12, 13, 27, 28, 30, 31, 36, 38, 39, 70, 80, 82, 83, 88, 89, 91, 119]]
[185, 2.89064, [0, 1, 3, 4, 9, 10, 12, 13, 27, 28, 30, 31, 36, 38, 39, 70, 80, 82, 83, 88, 89, 92, 144]]
[185, 2.89046, [0, 1, 3, 4, 9, 10, 12, 13, 27, 28, 30, 31, 36, 38, 39, 70, 80, 82, 83, 88, 91, 92, 142]]
[185, 2.8907, [0, 1, 3, 4, 9, 10, 12, 13, 27, 28, 30, 31, 36, 38, 39, 70, 81, 82, 84, 85, 90, 91, 145]]
[185, 2.89405, [0, 1, 3, 4, 9, 10, 12, 13, 27, 28, 30, 31, 36, 38, 39, 79, 80, 82, 83, 88, 89, 91, 92]]
[185, 2.90314, [0, 1, 3, 4, 9, 10, 12, 13, 27, 28, 30, 31, 36, 38, 39, 79, 83, 85, 88, 89, 92, 129, 133, 144]]
[185, 2.89691, [0, 1, 3, 4, 9, 10, 12, 13, 27, 28, 30, 31, 36, 38, 39, 79, 85, 88, 89, 92, 129, 133, 136, 144]]
[185, 2.89657, [0, 1, 3, 4, 9, 10, 12, 13, 27, 28, 30, 31, 36, 38, 39, 79, 88, 89, 91, 92, 129, 133, 135, 136]]
[185, 2.89111, [0, 1, 3, 4, 9, 10, 12, 13, 27, 28, 30, 31, 36, 38, 39, 79, 88, 89, 92, 129, 133, 135, 136, 144]]
[185, 2.89094, [0, 1, 3, 4, 9, 10, 12, 13, 27, 28, 30, 31, 36, 38, 39, 79, 88, 91, 92, 129, 133, 135, 136, 142]]
[185, 2.90171, [0, 1, 3, 4, 9, 10, 12, 13, 27, 28, 30, 31, 36, 38, 65, 70, 80, 82, 83, 85, 89, 91, 119, 145]]
[185, 2.90297, [0, 1, 3, 4, 9, 10, 12, 13, 27, 28, 30, 31, 36, 39, 67, 70, 76, 80, 81, 83, 87, 89, 119, 145]]
[185, 2.90833, [0, 1, 3, 4, 9, 10, 12, 13, 27, 28, 30, 31, 36, 39, 67, 70, 76, 80, 81, 83, 88, 89, 91, 119]]
[185, 2.90232, [0, 1, 3, 4, 9, 10, 12, 13, 27, 28, 30, 31, 36, 39, 67, 70, 76, 80, 81, 83, 89, 91, 119, 145]]
[185, 2.90037, [0, 1, 3, 4, 9, 10, 12, 13, 27, 28, 30, 31, 36, 39, 67, 70, 80, 82, 83, 85, 89, 91, 119, 145]]
[185, 2.89881, [0, 1, 3, 4, 9, 10, 12, 13, 27, 28, 30, 31, 36, 39, 67, 70, 80, 82, 83, 85, 91, 92, 116, 168]]
[185, 2.89693, [0, 1, 3, 4, 9, 10, 12, 13, 27, 28, 30, 31, 36, 39, 67, 70, 80, 82, 83, 85, 91, 116, 119, 145]]
[185, 2.89344, [0, 1, 3, 4, 9, 10, 12, 13, 27, 28, 30, 31, 36, 39, 67, 70, 80, 82, 83, 85, 91, 116, 145, 168]]
[185, 2.8983, [0, 1, 3, 4, 9, 10, 12, 13, 27, 28, 30, 31, 36, 39, 67, 70, 80, 82, 83, 88, 91, 92, 116, 168]]
[185, 2.90013, [0, 1, 3, 4, 9, 10, 12, 13, 27, 28, 30, 31, 36, 39, 67, 70, 81, 82, 84, 85, 90, 91, 116, 145]]
[185, 2.89073, [0, 1, 3, 4, 9, 10, 12, 13, 27, 28, 30, 31, 36, 40, 64, 66, 73, 74, 78, 81, 85, 87, 91]]
[185, 2.89036, [0, 1, 3, 4, 9, 10, 12, 13, 27, 28, 30, 31, 36, 40, 65, 66, 73, 74, 78, 84, 85, 87, 88]]
[185, 2.89626, [0, 1, 3, 4, 9, 10, 12, 13, 27, 28, 30, 31, 36, 65, 67, 70, 76, 80, 81, 83, 88, 89, 91, 119]]
[185, 2.89025, [0, 1, 3, 4, 9, 10, 12, 13, 27, 28, 30, 31, 36, 65, 67, 70, 76, 80, 81, 83, 89, 91, 119, 145]]
[185, 2.89117, [0, 1, 3, 4, 9, 10, 12, 13, 27, 28, 30, 31, 36, 66, 67, 74, 75, 78, 80, 87, 88, 91, 92, 168]]
[185, 2.89551, [0, 1, 3, 4, 9, 10, 12, 13, 27, 28, 30, 31, 37, 38, 40, 69, 78, 81, 82, 88, 89, 91, 92]]
[185, 2.89246, [0, 1, 3, 4, 9, 10, 12, 13, 27, 28, 30, 31, 37, 39, 40, 63, 81, 82, 84, 85, 91, 92, 115]]
[185, 2.89354, [0, 1, 3, 4, 9, 10, 12, 13, 27, 28, 30, 31, 39, 63, 67, 70, 72, 80, 82, 83, 85, 89, 91, 145]]
[185, 2.89194, [0, 1, 3, 4, 9, 10, 12, 13, 27, 28, 30, 34, 35, 37, 49, 72, 75, 79, 80, 82, 87, 90, 91]]
[185, 2.89127, [0, 1, 3, 4, 9, 10, 12, 13, 27, 28, 30, 34, 35, 37, 49, 72, 75, 79, 80, 84, 87, 91, 92]]
[185, 2.89201, [0, 1, 3, 4, 9, 10, 12, 13, 27, 28, 30, 34, 35, 37, 49, 72, 76, 78, 79, 81, 87, 91, 92]]
[185, 2.8916, [0, 1, 3, 4, 9, 10, 12, 13, 27, 28, 30, 34, 35, 37, 49, 72, 77, 78, 80, 81, 87, 91, 92]]
[185, 2.89711, [0, 1, 3, 4, 9, 10, 12, 13, 27, 28, 30, 34, 35, 39, 49, 62, 72, 73, 76, 81, 83, 87, 92]]
[185, 2.89647, [0, 1, 3, 4, 9, 10, 12, 13, 27, 28, 30, 34, 35, 39, 49, 62, 72, 73, 76, 81, 83, 91, 92]]
[185, 2.89577, [0, 1, 3, 4, 9, 10, 12, 13, 27, 28, 30, 34, 35, 39, 49, 62, 72, 73, 76, 81, 87, 91, 92]]
[185, 2.89604, [0, 1, 3, 4, 9, 10, 12, 13, 27, 28, 30, 34, 35, 39, 49, 62, 72, 73, 79, 80, 83, 91, 92]]
[185, 2.89515, [0, 1, 3, 4, 9, 10, 12, 13, 27, 28, 30, 34, 35, 39, 49, 62, 72, 73, 79, 81, 87, 91, 92]]
[185, 2.89565, [0, 1, 3, 4, 9, 10, 12, 13, 27, 28, 30, 34, 35, 39, 49, 62, 72, 73, 80, 81, 83, 91, 92]]
[185, 2.89448, [0, 1, 3, 4, 9, 10, 12, 13, 27, 28, 30, 34, 35, 39, 49, 62, 72, 76, 79, 81, 87, 91, 92]]
[185, 2.8938, [0, 1, 3, 4, 9, 10, 12, 13, 27, 28, 30, 34, 35, 39, 49, 62, 72, 79, 80, 83, 84, 91, 92]]
[185, 2.8931, [0, 1, 3, 4, 9, 10, 12, 13, 27, 28, 30, 34, 35, 39, 49, 62, 72, 79, 80, 84, 87, 91, 92]]
[185, 2.89341, [0, 1, 3, 4, 9, 10, 12, 13, 27, 28, 30, 34, 35, 39, 49, 62, 72, 80, 81, 83, 84, 91, 92]]
[185, 2.89475, [0, 1, 3, 4, 9, 10, 12, 13, 27, 28, 30, 34, 35, 39, 49, 62, 73, 76, 80, 81, 83, 91, 92]]
[185, 2.89116, [0, 1, 3, 4, 9, 10, 12, 13, 27, 28, 30, 34, 35, 39, 49, 72, 73, 79, 80, 83, 84, 90, 91]]
[185, 2.891, [0, 1, 3, 4, 9, 10, 12, 13, 27, 28, 30, 34, 35, 39, 49, 72, 73, 79, 80, 83, 84, 90, 92]]
[185, 2.89085, [0, 1, 3, 4, 9, 10, 12, 13, 27, 28, 30, 34, 35, 39, 49, 72, 73, 79, 80, 83, 84, 91, 92]]
[185, 2.89046, [0, 1, 3, 4, 9, 10, 12, 13, 27, 28, 30, 34, 35, 39, 49, 72, 73, 80, 81, 83, 84, 91, 92]]
[185, 2.895, [0, 1, 3, 4, 9, 10, 12, 13, 27, 28, 30, 34, 35, 39, 72, 73, 76, 82, 84, 85, 89, 90, 128, 162]]
[185, 2.89829, [0, 1, 3, 4, 9, 10, 12, 13, 27, 28, 30, 34, 36, 37, 39, 49, 76, 79, 80, 83, 91, 92, 141]]
[185, 2.8979, [0, 1, 3, 4, 9, 10, 12, 13, 27, 28, 30, 34, 36, 37, 39, 49, 76, 80, 81, 83, 91, 92, 141]]
[185, 2.89771, [0, 1, 3, 4, 9, 10, 12, 13, 27, 28, 30, 34, 36, 37, 39, 49, 76, 80, 82, 83, 91, 92, 141]]
[185, 2.89709, [0, 1, 3, 4, 9, 10, 12, 13, 27, 28, 30, 34, 36, 37, 39, 49, 79, 80, 82, 83, 91, 92, 141]]
[185, 2.89387, [0, 1, 3, 4, 9, 10, 12, 13, 27, 28, 30, 34, 36, 37, 39, 76, 79, 80, 83, 85, 88, 89, 92]]
[185, 2.89288, [0, 1, 3, 4, 9, 10, 12, 13, 27, 28, 30, 34, 36, 37, 39, 76, 79, 80, 83, 88, 89, 91, 92]]
[185, 2.89249, [0, 1, 3, 4, 9, 10, 12, 13, 27, 28, 30, 34, 36, 37, 39, 76, 80, 81, 83, 88, 89, 91, 92]]
[185, 2.89281, [0, 1, 3, 4, 9, 10, 12, 13, 27, 28, 30, 34, 36, 37, 39, 76, 80, 82, 83, 85, 89, 91, 92]]
[185, 2.89168, [0, 1, 3, 4, 9, 10, 12, 13, 27, 28, 30, 34, 36, 37, 39, 79, 80, 82, 83, 88, 89, 91, 92]]
[185, 2.89379, [0, 1, 3, 4, 9, 10, 12, 13, 27, 28, 30, 34, 36, 37, 49, 66, 75, 76, 79, 80, 87, 90, 91]]
[185, 2.89321, [0, 1, 3, 4, 9, 10, 12, 13, 27, 28, 30, 34, 36, 37, 49, 66, 75, 76, 80, 82, 87, 90, 91]]
[185, 2.89347, [0, 1, 3, 4, 9, 10, 12, 13, 27, 28, 30, 34, 36, 37, 49, 66, 75, 77, 78, 80, 87, 91, 92]]
[185, 2.89259, [0, 1, 3, 4, 9, 10, 12, 13, 27, 28, 30, 34, 36, 37, 49, 66, 75, 79, 80, 82, 87, 90, 91]]
[185, 2.89336, [0, 1, 3, 4, 9, 10, 12, 13, 27, 28, 30, 34, 36, 37, 49, 66, 76, 77, 79, 80, 87, 90, 91]]
[185, 2.89297, [0, 1, 3, 4, 9, 10, 12, 13, 27, 28, 30, 34, 36, 37, 49, 66, 76, 77, 80, 81, 87, 90, 91]]
[185, 2.89282, [0, 1, 3, 4, 9, 10, 12, 13, 27, 28, 30, 34, 36, 37, 49, 66, 76, 77, 80, 81, 87, 90, 92]]
[185, 2.89266, [0, 1, 3, 4, 9, 10, 12, 13, 27, 28, 30, 34, 36, 37, 49, 66, 76, 77, 80, 81, 87, 91, 92]]
[185, 2.89224, [0, 1, 3, 4, 9, 10, 12, 13, 27, 28, 30, 34, 36, 37, 49, 66, 77, 78, 80, 81, 87, 91, 92]]
[185, 2.89467, [0, 1, 3, 4, 9, 10, 12, 13, 27, 28, 30, 34, 36, 39, 70, 76, 80, 81, 83, 88, 89, 91, 119, 145]]
[185, 2.89243, [0, 1, 3, 4, 9, 10, 12, 13, 27, 28, 30, 34, 37, 39, 49, 63, 72, 79, 80, 82, 83, 90, 91]]
[185, 2.89206, [0, 1, 3, 4, 9, 10, 12, 13, 27, 28, 30, 34, 37, 39, 49, 63, 72, 79, 80, 83, 84, 90, 91]]
[185, 2.89104, [0, 1, 3, 4, 9, 10, 12, 13, 27, 28, 30, 35, 36, 39, 49, 64, 73, 80, 81, 83, 84, 90, 91]]
[185, 2.89342, [0, 1, 3, 4, 9, 10, 12, 13, 27, 28, 31, 33, 36, 37, 48, 67, 75, 76, 80, 81, 88, 89, 91]]
[185, 2.89326, [0, 1, 3, 4, 9, 10, 12, 13, 27, 28, 31, 33, 36, 37, 48, 67, 75, 76, 80, 81, 88, 90, 91]]
[185, 2.89364, [0, 1, 3, 4, 9, 10, 12, 13, 27, 28, 31, 33, 36, 37, 48, 67, 75, 77, 78, 80, 88, 90, 91]]
[185, 2.89377, [0, 1, 3, 4, 9, 10, 12, 13, 27, 28, 31, 33, 36, 37, 48, 67, 75, 77, 78, 82, 85, 90, 91]]
[185, 2.89326, [0, 1, 3, 4, 9, 10, 12, 13, 27, 28, 31, 33, 36, 37, 48, 67, 75, 77, 78, 82, 88, 90, 91]]
[185, 2.89321, [0, 1, 3, 4, 9, 10, 12, 13, 27, 28, 31, 33, 36, 37, 48, 67, 75, 77, 80, 81, 88, 89, 91]]
[185, 2.89305, [0, 1, 3, 4, 9, 10, 12, 13, 27, 28, 31, 33, 36, 37, 48, 67, 75, 77, 80, 81, 88, 90, 91]]
[185, 2.89286, [0, 1, 3, 4, 9, 10, 12, 13, 27, 28, 31, 33, 36, 37, 48, 67, 75, 77, 80, 82, 88, 90, 91]]
[185, 2.89267, [0, 1, 3, 4, 9, 10, 12, 13, 27, 28, 31, 33, 36, 37, 48, 67, 75, 77, 81, 82, 88, 90, 91]]
[185, 2.89299, [0, 1, 3, 4, 9, 10, 12, 13, 27, 28, 31, 33, 36, 37, 48, 67, 76, 77, 80, 81, 88, 89, 91]]
[185, 2.89283, [0, 1, 3, 4, 9, 10, 12, 13, 27, 28, 31, 33, 36, 37, 48, 67, 76, 77, 80, 81, 88, 90, 91]]
[185, 2.89241, [0, 1, 3, 4, 9, 10, 12, 13, 27, 28, 31, 33, 36, 37, 48, 67, 77, 78, 80, 81, 88, 90, 91]]
[185, 2.89203, [0, 1, 3, 4, 9, 10, 12, 13, 27, 28, 31, 33, 36, 37, 48, 67, 77, 78, 81, 82, 88, 90, 91]]
[185, 2.89361, [0, 1, 3, 4, 9, 10, 12, 13, 27, 28, 31, 33, 36, 40, 48, 64, 73, 74, 78, 81, 85, 90, 91]]
[185, 2.89432, [0, 1, 3, 4, 9, 10, 12, 13, 27, 28, 32, 34, 38, 39, 62, 70, 80, 81, 83, 88, 89, 91, 119, 145]]
[185, 2.89413, [0, 1, 3, 4, 9, 10, 12, 13, 27, 28, 32, 34, 38, 39, 62, 70, 80, 82, 83, 88, 89, 91, 119, 145]]
[185, 2.8918, [0, 1, 3, 4, 9, 10, 12, 13, 27, 28, 32, 34, 39, 57, 62, 70, 72, 76, 81, 84, 88, 89, 91, 145]]
[185, 2.89992, [0, 1, 3, 4, 9, 10, 12, 13, 27, 28, 33, 35, 36, 40, 48, 49, 64, 73, 74, 78, 81, 90, 91]]
[185, 2.89521, [0, 1, 3, 4, 9, 10, 12, 13, 27, 29, 30, 32, 36, 38, 39, 70, 79, 80, 82, 83, 89, 91, 92]]
[185, 2.91095, [0, 1, 3, 4, 9, 10, 12, 13, 27, 29, 30, 32, 36, 38, 39, 70, 80, 81, 83, 88, 89, 91, 119, 145]]
[185, 2.89409, [0, 1, 3, 4, 9, 10, 12, 13, 27, 29, 30, 32, 36, 38, 39, 70, 80, 82, 83, 85, 89, 91, 92]]
[185, 2.91127, [0, 1, 3, 4, 9, 10, 12, 13, 27, 29, 30, 32, 36, 38, 39, 70, 80, 82, 83, 85, 89, 91, 119, 145]]
[185, 2.89358, [0, 1, 3, 4, 9, 10, 12, 13, 27, 29, 30, 32, 36, 38, 39, 70, 80, 82, 83, 88, 89, 91, 92]]
[185, 2.91076, [0, 1, 3, 4, 9, 10, 12, 13, 27, 29, 30, 32, 36, 38, 39, 70, 80, 82, 83, 88, 89, 91, 119, 145]]
[185, 2.89157, [0, 1, 3, 4, 9, 10, 12, 13, 27, 29, 30, 32, 36, 38, 39, 79, 80, 82, 83, 88, 89, 91, 92]]
[185, 2.89889, [0, 1, 3, 4, 9, 10, 12, 13, 27, 29, 30, 32, 36, 38, 65, 70, 80, 81, 83, 88, 89, 91, 119, 145]]
[185, 2.89921, [0, 1, 3, 4, 9, 10, 12, 13, 27, 29, 30, 32, 36, 38, 65, 70, 80, 82, 83, 85, 89, 91, 119, 145]]
[185, 2.89869, [0, 1, 3, 4, 9, 10, 12, 13, 27, 29, 30, 32, 36, 38, 65, 70, 80, 82, 83, 88, 89, 91, 119, 145]]
[185, 2.90583, [0, 1, 3, 4, 9, 10, 12, 13, 27, 29, 30, 32, 36, 39, 67, 70, 76, 80, 81, 83, 88, 89, 91, 119]]
[185, 2.89755, [0, 1, 3, 4, 9, 10, 12, 13, 27, 29, 30, 32, 36, 39, 67, 70, 80, 81, 83, 88, 89, 91, 119, 145]]
[185, 2.89411, [0, 1, 3, 4, 9, 10, 12, 13, 27, 29, 30, 32, 36, 39, 67, 70, 80, 81, 83, 88, 91, 116, 119, 145]]
[185, 2.89787, [0, 1, 3, 4, 9, 10, 12, 13, 27, 29, 30, 32, 36, 39, 67, 70, 80, 82, 83, 85, 89, 91, 119, 145]]
[185, 2.89631, [0, 1, 3, 4, 9, 10, 12, 13, 27, 29, 30, 32, 36, 39, 67, 70, 80, 82, 83, 85, 91, 92, 116, 168]]
[185, 2.89443, [0, 1, 3, 4, 9, 10, 12, 13, 27, 29, 30, 32, 36, 39, 67, 70, 80, 82, 83, 85, 91, 116, 119, 145]]
[185, 2.89094, [0, 1, 3, 4, 9, 10, 12, 13, 27, 29, 30, 32, 36, 39, 67, 70, 80, 82, 83, 85, 91, 116, 145, 168]]
[185, 2.89736, [0, 1, 3, 4, 9, 10, 12, 13, 27, 29, 30, 32, 36, 39, 67, 70, 80, 82, 83, 88, 89, 91, 119, 145]]
[185, 2.8958, [0, 1, 3, 4, 9, 10, 12, 13, 27, 29, 30, 32, 36, 39, 67, 70, 80, 82, 83, 88, 91, 92, 116, 168]]
[185, 2.89392, [0, 1, 3, 4, 9, 10, 12, 13, 27, 29, 30, 32, 36, 39, 67, 70, 80, 82, 83, 88, 91, 116, 119, 145]]
[185, 2.89043, [0, 1, 3, 4, 9, 10, 12, 13, 27, 29, 30, 32, 36, 39, 67, 70, 80, 82, 83, 88, 91, 116, 145, 168]]
[185, 2.89763, [0, 1, 3, 4, 9, 10, 12, 13, 27, 29, 30, 32, 36, 39, 67, 70, 81, 82, 84, 85, 90, 91, 116, 145]]
[185, 2.89712, [0, 1, 3, 4, 9, 10, 12, 13, 27, 29, 30, 32, 36, 39, 67, 70, 81, 82, 84, 88, 90, 91, 116, 145]]
[185, 2.89694, [0, 1, 3, 4, 9, 10, 12, 13, 27, 29, 30, 32, 36, 39, 67, 70, 81, 83, 84, 88, 90, 91, 116, 145]]
[185, 2.89376, [0, 1, 3, 4, 9, 10, 12, 13, 27, 29, 30, 32, 36, 65, 67, 70, 76, 80, 81, 83, 88, 89, 91, 119]]
[185, 2.89914, [0, 1, 3, 4, 9, 10, 12, 13, 27, 29, 30, 32, 38, 39, 62, 70, 71, 82, 83, 88, 89, 91, 119, 145]]
[185, 2.89735, [0, 1, 3, 4, 9, 10, 12, 13, 27, 29, 30, 32, 38, 39, 62, 70, 80, 81, 83, 88, 89, 91, 119, 145]]
[185, 2.89716, [0, 1, 3, 4, 9, 10, 12, 13, 27, 29, 30, 32, 38, 39, 62, 70, 80, 82, 83, 88, 89, 91, 119, 145]]
[185, 2.89289, [0, 1, 3, 4, 9, 10, 12, 13, 27, 29, 30, 32, 38, 62, 65, 69, 70, 81, 82, 84, 85, 90, 91, 145]]
[185, 2.89254, [0, 1, 3, 4, 9, 10, 12, 13, 27, 29, 30, 32, 38, 62, 65, 69, 70, 81, 82, 84, 88, 89, 91, 145]]
[185, 2.89238, [0, 1, 3, 4, 9, 10, 12, 13, 27, 29, 30, 32, 38, 62, 65, 69, 70, 81, 82, 84, 88, 90, 91, 145]]
[185, 2.89235, [0, 1, 3, 4, 9, 10, 12, 13, 27, 29, 30, 32, 38, 62, 65, 69, 70, 81, 83, 84, 88, 89, 91, 145]]
[185, 2.89219, [0, 1, 3, 4, 9, 10, 12, 13, 27, 29, 30, 32, 38, 62, 65, 69, 70, 81, 83, 84, 88, 90, 91, 145]]
[185, 2.89223, [0, 1, 3, 4, 9, 10, 12, 13, 27, 29, 30, 32, 39, 62, 67, 70, 76, 80, 81, 83, 88, 89, 91, 119]]
[185, 2.89149, [0, 1, 3, 4, 9, 10, 12, 13, 27, 29, 30, 32, 62, 67, 68, 70, 81, 82, 84, 85, 90, 91, 116, 145, 146]]
[185, 2.92136, [0, 1, 3, 4, 9, 10, 12, 13, 27, 29, 30, 34, 35, 37, 52, 63, 72, 76, 78, 79, 85, 87, 88, 90]]
[185, 2.8949, [0, 1, 3, 4, 9, 10, 12, 13, 27, 29, 30, 34, 35, 37, 52, 63, 72, 76, 78, 79, 85, 87, 90]]
[185, 2.89473, [0, 1, 3, 4, 9, 10, 12, 13, 27, 29, 30, 34, 35, 37, 52, 63, 72, 76, 78, 79, 85, 88, 90]]
[185, 2.89439, [0, 1, 3, 4, 9, 10, 12, 13, 27, 29, 30, 34, 35, 37, 52, 63, 72, 76, 78, 79, 87, 88, 90]]
[185, 2.89432, [0, 1, 3, 4, 9, 10, 12, 13, 27, 29, 30, 34, 35, 37, 52, 63, 72, 76, 78, 82, 85, 87, 90]]
[185, 2.89326, [0, 1, 3, 4, 9, 10, 12, 13, 27, 29, 30, 34, 35, 37, 52, 63, 72, 76, 78, 85, 87, 88, 90]]
[185, 2.89407, [0, 1, 3, 4, 9, 10, 12, 13, 27, 29, 30, 34, 35, 37, 52, 63, 72, 76, 79, 84, 85, 87, 88]]
[185, 2.89358, [0, 1, 3, 4, 9, 10, 12, 13, 27, 29, 30, 34, 35, 37, 52, 63, 72, 76, 79, 84, 85, 88, 90]]
[185, 2.89306, [0, 1, 3, 4, 9, 10, 12, 13, 27, 29, 30, 34, 35, 37, 52, 63, 72, 76, 79, 85, 87, 88, 90]]
[185, 2.89318, [0, 1, 3, 4, 9, 10, 12, 13, 27, 29, 30, 34, 35, 37, 52, 63, 72, 78, 79, 82, 87, 88, 90]]
[185, 2.89264, [0, 1, 3, 4, 9, 10, 12, 13, 27, 29, 30, 34, 35, 37, 52, 63, 72, 78, 79, 85, 87, 88, 90]]
[185, 2.91943, [0, 1, 3, 4, 9, 10, 12, 13, 27, 29, 30, 34, 35, 37, 52, 63, 76, 78, 79, 81, 85, 87, 88, 90]]
[185, 2.89298, [0, 1, 3, 4, 9, 10, 12, 13, 27, 29, 30, 34, 35, 37, 52, 63, 76, 78, 79, 81, 85, 87, 90]]
[185, 2.89281, [0, 1, 3, 4, 9, 10, 12, 13, 27, 29, 30, 34, 35, 37, 52, 63, 76, 78, 79, 81, 85, 88, 90]]
[185, 2.89247, [0, 1, 3, 4, 9, 10, 12, 13, 27, 29, 30, 34, 35, 37, 52, 63, 76, 78, 79, 81, 87, 88, 90]]
[185, 2.89275, [0, 1, 3, 4, 9, 10, 12, 13, 27, 29, 30, 34, 35, 37, 52, 63, 76, 78, 79, 84, 85, 87, 88]]
[185, 2.89174, [0, 1, 3, 4, 9, 10, 12, 13, 27, 29, 30, 34, 35, 37, 52, 63, 76, 78, 79, 85, 87, 88, 90]]
[185, 2.8924, [0, 1, 3, 4, 9, 10, 12, 13, 27, 29, 30, 34, 35, 37, 52, 63, 76, 78, 81, 82, 85, 87, 90]]
[185, 2.91258, [0, 1, 3, 4, 9, 10, 12, 13, 27, 29, 30, 34, 35, 37, 52, 63, 76, 78, 81, 85, 87, 88, 90, 134]]
[185, 2.89167, [0, 1, 3, 4, 9, 10, 12, 13, 27, 29, 30, 34, 35, 37, 52, 63, 76, 79, 81, 84, 85, 88, 90]]
[185, 2.89115, [0, 1, 3, 4, 9, 10, 12, 13, 27, 29, 30, 34, 35, 37, 52, 63, 76, 79, 81, 85, 87, 88, 90]]
[185, 2.89127, [0, 1, 3, 4, 9, 10, 12, 13, 27, 29, 30, 34, 35, 37, 52, 63, 78, 79, 81, 82, 87, 88, 90]]
[185, 2.89073, [0, 1, 3, 4, 9, 10, 12, 13, 27, 29, 30, 34, 35, 37, 52, 63, 78, 79, 81, 85, 87, 88, 90]]
[185, 2.89089, [0, 1, 3, 4, 9, 10, 12, 13, 27, 29, 30, 34, 35, 37, 52, 72, 76, 78, 79, 81, 85, 87, 88]]
[185, 2.89153, [0, 1, 3, 4, 9, 10, 12, 13, 27, 29, 30, 34, 36, 37, 52, 66, 76, 78, 79, 81, 85, 87, 88]]
[185, 2.89098, [0, 1, 3, 4, 9, 10, 12, 13, 27, 29, 30, 34, 36, 37, 52, 66, 76, 78, 79, 84, 85, 87, 88]]
[185, 2.89334, [0, 1, 3, 4, 9, 10, 12, 13, 27, 29, 30, 35, 36, 38, 39, 52, 79, 80, 82, 83, 88, 89, 144]]
[185, 2.89281, [0, 1, 3, 4, 9, 10, 12, 13, 27, 29, 30, 35, 36, 38, 39, 52, 79, 80, 82, 86, 88, 89, 144]]
[185, 2.8928, [0, 1, 3, 4, 9, 10, 12, 13, 27, 29, 30, 35, 36, 38, 39, 52, 79, 80, 83, 85, 88, 89, 144]]
[185, 2.89226, [0, 1, 3, 4, 9, 10, 12, 13, 27, 29, 30, 35, 36, 38, 39, 52, 79, 80, 85, 86, 88, 89, 144]]
[185, 2.89261, [0, 1, 3, 4, 9, 10, 12, 13, 27, 29, 30, 35, 36, 38, 39, 52, 79, 81, 82, 86, 88, 89, 144]]
[185, 2.9104, [0, 1, 3, 4, 9, 10, 12, 13, 27, 31, 32, 36, 38, 39, 43, 56, 57, 70, 79, 89, 90, 92, 107, 163]]
[185, 2.91024, [0, 1, 3, 4, 9, 10, 12, 13, 27, 31, 32, 36, 38, 39, 43, 56, 57, 70, 79, 89, 91, 92, 107, 163]]
[185, 2.90295, [0, 1, 3, 4, 9, 10, 12, 13, 27, 31, 32, 36, 38, 39, 43, 56, 70, 79, 87, 89, 90, 92, 107, 163]]
[185, 2.89501, [0, 1, 3, 4, 9, 10, 12, 13, 27, 31, 32, 36, 38, 39, 43, 56, 79, 87, 89, 90, 92, 107, 123, 163]]
[185, 2.90215, [0, 1, 3, 4, 9, 10, 12, 13, 27, 31, 32, 36, 38, 39, 43, 57, 79, 81, 88, 89, 91, 92, 107, 129]]
[185, 2.89038, [0, 1, 3, 4, 9, 10, 12, 13, 28, 29, 31, 32, 37, 38, 40, 69, 78, 81, 82, 88, 89, 91, 92]]
[185, 2.89113, [0, 1, 3, 4, 9, 10, 12, 13, 28, 29, 31, 37, 51, 60, 63, 67, 68, 79, 82, 86, 87, 115, 139, 147, 153]]
[185, 2.89992, [0, 1, 3, 4, 9, 10, 12, 13, 28, 30, 31, 35, 36, 38, 54, 65, 74, 82, 86, 88, 89, 91, 106, 132]]
[185, 2.89779, [0, 1, 3, 4, 9, 10, 12, 13, 28, 30, 31, 35, 36, 54, 64, 65, 75, 79, 81, 82, 84, 88, 90, 91]]
[185, 2.90258, [0, 1, 3, 4, 9, 10, 12, 13, 28, 30, 34, 35, 39, 45, 49, 54, 71, 72, 76, 79, 83, 91, 92, 167]]
[185, 2.89537, [0, 1, 3, 4, 9, 10, 12, 13, 28, 30, 34, 35, 39, 49, 54, 62, 71, 72, 76, 79, 83, 91, 92, 167]]
[185, 2.89145, [0, 1, 3, 4, 9, 10, 12, 22, 26, 28, 29, 31, 37, 38, 60, 63, 68, 69, 77, 79, 80, 84, 87, 115]]
[185, 2.89403, [0, 1, 3, 4, 9, 10, 12, 22, 26, 28, 29, 31, 37, 60, 66, 67, 69, 75, 79, 80, 82, 86, 87, 115, 153]]
[185, 2.89359, [0, 1, 3, 4, 9, 10, 12, 22, 27, 28, 30, 31, 36, 37, 39, 67, 76, 80, 81, 83, 88, 89, 91, 92]]

Search completed in 1 hours, 47 minutes, and 57.314 seconds.  Enter a string to quit.