Enter an integer k for which our Kempner sets are k-free: 3
Enter a positive integer modulus b: 136
Enter estimation parameters, or * for pre-computed parameters ([0.0804, 1.0621, 1.4115]): *
Enter a threshold (e.g. 4.2) to determine printed output: 2.84
Enter a root for the search space (e.g. [0, 1, 2]) [or * for the root [0]]: *
Enter an upper bound for the size of allowable digit sets [or * to ignore]: *
Enter a maximal number of deviations from a greedy search [or * to ignore]: *
Searching for k-free sets mod b...

[136, 2.86539, [0, 1, 3, 4, 9, 10, 12, 13, 27, 29, 35, 39, 40, 47, 52, 56, 62, 63, 118]]
[136, 2.85198, [0, 1, 3, 4, 9, 10, 12, 13, 27, 29, 35, 39, 40, 47, 56, 62, 63, 110, 118]]
[136, 2.84616, [0, 1, 3, 4, 9, 10, 12, 13, 27, 29, 40, 43, 47, 52, 56, 62, 63, 66, 118]]
[136, 2.84962, [0, 1, 3, 4, 9, 10, 12, 13, 27, 30, 34, 36, 39, 40, 43, 49, 61, 84]]
[136, 2.85056, [0, 1, 3, 4, 9, 10, 12, 13, 27, 31, 32, 34, 38, 40, 43, 47, 57, 121]]
[136, 2.84667, [0, 1, 3, 4, 9, 10, 12, 13, 27, 31, 32, 34, 38, 43, 46, 47, 57, 121]]
[136, 2.84478, [0, 1, 3, 4, 9, 10, 12, 13, 27, 31, 32, 36, 38, 43, 46, 47, 57, 121]]
[136, 2.85284, [0, 1, 3, 4, 9, 10, 12, 13, 27, 31, 32, 36, 43, 47, 56, 57, 66, 116, 121]]
[136, 2.8473, [0, 1, 3, 4, 9, 10, 12, 13, 27, 31, 39, 43, 46, 48, 56, 60, 63, 67, 118]]
[136, 2.84168, [0, 1, 3, 4, 9, 10, 12, 13, 27, 31, 39, 43, 46, 56, 57, 63, 64, 67, 120]]
[136, 2.84108, [0, 1, 3, 4, 9, 10, 12, 13, 27, 31, 39, 46, 48, 55, 56, 60, 63, 67, 118]]
[136, 2.85302, [0, 1, 3, 4, 9, 10, 12, 13, 27, 36, 39, 40, 43, 49, 56, 57, 61, 64, 84]]
[136, 2.84897, [0, 1, 3, 4, 9, 10, 12, 13, 27, 39, 40, 46, 47, 49, 56, 57, 61, 62, 64]]
[136, 2.84297, [0, 1, 3, 4, 9, 10, 12, 13, 28, 32, 38, 39, 42, 49, 57, 58, 62, 109, 119]]
[136, 2.84831, [0, 1, 3, 4, 9, 10, 12, 13, 28, 33, 35, 36, 40, 41, 51, 64, 83, 112, 117]]
[136, 2.84575, [0, 1, 3, 4, 9, 10, 12, 13, 28, 33, 35, 39, 41, 48, 51, 59, 64, 120, 122]]
[136, 2.84588, [0, 1, 3, 4, 9, 10, 12, 13, 28, 35, 36, 40, 41, 49, 51, 64, 65, 83, 112]]
[136, 2.84375, [0, 1, 3, 4, 9, 10, 12, 13, 28, 37, 42, 45, 49, 50, 57, 59, 60, 66, 67]]
[136, 2.85762, [0, 1, 3, 4, 9, 10, 12, 13, 29, 30, 33, 35, 38, 39, 42, 44, 52, 82]]
[136, 2.84462, [0, 1, 3, 4, 9, 10, 12, 13, 29, 30, 33, 35, 39, 42, 44, 52, 64, 82]]
[136, 2.84297, [0, 1, 3, 4, 9, 10, 12, 13, 29, 30, 33, 38, 39, 42, 44, 52, 61, 82]]
[136, 2.84085, [0, 1, 3, 4, 9, 10, 12, 13, 29, 30, 34, 35, 37, 42, 52, 53, 63, 82]]
[136, 2.84643, [0, 1, 3, 4, 9, 10, 12, 13, 29, 30, 34, 42, 44, 52, 53, 61, 66, 82, 117]]
[136, 2.8476, [0, 1, 3, 4, 9, 10, 12, 13, 29, 31, 32, 37, 41, 47, 56, 66, 67, 114, 118]]
[136, 2.84311, [0, 1, 3, 4, 9, 10, 12, 13, 29, 31, 32, 41, 43, 47, 56, 66, 67, 114, 118]]
[136, 2.84871, [0, 1, 3, 4, 9, 10, 12, 13, 29, 31, 35, 36, 38, 42, 44, 51, 56, 65]]
[136, 2.84142, [0, 1, 3, 4, 9, 10, 12, 13, 29, 31, 35, 36, 38, 42, 44, 51, 65, 82]]
[136, 2.84301, [0, 1, 3, 4, 9, 10, 12, 13, 29, 31, 35, 36, 42, 44, 47, 51, 56, 64]]
[136, 2.84244, [0, 1, 3, 4, 9, 10, 12, 13, 29, 32, 36, 37, 44, 47, 53, 66, 67, 111, 114]]
[136, 2.84127, [0, 1, 3, 4, 9, 10, 12, 13, 29, 32, 36, 42, 44, 50, 53, 65, 67, 82, 119]]
[136, 2.84498, [0, 1, 3, 4, 9, 10, 12, 13, 29, 33, 39, 41, 47, 51, 52, 59, 60, 64, 122]]
[136, 2.84717, [0, 1, 3, 4, 9, 10, 12, 13, 29, 33, 39, 42, 43, 50, 52, 59, 60, 64, 122]]
[136, 2.84076, [0, 1, 3, 4, 9, 10, 12, 13, 29, 33, 41, 43, 47, 52, 59, 60, 64, 67, 88]]
[136, 2.84188, [0, 1, 3, 4, 9, 10, 12, 13, 29, 34, 42, 44, 47, 51, 53, 61, 63, 66, 86]]
[136, 2.85599, [0, 1, 3, 4, 9, 10, 12, 13, 29, 35, 39, 40, 42, 50, 52, 53, 59, 63, 82]]
[136, 2.85152, [0, 1, 3, 4, 9, 10, 12, 13, 29, 35, 39, 40, 42, 50, 52, 53, 59, 63, 111]]
[136, 2.84196, [0, 1, 3, 4, 9, 10, 12, 13, 29, 36, 37, 41, 42, 50, 52, 56, 66, 85, 116]]
[136, 2.85195, [0, 1, 3, 4, 9, 10, 12, 13, 29, 36, 38, 41, 42, 50, 52, 56, 61, 65, 85]]
[136, 2.84743, [0, 1, 3, 4, 9, 10, 12, 13, 29, 37, 39, 42, 43, 50, 52, 53, 59, 60, 122]]
[136, 2.84253, [0, 1, 3, 4, 9, 10, 12, 13, 29, 40, 42, 43, 47, 50, 56, 59, 63, 64, 66]]
[136, 2.8489, [0, 1, 3, 4, 9, 10, 12, 13, 30, 32, 37, 41, 43, 46, 53, 58, 66, 67, 118]]
[136, 2.84753, [0, 1, 3, 4, 9, 10, 12, 13, 30, 34, 35, 39, 41, 45, 53, 62, 63, 84, 118]]
[136, 2.85687, [0, 1, 3, 4, 9, 10, 12, 13, 31, 35, 36, 38, 42, 44, 51, 54, 55, 65, 115]]
[136, 2.8506, [0, 1, 3, 4, 9, 10, 12, 13, 31, 37, 39, 42, 44, 48, 55, 56, 60, 63, 67]]
[136, 2.85586, [0, 1, 3, 4, 9, 10, 12, 13, 32, 36, 37, 41, 43, 44, 53, 57, 58, 66, 67]]
[136, 2.84409, [0, 1, 3, 4, 9, 10, 12, 13, 32, 36, 37, 41, 43, 44, 53, 58, 66, 67, 114]]
[136, 2.85266, [0, 1, 3, 4, 9, 10, 12, 13, 32, 36, 37, 43, 44, 46, 53, 57, 58, 66, 67]]
[136, 2.84865, [0, 1, 3, 4, 9, 10, 12, 13, 32, 37, 41, 43, 44, 46, 53, 57, 58, 66, 67]]
[136, 2.84828, [0, 1, 3, 4, 9, 10, 12, 13, 32, 37, 41, 43, 44, 46, 53, 57, 59, 66, 67]]
[136, 2.8479, [0, 1, 3, 4, 9, 10, 12, 13, 32, 37, 41, 43, 44, 46, 53, 58, 59, 66, 67]]
[136, 2.85197, [0, 1, 3, 4, 9, 10, 12, 13, 33, 35, 39, 40, 42, 48, 50, 55, 59, 64, 82]]
[136, 2.84731, [0, 1, 3, 4, 9, 10, 12, 13, 34, 36, 37, 39, 45, 49, 50, 52, 57, 82, 83]]
[136, 2.84653, [0, 1, 3, 4, 9, 10, 12, 13, 34, 39, 40, 42, 48, 49, 52, 53, 60, 61, 63]]
[136, 2.84819, [0, 1, 3, 4, 9, 10, 12, 13, 40, 41, 45, 47, 51, 56, 58, 59, 63, 64, 66, 110]]
[136, 2.84557, [0, 1, 3, 4, 9, 10, 13, 21, 24, 28, 30, 34, 37, 49, 54, 62, 63, 66, 86]]
[136, 2.85014, [0, 1, 3, 4, 9, 11, 12, 16, 25, 26, 30, 42, 45, 53, 55, 62, 63, 66, 67]]
[136, 2.8451, [0, 1, 3, 4, 9, 11, 12, 16, 25, 26, 30, 42, 45, 53, 55, 62, 63, 67, 88]]
[136, 2.84807, [0, 1, 3, 4, 9, 11, 12, 16, 25, 26, 37, 42, 44, 45, 57, 60, 61, 66, 67]]
[136, 2.84441, [0, 1, 3, 4, 9, 11, 12, 16, 25, 27, 35, 37, 44, 48, 55, 57, 60, 64, 118]]
[136, 2.84321, [0, 1, 3, 4, 9, 11, 12, 16, 25, 27, 37, 40, 44, 56, 57, 59, 60, 66, 67]]
[136, 2.85237, [0, 1, 3, 4, 9, 11, 12, 16, 25, 30, 36, 40, 43, 45, 52, 53, 58, 62, 67]]
[136, 2.84146, [0, 1, 3, 4, 9, 11, 12, 16, 25, 30, 36, 40, 43, 45, 52, 53, 62, 67, 110]]
[136, 2.84386, [0, 1, 3, 4, 9, 11, 12, 16, 25, 30, 36, 40, 43, 52, 53, 58, 62, 65, 67]]
[136, 2.84263, [0, 1, 3, 4, 9, 11, 12, 16, 25, 30, 40, 42, 43, 45, 52, 58, 63, 66, 67]]
[136, 2.84396, [0, 1, 3, 4, 9, 11, 12, 16, 25, 35, 37, 42, 43, 48, 52, 55, 57, 60, 64]]
[136, 2.84279, [0, 1, 3, 4, 9, 11, 12, 16, 25, 36, 37, 42, 43, 45, 52, 55, 57, 64, 66]]
[136, 2.843, [0, 1, 3, 4, 9, 11, 12, 16, 25, 36, 40, 42, 43, 45, 52, 53, 57, 58, 67]]
[136, 2.84347, [0, 1, 3, 4, 9, 11, 12, 16, 26, 27, 39, 44, 46, 47, 56, 57, 59, 63, 64]]
[136, 2.84309, [0, 1, 3, 4, 9, 11, 12, 16, 26, 27, 39, 44, 46, 47, 56, 58, 59, 63, 64]]
[136, 2.85258, [0, 1, 3, 4, 9, 11, 12, 16, 26, 30, 38, 42, 45, 53, 55, 62, 63, 66, 111, 119]]
[136, 2.84073, [0, 1, 3, 4, 9, 11, 12, 16, 26, 30, 42, 45, 50, 53, 62, 63, 66, 67, 111, 119]]
[136, 2.84412, [0, 1, 3, 4, 9, 11, 12, 26, 29, 30, 33, 38, 39, 42, 44, 53, 61, 82, 117, 123]]

Search completed in 1 hours, 59 minutes, and 47.281 seconds.  Enter a string to quit.