Enter an integer k for which our Kempner sets are k-free: 3
Enter a positive integer modulus b: 261
Enter estimation parameters, or * for pre-computed parameters ([0.0764, 1.5365, 1.2151]): *
Enter a threshold (e.g. 4.2) to determine printed output: 2.975
Enter a root for the search space (e.g. [0, 1, 2]) [or * for the root [0]]: *
Enter an upper bound for the size of allowable digit sets [or * to ignore]: 37
Enter a maximal number of deviations from a greedy search [or * to ignore]: *
Searching for k-free sets mod b...

[261, 2.98328, [0, 1, 3, 4, 9, 10, 12, 13, 27, 28, 30, 31, 36, 37, 39, 40, 81, 82, 84, 85, 90, 91, 93, 94, 108, 109, 111, 112, 117, 118, 120, 121]]
[261, 2.97828, [0, 1, 3, 4, 9, 10, 12, 13, 27, 28, 30, 31, 36, 37, 39, 40, 81, 82, 84, 85, 90, 91, 93, 94, 108, 109, 111, 115, 117, 118, 120, 211]]
[261, 2.97823, [0, 1, 3, 4, 9, 10, 12, 13, 27, 28, 30, 31, 36, 37, 39, 40, 81, 82, 84, 85, 90, 91, 93, 94, 108, 109, 112, 114, 117, 118, 121, 210]]
[261, 2.9774, [0, 1, 3, 4, 9, 10, 12, 13, 27, 28, 30, 31, 36, 37, 39, 40, 81, 82, 84, 88, 90, 91, 93, 97, 108, 109, 111, 115, 117, 118, 120, 211]]
[261, 2.97922, [0, 1, 3, 4, 9, 10, 12, 13, 27, 28, 30, 31, 36, 37, 39, 40, 81, 82, 84, 90, 91, 93, 94, 103, 108, 109, 111, 117, 118, 120, 121, 130]]
[261, 2.97732, [0, 1, 3, 4, 9, 10, 12, 13, 27, 28, 30, 31, 36, 37, 39, 40, 81, 82, 85, 87, 90, 91, 94, 96, 108, 109, 112, 114, 117, 118, 121, 210]]
[261, 2.97915, [0, 1, 3, 4, 9, 10, 12, 13, 27, 28, 30, 31, 36, 37, 39, 40, 81, 82, 85, 90, 91, 93, 94, 102, 108, 109, 112, 117, 118, 120, 121, 129]]
[261, 2.98034, [0, 1, 3, 4, 9, 10, 12, 13, 27, 28, 30, 31, 36, 37, 39, 40, 81, 84, 85, 88, 90, 93, 94, 97, 108, 111, 112, 115, 117, 120, 121, 124]]
[261, 2.97928, [0, 1, 3, 4, 9, 10, 12, 13, 27, 28, 30, 31, 36, 37, 39, 40, 81, 84, 85, 88, 90, 93, 94, 97, 108, 111, 115, 117, 118, 120, 124, 127]]
[261, 2.97528, [0, 1, 3, 4, 9, 10, 12, 13, 27, 28, 30, 31, 36, 37, 39, 40, 81, 84, 85, 88, 90, 93, 94, 97, 108, 112, 114, 115, 117, 121, 124, 210]]
[261, 2.97899, [0, 1, 3, 4, 9, 10, 12, 13, 27, 28, 30, 31, 36, 37, 39, 40, 81, 84, 85, 90, 91, 93, 94, 100, 108, 111, 112, 117, 118, 120, 121, 127]]
[261, 2.97756, [0, 1, 3, 4, 9, 10, 12, 13, 27, 28, 30, 31, 36, 37, 39, 40, 81, 84, 88, 90, 91, 93, 97, 100, 108, 111, 115, 117, 118, 120, 124, 127]]
[261, 2.97654, [0, 1, 3, 4, 9, 10, 12, 13, 27, 28, 30, 31, 36, 37, 39, 40, 81, 84, 88, 90, 91, 93, 97, 100, 108, 111, 117, 118, 120, 121, 127, 130]]
[261, 2.97628, [0, 1, 3, 4, 9, 10, 12, 13, 27, 28, 30, 31, 36, 37, 39, 40, 81, 84, 88, 90, 93, 94, 97, 103, 108, 111, 115, 117, 120, 121, 124, 130]]
[261, 2.9762, [0, 1, 3, 4, 9, 10, 12, 13, 27, 28, 30, 31, 36, 37, 39, 40, 81, 85, 88, 90, 93, 94, 97, 102, 108, 112, 115, 117, 120, 121, 124, 129]]
[261, 2.98127, [0, 1, 3, 4, 9, 10, 12, 13, 27, 28, 30, 31, 36, 37, 39, 40, 82, 83, 85, 86, 91, 92, 94, 95, 109, 110, 112, 113, 118, 119, 121, 122]]
[261, 2.98051, [0, 1, 3, 4, 9, 10, 12, 13, 27, 28, 30, 31, 36, 37, 39, 40, 82, 83, 85, 86, 91, 92, 94, 95, 110, 111, 113, 114, 119, 120, 122, 123]]
[261, 2.98028, [0, 1, 3, 4, 9, 10, 12, 13, 27, 28, 30, 31, 36, 37, 39, 40, 82, 84, 85, 87, 91, 93, 94, 96, 109, 111, 112, 114, 118, 120, 121, 123]]
[261, 2.97529, [0, 1, 3, 4, 9, 10, 12, 13, 27, 28, 30, 31, 36, 37, 39, 40, 82, 84, 85, 87, 91, 93, 94, 96, 109, 111, 114, 115, 118, 120, 123, 211]]
[261, 2.9792, [0, 1, 3, 4, 9, 10, 12, 13, 27, 28, 30, 31, 36, 37, 39, 40, 82, 84, 85, 87, 91, 93, 94, 96, 109, 112, 114, 117, 118, 121, 123, 126]]
[261, 2.97891, [0, 1, 3, 4, 9, 10, 12, 13, 27, 28, 30, 31, 36, 37, 39, 40, 82, 84, 85, 90, 91, 93, 94, 99, 109, 111, 112, 117, 118, 120, 121, 126]]
[261, 2.97622, [0, 1, 3, 4, 9, 10, 12, 13, 27, 28, 30, 31, 36, 37, 39, 40, 82, 84, 87, 91, 93, 94, 96, 103, 109, 111, 114, 118, 120, 121, 123, 130]]
[261, 2.97745, [0, 1, 3, 4, 9, 10, 12, 13, 27, 28, 30, 31, 36, 37, 39, 40, 82, 85, 87, 90, 91, 94, 96, 99, 109, 112, 114, 117, 118, 121, 123, 126]]
[261, 2.97642, [0, 1, 3, 4, 9, 10, 12, 13, 27, 28, 30, 31, 36, 37, 39, 40, 82, 85, 87, 90, 91, 94, 96, 99, 109, 112, 117, 118, 120, 121, 126, 129]]
[261, 2.97615, [0, 1, 3, 4, 9, 10, 12, 13, 27, 28, 30, 31, 36, 37, 39, 40, 82, 85, 87, 91, 93, 94, 96, 102, 109, 112, 114, 118, 120, 121, 123, 129]]
[261, 2.97929, [0, 1, 3, 4, 9, 10, 12, 13, 27, 28, 30, 31, 36, 37, 39, 40, 83, 84, 86, 87, 92, 93, 95, 96, 110, 111, 113, 114, 119, 120, 122, 123]]
[261, 2.97855, [0, 1, 3, 4, 9, 10, 12, 13, 27, 28, 30, 31, 36, 37, 39, 40, 83, 84, 86, 87, 92, 93, 95, 96, 111, 112, 114, 115, 120, 121, 123, 124]]
[261, 2.97821, [0, 1, 3, 4, 9, 10, 12, 13, 27, 28, 30, 31, 36, 37, 39, 40, 83, 84, 86, 87, 92, 93, 95, 96, 111, 112, 114, 115, 121, 122, 124, 125]]
[261, 2.97819, [0, 1, 3, 4, 9, 10, 12, 13, 27, 28, 30, 31, 36, 37, 39, 40, 83, 84, 86, 87, 92, 93, 95, 96, 111, 113, 114, 116, 120, 122, 123, 125]]
[261, 2.97782, [0, 1, 3, 4, 9, 10, 12, 13, 27, 28, 30, 31, 36, 37, 39, 40, 83, 84, 86, 87, 92, 93, 95, 96, 112, 113, 115, 116, 121, 122, 124, 125]]
[261, 2.97727, [0, 1, 3, 4, 9, 10, 12, 13, 27, 28, 30, 31, 36, 37, 39, 40, 83, 84, 86, 87, 93, 94, 96, 97, 112, 113, 115, 116, 121, 122, 124, 125]]
[261, 2.97788, [0, 1, 3, 4, 9, 10, 12, 13, 27, 28, 30, 31, 36, 37, 39, 40, 83, 84, 87, 89, 92, 93, 96, 98, 110, 111, 114, 116, 119, 120, 123, 125]]
[261, 2.97832, [0, 1, 3, 4, 9, 10, 12, 13, 27, 28, 30, 31, 36, 37, 39, 40, 83, 85, 86, 88, 92, 94, 95, 97, 110, 112, 113, 115, 119, 121, 122, 124]]
[261, 2.97722, [0, 1, 3, 4, 9, 10, 12, 13, 27, 28, 30, 31, 36, 37, 39, 40, 83, 85, 86, 88, 92, 94, 95, 97, 112, 113, 115, 116, 121, 122, 124, 125]]
[261, 2.9769, [0, 1, 3, 4, 9, 10, 12, 13, 27, 28, 30, 31, 36, 37, 39, 40, 83, 85, 86, 88, 92, 94, 95, 97, 112, 113, 115, 116, 121, 123, 124, 128]]
[261, 2.97673, [0, 1, 3, 4, 9, 10, 12, 13, 27, 28, 30, 31, 36, 37, 39, 40, 83, 85, 86, 88, 92, 94, 95, 97, 112, 113, 115, 116, 121, 124, 125, 128]]
[261, 2.97671, [0, 1, 3, 4, 9, 10, 12, 13, 27, 28, 30, 31, 36, 37, 39, 40, 83, 85, 86, 88, 92, 94, 95, 97, 112, 113, 115, 119, 121, 122, 124, 128]]
[261, 2.97617, [0, 1, 3, 4, 9, 10, 12, 13, 27, 28, 30, 31, 36, 37, 39, 40, 83, 85, 86, 88, 92, 94, 95, 97, 112, 115, 116, 119, 121, 124, 125, 128]]
[261, 2.97536, [0, 1, 3, 4, 9, 10, 12, 13, 27, 28, 30, 31, 36, 37, 39, 40, 83, 85, 86, 88, 94, 95, 97, 98, 112, 115, 116, 119, 121, 124, 125, 128]]
[261, 2.97639, [0, 1, 3, 4, 9, 10, 12, 13, 27, 28, 30, 31, 36, 37, 39, 40, 83, 85, 86, 88, 94, 95, 97, 101, 110, 112, 113, 115, 121, 122, 124, 128]]
[261, 2.97692, [0, 1, 3, 4, 9, 10, 12, 13, 27, 28, 30, 31, 36, 37, 39, 40, 83, 85, 88, 89, 92, 94, 97, 98, 110, 112, 115, 116, 119, 121, 124, 125]]
[261, 2.97531, [0, 1, 3, 4, 9, 10, 12, 13, 27, 28, 30, 31, 36, 37, 39, 40, 83, 85, 88, 89, 92, 94, 97, 98, 112, 115, 116, 119, 121, 124, 125, 128]]
[261, 2.97734, [0, 1, 3, 4, 9, 10, 12, 13, 27, 28, 30, 31, 36, 37, 39, 40, 84, 85, 87, 88, 93, 94, 96, 97, 111, 112, 114, 115, 120, 121, 123, 124]]
[261, 2.97628, [0, 1, 3, 4, 9, 10, 12, 13, 27, 28, 30, 31, 36, 37, 39, 40, 84, 85, 87, 88, 93, 94, 96, 97, 111, 114, 115, 118, 120, 123, 124, 127]]
[261, 2.97662, [0, 1, 3, 4, 9, 10, 12, 13, 27, 28, 30, 31, 36, 37, 39, 40, 84, 85, 87, 88, 93, 94, 96, 97, 112, 113, 115, 116, 121, 122, 124, 125]]
[261, 2.97628, [0, 1, 3, 4, 9, 10, 12, 13, 27, 28, 30, 31, 36, 37, 39, 40, 84, 85, 87, 88, 93, 94, 96, 97, 112, 113, 115, 116, 122, 123, 125, 126]]
[261, 2.97626, [0, 1, 3, 4, 9, 10, 12, 13, 27, 28, 30, 31, 36, 37, 39, 40, 84, 85, 87, 88, 93, 94, 96, 97, 112, 114, 115, 117, 121, 123, 124, 126]]
[261, 2.9759, [0, 1, 3, 4, 9, 10, 12, 13, 27, 28, 30, 31, 36, 37, 39, 40, 84, 85, 87, 88, 93, 94, 96, 97, 113, 114, 116, 117, 122, 123, 125, 126]]
[261, 2.97557, [0, 1, 3, 4, 9, 10, 12, 13, 27, 28, 30, 31, 36, 37, 39, 40, 84, 85, 87, 88, 93, 94, 96, 97, 113, 114, 116, 117, 123, 124, 126, 127]]
[261, 2.97555, [0, 1, 3, 4, 9, 10, 12, 13, 27, 28, 30, 31, 36, 37, 39, 40, 84, 85, 87, 88, 93, 94, 96, 97, 113, 115, 116, 118, 122, 124, 125, 127]]
[261, 2.97519, [0, 1, 3, 4, 9, 10, 12, 13, 27, 28, 30, 31, 36, 37, 39, 40, 84, 85, 87, 88, 93, 94, 96, 97, 114, 115, 117, 118, 123, 124, 126, 127]]
[261, 2.97536, [0, 1, 3, 4, 9, 10, 12, 13, 27, 28, 30, 31, 36, 37, 39, 40, 84, 85, 87, 88, 94, 95, 97, 98, 113, 114, 116, 117, 122, 123, 125, 126]]
[261, 2.97599, [0, 1, 3, 4, 9, 10, 12, 13, 27, 28, 30, 31, 36, 37, 39, 40, 84, 85, 87, 91, 93, 94, 96, 100, 111, 112, 114, 118, 120, 121, 123, 127]]
[261, 2.97597, [0, 1, 3, 4, 9, 10, 12, 13, 27, 28, 30, 31, 36, 37, 39, 40, 84, 85, 88, 90, 93, 94, 97, 99, 111, 112, 115, 117, 120, 121, 124, 126]]
[261, 2.9764, [0, 1, 3, 4, 9, 10, 12, 13, 27, 28, 30, 31, 36, 37, 39, 40, 84, 86, 87, 89, 93, 95, 96, 98, 111, 113, 114, 116, 120, 122, 123, 125]]
[261, 2.97532, [0, 1, 3, 4, 9, 10, 12, 13, 27, 28, 30, 31, 36, 37, 39, 40, 84, 86, 87, 89, 93, 95, 96, 98, 113, 114, 116, 117, 122, 123, 125, 126]]
[261, 2.97544, [0, 1, 3, 4, 9, 10, 12, 13, 27, 28, 30, 31, 36, 37, 39, 40, 85, 86, 88, 89, 94, 95, 97, 98, 112, 113, 115, 116, 121, 122, 124, 125]]

Search completed in 37 hours, 0 minutes, and 50.642 seconds.  Enter a string to quit.