Enter an integer k for which our Kempner sets are k-free: 3
Enter a positive integer modulus b: 191
Enter estimation parameters, or * for pre-computed parameters ([0.0703, 1.0632, 1.3541]): *
Enter a threshold (e.g. 4.2) to determine printed output: 2.91
Enter a root for the search space (e.g. [0, 1, 2]) [or * for the root [0]]: *
Enter an upper bound for the size of allowable digit sets [or * to ignore]: 30
Enter a maximal number of deviations from a greedy search [or * to ignore]: *
Searching for k-free sets mod b...

[191, 2.92431, [0, 1, 3, 4, 9, 10, 12, 13, 27, 28, 30, 31, 36, 37, 39, 40, 81, 82, 84, 85, 90, 91, 93, 94]]
[191, 2.92372, [0, 1, 3, 4, 9, 10, 12, 13, 27, 28, 30, 31, 36, 37, 39, 40, 81, 82, 84, 85, 91, 92, 94, 95]]
[191, 2.91141, [0, 1, 3, 4, 9, 10, 12, 13, 27, 28, 30, 31, 36, 37, 39, 40, 81, 82, 91, 92, 94, 95, 139, 140]]
[191, 2.92366, [0, 1, 3, 4, 9, 10, 12, 13, 27, 28, 30, 31, 36, 37, 39, 40, 81, 83, 84, 86, 90, 92, 93, 95]]
[191, 2.92299, [0, 1, 3, 4, 9, 10, 12, 13, 27, 28, 30, 31, 36, 37, 39, 40, 82, 83, 85, 86, 91, 92, 94, 95]]
[191, 2.91109, [0, 1, 3, 4, 9, 10, 12, 13, 27, 28, 30, 31, 36, 37, 39, 40, 84, 85, 87, 91, 92, 94, 136, 150]]
[191, 2.91598, [0, 1, 3, 4, 9, 10, 12, 13, 27, 28, 30, 31, 36, 37, 39, 67, 76, 79, 80, 83, 88, 89, 92, 94]]
[191, 2.9153, [0, 1, 3, 4, 9, 10, 12, 13, 27, 28, 30, 31, 36, 37, 39, 67, 76, 79, 81, 84, 88, 90, 93, 94]]
[191, 2.91604, [0, 1, 3, 4, 9, 10, 12, 13, 27, 28, 30, 31, 36, 37, 39, 67, 76, 80, 81, 83, 88, 89, 91, 92]]
[191, 2.9156, [0, 1, 3, 4, 9, 10, 12, 13, 27, 28, 30, 31, 36, 37, 39, 67, 76, 80, 81, 83, 88, 89, 92, 94]]
[191, 2.91512, [0, 1, 3, 4, 9, 10, 12, 13, 27, 28, 30, 31, 36, 37, 39, 67, 76, 80, 81, 83, 89, 91, 92, 94]]
[191, 2.91493, [0, 1, 3, 4, 9, 10, 12, 13, 27, 28, 30, 31, 36, 37, 39, 67, 76, 80, 82, 83, 89, 91, 92, 94]]
[191, 2.91425, [0, 1, 3, 4, 9, 10, 12, 13, 27, 28, 30, 31, 36, 37, 39, 67, 76, 81, 82, 84, 90, 91, 93, 94]]
[191, 2.91425, [0, 1, 3, 4, 9, 10, 12, 13, 27, 28, 30, 31, 36, 37, 39, 67, 79, 80, 83, 85, 88, 89, 92, 94]]
[191, 2.91357, [0, 1, 3, 4, 9, 10, 12, 13, 27, 28, 30, 31, 36, 37, 39, 67, 79, 81, 84, 85, 88, 90, 93, 94]]
[191, 2.91319, [0, 1, 3, 4, 9, 10, 12, 13, 27, 28, 30, 31, 36, 37, 39, 67, 80, 82, 83, 85, 89, 91, 92, 94]]
[191, 2.91251, [0, 1, 3, 4, 9, 10, 12, 13, 27, 28, 30, 31, 36, 37, 39, 67, 81, 82, 84, 85, 90, 91, 93, 94]]
[191, 2.91491, [0, 1, 3, 4, 9, 10, 12, 13, 27, 28, 30, 31, 36, 37, 40, 66, 75, 78, 82, 85, 87, 91, 93, 94]]
[191, 2.91383, [0, 1, 3, 4, 9, 10, 12, 13, 27, 28, 30, 31, 36, 37, 40, 66, 75, 81, 82, 85, 90, 91, 93, 94]]
[191, 2.91313, [0, 1, 3, 4, 9, 10, 12, 13, 27, 28, 30, 31, 36, 37, 40, 66, 78, 82, 84, 85, 87, 91, 93, 94]]
[191, 2.91205, [0, 1, 3, 4, 9, 10, 12, 13, 27, 28, 30, 31, 36, 37, 40, 66, 81, 82, 84, 85, 90, 91, 93, 94]]
[191, 2.92463, [0, 1, 3, 4, 9, 10, 12, 13, 27, 28, 30, 31, 36, 37, 66, 67, 76, 77, 81, 82, 84, 90, 93, 94, 146]]
[191, 2.91145, [0, 1, 3, 4, 9, 10, 12, 13, 27, 28, 30, 31, 36, 38, 39, 70, 79, 80, 83, 84, 91, 92, 94, 95]]
[191, 2.91036, [0, 1, 3, 4, 9, 10, 12, 13, 27, 28, 30, 31, 36, 38, 39, 70, 79, 83, 84, 86, 91, 92, 94, 95]]
[191, 2.91292, [0, 1, 3, 4, 9, 10, 12, 13, 27, 28, 30, 31, 36, 39, 40, 64, 73, 81, 84, 85, 90, 91, 93, 94]]
[191, 2.91105, [0, 1, 3, 4, 9, 10, 12, 13, 27, 28, 30, 31, 36, 39, 40, 64, 81, 82, 84, 85, 90, 91, 93, 94]]
[191, 2.91729, [0, 1, 3, 4, 9, 10, 12, 13, 27, 28, 30, 31, 36, 39, 64, 70, 73, 81, 83, 84, 90, 91, 94, 122, 148]]
[191, 2.91693, [0, 1, 3, 4, 9, 10, 12, 13, 27, 28, 30, 31, 36, 39, 64, 70, 73, 81, 84, 85, 90, 91, 94, 122, 148]]
[191, 2.91037, [0, 1, 3, 4, 9, 10, 12, 13, 27, 28, 30, 31, 37, 38, 40, 69, 78, 82, 83, 85, 90, 91, 93, 94]]
[191, 2.91241, [0, 1, 3, 4, 9, 10, 12, 13, 27, 28, 30, 31, 37, 39, 40, 63, 72, 82, 84, 85, 90, 91, 93, 94]]
[191, 2.9105, [0, 1, 3, 4, 9, 10, 12, 13, 27, 28, 30, 31, 37, 39, 40, 63, 81, 82, 84, 85, 90, 91, 93, 94]]
[191, 2.91789, [0, 1, 3, 4, 9, 10, 12, 13, 27, 28, 30, 31, 39, 63, 64, 70, 71, 73, 80, 81, 85, 86, 88, 93, 94]]
[191, 2.91648, [0, 1, 3, 4, 9, 10, 12, 13, 27, 28, 30, 31, 39, 63, 64, 70, 71, 73, 81, 84, 85, 88, 90, 93, 94]]
[191, 2.91083, [0, 1, 3, 4, 9, 10, 12, 13, 27, 29, 30, 34, 35, 37, 52, 63, 72, 76, 78, 79, 85, 87, 88, 90]]
[191, 2.91285, [0, 1, 3, 4, 9, 10, 12, 13, 27, 30, 31, 36, 37, 40, 55, 66, 75, 81, 82, 85, 90, 91, 93, 94, 165]]
[191, 2.9109, [0, 1, 3, 4, 9, 10, 12, 13, 28, 29, 31, 32, 37, 38, 40, 41, 83, 85, 86, 91, 92, 94, 95, 109]]

Search completed in 1 hours, 1 minutes, and 49.867 seconds.  Enter a string to quit.