Enter an integer k for which our Kempner sets are k-free: 3
Enter a positive integer modulus b: 306
Enter estimation parameters, or * for pre-computed parameters ([0.0808, 1.6157, 1.1994]): *
Enter a threshold (e.g. 4.2) to determine printed output: 2.94
Enter a root for the search space (e.g. [0, 1, 2]) [or * for the root [0]]: *
Enter an upper bound for the size of allowable digit sets [or * to ignore]: 36
Enter a maximal number of deviations from a greedy search [or * to ignore]: *
Searching for k-free sets mod b...

[306, 2.94159, [0, 1, 3, 4, 9, 10, 12, 13, 27, 28, 30, 31, 36, 37, 39, 40, 81, 82, 84, 90, 94, 100, 102, 103, 108, 109, 111, 117, 130, 139, 142, 146, 147]]
[306, 2.94112, [0, 1, 3, 4, 9, 10, 12, 13, 27, 28, 30, 31, 36, 37, 39, 40, 81, 83, 84, 86, 97, 98, 103, 104, 106, 107, 118, 119, 121, 143, 146, 148, 151]]
[306, 2.9428, [0, 1, 3, 4, 9, 10, 12, 13, 27, 28, 30, 31, 36, 37, 39, 40, 81, 85, 86, 90, 93, 102, 106, 108, 112, 117, 120, 124, 129, 137, 151, 205, 232, 253]]
[306, 2.9407, [0, 1, 3, 4, 9, 10, 12, 13, 27, 28, 30, 31, 36, 37, 39, 40, 82, 84, 96, 98, 104, 106, 109, 113, 118, 119, 121, 135, 139, 145, 147, 148, 150, 252]]
[306, 2.94078, [0, 1, 3, 4, 9, 10, 12, 13, 27, 28, 30, 31, 36, 37, 39, 40, 82, 84, 96, 98, 105, 106, 109, 111, 118, 119, 121, 135, 139, 145, 147, 148, 150, 252]]
[306, 2.94303, [0, 1, 3, 4, 9, 10, 12, 13, 27, 28, 30, 31, 36, 37, 39, 40, 82, 84, 97, 98, 102, 104, 105, 109, 115, 118, 119, 130, 135, 143, 147, 149, 150, 252]]
[306, 2.94708, [0, 1, 3, 4, 9, 10, 12, 13, 27, 28, 30, 31, 36, 37, 39, 40, 82, 92, 94, 97, 98, 103, 107, 113, 115, 118, 126, 130, 131, 135, 141, 143, 146, 150]]
[306, 2.94155, [0, 1, 3, 4, 9, 10, 12, 13, 27, 28, 30, 31, 36, 37, 39, 40, 82, 94, 96, 97, 102, 104, 105, 109, 115, 118, 130, 135, 141, 143, 144, 146, 150, 213]]
[306, 2.94052, [0, 1, 3, 4, 9, 10, 12, 13, 27, 28, 30, 31, 36, 37, 39, 40, 82, 94, 96, 97, 102, 104, 105, 109, 115, 130, 131, 135, 141, 143, 144, 146, 150, 213]]
[306, 2.94265, [0, 1, 3, 4, 9, 10, 12, 13, 27, 28, 30, 31, 36, 37, 39, 40, 83, 84, 87, 97, 100, 104, 106, 109, 119, 120, 122, 133, 142, 145, 149, 150, 152, 252]]
[306, 2.94636, [0, 1, 3, 4, 9, 10, 12, 13, 27, 28, 30, 31, 36, 37, 39, 40, 83, 84, 97, 98, 100, 104, 106, 107, 109, 119, 122, 133, 142, 143, 145, 149, 150, 152]]
[306, 2.94104, [0, 1, 3, 4, 9, 10, 12, 13, 27, 28, 30, 31, 36, 37, 39, 40, 83, 84, 97, 98, 104, 106, 107, 109, 118, 119, 122, 133, 142, 143, 145, 149, 150, 252]]
[306, 2.94443, [0, 1, 3, 4, 9, 10, 12, 13, 27, 28, 30, 31, 36, 37, 39, 40, 83, 84, 98, 100, 104, 106, 107, 109, 115, 119, 122, 133, 142, 143, 145, 149, 150, 152]]
[306, 2.94772, [0, 1, 3, 4, 9, 10, 12, 13, 27, 28, 30, 31, 36, 37, 39, 40, 83, 85, 97, 98, 101, 103, 106, 107, 110, 118, 120, 128, 132, 141, 145, 147, 148, 152]]
[306, 2.94109, [0, 1, 3, 4, 9, 10, 12, 13, 27, 28, 30, 31, 36, 37, 39, 40, 83, 85, 98, 99, 104, 105, 107, 108, 114, 119, 122, 132, 141, 144, 148, 149, 151, 250]]
[306, 2.94086, [0, 1, 3, 4, 9, 10, 12, 13, 27, 28, 30, 31, 36, 37, 39, 40, 83, 85, 98, 99, 104, 105, 107, 108, 114, 119, 122, 132, 141, 144, 149, 151, 152, 250]]
[306, 2.94074, [0, 1, 3, 4, 9, 10, 12, 13, 27, 28, 30, 31, 36, 37, 39, 40, 83, 85, 98, 99, 104, 105, 107, 108, 114, 119, 122, 132, 141, 147, 148, 151, 152, 250]]
[306, 2.94063, [0, 1, 3, 4, 9, 10, 12, 13, 27, 28, 30, 31, 36, 37, 39, 40, 83, 85, 98, 99, 104, 105, 107, 108, 114, 119, 122, 132, 141, 148, 149, 151, 152, 250]]
[306, 2.94133, [0, 1, 3, 4, 9, 10, 12, 13, 27, 28, 30, 31, 36, 37, 39, 40, 83, 85, 98, 99, 104, 105, 107, 108, 119, 121, 122, 124, 132, 147, 148, 151, 152, 250]]
[306, 2.95132, [0, 1, 3, 4, 9, 10, 12, 13, 27, 28, 30, 31, 36, 37, 39, 40, 83, 85, 98, 99, 104, 105, 108, 114, 119, 121, 122, 132, 141, 147, 148, 151, 152, 250, 253]]
[306, 2.9512, [0, 1, 3, 4, 9, 10, 12, 13, 27, 28, 30, 31, 36, 37, 39, 40, 83, 85, 98, 99, 104, 105, 108, 114, 119, 121, 122, 132, 141, 148, 149, 151, 152, 250, 253]]
[306, 2.94597, [0, 1, 3, 4, 9, 10, 12, 13, 27, 28, 30, 31, 36, 37, 39, 40, 83, 85, 98, 99, 104, 105, 108, 114, 119, 121, 132, 141, 148, 149, 151, 152, 240, 250, 253]]
[306, 2.95046, [0, 1, 3, 4, 9, 10, 12, 13, 27, 28, 30, 31, 36, 37, 39, 40, 83, 85, 98, 99, 104, 105, 108, 119, 121, 122, 124, 132, 141, 147, 148, 151, 152, 250, 253]]
[306, 2.94975, [0, 1, 3, 4, 9, 10, 12, 13, 27, 28, 30, 31, 36, 37, 39, 40, 83, 86, 87, 99, 101, 102, 107, 109, 110, 114, 120, 122, 123, 140, 148, 149, 151, 152]]
[306, 2.94999, [0, 1, 3, 4, 9, 10, 12, 13, 27, 28, 30, 31, 36, 37, 39, 40, 83, 86, 87, 99, 101, 102, 109, 110, 113, 114, 120, 122, 123, 128, 148, 149, 151, 152]]
[306, 2.94497, [0, 1, 3, 4, 9, 10, 12, 13, 27, 28, 30, 31, 36, 37, 39, 40, 83, 86, 87, 100, 101, 105, 107, 108, 112, 118, 121, 122, 125, 140, 148, 151, 152, 251]]
[306, 2.94479, [0, 1, 3, 4, 9, 10, 12, 13, 27, 28, 30, 31, 36, 37, 39, 40, 83, 86, 90, 93, 101, 104, 106, 110, 113, 121, 123, 124, 128, 131, 148, 151, 194, 197]]
[306, 2.94117, [0, 1, 3, 4, 9, 10, 12, 13, 27, 28, 30, 31, 36, 37, 39, 40, 83, 86, 96, 99, 103, 104, 108, 114, 116, 119, 121, 131, 137, 140, 147, 150, 151, 251]]
[306, 2.94137, [0, 1, 3, 4, 9, 10, 12, 13, 27, 28, 30, 31, 36, 37, 39, 40, 83, 86, 97, 100, 104, 105, 107, 112, 116, 118, 121, 123, 140, 143, 147, 148, 152, 251]]
[306, 2.94114, [0, 1, 3, 4, 9, 10, 12, 13, 27, 28, 30, 31, 36, 37, 39, 40, 83, 86, 97, 100, 104, 105, 107, 112, 116, 118, 121, 123, 140, 143, 148, 151, 152, 251]]
[306, 2.9409, [0, 1, 3, 4, 9, 10, 12, 13, 27, 28, 30, 31, 36, 37, 39, 40, 83, 86, 97, 100, 104, 105, 107, 112, 116, 118, 121, 123, 140, 147, 148, 151, 152, 251]]
[306, 2.94916, [0, 1, 3, 4, 9, 10, 12, 13, 27, 28, 30, 31, 36, 37, 39, 40, 83, 87, 93, 97, 100, 102, 105, 106, 109, 120, 122, 128, 132, 133, 141, 145, 148, 152]]
[306, 2.94369, [0, 1, 3, 4, 9, 10, 12, 13, 27, 28, 30, 31, 36, 37, 39, 40, 83, 89, 93, 98, 100, 105, 106, 109, 116, 124, 128, 131, 133, 137, 144, 145, 152, 194]]
[306, 2.94286, [0, 1, 3, 4, 9, 10, 12, 13, 27, 28, 30, 31, 36, 37, 39, 40, 83, 89, 93, 98, 100, 105, 106, 109, 116, 124, 131, 133, 137, 140, 144, 145, 152, 194]]
[306, 2.94173, [0, 1, 3, 4, 9, 10, 12, 13, 27, 28, 30, 31, 36, 37, 39, 40, 83, 93, 95, 98, 105, 106, 109, 110, 116, 124, 128, 131, 133, 141, 144, 145, 148, 194]]
[306, 2.94275, [0, 1, 3, 4, 9, 10, 12, 13, 27, 28, 30, 31, 36, 37, 39, 40, 83, 93, 97, 98, 105, 106, 109, 110, 116, 118, 132, 133, 140, 141, 144, 145, 151, 152]]
[306, 2.94376, [0, 1, 3, 4, 9, 10, 12, 13, 27, 28, 30, 31, 36, 37, 39, 40, 83, 93, 97, 99, 106, 107, 109, 110, 116, 118, 128, 132, 134, 141, 142, 144, 145, 151]]
[306, 2.945, [0, 1, 3, 4, 9, 10, 12, 13, 27, 28, 30, 31, 36, 37, 39, 40, 84, 87, 97, 100, 101, 104, 106, 109, 119, 120, 122, 130, 133, 142, 145, 149, 150, 152]]
[306, 2.94326, [0, 1, 3, 4, 9, 10, 12, 13, 27, 28, 30, 31, 36, 37, 39, 40, 84, 96, 97, 100, 102, 106, 111, 113, 114, 119, 121, 133, 134, 139, 143, 148, 150, 151]]
[306, 2.94616, [0, 1, 3, 4, 9, 10, 12, 13, 27, 28, 30, 31, 36, 37, 39, 40, 85, 91, 95, 98, 100, 103, 104, 107, 112, 125, 127, 132, 135, 136, 141, 144, 148, 149]]
[306, 2.94388, [0, 1, 3, 4, 9, 10, 12, 13, 27, 28, 30, 31, 36, 37, 39, 40, 85, 95, 99, 101, 102, 104, 110, 111, 114, 115, 122, 132, 136, 138, 141, 147, 148, 152]]
[306, 2.94306, [0, 1, 3, 4, 9, 10, 12, 13, 27, 28, 30, 31, 36, 37, 39, 40, 85, 97, 98, 101, 103, 107, 112, 114, 115, 119, 120, 122, 136, 138, 144, 148, 149, 151]]
[306, 2.94106, [0, 1, 3, 4, 9, 10, 12, 13, 27, 28, 30, 31, 36, 37, 39, 40, 86, 96, 97, 99, 107, 110, 111, 114, 116, 119, 120, 137, 138, 140, 147, 148, 150, 151]]
[306, 2.9406, [0, 1, 3, 4, 9, 10, 12, 13, 27, 28, 30, 31, 36, 37, 39, 40, 86, 96, 97, 100, 107, 110, 112, 115, 116, 119, 121, 137, 139, 140, 147, 148, 150, 151]]
[306, 2.94195, [0, 1, 3, 4, 9, 10, 12, 13, 27, 28, 30, 31, 36, 37, 39, 40, 87, 93, 98, 100, 101, 105, 106, 108, 122, 124, 127, 128, 131, 133, 141, 145, 152, 194]]
[306, 2.94068, [0, 1, 3, 4, 9, 10, 12, 13, 27, 28, 30, 31, 36, 37, 39, 40, 87, 93, 98, 100, 101, 105, 106, 108, 122, 127, 128, 131, 133, 141, 142, 145, 152, 194]]
[306, 2.94436, [0, 1, 3, 4, 9, 10, 12, 13, 27, 28, 30, 31, 36, 37, 39, 40, 89, 92, 97, 100, 104, 106, 109, 110, 113, 124, 125, 127, 132, 133, 136, 143, 149, 152]]
[306, 2.94524, [0, 1, 3, 4, 9, 10, 12, 13, 27, 28, 30, 31, 36, 37, 39, 40, 90, 92, 97, 98, 100, 105, 109, 111, 114, 115, 127, 129, 134, 135, 137, 142, 146, 151]]
[306, 2.94634, [0, 1, 3, 4, 9, 10, 12, 13, 27, 28, 30, 31, 36, 37, 39, 40, 90, 94, 96, 97, 99, 105, 106, 109, 110, 117, 127, 131, 133, 134, 136, 142, 146, 147]]
[306, 2.94025, [0, 1, 3, 4, 9, 10, 12, 13, 27, 28, 30, 31, 36, 37, 39, 40, 90, 97, 98, 100, 105, 109, 111, 114, 115, 127, 129, 134, 135, 137, 142, 146, 148, 151]]
[306, 2.94253, [0, 1, 3, 4, 9, 10, 12, 13, 27, 28, 30, 31, 36, 37, 39, 40, 90, 97, 98, 101, 102, 108, 110, 111, 113, 117, 127, 134, 135, 138, 139, 145, 147, 148]]
[306, 2.94431, [0, 1, 3, 4, 9, 10, 12, 13, 27, 28, 30, 31, 36, 37, 39, 40, 91, 92, 97, 98, 100, 106, 107, 110, 111, 126, 127, 132, 134, 135, 139, 140, 149, 150]]
[306, 2.94056, [0, 1, 3, 4, 9, 10, 12, 13, 27, 28, 30, 31, 36, 37, 39, 40, 91, 93, 97, 99, 102, 106, 108, 109, 122, 124, 129, 131, 132, 137, 141, 144, 148, 196]]
[306, 2.9446, [0, 1, 3, 4, 9, 10, 12, 13, 27, 28, 30, 31, 36, 37, 39, 40, 91, 95, 97, 98, 100, 106, 107, 110, 111, 118, 128, 132, 134, 135, 137, 144, 147, 148]]
[306, 2.94227, [0, 1, 3, 4, 9, 10, 12, 13, 27, 28, 30, 31, 36, 37, 39, 40, 91, 95, 97, 98, 106, 107, 109, 113, 118, 124, 126, 132, 133, 136, 137, 144, 147, 149]]
[306, 2.94214, [0, 1, 3, 4, 9, 10, 12, 13, 27, 28, 30, 31, 36, 37, 39, 40, 92, 93, 96, 97, 103, 105, 106, 108, 121, 125, 127, 128, 130, 138, 140, 141, 143, 195]]
[306, 2.94143, [0, 1, 3, 4, 9, 10, 12, 13, 27, 28, 30, 31, 36, 37, 39, 40, 92, 96, 97, 99, 104, 105, 108, 110, 122, 126, 129, 131, 135, 137, 138, 146, 149, 151]]
[306, 2.94186, [0, 1, 3, 4, 9, 10, 12, 13, 27, 28, 30, 31, 36, 37, 39, 40, 93, 94, 96, 97, 103, 105, 106, 108, 121, 125, 127, 128, 130, 138, 140, 141, 143, 195]]
[306, 2.94188, [0, 1, 3, 4, 9, 10, 12, 13, 27, 28, 30, 31, 36, 37, 39, 40, 94, 95, 98, 99, 105, 107, 108, 110, 114, 124, 131, 132, 135, 136, 142, 144, 145, 147]]
[306, 2.94137, [0, 1, 3, 4, 9, 10, 12, 13, 27, 28, 30, 31, 36, 37, 39, 40, 94, 96, 97, 99, 105, 106, 109, 110, 117, 127, 131, 133, 134, 136, 142, 143, 146, 147]]
[306, 2.94027, [0, 1, 3, 4, 9, 10, 12, 13, 27, 28, 30, 31, 36, 37, 39, 40, 95, 96, 99, 100, 106, 108, 109, 111, 115, 125, 132, 133, 136, 137, 143, 145, 146, 148]]
[306, 2.94455, [0, 1, 3, 4, 9, 10, 12, 13, 27, 30, 31, 34, 36, 39, 40, 43, 94, 98, 100, 101, 103, 109, 110, 113, 114, 121, 131, 135, 137, 138, 140, 146, 147, 150, 151]]

Search completed in 33 hours, 57 minutes, and 59.755 seconds.  Enter a string to quit.