Enter an integer k for which our Kempner sets are k-free: 3
Enter a positive integer modulus b: 186
Enter estimation parameters, or * for pre-computed parameters ([0.0717, 1.0643, 1.366]): *
Enter a threshold (e.g. 4.2) to determine printed output: 2.89
Enter a root for the search space (e.g. [0, 1, 2]) [or * for the root [0]]: *
Enter an upper bound for the size of allowable digit sets [or * to ignore]: 29
Enter a maximal number of deviations from a greedy search [or * to ignore]: *
Searching for k-free sets mod b...

[186, 2.89929, [0, 1, 3, 4, 9, 10, 12, 13, 27, 28, 30, 31, 36, 37, 39, 67, 76, 79, 80, 83, 88, 89, 92]]
[186, 2.89923, [0, 1, 3, 4, 9, 10, 12, 13, 27, 28, 30, 31, 36, 37, 39, 67, 76, 79, 80, 86, 87, 89, 90]]
[186, 2.89827, [0, 1, 3, 4, 9, 10, 12, 13, 27, 28, 30, 31, 36, 37, 39, 67, 76, 79, 80, 87, 89, 90, 92]]
[186, 2.89807, [0, 1, 3, 4, 9, 10, 12, 13, 27, 28, 30, 31, 36, 37, 39, 67, 76, 79, 81, 87, 89, 90, 92]]
[186, 2.89922, [0, 1, 3, 4, 9, 10, 12, 13, 27, 28, 30, 31, 36, 37, 39, 67, 76, 80, 81, 83, 87, 88, 92]]
[186, 2.89906, [0, 1, 3, 4, 9, 10, 12, 13, 27, 28, 30, 31, 36, 37, 39, 67, 76, 80, 81, 83, 87, 89, 92]]
[186, 2.92482, [0, 1, 3, 4, 9, 10, 12, 13, 27, 28, 30, 31, 36, 37, 39, 67, 76, 80, 81, 83, 88, 89, 91, 92]]
[186, 2.8989, [0, 1, 3, 4, 9, 10, 12, 13, 27, 28, 30, 31, 36, 37, 39, 67, 76, 80, 81, 83, 88, 89, 92]]
[186, 2.89858, [0, 1, 3, 4, 9, 10, 12, 13, 27, 28, 30, 31, 36, 37, 39, 67, 76, 80, 81, 83, 88, 91, 92]]
[186, 2.89332, [0, 1, 3, 4, 9, 10, 12, 13, 27, 28, 30, 31, 36, 37, 39, 67, 76, 80, 81, 83, 88, 91, 144]]
[186, 2.89842, [0, 1, 3, 4, 9, 10, 12, 13, 27, 28, 30, 31, 36, 37, 39, 67, 76, 80, 81, 83, 89, 91, 92]]
[186, 2.89819, [0, 1, 3, 4, 9, 10, 12, 13, 27, 28, 30, 31, 36, 37, 39, 67, 76, 80, 81, 87, 88, 90, 91]]
[186, 2.89788, [0, 1, 3, 4, 9, 10, 12, 13, 27, 28, 30, 31, 36, 37, 39, 67, 76, 80, 81, 87, 88, 91, 92]]
[186, 2.89788, [0, 1, 3, 4, 9, 10, 12, 13, 27, 28, 30, 31, 36, 37, 39, 67, 76, 80, 81, 87, 89, 90, 92]]
[186, 2.89196, [0, 1, 3, 4, 9, 10, 12, 13, 27, 28, 30, 31, 36, 37, 39, 67, 76, 80, 81, 87, 89, 90, 154]]
[186, 2.89755, [0, 1, 3, 4, 9, 10, 12, 13, 27, 28, 30, 31, 36, 37, 39, 67, 76, 80, 81, 88, 89, 91, 92]]
[186, 2.89823, [0, 1, 3, 4, 9, 10, 12, 13, 27, 28, 30, 31, 36, 37, 39, 67, 76, 80, 82, 83, 89, 91, 92]]
[186, 2.89718, [0, 1, 3, 4, 9, 10, 12, 13, 27, 28, 30, 31, 36, 37, 39, 67, 76, 80, 83, 88, 89, 91, 92]]
[186, 2.8983, [0, 1, 3, 4, 9, 10, 12, 13, 27, 28, 30, 31, 36, 37, 39, 67, 76, 81, 83, 84, 88, 89, 91]]
[186, 2.89257, [0, 1, 3, 4, 9, 10, 12, 13, 27, 28, 30, 31, 36, 37, 39, 67, 76, 81, 83, 84, 88, 91, 144]]
[186, 2.89699, [0, 1, 3, 4, 9, 10, 12, 13, 27, 28, 30, 31, 36, 37, 39, 67, 76, 81, 83, 88, 89, 91, 92]]
[186, 2.89809, [0, 1, 3, 4, 9, 10, 12, 13, 27, 28, 30, 31, 36, 37, 39, 67, 79, 80, 82, 83, 88, 89, 92]]
[186, 2.89776, [0, 1, 3, 4, 9, 10, 12, 13, 27, 28, 30, 31, 36, 37, 39, 67, 79, 80, 82, 83, 89, 90, 92]]
[186, 2.89754, [0, 1, 3, 4, 9, 10, 12, 13, 27, 28, 30, 31, 36, 37, 39, 67, 79, 80, 83, 85, 88, 89, 92]]
[186, 2.8907, [0, 1, 3, 4, 9, 10, 12, 13, 27, 28, 30, 31, 36, 37, 39, 67, 79, 80, 87, 89, 90, 92, 136]]
[186, 2.8905, [0, 1, 3, 4, 9, 10, 12, 13, 27, 28, 30, 31, 36, 37, 39, 67, 79, 81, 87, 89, 90, 92, 136]]
[186, 2.89701, [0, 1, 3, 4, 9, 10, 12, 13, 27, 28, 30, 31, 36, 37, 39, 67, 80, 81, 83, 84, 89, 90, 92]]
[186, 2.8901, [0, 1, 3, 4, 9, 10, 12, 13, 27, 28, 30, 31, 36, 37, 39, 67, 80, 81, 83, 84, 89, 90, 172]]
[186, 2.89685, [0, 1, 3, 4, 9, 10, 12, 13, 27, 28, 30, 31, 36, 37, 39, 67, 80, 81, 83, 84, 89, 91, 92]]
[186, 2.89649, [0, 1, 3, 4, 9, 10, 12, 13, 27, 28, 30, 31, 36, 37, 39, 67, 80, 81, 83, 87, 89, 90, 92]]
[186, 2.89617, [0, 1, 3, 4, 9, 10, 12, 13, 27, 28, 30, 31, 36, 37, 39, 67, 80, 81, 83, 88, 89, 91, 92]]
[186, 2.89083, [0, 1, 3, 4, 9, 10, 12, 13, 27, 28, 30, 31, 36, 37, 39, 67, 80, 81, 84, 89, 90, 92, 136]]
[186, 2.89067, [0, 1, 3, 4, 9, 10, 12, 13, 27, 28, 30, 31, 36, 37, 39, 67, 80, 81, 84, 89, 91, 92, 136]]
[186, 2.89062, [0, 1, 3, 4, 9, 10, 12, 13, 27, 28, 30, 31, 36, 37, 39, 67, 80, 81, 87, 88, 90, 91, 136]]
[186, 2.89031, [0, 1, 3, 4, 9, 10, 12, 13, 27, 28, 30, 31, 36, 37, 39, 67, 80, 81, 87, 88, 91, 92, 136]]
[186, 2.89031, [0, 1, 3, 4, 9, 10, 12, 13, 27, 28, 30, 31, 36, 37, 39, 67, 80, 81, 87, 89, 90, 92, 136]]
[186, 2.89649, [0, 1, 3, 4, 9, 10, 12, 13, 27, 28, 30, 31, 36, 37, 39, 67, 80, 82, 83, 85, 89, 91, 92]]
[186, 2.89598, [0, 1, 3, 4, 9, 10, 12, 13, 27, 28, 30, 31, 36, 37, 39, 67, 80, 82, 83, 88, 89, 91, 92]]
[186, 2.89538, [0, 1, 3, 4, 9, 10, 12, 13, 27, 28, 30, 31, 36, 37, 39, 76, 79, 80, 83, 85, 88, 89, 92]]
[186, 2.89439, [0, 1, 3, 4, 9, 10, 12, 13, 27, 28, 30, 31, 36, 37, 39, 76, 79, 80, 83, 88, 89, 91, 92]]
[186, 2.894, [0, 1, 3, 4, 9, 10, 12, 13, 27, 28, 30, 31, 36, 37, 39, 76, 80, 81, 83, 88, 89, 91, 92]]
[186, 2.89432, [0, 1, 3, 4, 9, 10, 12, 13, 27, 28, 30, 31, 36, 37, 39, 76, 80, 82, 83, 85, 89, 91, 92]]
[186, 2.89319, [0, 1, 3, 4, 9, 10, 12, 13, 27, 28, 30, 31, 36, 37, 39, 79, 80, 82, 83, 88, 89, 91, 92]]
[186, 2.9141, [0, 1, 3, 4, 9, 10, 12, 13, 27, 28, 30, 31, 36, 37, 66, 67, 75, 76, 80, 81, 88, 89, 91, 92]]
[186, 2.90741, [0, 1, 3, 4, 9, 10, 12, 13, 27, 28, 30, 31, 36, 37, 66, 67, 75, 78, 80, 87, 88, 91, 92, 136]]
[186, 2.90648, [0, 1, 3, 4, 9, 10, 12, 13, 27, 28, 30, 31, 36, 37, 66, 67, 75, 80, 81, 88, 89, 91, 92, 136]]
[186, 2.91248, [0, 1, 3, 4, 9, 10, 12, 13, 27, 28, 30, 31, 36, 37, 66, 67, 76, 80, 81, 83, 88, 89, 91, 92]]
[186, 2.90617, [0, 1, 3, 4, 9, 10, 12, 13, 27, 28, 30, 31, 36, 37, 66, 67, 78, 80, 81, 87, 88, 91, 92, 136]]
[186, 2.89602, [0, 1, 3, 4, 9, 10, 12, 13, 27, 28, 30, 31, 36, 38, 39, 70, 79, 80, 82, 83, 89, 91, 92]]
[186, 2.8949, [0, 1, 3, 4, 9, 10, 12, 13, 27, 28, 30, 31, 36, 38, 39, 70, 80, 82, 83, 85, 89, 91, 92]]
[186, 2.8944, [0, 1, 3, 4, 9, 10, 12, 13, 27, 28, 30, 31, 36, 38, 39, 70, 80, 82, 83, 88, 89, 91, 92]]
[186, 2.89239, [0, 1, 3, 4, 9, 10, 12, 13, 27, 28, 30, 31, 36, 38, 39, 79, 80, 82, 83, 88, 89, 91, 92]]
[186, 2.89239, [0, 1, 3, 4, 9, 10, 12, 13, 27, 28, 30, 31, 36, 38, 65, 74, 81, 84, 86, 89, 90, 119, 133, 146]]
[186, 2.89335, [0, 1, 3, 4, 9, 10, 12, 13, 27, 28, 30, 31, 36, 64, 66, 70, 73, 79, 83, 84, 86, 90, 91, 147]]
[186, 2.89384, [0, 1, 3, 4, 9, 10, 12, 13, 27, 28, 30, 31, 37, 38, 40, 69, 78, 81, 82, 88, 89, 91, 92]]
[186, 2.89228, [0, 1, 3, 4, 9, 10, 12, 13, 27, 28, 30, 31, 37, 63, 66, 67, 78, 80, 81, 87, 88, 91, 92, 136]]
[186, 2.89028, [0, 1, 3, 4, 9, 10, 12, 13, 27, 28, 30, 34, 35, 37, 49, 72, 75, 79, 80, 82, 87, 90, 91]]
[186, 2.89034, [0, 1, 3, 4, 9, 10, 12, 13, 27, 28, 30, 34, 35, 37, 49, 72, 76, 78, 79, 81, 87, 91, 92]]
[186, 2.90147, [0, 1, 3, 4, 9, 10, 12, 13, 27, 28, 30, 34, 35, 37, 72, 75, 76, 79, 81, 88, 89, 91, 92, 126]]
[186, 2.89381, [0, 1, 3, 4, 9, 10, 12, 13, 27, 28, 30, 34, 35, 37, 72, 75, 79, 80, 84, 87, 91, 92, 136, 142]]
[186, 2.89386, [0, 1, 3, 4, 9, 10, 12, 13, 27, 28, 30, 34, 35, 37, 72, 75, 79, 81, 88, 89, 91, 92, 126, 136]]
[186, 2.89544, [0, 1, 3, 4, 9, 10, 12, 13, 27, 28, 30, 34, 35, 39, 49, 62, 72, 73, 76, 81, 83, 87, 92]]
[186, 2.89479, [0, 1, 3, 4, 9, 10, 12, 13, 27, 28, 30, 34, 35, 39, 49, 62, 72, 73, 76, 81, 83, 91, 92]]
[186, 2.8941, [0, 1, 3, 4, 9, 10, 12, 13, 27, 28, 30, 34, 35, 39, 49, 62, 72, 73, 76, 81, 87, 91, 92]]
[186, 2.89437, [0, 1, 3, 4, 9, 10, 12, 13, 27, 28, 30, 34, 35, 39, 49, 62, 72, 73, 79, 80, 83, 91, 92]]
[186, 2.89347, [0, 1, 3, 4, 9, 10, 12, 13, 27, 28, 30, 34, 35, 39, 49, 62, 72, 73, 79, 81, 87, 91, 92]]
[186, 2.89398, [0, 1, 3, 4, 9, 10, 12, 13, 27, 28, 30, 34, 35, 39, 49, 62, 72, 73, 80, 81, 83, 91, 92]]
[186, 2.89281, [0, 1, 3, 4, 9, 10, 12, 13, 27, 28, 30, 34, 35, 39, 49, 62, 72, 76, 79, 81, 87, 91, 92]]
[186, 2.89213, [0, 1, 3, 4, 9, 10, 12, 13, 27, 28, 30, 34, 35, 39, 49, 62, 72, 79, 80, 83, 84, 91, 92]]
[186, 2.91244, [0, 1, 3, 4, 9, 10, 12, 13, 27, 28, 30, 34, 35, 39, 49, 62, 72, 79, 80, 84, 87, 91, 92, 136]]
[186, 2.89174, [0, 1, 3, 4, 9, 10, 12, 13, 27, 28, 30, 34, 35, 39, 49, 62, 72, 80, 81, 83, 84, 91, 92]]
[186, 2.91206, [0, 1, 3, 4, 9, 10, 12, 13, 27, 28, 30, 34, 35, 39, 49, 62, 73, 76, 80, 81, 83, 91, 92, 168]]
[186, 2.8922, [0, 1, 3, 4, 9, 10, 12, 13, 27, 28, 30, 34, 36, 37, 39, 76, 79, 80, 83, 85, 88, 89, 92]]
[186, 2.89121, [0, 1, 3, 4, 9, 10, 12, 13, 27, 28, 30, 34, 36, 37, 39, 76, 79, 80, 83, 88, 89, 91, 92]]
[186, 2.89082, [0, 1, 3, 4, 9, 10, 12, 13, 27, 28, 30, 34, 36, 37, 39, 76, 80, 81, 83, 88, 89, 91, 92]]
[186, 2.89114, [0, 1, 3, 4, 9, 10, 12, 13, 27, 28, 30, 34, 36, 37, 39, 76, 80, 82, 83, 85, 89, 91, 92]]
[186, 2.89212, [0, 1, 3, 4, 9, 10, 12, 13, 27, 28, 30, 34, 36, 37, 49, 66, 75, 76, 79, 80, 87, 90, 91]]
[186, 2.89154, [0, 1, 3, 4, 9, 10, 12, 13, 27, 28, 30, 34, 36, 37, 49, 66, 75, 76, 80, 82, 87, 90, 91]]
[186, 2.8918, [0, 1, 3, 4, 9, 10, 12, 13, 27, 28, 30, 34, 36, 37, 49, 66, 75, 77, 78, 80, 87, 91, 92]]
[186, 2.89092, [0, 1, 3, 4, 9, 10, 12, 13, 27, 28, 30, 34, 36, 37, 49, 66, 75, 79, 80, 82, 87, 90, 91]]
[186, 2.89169, [0, 1, 3, 4, 9, 10, 12, 13, 27, 28, 30, 34, 36, 37, 49, 66, 76, 77, 79, 80, 87, 90, 91]]
[186, 2.8913, [0, 1, 3, 4, 9, 10, 12, 13, 27, 28, 30, 34, 36, 37, 49, 66, 76, 77, 80, 81, 87, 90, 91]]
[186, 2.89115, [0, 1, 3, 4, 9, 10, 12, 13, 27, 28, 30, 34, 36, 37, 49, 66, 76, 77, 80, 81, 87, 90, 92]]
[186, 2.89099, [0, 1, 3, 4, 9, 10, 12, 13, 27, 28, 30, 34, 36, 37, 49, 66, 76, 77, 80, 81, 87, 91, 92]]
[186, 2.89058, [0, 1, 3, 4, 9, 10, 12, 13, 27, 28, 30, 34, 36, 37, 49, 66, 77, 78, 80, 81, 87, 91, 92]]
[186, 2.89076, [0, 1, 3, 4, 9, 10, 12, 13, 27, 28, 30, 34, 37, 39, 49, 63, 72, 79, 80, 82, 83, 90, 91]]
[186, 2.89039, [0, 1, 3, 4, 9, 10, 12, 13, 27, 28, 30, 34, 37, 39, 49, 63, 72, 79, 80, 83, 84, 90, 91]]
[186, 2.89602, [0, 1, 3, 4, 9, 10, 12, 13, 27, 28, 30, 35, 39, 49, 62, 64, 73, 76, 80, 81, 83, 91, 92, 168]]
[186, 2.89175, [0, 1, 3, 4, 9, 10, 12, 13, 27, 28, 31, 33, 36, 37, 48, 67, 75, 76, 80, 81, 88, 89, 91]]
[186, 2.89159, [0, 1, 3, 4, 9, 10, 12, 13, 27, 28, 31, 33, 36, 37, 48, 67, 75, 76, 80, 81, 88, 90, 91]]
[186, 2.89197, [0, 1, 3, 4, 9, 10, 12, 13, 27, 28, 31, 33, 36, 37, 48, 67, 75, 77, 78, 80, 88, 90, 91]]
[186, 2.8921, [0, 1, 3, 4, 9, 10, 12, 13, 27, 28, 31, 33, 36, 37, 48, 67, 75, 77, 78, 82, 85, 90, 91]]
[186, 2.89159, [0, 1, 3, 4, 9, 10, 12, 13, 27, 28, 31, 33, 36, 37, 48, 67, 75, 77, 78, 82, 88, 90, 91]]
[186, 2.89154, [0, 1, 3, 4, 9, 10, 12, 13, 27, 28, 31, 33, 36, 37, 48, 67, 75, 77, 80, 81, 88, 89, 91]]
[186, 2.89138, [0, 1, 3, 4, 9, 10, 12, 13, 27, 28, 31, 33, 36, 37, 48, 67, 75, 77, 80, 81, 88, 90, 91]]
[186, 2.89119, [0, 1, 3, 4, 9, 10, 12, 13, 27, 28, 31, 33, 36, 37, 48, 67, 75, 77, 80, 82, 88, 90, 91]]
[186, 2.891, [0, 1, 3, 4, 9, 10, 12, 13, 27, 28, 31, 33, 36, 37, 48, 67, 75, 77, 81, 82, 88, 90, 91]]
[186, 2.89132, [0, 1, 3, 4, 9, 10, 12, 13, 27, 28, 31, 33, 36, 37, 48, 67, 76, 77, 80, 81, 88, 89, 91]]
[186, 2.89116, [0, 1, 3, 4, 9, 10, 12, 13, 27, 28, 31, 33, 36, 37, 48, 67, 76, 77, 80, 81, 88, 90, 91]]
[186, 2.89074, [0, 1, 3, 4, 9, 10, 12, 13, 27, 28, 31, 33, 36, 37, 48, 67, 77, 78, 80, 81, 88, 90, 91]]
[186, 2.89036, [0, 1, 3, 4, 9, 10, 12, 13, 27, 28, 31, 33, 36, 37, 48, 67, 77, 78, 81, 82, 88, 90, 91]]
[186, 2.89193, [0, 1, 3, 4, 9, 10, 12, 13, 27, 28, 31, 33, 36, 40, 48, 64, 73, 74, 78, 81, 85, 90, 91]]
[186, 2.89247, [0, 1, 3, 4, 9, 10, 12, 13, 27, 28, 31, 36, 37, 39, 57, 67, 80, 81, 84, 89, 90, 92, 136, 154]]
[186, 2.89823, [0, 1, 3, 4, 9, 10, 12, 13, 27, 28, 33, 35, 36, 40, 48, 49, 64, 73, 74, 78, 81, 90, 91]]
[186, 2.90704, [0, 1, 3, 4, 9, 10, 12, 13, 27, 28, 33, 35, 36, 40, 48, 64, 73, 74, 78, 81, 85, 90, 91, 163]]
[186, 2.89571, [0, 1, 3, 4, 9, 10, 12, 13, 27, 28, 33, 35, 36, 40, 64, 73, 74, 78, 81, 85, 87, 90, 91, 163]]
[186, 2.89354, [0, 1, 3, 4, 9, 10, 12, 13, 27, 29, 30, 32, 36, 38, 39, 70, 79, 80, 82, 83, 89, 91, 92]]
[186, 2.89242, [0, 1, 3, 4, 9, 10, 12, 13, 27, 29, 30, 32, 36, 38, 39, 70, 80, 82, 83, 85, 89, 91, 92]]
[186, 2.89192, [0, 1, 3, 4, 9, 10, 12, 13, 27, 29, 30, 32, 36, 38, 39, 70, 80, 82, 83, 88, 89, 91, 92]]
[186, 2.8912, [0, 1, 3, 4, 9, 10, 12, 13, 27, 29, 30, 32, 36, 65, 66, 73, 74, 77, 78, 84, 86, 87, 92, 149]]
[186, 2.8911, [0, 1, 3, 4, 9, 10, 12, 13, 27, 29, 30, 32, 38, 62, 65, 69, 70, 81, 82, 84, 85, 90, 91, 146]]
[186, 2.89058, [0, 1, 3, 4, 9, 10, 12, 13, 27, 29, 30, 32, 38, 62, 65, 69, 70, 81, 82, 85, 87, 90, 91, 146]]
[186, 2.91959, [0, 1, 3, 4, 9, 10, 12, 13, 27, 29, 30, 34, 35, 37, 52, 63, 72, 76, 78, 79, 85, 87, 88, 90]]
[186, 2.89322, [0, 1, 3, 4, 9, 10, 12, 13, 27, 29, 30, 34, 35, 37, 52, 63, 72, 76, 78, 79, 85, 87, 90]]
[186, 2.89306, [0, 1, 3, 4, 9, 10, 12, 13, 27, 29, 30, 34, 35, 37, 52, 63, 72, 76, 78, 79, 85, 88, 90]]
[186, 2.89271, [0, 1, 3, 4, 9, 10, 12, 13, 27, 29, 30, 34, 35, 37, 52, 63, 72, 76, 78, 79, 87, 88, 90]]
[186, 2.89264, [0, 1, 3, 4, 9, 10, 12, 13, 27, 29, 30, 34, 35, 37, 52, 63, 72, 76, 78, 82, 85, 87, 90]]
[186, 2.89159, [0, 1, 3, 4, 9, 10, 12, 13, 27, 29, 30, 34, 35, 37, 52, 63, 72, 76, 78, 85, 87, 88, 90]]
[186, 2.8924, [0, 1, 3, 4, 9, 10, 12, 13, 27, 29, 30, 34, 35, 37, 52, 63, 72, 76, 79, 84, 85, 87, 88]]
[186, 2.89191, [0, 1, 3, 4, 9, 10, 12, 13, 27, 29, 30, 34, 35, 37, 52, 63, 72, 76, 79, 84, 85, 88, 90]]
[186, 2.89139, [0, 1, 3, 4, 9, 10, 12, 13, 27, 29, 30, 34, 35, 37, 52, 63, 72, 76, 79, 85, 87, 88, 90]]
[186, 2.89151, [0, 1, 3, 4, 9, 10, 12, 13, 27, 29, 30, 34, 35, 37, 52, 63, 72, 78, 79, 82, 87, 88, 90]]
[186, 2.89097, [0, 1, 3, 4, 9, 10, 12, 13, 27, 29, 30, 34, 35, 37, 52, 63, 72, 78, 79, 85, 87, 88, 90]]
[186, 2.90492, [0, 1, 3, 4, 9, 10, 12, 13, 27, 29, 30, 34, 35, 37, 52, 63, 72, 78, 82, 87, 88, 90, 133, 148]]
[186, 2.91767, [0, 1, 3, 4, 9, 10, 12, 13, 27, 29, 30, 34, 35, 37, 52, 63, 76, 78, 79, 81, 85, 87, 88, 90]]
[186, 2.89131, [0, 1, 3, 4, 9, 10, 12, 13, 27, 29, 30, 34, 35, 37, 52, 63, 76, 78, 79, 81, 85, 87, 90]]
[186, 2.89114, [0, 1, 3, 4, 9, 10, 12, 13, 27, 29, 30, 34, 35, 37, 52, 63, 76, 78, 79, 81, 85, 88, 90]]
[186, 2.8908, [0, 1, 3, 4, 9, 10, 12, 13, 27, 29, 30, 34, 35, 37, 52, 63, 76, 78, 79, 81, 87, 88, 90]]
[186, 2.89108, [0, 1, 3, 4, 9, 10, 12, 13, 27, 29, 30, 34, 35, 37, 52, 63, 76, 78, 79, 84, 85, 87, 88]]
[186, 2.89073, [0, 1, 3, 4, 9, 10, 12, 13, 27, 29, 30, 34, 35, 37, 52, 63, 76, 78, 81, 82, 85, 87, 90]]
[186, 2.89245, [0, 1, 3, 4, 9, 10, 12, 13, 27, 29, 30, 34, 35, 37, 72, 75, 79, 80, 84, 87, 91, 92, 136, 142]]
[186, 2.89821, [0, 1, 3, 4, 9, 10, 12, 13, 27, 29, 30, 34, 35, 52, 63, 72, 73, 78, 79, 82, 87, 89, 90, 118]]
[186, 2.89805, [0, 1, 3, 4, 9, 10, 12, 13, 27, 29, 30, 34, 40, 52, 62, 63, 66, 73, 78, 81, 82, 87, 88, 169]]
[186, 2.89046, [0, 1, 3, 4, 9, 10, 12, 13, 27, 29, 30, 35, 36, 38, 39, 52, 80, 81, 83, 84, 89, 90, 146]]
[186, 2.89681, [0, 1, 3, 4, 9, 10, 12, 13, 28, 30, 31, 35, 36, 38, 54, 65, 74, 81, 84, 86, 89, 90, 119, 146]]
[186, 2.89101, [0, 1, 3, 4, 9, 10, 12, 13, 28, 30, 31, 35, 36, 38, 54, 65, 74, 81, 86, 89, 90, 119, 133, 146]]
[186, 2.89606, [0, 1, 3, 4, 9, 10, 12, 13, 28, 30, 31, 35, 36, 54, 64, 65, 75, 79, 81, 82, 84, 88, 90, 91]]
[186, 2.89045, [0, 1, 3, 4, 9, 10, 12, 13, 28, 30, 31, 35, 36, 54, 64, 65, 75, 79, 81, 82, 84, 88, 91, 144]]
[186, 2.89071, [0, 1, 3, 4, 9, 10, 12, 13, 28, 30, 34, 35, 39, 49, 54, 62, 72, 76, 79, 81, 87, 91, 92, 168]]
[186, 2.89185, [0, 1, 3, 4, 9, 10, 12, 22, 27, 28, 30, 31, 36, 37, 39, 67, 76, 80, 81, 83, 88, 89, 91, 92]]

Search completed in 0 hours, 33 minutes, and 20.084 seconds.  Enter a string to quit.