Enter an integer k for which our Kempner sets are k-free: 3
Enter a positive integer modulus b: 211
Enter estimation parameters, or * for pre-computed parameters ([0.07, 1.0588, 1.3651]): *
Enter a threshold (e.g. 4.2) to determine printed output: 2.925
Enter a root for the search space (e.g. [0, 1, 2]) [or * for the root [0]]: *
Enter an upper bound for the size of allowable digit sets [or * to ignore]: 34
Enter a maximal number of deviations from a greedy search [or * to ignore]: *
Searching for k-free sets mod b...

[211, 2.93663, [0, 1, 3, 4, 9, 10, 12, 13, 27, 28, 30, 31, 36, 37, 39, 40, 81, 82, 84, 90, 91, 94, 95, 102, 103, 105]]
[211, 2.93578, [0, 1, 3, 4, 9, 10, 12, 13, 27, 28, 30, 31, 36, 37, 39, 40, 81, 82, 84, 90, 94, 95, 97, 102, 103, 105]]
[211, 2.93604, [0, 1, 3, 4, 9, 10, 12, 13, 27, 28, 30, 31, 36, 37, 39, 40, 81, 82, 84, 91, 92, 96, 97, 99, 104, 105]]
[211, 2.93494, [0, 1, 3, 4, 9, 10, 12, 13, 27, 28, 30, 31, 36, 37, 39, 40, 81, 82, 84, 92, 95, 96, 99, 101, 104, 105]]
[211, 2.93629, [0, 1, 3, 4, 9, 10, 12, 13, 27, 28, 30, 31, 36, 37, 39, 40, 81, 82, 85, 86, 92, 94, 100, 101, 104, 105]]
[211, 2.93755, [0, 1, 3, 4, 9, 10, 12, 13, 27, 28, 30, 31, 36, 37, 39, 40, 81, 82, 85, 87, 90, 91, 94, 102, 104, 105]]
[211, 2.93675, [0, 1, 3, 4, 9, 10, 12, 13, 27, 28, 30, 31, 36, 37, 39, 40, 81, 82, 85, 87, 91, 96, 98, 99, 103, 104]]
[211, 2.93704, [0, 1, 3, 4, 9, 10, 12, 13, 27, 28, 30, 31, 36, 37, 39, 40, 81, 82, 86, 87, 89, 94, 98, 100, 103, 104]]
[211, 2.93692, [0, 1, 3, 4, 9, 10, 12, 13, 27, 28, 30, 31, 36, 37, 39, 40, 81, 82, 86, 87, 89, 94, 98, 100, 103, 105]]
[211, 2.9368, [0, 1, 3, 4, 9, 10, 12, 13, 27, 28, 30, 31, 36, 37, 39, 40, 81, 82, 86, 87, 89, 94, 98, 100, 104, 105]]
[211, 2.93563, [0, 1, 3, 4, 9, 10, 12, 13, 27, 28, 30, 31, 36, 37, 39, 40, 81, 82, 86, 88, 92, 97, 99, 100, 104, 105]]
[211, 2.93632, [0, 1, 3, 4, 9, 10, 12, 13, 27, 28, 30, 31, 36, 37, 39, 40, 81, 82, 87, 89, 90, 94, 95, 102, 104, 105]]
[211, 2.93577, [0, 1, 3, 4, 9, 10, 12, 13, 27, 28, 30, 31, 36, 37, 39, 40, 81, 82, 87, 89, 90, 94, 100, 102, 103, 105]]
[211, 2.9367, [0, 1, 3, 4, 9, 10, 12, 13, 27, 28, 30, 31, 36, 37, 39, 40, 81, 83, 84, 86, 90, 95, 98, 102, 103, 105]]
[211, 2.93665, [0, 1, 3, 4, 9, 10, 12, 13, 27, 28, 30, 31, 36, 37, 39, 40, 81, 83, 84, 86, 92, 96, 97, 99, 104, 105]]
[211, 2.93583, [0, 1, 3, 4, 9, 10, 12, 13, 27, 28, 30, 31, 36, 37, 39, 40, 81, 83, 84, 86, 95, 96, 98, 102, 103, 105]]
[211, 2.93569, [0, 1, 3, 4, 9, 10, 12, 13, 27, 28, 30, 31, 36, 37, 39, 40, 81, 83, 84, 86, 95, 97, 98, 102, 103, 105]]
[211, 2.93775, [0, 1, 3, 4, 9, 10, 12, 13, 27, 28, 30, 31, 36, 37, 39, 40, 81, 83, 84, 88, 89, 91, 96, 100, 102, 105]]
[211, 2.93685, [0, 1, 3, 4, 9, 10, 12, 13, 27, 28, 30, 31, 36, 37, 39, 40, 81, 83, 84, 88, 89, 91, 100, 102, 103, 105]]
[211, 2.93701, [0, 1, 3, 4, 9, 10, 12, 13, 27, 28, 30, 31, 36, 37, 39, 40, 81, 83, 84, 88, 89, 96, 98, 99, 101, 105]]
[211, 2.93664, [0, 1, 3, 4, 9, 10, 12, 13, 27, 28, 30, 31, 36, 37, 39, 40, 81, 83, 84, 88, 89, 96, 98, 101, 102, 105]]
[211, 2.93669, [0, 1, 3, 4, 9, 10, 12, 13, 27, 28, 30, 31, 36, 37, 39, 40, 81, 83, 84, 88, 90, 91, 100, 102, 103, 105]]
[211, 2.93659, [0, 1, 3, 4, 9, 10, 12, 13, 27, 28, 30, 31, 36, 37, 39, 40, 81, 83, 84, 88, 91, 96, 97, 100, 102, 105]]
[211, 2.93582, [0, 1, 3, 4, 9, 10, 12, 13, 27, 28, 30, 31, 36, 37, 39, 40, 81, 83, 84, 88, 91, 96, 100, 102, 103, 105]]
[211, 2.93664, [0, 1, 3, 4, 9, 10, 12, 13, 27, 28, 30, 31, 36, 37, 39, 40, 81, 83, 84, 89, 91, 92, 96, 102, 104, 105]]
[211, 2.93575, [0, 1, 3, 4, 9, 10, 12, 13, 27, 28, 30, 31, 36, 37, 39, 40, 81, 83, 84, 91, 92, 95, 96, 102, 104, 105]]
[211, 2.93545, [0, 1, 3, 4, 9, 10, 12, 13, 27, 28, 30, 31, 36, 37, 39, 40, 81, 83, 86, 88, 92, 97, 99, 100, 104, 105]]
[211, 2.93575, [0, 1, 3, 4, 9, 10, 12, 13, 27, 28, 30, 31, 36, 37, 39, 40, 81, 84, 85, 88, 90, 97, 98, 102, 103, 105]]
[211, 2.93569, [0, 1, 3, 4, 9, 10, 12, 13, 27, 28, 30, 31, 36, 37, 39, 40, 81, 84, 86, 89, 90, 95, 98, 102, 103, 105]]
[211, 2.93453, [0, 1, 3, 4, 9, 10, 12, 13, 27, 28, 30, 31, 36, 37, 39, 40, 81, 84, 86, 90, 95, 97, 98, 102, 103, 105]]
[211, 2.93524, [0, 1, 3, 4, 9, 10, 12, 13, 27, 28, 30, 31, 36, 37, 39, 40, 81, 85, 87, 88, 90, 97, 98, 102, 103, 105]]
[211, 2.92825, [0, 1, 3, 4, 9, 10, 12, 13, 27, 28, 30, 31, 36, 37, 39, 40, 81, 85, 88, 92, 94, 101, 102, 104, 105, 155]]
[211, 2.93527, [0, 1, 3, 4, 9, 10, 12, 13, 27, 28, 30, 31, 36, 37, 39, 40, 82, 83, 86, 88, 92, 97, 99, 100, 104, 105]]
[211, 2.93555, [0, 1, 3, 4, 9, 10, 12, 13, 27, 28, 30, 31, 36, 37, 39, 40, 82, 83, 87, 88, 90, 95, 99, 101, 104, 105]]
[211, 2.92872, [0, 1, 3, 4, 9, 10, 12, 13, 27, 28, 30, 31, 36, 37, 39, 40, 82, 84, 90, 92, 95, 99, 101, 104, 105, 146]]
[211, 2.92869, [0, 1, 3, 4, 9, 10, 12, 13, 27, 28, 30, 31, 36, 37, 39, 40, 82, 84, 90, 94, 95, 97, 102, 103, 105, 146]]
[211, 2.92869, [0, 1, 3, 4, 9, 10, 12, 13, 27, 28, 30, 31, 36, 37, 39, 40, 82, 84, 91, 92, 96, 97, 99, 104, 105, 150]]
[211, 2.92784, [0, 1, 3, 4, 9, 10, 12, 13, 27, 28, 30, 31, 36, 37, 39, 40, 82, 84, 92, 95, 96, 99, 101, 104, 105, 146]]
[211, 2.92686, [0, 1, 3, 4, 9, 10, 12, 13, 27, 28, 30, 31, 36, 37, 39, 40, 82, 90, 92, 95, 96, 99, 101, 104, 105, 146]]
[211, 2.92744, [0, 1, 3, 4, 9, 10, 12, 13, 27, 28, 30, 31, 36, 37, 39, 40, 84, 86, 90, 95, 97, 98, 102, 103, 105, 146]]
[211, 2.92778, [0, 1, 3, 4, 9, 10, 12, 13, 27, 28, 30, 31, 36, 37, 39, 67, 79, 81, 82, 87, 89, 90, 94, 100, 102, 105]]
[211, 2.92676, [0, 1, 3, 4, 9, 10, 12, 13, 27, 28, 30, 31, 36, 37, 39, 67, 80, 81, 84, 85, 91, 94, 96, 99, 100, 105]]
[211, 2.92607, [0, 1, 3, 4, 9, 10, 12, 13, 27, 28, 30, 31, 36, 37, 39, 67, 81, 83, 84, 88, 89, 91, 96, 100, 102, 105]]
[211, 2.93379, [0, 1, 3, 4, 9, 10, 12, 13, 27, 28, 30, 31, 36, 37, 39, 80, 81, 83, 87, 95, 97, 98, 102, 104, 105, 141, 145]]
[211, 2.92976, [0, 1, 3, 4, 9, 10, 12, 13, 27, 28, 30, 31, 36, 37, 39, 80, 82, 83, 85, 93, 95, 98, 99, 102, 141, 145, 179]]
[211, 2.9295, [0, 1, 3, 4, 9, 10, 12, 13, 27, 28, 30, 31, 36, 37, 39, 80, 82, 83, 85, 93, 95, 99, 100, 102, 141, 145, 179]]
[211, 2.92922, [0, 1, 3, 4, 9, 10, 12, 13, 27, 28, 30, 31, 36, 37, 39, 80, 82, 83, 85, 93, 97, 99, 100, 102, 141, 145, 179]]
[211, 2.9336, [0, 1, 3, 4, 9, 10, 12, 13, 27, 28, 30, 31, 36, 37, 39, 80, 82, 83, 87, 95, 97, 98, 102, 104, 105, 141, 145]]
[211, 2.92747, [0, 1, 3, 4, 9, 10, 12, 13, 27, 28, 30, 31, 36, 37, 39, 80, 82, 83, 87, 95, 97, 98, 102, 104, 141, 145, 197]]
[211, 2.92634, [0, 1, 3, 4, 9, 10, 12, 13, 27, 28, 30, 31, 36, 38, 39, 70, 79, 80, 84, 86, 87, 91, 97, 99, 100, 105]]
[211, 2.92618, [0, 1, 3, 4, 9, 10, 12, 13, 27, 28, 30, 31, 36, 38, 39, 70, 79, 81, 82, 86, 87, 89, 98, 100, 103, 105]]
[211, 2.93299, [0, 1, 3, 4, 9, 10, 12, 13, 27, 28, 30, 31, 36, 38, 39, 80, 81, 83, 87, 95, 97, 98, 102, 104, 105, 141, 145]]
[211, 2.9328, [0, 1, 3, 4, 9, 10, 12, 13, 27, 28, 30, 31, 36, 38, 39, 80, 82, 83, 87, 95, 97, 98, 102, 104, 105, 141, 145]]
[211, 2.92626, [0, 1, 3, 4, 9, 10, 12, 13, 27, 28, 30, 31, 36, 39, 40, 64, 73, 81, 85, 87, 90, 91, 94, 102, 104, 105]]
[211, 2.93569, [0, 1, 3, 4, 9, 10, 12, 13, 27, 28, 30, 34, 35, 63, 71, 73, 74, 78, 80, 81, 90, 94, 95, 101, 103, 104, 165, 169]]
[211, 2.93545, [0, 1, 3, 4, 9, 10, 12, 13, 27, 28, 30, 34, 35, 63, 71, 73, 74, 78, 80, 81, 90, 94, 95, 101, 104, 105, 165, 169]]
[211, 2.93117, [0, 1, 3, 4, 9, 10, 12, 13, 27, 28, 30, 34, 36, 37, 39, 49, 76, 79, 80, 83, 91, 93, 100, 101, 104, 105]]
[211, 2.9302, [0, 1, 3, 4, 9, 10, 12, 13, 27, 28, 30, 34, 36, 37, 39, 49, 76, 79, 80, 83, 93, 96, 101, 102, 104, 105]]
[211, 2.93048, [0, 1, 3, 4, 9, 10, 12, 13, 27, 28, 30, 34, 36, 37, 39, 49, 76, 79, 80, 87, 91, 93, 100, 101, 104, 105]]
[211, 2.93044, [0, 1, 3, 4, 9, 10, 12, 13, 27, 28, 30, 34, 36, 37, 39, 49, 76, 79, 83, 84, 91, 93, 100, 101, 104, 105]]
[211, 2.92975, [0, 1, 3, 4, 9, 10, 12, 13, 27, 28, 30, 34, 36, 37, 39, 49, 76, 79, 84, 87, 91, 93, 100, 101, 104, 105]]
[211, 2.92963, [0, 1, 3, 4, 9, 10, 12, 13, 27, 28, 30, 34, 36, 37, 39, 49, 79, 80, 83, 84, 91, 93, 100, 101, 104, 105]]
[211, 2.92895, [0, 1, 3, 4, 9, 10, 12, 13, 27, 28, 30, 34, 36, 37, 39, 49, 79, 80, 84, 87, 91, 93, 100, 101, 104, 105]]
[211, 2.92923, [0, 1, 3, 4, 9, 10, 12, 13, 27, 28, 31, 33, 36, 37, 40, 48, 78, 81, 82, 85, 90, 94, 100, 101, 104, 105]]
[211, 2.92614, [0, 1, 3, 4, 9, 10, 12, 13, 27, 29, 30, 34, 35, 37, 72, 76, 78, 79, 81, 85, 93, 95, 96, 100, 102, 103, 164]]

Search completed in 17 hours, 44 minutes, and 19.051 seconds.  Enter a string to quit.