Enter an integer k for which our Kempner sets are k-free: 3
Enter a positive integer modulus b: 161
Enter estimation parameters, or * for pre-computed parameters ([0.0761, 1.0628, 1.3928]): *
Enter a threshold (e.g. 4.2) to determine printed output: 2.86
Enter a root for the search space (e.g. [0, 1, 2]) [or * for the root [0]]: *
Enter an upper bound for the size of allowable digit sets [or * to ignore]: 29
Enter a maximal number of deviations from a greedy search [or * to ignore]: *
Searching for k-free sets mod b...

[161, 2.86513, [0, 1, 3, 4, 9, 10, 12, 13, 27, 28, 30, 31, 37, 63, 68, 69, 72, 77, 79, 80, 103]]
[161, 2.8688, [0, 1, 3, 4, 9, 10, 12, 13, 27, 28, 30, 34, 36, 49, 73, 75, 76, 113, 115, 121, 126, 128]]
[161, 2.87019, [0, 1, 3, 4, 9, 10, 12, 13, 27, 28, 30, 34, 39, 49, 62, 63, 72, 73, 79, 80, 103]]
[161, 2.86272, [0, 1, 3, 4, 9, 10, 12, 13, 27, 28, 30, 34, 39, 62, 63, 70, 72, 73, 79, 80, 103]]
[161, 2.86251, [0, 1, 3, 4, 9, 10, 12, 13, 27, 28, 30, 34, 49, 61, 63, 66, 72, 74, 75, 79, 80]]
[161, 2.86415, [0, 1, 3, 4, 9, 10, 12, 13, 27, 28, 30, 36, 49, 58, 61, 65, 66, 75, 76, 78, 79]]
[161, 2.8608, [0, 1, 3, 4, 9, 10, 12, 13, 27, 28, 31, 32, 39, 48, 67, 70, 71, 79, 80, 104, 123]]
[161, 2.86253, [0, 1, 3, 4, 9, 10, 12, 13, 27, 28, 31, 32, 39, 48, 67, 71, 104, 117, 123, 126, 127, 143]]
[161, 2.86306, [0, 1, 3, 4, 9, 10, 12, 13, 27, 28, 31, 32, 48, 57, 67, 70, 71, 74, 76, 79, 80]]
[161, 2.86139, [0, 1, 3, 4, 9, 10, 12, 13, 27, 28, 31, 33, 37, 60, 68, 69, 72, 77, 79, 80, 114]]
[161, 2.87838, [0, 1, 3, 4, 9, 10, 12, 13, 27, 28, 32, 33, 35, 48, 49, 59, 72, 73, 75, 76, 127]]
[161, 2.88399, [0, 1, 3, 4, 9, 10, 12, 13, 27, 28, 32, 33, 35, 48, 49, 59, 72, 73, 75, 79, 80]]
[161, 2.87774, [0, 1, 3, 4, 9, 10, 12, 13, 27, 28, 32, 33, 35, 48, 49, 59, 72, 73, 75, 79, 127]]
[161, 2.87146, [0, 1, 3, 4, 9, 10, 12, 13, 27, 28, 32, 33, 35, 48, 49, 59, 72, 73, 75, 125, 127]]
[161, 2.87772, [0, 1, 3, 4, 9, 10, 12, 13, 27, 28, 32, 33, 35, 48, 49, 59, 72, 73, 76, 78, 127]]
[161, 2.88376, [0, 1, 3, 4, 9, 10, 12, 13, 27, 28, 32, 33, 35, 48, 49, 59, 72, 73, 77, 78, 80]]
[161, 2.88355, [0, 1, 3, 4, 9, 10, 12, 13, 27, 28, 32, 33, 35, 48, 49, 59, 72, 73, 77, 79, 80]]
[161, 2.87708, [0, 1, 3, 4, 9, 10, 12, 13, 27, 28, 32, 33, 35, 48, 49, 59, 72, 73, 78, 79, 127]]
[161, 2.8708, [0, 1, 3, 4, 9, 10, 12, 13, 27, 28, 32, 33, 35, 48, 49, 59, 72, 73, 78, 125, 127]]
[161, 2.88376, [0, 1, 3, 4, 9, 10, 12, 13, 27, 28, 32, 33, 35, 48, 49, 59, 72, 74, 75, 79, 80]]
[161, 2.8775, [0, 1, 3, 4, 9, 10, 12, 13, 27, 28, 32, 33, 35, 48, 49, 59, 72, 74, 75, 79, 127]]
[161, 2.87122, [0, 1, 3, 4, 9, 10, 12, 13, 27, 28, 32, 33, 35, 48, 49, 59, 72, 74, 75, 125, 127]]
[161, 2.87685, [0, 1, 3, 4, 9, 10, 12, 13, 27, 28, 32, 33, 35, 48, 49, 59, 72, 74, 78, 79, 127]]
[161, 2.87057, [0, 1, 3, 4, 9, 10, 12, 13, 27, 28, 32, 33, 35, 48, 49, 59, 72, 74, 78, 125, 127]]
[161, 2.87705, [0, 1, 3, 4, 9, 10, 12, 13, 27, 28, 32, 33, 35, 48, 49, 59, 72, 75, 76, 79, 127]]
[161, 2.87639, [0, 1, 3, 4, 9, 10, 12, 13, 27, 28, 32, 33, 35, 48, 49, 59, 72, 76, 78, 79, 127]]
[161, 2.87661, [0, 1, 3, 4, 9, 10, 12, 13, 27, 28, 32, 33, 35, 48, 49, 59, 73, 74, 78, 79, 127]]
[161, 2.87033, [0, 1, 3, 4, 9, 10, 12, 13, 27, 28, 32, 33, 35, 48, 49, 59, 73, 74, 78, 125, 127]]
[161, 2.87702, [0, 1, 3, 4, 9, 10, 12, 13, 27, 28, 32, 33, 35, 48, 49, 59, 73, 75, 76, 78, 127]]
[161, 2.87638, [0, 1, 3, 4, 9, 10, 12, 13, 27, 28, 32, 33, 35, 48, 49, 59, 73, 75, 78, 79, 127]]
[161, 2.8701, [0, 1, 3, 4, 9, 10, 12, 13, 27, 28, 32, 33, 35, 48, 49, 59, 73, 75, 78, 125, 127]]
[161, 2.87614, [0, 1, 3, 4, 9, 10, 12, 13, 27, 28, 32, 33, 35, 48, 49, 59, 74, 75, 78, 79, 127]]
[161, 2.86986, [0, 1, 3, 4, 9, 10, 12, 13, 27, 28, 32, 33, 35, 48, 49, 59, 74, 75, 78, 125, 127]]
[161, 2.87569, [0, 1, 3, 4, 9, 10, 12, 13, 27, 28, 32, 33, 35, 48, 49, 59, 75, 76, 78, 79, 127]]
[161, 2.8678, [0, 1, 3, 4, 9, 10, 12, 13, 27, 28, 32, 33, 35, 48, 49, 59, 75, 76, 78, 127, 145]]
[161, 2.86625, [0, 1, 3, 4, 9, 10, 12, 13, 27, 28, 32, 33, 35, 48, 49, 73, 75, 76, 78, 116, 127]]
[161, 2.86561, [0, 1, 3, 4, 9, 10, 12, 13, 27, 28, 32, 33, 35, 48, 49, 73, 75, 78, 79, 116, 127]]
[161, 2.86492, [0, 1, 3, 4, 9, 10, 12, 13, 27, 28, 32, 33, 35, 48, 49, 75, 76, 78, 79, 116, 127]]
[161, 2.8635, [0, 1, 3, 4, 9, 10, 12, 13, 27, 28, 32, 33, 35, 48, 59, 71, 72, 74, 75, 125, 127]]
[161, 2.86912, [0, 1, 3, 4, 9, 10, 12, 13, 27, 28, 32, 33, 35, 48, 59, 71, 72, 74, 78, 79, 127]]
[161, 2.86284, [0, 1, 3, 4, 9, 10, 12, 13, 27, 28, 32, 33, 35, 48, 59, 71, 72, 74, 78, 125, 127]]
[161, 2.86867, [0, 1, 3, 4, 9, 10, 12, 13, 27, 28, 32, 33, 35, 48, 59, 71, 72, 76, 78, 79, 127]]
[161, 2.86888, [0, 1, 3, 4, 9, 10, 12, 13, 27, 28, 32, 33, 35, 48, 59, 71, 73, 74, 78, 79, 127]]
[161, 2.8626, [0, 1, 3, 4, 9, 10, 12, 13, 27, 28, 32, 33, 35, 48, 59, 71, 73, 74, 78, 125, 127]]
[161, 2.86214, [0, 1, 3, 4, 9, 10, 12, 13, 27, 28, 32, 33, 35, 48, 59, 71, 74, 75, 78, 125, 127]]
[161, 2.86081, [0, 1, 3, 4, 9, 10, 12, 13, 27, 28, 32, 33, 35, 48, 59, 72, 73, 76, 78, 127, 138]]
[161, 2.87654, [0, 1, 3, 4, 9, 10, 12, 13, 27, 28, 32, 33, 35, 49, 59, 68, 72, 73, 75, 79, 80]]
[161, 2.87066, [0, 1, 3, 4, 9, 10, 12, 13, 27, 28, 32, 33, 48, 49, 58, 59, 72, 73, 75, 79, 80]]
[161, 2.87043, [0, 1, 3, 4, 9, 10, 12, 13, 27, 28, 32, 33, 48, 49, 58, 59, 72, 73, 77, 78, 80]]
[161, 2.87022, [0, 1, 3, 4, 9, 10, 12, 13, 27, 28, 32, 33, 48, 49, 58, 59, 72, 73, 77, 79, 80]]
[161, 2.87043, [0, 1, 3, 4, 9, 10, 12, 13, 27, 28, 32, 33, 48, 49, 58, 59, 72, 74, 75, 79, 80]]
[161, 2.86154, [0, 1, 3, 4, 9, 10, 12, 13, 27, 28, 32, 33, 48, 49, 59, 67, 72, 73, 76, 78, 127]]
[161, 2.86066, [0, 1, 3, 4, 9, 10, 12, 13, 27, 28, 32, 33, 48, 49, 59, 67, 72, 74, 78, 79, 127]]
[161, 2.86512, [0, 1, 3, 4, 9, 10, 12, 13, 27, 28, 32, 33, 48, 58, 59, 67, 71, 72, 74, 78, 79]]
[161, 2.86492, [0, 1, 3, 4, 9, 10, 12, 13, 27, 28, 32, 33, 48, 58, 59, 67, 71, 72, 74, 78, 80]]
[161, 2.86471, [0, 1, 3, 4, 9, 10, 12, 13, 27, 28, 32, 33, 48, 58, 59, 67, 71, 72, 74, 79, 80]]
[161, 2.86468, [0, 1, 3, 4, 9, 10, 12, 13, 27, 28, 32, 33, 48, 58, 59, 67, 71, 73, 74, 78, 80]]
[161, 2.86401, [0, 1, 3, 4, 9, 10, 12, 13, 27, 28, 32, 33, 48, 58, 59, 67, 71, 73, 77, 78, 80]]
[161, 2.86321, [0, 1, 3, 4, 9, 10, 12, 13, 27, 28, 32, 33, 49, 58, 59, 68, 72, 73, 75, 79, 80]]
[161, 2.86275, [0, 1, 3, 4, 9, 10, 12, 13, 27, 28, 32, 34, 35, 39, 48, 49, 72, 73, 79, 80]]
[161, 2.86709, [0, 1, 3, 4, 9, 10, 12, 13, 27, 28, 32, 35, 48, 49, 59, 62, 72, 73, 77, 78, 80]]
[161, 2.86688, [0, 1, 3, 4, 9, 10, 12, 13, 27, 28, 32, 35, 48, 49, 59, 62, 72, 73, 77, 79, 80]]
[161, 2.86042, [0, 1, 3, 4, 9, 10, 12, 13, 27, 28, 32, 35, 48, 49, 59, 62, 72, 73, 78, 79, 127]]
[161, 2.86617, [0, 1, 3, 4, 9, 10, 12, 13, 27, 28, 32, 35, 48, 49, 59, 65, 72, 73, 77, 78, 80]]
[161, 2.86516, [0, 1, 3, 4, 9, 10, 12, 13, 27, 28, 32, 35, 48, 49, 62, 65, 72, 73, 77, 78, 80]]
[161, 2.86139, [0, 1, 3, 4, 9, 10, 12, 13, 27, 28, 33, 34, 36, 37, 48, 49, 75, 76, 78, 79]]
[161, 2.86099, [0, 1, 3, 4, 9, 10, 12, 13, 27, 28, 33, 34, 36, 37, 48, 49, 75, 76, 79, 80]]
[161, 2.86098, [0, 1, 3, 4, 9, 10, 12, 13, 27, 28, 33, 34, 36, 37, 48, 49, 75, 77, 78, 80]]
[161, 2.86055, [0, 1, 3, 4, 9, 10, 12, 13, 27, 28, 33, 34, 36, 37, 48, 49, 76, 77, 79, 80]]
[161, 2.86274, [0, 1, 3, 4, 9, 10, 12, 13, 27, 28, 33, 35, 36, 40, 48, 49, 64, 73, 74, 78]]
[161, 2.86251, [0, 1, 3, 4, 9, 10, 12, 13, 27, 28, 33, 35, 36, 40, 48, 49, 64, 73, 75, 78]]
[161, 2.86228, [0, 1, 3, 4, 9, 10, 12, 13, 27, 28, 33, 35, 36, 40, 48, 49, 64, 74, 75, 78]]
[161, 2.86704, [0, 1, 3, 4, 9, 10, 12, 13, 27, 29, 30, 32, 38, 43, 65, 68, 70, 78, 79, 105, 112]]
[161, 2.86498, [0, 1, 3, 4, 9, 10, 12, 13, 27, 29, 30, 32, 43, 65, 67, 70, 71, 80, 106, 123, 143, 146]]
[161, 2.86177, [0, 1, 3, 4, 9, 10, 12, 13, 27, 29, 30, 37, 39, 43, 63, 67, 72, 79, 80, 103, 111]]
[161, 2.86526, [0, 1, 3, 4, 9, 10, 12, 13, 27, 29, 32, 33, 43, 47, 69, 70, 79, 80, 119, 123, 141, 143]]
[161, 2.8654, [0, 1, 3, 4, 9, 10, 12, 13, 27, 29, 33, 47, 52, 59, 64, 68, 70, 73, 79, 80, 98, 141]]
[161, 2.86273, [0, 1, 3, 4, 9, 10, 12, 13, 27, 29, 34, 40, 47, 52, 61, 62, 66, 69, 73, 74, 78]]
[161, 2.86678, [0, 1, 3, 4, 9, 10, 12, 13, 27, 29, 35, 39, 47, 52, 56, 62, 64, 79, 80, 137, 141, 143]]
[161, 2.868, [0, 1, 3, 4, 9, 10, 12, 13, 27, 29, 35, 39, 47, 52, 56, 63, 64, 71, 80, 137, 143, 145]]
[161, 2.86416, [0, 1, 3, 4, 9, 10, 12, 13, 27, 29, 35, 39, 47, 56, 62, 63, 71, 72, 76, 127, 137, 145]]
[161, 2.86276, [0, 1, 3, 4, 9, 10, 12, 13, 27, 29, 35, 39, 52, 56, 59, 63, 64, 71, 80, 137, 143, 145]]
[161, 2.86302, [0, 1, 3, 4, 9, 10, 12, 13, 27, 29, 37, 39, 43, 56, 60, 63, 67, 79, 80, 137, 141, 143]]
[161, 2.86025, [0, 1, 3, 4, 9, 10, 12, 13, 27, 29, 39, 47, 60, 61, 63, 64, 71, 76, 131, 135, 137, 145, 147]]
[161, 2.86292, [0, 1, 3, 4, 9, 10, 12, 13, 27, 30, 32, 36, 38, 39, 43, 70, 79, 80, 95, 114, 132]]
[161, 2.86913, [0, 1, 3, 4, 9, 10, 12, 13, 27, 31, 32, 34, 38, 40, 47, 57, 69, 78, 95, 108, 119]]
[161, 2.86361, [0, 1, 3, 4, 9, 10, 12, 13, 27, 31, 32, 34, 38, 43, 46, 47, 57, 69, 70, 78]]
[161, 2.87801, [0, 1, 3, 4, 9, 10, 12, 13, 27, 31, 32, 34, 38, 46, 47, 57, 69, 70, 77, 78, 95]]
[161, 2.86077, [0, 1, 3, 4, 9, 10, 12, 13, 27, 31, 32, 34, 38, 47, 57, 69, 70, 78, 79, 95, 119]]
[161, 2.86831, [0, 1, 3, 4, 9, 10, 12, 13, 27, 31, 32, 34, 46, 47, 57, 66, 70, 71, 73, 77, 78]]
[161, 2.86332, [0, 1, 3, 4, 9, 10, 12, 13, 27, 31, 32, 34, 46, 47, 57, 69, 70, 73, 75, 78, 95]]
[161, 2.86242, [0, 1, 3, 4, 9, 10, 12, 13, 27, 31, 32, 34, 46, 47, 57, 69, 70, 75, 77, 78, 95]]
[161, 2.86026, [0, 1, 3, 4, 9, 10, 12, 13, 27, 31, 32, 34, 47, 57, 69, 70, 78, 79, 95, 119, 123, 141]]
[161, 2.86906, [0, 1, 3, 4, 9, 10, 12, 13, 27, 31, 32, 36, 38, 43, 47, 57, 70, 79, 80, 95, 119]]
[161, 2.87595, [0, 1, 3, 4, 9, 10, 12, 13, 27, 31, 32, 36, 43, 47, 48, 56, 66, 70, 75, 78, 79]]
[161, 2.86838, [0, 1, 3, 4, 9, 10, 12, 13, 27, 31, 32, 36, 43, 47, 48, 56, 66, 75, 78, 79, 117]]
[161, 2.86861, [0, 1, 3, 4, 9, 10, 12, 13, 27, 31, 32, 36, 43, 47, 57, 70, 79, 80, 95, 119, 123, 141]]
[161, 2.86776, [0, 1, 3, 4, 9, 10, 12, 13, 27, 31, 32, 36, 47, 48, 56, 57, 70, 73, 74, 77, 79]]
[161, 2.86139, [0, 1, 3, 4, 9, 10, 12, 13, 27, 31, 32, 36, 47, 48, 56, 57, 70, 73, 74, 77, 126]]
[161, 2.86093, [0, 1, 3, 4, 9, 10, 12, 13, 27, 31, 32, 36, 47, 48, 56, 57, 70, 74, 75, 77, 126]]
[161, 2.86438, [0, 1, 3, 4, 9, 10, 12, 13, 27, 31, 32, 36, 47, 48, 56, 66, 70, 73, 75, 78, 79]]
[161, 2.8616, [0, 1, 3, 4, 9, 10, 12, 13, 27, 31, 32, 38, 47, 48, 57, 68, 70, 71, 77, 78, 80]]
[161, 2.86265, [0, 1, 3, 4, 9, 10, 12, 13, 27, 31, 32, 40, 46, 47, 56, 57, 69, 73, 75, 78, 95]]
[161, 2.8703, [0, 1, 3, 4, 9, 10, 12, 13, 27, 31, 33, 34, 36, 43, 47, 48, 70, 79, 80, 123, 141]]
[161, 2.86337, [0, 1, 3, 4, 9, 10, 12, 13, 27, 31, 33, 43, 47, 48, 60, 64, 70, 71, 79, 135, 143, 147]]
[161, 2.87238, [0, 1, 3, 4, 9, 10, 12, 13, 27, 31, 37, 39, 48, 55, 56, 60, 63, 67, 76, 80, 141, 145]]
[161, 2.8654, [0, 1, 3, 4, 9, 10, 12, 13, 27, 31, 37, 39, 48, 55, 56, 60, 63, 67, 76, 135, 141, 145]]
[161, 2.86075, [0, 1, 3, 4, 9, 10, 12, 13, 27, 33, 36, 43, 47, 48, 52, 55, 64, 70, 75, 78, 79]]
[161, 2.87073, [0, 1, 3, 4, 9, 10, 12, 13, 27, 35, 39, 46, 48, 56, 59, 63, 71, 76, 97, 101, 127, 145, 147]]
[161, 2.86203, [0, 1, 3, 4, 9, 10, 12, 13, 28, 29, 31, 32, 38, 42, 65, 69, 70, 78, 79, 105, 142]]
[161, 2.86055, [0, 1, 3, 4, 9, 10, 12, 13, 28, 29, 31, 32, 38, 42, 65, 70, 77, 79, 94, 105, 107]]
[161, 2.8646, [0, 1, 3, 4, 9, 10, 12, 13, 28, 29, 31, 35, 37, 51, 63, 68, 72, 77, 78, 80, 94]]
[161, 2.86439, [0, 1, 3, 4, 9, 10, 12, 13, 28, 29, 31, 35, 37, 51, 63, 68, 72, 77, 79, 80, 94]]
[161, 2.86346, [0, 1, 3, 4, 9, 10, 12, 13, 28, 29, 31, 35, 37, 51, 63, 68, 76, 77, 79, 80, 94]]
[161, 2.86109, [0, 1, 3, 4, 9, 10, 12, 13, 28, 29, 31, 37, 51, 60, 63, 67, 68, 77, 79, 137, 143, 147]]
[161, 2.86798, [0, 1, 3, 4, 9, 10, 12, 13, 28, 29, 32, 37, 50, 59, 66, 67, 69, 76, 77, 80, 136, 146]]
[161, 2.86755, [0, 1, 3, 4, 9, 10, 12, 13, 28, 29, 33, 34, 36, 50, 51, 70, 76, 77, 79, 80, 94]]
[161, 2.86603, [0, 1, 3, 4, 9, 10, 12, 13, 28, 29, 33, 35, 39, 51, 59, 64, 71, 76, 131, 137, 145, 147]]
[161, 2.86371, [0, 1, 3, 4, 9, 10, 12, 13, 28, 29, 33, 39, 41, 51, 59, 60, 64, 71, 76, 80, 94]]
[161, 2.87308, [0, 1, 3, 4, 9, 10, 12, 13, 28, 29, 33, 39, 41, 51, 59, 60, 64, 71, 76, 137, 145, 147]]
[161, 2.86117, [0, 1, 3, 4, 9, 10, 12, 13, 28, 29, 33, 39, 41, 51, 59, 64, 71, 76, 131, 137, 145, 147]]
[161, 2.88173, [0, 1, 3, 4, 9, 10, 12, 13, 28, 29, 33, 39, 41, 51, 60, 64, 67, 71, 76, 80, 104, 145]]
[161, 2.87056, [0, 1, 3, 4, 9, 10, 12, 13, 28, 29, 33, 39, 41, 51, 60, 64, 67, 71, 76, 137, 145, 147]]
[161, 2.87329, [0, 1, 3, 4, 9, 10, 12, 13, 28, 29, 33, 39, 41, 51, 60, 64, 67, 71, 80, 104, 143, 145]]
[161, 2.86732, [0, 1, 3, 4, 9, 10, 12, 13, 28, 29, 33, 39, 41, 59, 60, 64, 67, 71, 76, 137, 145, 147]]
[161, 2.87078, [0, 1, 3, 4, 9, 10, 12, 13, 28, 29, 34, 36, 37, 41, 50, 51, 76, 77, 80, 94, 114]]
[161, 2.86097, [0, 1, 3, 4, 9, 10, 12, 13, 28, 31, 33, 36, 37, 48, 51, 67, 75, 76, 78, 79, 129]]
[161, 2.86259, [0, 1, 3, 4, 9, 10, 12, 13, 28, 32, 33, 35, 45, 48, 49, 59, 71, 72, 74, 75, 125]]
[161, 2.87102, [0, 1, 3, 4, 9, 10, 12, 13, 28, 32, 33, 35, 49, 50, 59, 71, 73, 74, 78, 79, 127, 140]]
[161, 2.8647, [0, 1, 3, 4, 9, 10, 12, 13, 28, 32, 33, 35, 49, 50, 59, 71, 73, 74, 78, 125, 127, 140]]
[161, 2.86707, [0, 1, 3, 4, 9, 10, 12, 13, 28, 33, 34, 36, 37, 48, 50, 51, 76, 77, 79, 80, 94]]
[161, 2.8825, [0, 1, 3, 4, 9, 10, 12, 13, 28, 33, 34, 36, 48, 50, 51, 61, 70, 73, 77, 78, 80, 138]]
[161, 2.86932, [0, 1, 3, 4, 9, 10, 12, 13, 29, 31, 32, 34, 42, 43, 47, 66, 69, 70, 78, 79, 105]]
[161, 2.86242, [0, 1, 3, 4, 9, 10, 12, 13, 29, 35, 37, 38, 42, 43, 52, 56, 59, 68, 78, 79, 96]]
[161, 2.86222, [0, 1, 3, 4, 9, 10, 12, 13, 30, 32, 38, 42, 43, 49, 53, 58, 62, 65, 69, 70, 79]]
[161, 2.87887, [0, 1, 3, 4, 9, 10, 12, 22, 26, 27, 31, 37, 38, 46, 56, 60, 63, 68, 69, 77, 79, 97]]
[161, 2.86168, [0, 1, 3, 4, 9, 10, 12, 22, 26, 27, 31, 38, 47, 55, 57, 65, 69, 71, 74, 78, 80, 97]]
[161, 2.86281, [0, 1, 3, 4, 9, 10, 12, 22, 26, 28, 29, 37, 50, 60, 61, 66, 67, 69, 75, 76, 79, 80]]
[161, 2.86149, [0, 1, 3, 4, 9, 11, 12, 16, 25, 27, 33, 44, 52, 56, 58, 59, 69, 70, 73, 75, 78, 148]]

Search completed in 0 hours, 52 minutes, and 13.923 seconds.  Enter a string to quit.