Enter an integer k for which our Kempner sets are k-free: 3
Enter a positive integer modulus b: 115
Enter estimation parameters, or * for pre-computed parameters ([0.0834, 1.0689, 1.4139]): *
Enter a threshold (e.g. 4.2) to determine printed output: 2.85
Enter a root for the search space (e.g. [0, 1, 2]) [or * for the root [0]]: *
Enter an upper bound for the size of allowable digit sets [or * to ignore]: *
Enter a maximal number of deviations from a greedy search [or * to ignore]: *
Searching for k-free sets mod b...

[115, 2.86274, [0, 1, 3, 4, 9, 10, 12, 13, 27, 28, 30, 31, 36, 37, 39, 40]]
[115, 2.85374, [0, 1, 3, 4, 9, 10, 12, 13, 27, 28, 30, 34, 36, 37, 39, 49]]
[115, 2.85881, [0, 1, 3, 4, 9, 10, 12, 13, 27, 28, 31, 32, 38, 39, 57, 98, 99]]
[115, 2.85329, [0, 1, 3, 4, 9, 10, 12, 13, 27, 28, 31, 33, 36, 37, 40, 48]]
[115, 2.87503, [0, 1, 3, 4, 9, 10, 12, 13, 27, 29, 35, 36, 39, 40, 47, 52, 56]]
[115, 2.85595, [0, 1, 3, 4, 9, 10, 12, 13, 27, 29, 37, 39, 43, 56, 89, 91, 95, 97]]
[115, 2.85501, [0, 1, 3, 4, 9, 10, 12, 13, 27, 29, 37, 39, 43, 56, 89, 91, 97, 101]]
[115, 2.85396, [0, 1, 3, 4, 9, 10, 12, 13, 27, 29, 37, 39, 43, 56, 91, 95, 97, 101]]
[115, 2.85081, [0, 1, 3, 4, 9, 10, 12, 13, 27, 30, 31, 34, 36, 39, 40, 43]]
[115, 2.88306, [0, 1, 3, 4, 9, 10, 12, 13, 27, 31, 32, 34, 38, 40, 43, 47, 57]]
[115, 2.86783, [0, 1, 3, 4, 9, 10, 12, 13, 27, 31, 32, 34, 38, 40, 43, 57, 100]]
[115, 2.85045, [0, 1, 3, 4, 9, 10, 12, 13, 27, 31, 32, 34, 38, 40, 57, 98, 100]]
[115, 2.87902, [0, 1, 3, 4, 9, 10, 12, 13, 27, 31, 32, 34, 38, 43, 46, 47, 57]]
[115, 2.86379, [0, 1, 3, 4, 9, 10, 12, 13, 27, 31, 32, 34, 38, 43, 46, 57, 100]]
[115, 2.89289, [0, 1, 3, 4, 9, 10, 12, 13, 27, 31, 32, 34, 38, 46, 48, 57, 98, 100]]
[115, 2.86076, [0, 1, 3, 4, 9, 10, 12, 13, 27, 31, 32, 34, 38, 46, 48, 57, 100]]
[115, 2.85063, [0, 1, 3, 4, 9, 10, 12, 13, 27, 31, 32, 34, 38, 46, 48, 98, 100]]
[115, 2.86161, [0, 1, 3, 4, 9, 10, 12, 13, 27, 31, 32, 34, 40, 43, 47, 57, 100]]
[115, 2.85757, [0, 1, 3, 4, 9, 10, 12, 13, 27, 31, 32, 34, 43, 46, 47, 57, 100]]
[115, 2.85701, [0, 1, 3, 4, 9, 10, 12, 13, 27, 31, 32, 34, 43, 46, 48, 57, 100]]
[115, 2.85643, [0, 1, 3, 4, 9, 10, 12, 13, 27, 31, 32, 34, 43, 47, 48, 57, 100]]
[115, 2.87751, [0, 1, 3, 4, 9, 10, 12, 13, 27, 31, 32, 36, 38, 39, 43, 56, 57]]
[115, 2.86434, [0, 1, 3, 4, 9, 10, 12, 13, 27, 31, 32, 36, 38, 39, 48, 56, 98]]
[115, 2.86012, [0, 1, 3, 4, 9, 10, 12, 13, 27, 31, 32, 36, 38, 39, 56, 57, 98]]
[115, 2.87706, [0, 1, 3, 4, 9, 10, 12, 13, 27, 31, 32, 36, 38, 43, 46, 47, 57]]
[115, 2.86183, [0, 1, 3, 4, 9, 10, 12, 13, 27, 31, 32, 36, 38, 43, 46, 57, 100]]
[115, 2.858, [0, 1, 3, 4, 9, 10, 12, 13, 27, 31, 32, 36, 38, 43, 56, 57, 93]]
[115, 2.85967, [0, 1, 3, 4, 9, 10, 12, 13, 27, 31, 32, 36, 38, 46, 47, 57, 98]]
[115, 2.89091, [0, 1, 3, 4, 9, 10, 12, 13, 27, 31, 32, 36, 38, 46, 48, 57, 98, 100]]
[115, 2.8588, [0, 1, 3, 4, 9, 10, 12, 13, 27, 31, 32, 36, 38, 46, 48, 57, 100]]
[115, 2.85853, [0, 1, 3, 4, 9, 10, 12, 13, 27, 31, 32, 36, 38, 47, 48, 57, 98]]
[115, 2.85416, [0, 1, 3, 4, 9, 10, 12, 13, 27, 31, 32, 36, 38, 48, 56, 57, 98]]
[115, 2.85561, [0, 1, 3, 4, 9, 10, 12, 13, 27, 31, 32, 36, 43, 46, 47, 57, 100]]
[115, 2.85505, [0, 1, 3, 4, 9, 10, 12, 13, 27, 31, 32, 36, 43, 46, 48, 57, 100]]
[115, 2.86532, [0, 1, 3, 4, 9, 10, 12, 13, 27, 31, 32, 36, 43, 47, 48, 56, 57]]
[115, 2.85447, [0, 1, 3, 4, 9, 10, 12, 13, 27, 31, 32, 36, 43, 47, 48, 57, 100]]
[115, 2.85629, [0, 1, 3, 4, 9, 10, 12, 13, 27, 31, 32, 38, 40, 46, 47, 57, 98]]
[115, 2.85192, [0, 1, 3, 4, 9, 10, 12, 13, 27, 31, 32, 38, 40, 46, 56, 57, 98]]
[115, 2.85399, [0, 1, 3, 4, 9, 10, 12, 13, 27, 31, 32, 38, 43, 46, 47, 57, 99]]
[115, 2.86346, [0, 1, 3, 4, 9, 10, 12, 13, 27, 31, 33, 37, 38, 40, 48, 55, 89]]
[115, 2.90405, [0, 1, 3, 4, 9, 10, 12, 13, 27, 31, 34, 36, 40, 43, 47, 48, 57, 100]]
[115, 2.86168, [0, 1, 3, 4, 9, 10, 12, 13, 27, 31, 34, 36, 40, 43, 47, 48, 100]]
[115, 2.85746, [0, 1, 3, 4, 9, 10, 12, 13, 27, 31, 34, 36, 40, 43, 47, 57, 100]]
[115, 2.8569, [0, 1, 3, 4, 9, 10, 12, 13, 27, 31, 34, 36, 40, 43, 48, 57, 100]]
[115, 2.85443, [0, 1, 3, 4, 9, 10, 12, 13, 27, 31, 34, 36, 40, 47, 48, 57, 100]]
[115, 2.85342, [0, 1, 3, 4, 9, 10, 12, 13, 27, 31, 34, 36, 43, 46, 47, 57, 100]]
[115, 2.85286, [0, 1, 3, 4, 9, 10, 12, 13, 27, 31, 34, 36, 43, 46, 48, 57, 100]]
[115, 2.85228, [0, 1, 3, 4, 9, 10, 12, 13, 27, 31, 34, 36, 43, 47, 48, 57, 100]]
[115, 2.85126, [0, 1, 3, 4, 9, 10, 12, 13, 27, 31, 36, 38, 39, 43, 56, 57, 93]]
[115, 2.8673, [0, 1, 3, 4, 9, 10, 12, 13, 27, 33, 35, 36, 38, 46, 47, 52, 55]]
[115, 2.86674, [0, 1, 3, 4, 9, 10, 12, 13, 27, 33, 35, 36, 38, 46, 48, 52, 55]]
[115, 2.86616, [0, 1, 3, 4, 9, 10, 12, 13, 27, 33, 35, 36, 38, 47, 48, 52, 55]]
[115, 2.86664, [0, 1, 3, 4, 9, 10, 12, 13, 27, 33, 35, 36, 40, 46, 48, 49, 55]]
[115, 2.85519, [0, 1, 3, 4, 9, 10, 12, 13, 27, 34, 35, 39, 40, 47, 48, 52, 72]]
[115, 2.86113, [0, 1, 3, 4, 9, 10, 12, 13, 27, 35, 36, 38, 39, 46, 48, 52, 55]]
[115, 2.86102, [0, 1, 3, 4, 9, 10, 12, 13, 27, 35, 36, 39, 40, 46, 48, 49, 55]]
[115, 2.85798, [0, 1, 3, 4, 9, 10, 12, 13, 27, 35, 36, 39, 40, 47, 49, 52, 56]]
[115, 2.85134, [0, 1, 3, 4, 9, 10, 12, 13, 27, 36, 37, 39, 40, 49, 52, 56, 57]]
[115, 2.85043, [0, 1, 3, 4, 9, 10, 12, 13, 27, 36, 38, 39, 43, 46, 52, 55, 57]]
[115, 2.8541, [0, 1, 3, 4, 9, 10, 12, 13, 28, 29, 31, 32, 37, 38, 40, 41]]
[115, 2.85098, [0, 1, 3, 4, 9, 10, 12, 13, 28, 29, 31, 32, 38, 39, 41, 42]]
[115, 2.85227, [0, 1, 3, 4, 9, 10, 12, 13, 28, 29, 31, 36, 38, 42, 51, 96, 100]]
[115, 2.85013, [0, 1, 3, 4, 9, 10, 12, 13, 28, 30, 31, 33, 37, 39, 40, 42]]
[115, 2.8522, [0, 1, 3, 4, 9, 10, 12, 13, 28, 30, 31, 35, 37, 45, 54, 83, 97]]
[115, 2.86364, [0, 1, 3, 4, 9, 10, 12, 13, 28, 30, 34, 35, 39, 45, 49, 54, 71]]
[115, 2.8599, [0, 1, 3, 4, 9, 10, 12, 13, 28, 30, 35, 38, 39, 45, 49, 54, 71]]
[115, 2.85422, [0, 1, 3, 4, 9, 10, 12, 13, 28, 32, 33, 35, 39, 41, 48, 71, 97]]
[115, 2.86413, [0, 1, 3, 4, 9, 10, 12, 13, 28, 32, 34, 35, 39, 45, 48, 49, 71]]
[115, 2.86665, [0, 1, 3, 4, 9, 10, 12, 13, 28, 32, 34, 37, 38, 45, 49, 50, 57]]
[115, 2.86216, [0, 1, 3, 4, 9, 10, 12, 13, 28, 32, 34, 38, 39, 41, 45, 57, 71]]
[115, 2.85719, [0, 1, 3, 4, 9, 10, 12, 13, 28, 32, 34, 38, 39, 45, 49, 57, 71]]
[115, 2.86971, [0, 1, 3, 4, 9, 10, 12, 13, 28, 33, 35, 36, 40, 41, 48, 50, 51]]
[115, 2.85302, [0, 1, 3, 4, 9, 10, 12, 13, 28, 33, 35, 36, 41, 45, 48, 50, 101]]
[115, 2.85248, [0, 1, 3, 4, 9, 10, 12, 13, 28, 33, 36, 37, 40, 45, 49, 51, 91]]
[115, 2.86472, [0, 1, 3, 4, 9, 10, 12, 13, 28, 34, 35, 37, 38, 45, 49, 50, 54]]
[115, 2.86422, [0, 1, 3, 4, 9, 10, 12, 13, 28, 34, 35, 37, 38, 45, 49, 51, 54]]
[115, 2.85398, [0, 1, 3, 4, 9, 10, 12, 13, 28, 34, 35, 37, 38, 45, 49, 51, 91]]
[115, 2.8637, [0, 1, 3, 4, 9, 10, 12, 13, 28, 34, 35, 37, 38, 45, 50, 51, 54]]
[115, 2.85526, [0, 1, 3, 4, 9, 10, 12, 13, 28, 34, 35, 38, 39, 45, 49, 54, 71]]
[115, 2.85196, [0, 1, 3, 4, 9, 10, 12, 13, 28, 34, 35, 38, 39, 49, 51, 54, 71]]
[115, 2.85099, [0, 1, 3, 4, 9, 10, 12, 13, 28, 34, 37, 38, 45, 49, 50, 54, 57]]
[115, 2.85205, [0, 1, 3, 4, 9, 10, 12, 13, 28, 36, 37, 40, 41, 48, 50, 51, 57]]
[115, 2.88468, [0, 1, 3, 4, 9, 10, 12, 13, 29, 30, 33, 35, 38, 39, 42, 44, 52]]
[115, 2.86483, [0, 1, 3, 4, 9, 10, 12, 13, 29, 30, 34, 35, 37, 42, 43, 53, 95]]
[115, 2.87294, [0, 1, 3, 4, 9, 10, 12, 13, 29, 30, 35, 37, 38, 42, 43, 52, 53]]
[115, 2.86523, [0, 1, 3, 4, 9, 10, 12, 13, 29, 31, 32, 34, 40, 43, 44, 47, 100]]
[115, 2.87124, [0, 1, 3, 4, 9, 10, 12, 13, 29, 31, 32, 36, 42, 47, 56, 95, 96, 98]]
[115, 2.85565, [0, 1, 3, 4, 9, 10, 12, 13, 29, 31, 34, 36, 42, 44, 47, 51, 96]]
[115, 2.8711, [0, 1, 3, 4, 9, 10, 12, 13, 29, 31, 35, 36, 38, 42, 44, 51, 56]]
[115, 2.85334, [0, 1, 3, 4, 9, 10, 12, 13, 29, 31, 35, 36, 38, 44, 51, 56, 96]]
[115, 2.85639, [0, 1, 3, 4, 9, 10, 12, 13, 29, 31, 35, 36, 40, 42, 47, 56, 89]]
[115, 2.86487, [0, 1, 3, 4, 9, 10, 12, 13, 29, 31, 35, 36, 42, 44, 47, 51, 56]]
[115, 2.85087, [0, 1, 3, 4, 9, 10, 12, 13, 29, 31, 35, 40, 42, 43, 47, 56, 89]]
[115, 2.85449, [0, 1, 3, 4, 9, 10, 12, 13, 29, 35, 36, 39, 40, 47, 50, 52, 56]]
[115, 2.85304, [0, 1, 3, 4, 9, 10, 12, 13, 29, 35, 36, 39, 40, 47, 52, 53, 56]]
[115, 2.85672, [0, 1, 3, 4, 9, 10, 12, 13, 29, 35, 37, 38, 42, 43, 50, 52, 53]]
[115, 2.85541, [0, 1, 3, 4, 9, 10, 12, 13, 29, 35, 37, 38, 42, 43, 50, 52, 56]]
[115, 2.85396, [0, 1, 3, 4, 9, 10, 12, 13, 29, 35, 37, 38, 42, 43, 52, 53, 56]]
[115, 2.85257, [0, 1, 3, 4, 9, 10, 12, 13, 29, 35, 38, 39, 42, 44, 51, 52, 56]]
[115, 2.85263, [0, 1, 3, 4, 9, 10, 12, 13, 29, 36, 37, 39, 40, 47, 50, 52, 56]]
[115, 2.85118, [0, 1, 3, 4, 9, 10, 12, 13, 29, 36, 37, 39, 40, 47, 52, 53, 56]]
[115, 2.8511, [0, 1, 3, 4, 9, 10, 12, 13, 29, 36, 37, 40, 41, 47, 50, 52, 56]]
[115, 2.85565, [0, 1, 3, 4, 9, 10, 12, 13, 30, 31, 34, 35, 41, 43, 46, 54, 97]]
[115, 2.86054, [0, 1, 3, 4, 9, 10, 12, 13, 30, 32, 33, 35, 41, 43, 44, 46, 99]]
[115, 2.8611, [0, 1, 3, 4, 9, 10, 12, 13, 30, 34, 35, 37, 41, 43, 46, 53, 54]]
[115, 2.85753, [0, 1, 3, 4, 9, 10, 12, 13, 30, 34, 35, 37, 41, 46, 49, 53, 54]]
[115, 2.85753, [0, 1, 3, 4, 9, 10, 12, 13, 30, 34, 36, 39, 40, 43, 49, 53, 54]]
[115, 2.856, [0, 1, 3, 4, 9, 10, 12, 13, 30, 34, 36, 40, 41, 43, 49, 53, 54]]
[115, 2.85304, [0, 1, 3, 4, 9, 10, 12, 13, 30, 35, 37, 38, 42, 43, 52, 53, 55]]
[115, 2.868, [0, 1, 3, 4, 9, 10, 12, 13, 31, 32, 34, 38, 40, 41, 43, 47, 57]]
[115, 2.85093, [0, 1, 3, 4, 9, 10, 12, 13, 31, 32, 34, 38, 40, 41, 47, 57, 96]]
[115, 2.86396, [0, 1, 3, 4, 9, 10, 12, 13, 31, 32, 34, 38, 41, 43, 46, 47, 57]]
[115, 2.85936, [0, 1, 3, 4, 9, 10, 12, 13, 31, 32, 34, 38, 46, 48, 57, 94, 98, 100]]
[115, 2.85162, [0, 1, 3, 4, 9, 10, 12, 13, 31, 32, 35, 37, 40, 41, 46, 56, 97]]
[115, 2.85903, [0, 1, 3, 4, 9, 10, 12, 13, 31, 32, 35, 37, 40, 44, 46, 47, 72]]
[115, 2.85738, [0, 1, 3, 4, 9, 10, 12, 13, 31, 32, 36, 38, 46, 48, 57, 94, 98, 100]]
[115, 2.8503, [0, 1, 3, 4, 9, 10, 12, 13, 31, 32, 36, 42, 47, 56, 57, 95, 96, 98]]
[115, 2.85887, [0, 1, 3, 4, 9, 10, 12, 13, 31, 32, 37, 38, 40, 41, 46, 56, 57]]
[115, 2.85369, [0, 1, 3, 4, 9, 10, 12, 13, 31, 32, 37, 38, 41, 46, 48, 56, 57]]
[115, 2.85094, [0, 1, 3, 4, 9, 10, 12, 13, 31, 33, 34, 36, 43, 44, 46, 51, 94]]
[115, 2.856, [0, 1, 3, 4, 9, 10, 12, 13, 31, 35, 36, 38, 42, 44, 47, 51, 54]]
[115, 2.85417, [0, 1, 3, 4, 9, 10, 12, 13, 31, 35, 36, 38, 42, 44, 47, 54, 55]]
[115, 2.85205, [0, 1, 3, 4, 9, 10, 12, 13, 31, 35, 36, 38, 42, 44, 51, 54, 55]]
[115, 2.85163, [0, 1, 3, 4, 9, 10, 12, 13, 31, 35, 36, 38, 42, 44, 51, 54, 56]]
[115, 2.8512, [0, 1, 3, 4, 9, 10, 12, 13, 31, 35, 36, 38, 42, 44, 51, 55, 56]]
[115, 2.85045, [0, 1, 3, 4, 9, 10, 12, 13, 31, 35, 36, 38, 44, 47, 48, 54, 55]]
[115, 2.85185, [0, 1, 3, 4, 9, 10, 12, 13, 31, 35, 37, 38, 42, 44, 48, 55, 56]]
[115, 2.85253, [0, 1, 3, 4, 9, 10, 12, 13, 31, 35, 37, 40, 41, 44, 46, 54, 56]]
[115, 2.85465, [0, 1, 3, 4, 9, 10, 12, 13, 32, 34, 37, 38, 41, 43, 46, 53, 57]]
[115, 2.8509, [0, 1, 3, 4, 9, 10, 12, 13, 32, 34, 37, 38, 45, 46, 48, 49, 57]]
[115, 2.85171, [0, 1, 3, 4, 9, 10, 12, 13, 32, 35, 36, 39, 41, 45, 48, 53, 56]]
[115, 2.853, [0, 1, 3, 4, 9, 10, 12, 13, 33, 34, 38, 39, 41, 46, 47, 50, 52]]
[115, 2.85996, [0, 1, 3, 4, 9, 10, 12, 13, 36, 37, 39, 45, 49, 50, 52, 56, 57, 93]]
[115, 2.85615, [0, 1, 3, 4, 9, 10, 13, 27, 31, 32, 34, 38, 46, 48, 56, 57, 70, 98, 100]]
[115, 2.86543, [0, 1, 3, 4, 9, 11, 12, 16, 25, 26, 35, 37, 42, 53, 56, 57, 85, 93]]
[115, 2.8567, [0, 1, 3, 4, 9, 11, 12, 16, 25, 26, 35, 37, 42, 53, 57, 85, 87, 93]]
[115, 2.85442, [0, 1, 3, 4, 9, 11, 12, 16, 25, 35, 36, 40, 43, 52, 53, 57, 73, 91]]
[115, 2.86238, [0, 1, 3, 4, 9, 11, 12, 16, 26, 30, 33, 35, 38, 39, 42, 47, 53]]
[115, 2.85817, [0, 1, 3, 4, 9, 11, 12, 16, 26, 30, 33, 35, 38, 42, 45, 47, 53]]
[115, 2.86759, [0, 1, 3, 4, 9, 11, 12, 16, 30, 34, 36, 37, 41, 43, 47, 54, 55, 88]]
[115, 2.85063, [0, 1, 3, 4, 9, 11, 12, 16, 30, 34, 36, 40, 41, 43, 53, 54, 88, 100]]
[115, 2.8736, [0, 1, 3, 4, 9, 11, 12, 16, 30, 35, 37, 38, 42, 43, 50, 52, 53, 55]]
[115, 2.85892, [0, 1, 3, 4, 9, 12, 13, 16, 30, 35, 37, 38, 42, 43, 50, 52, 53, 55]]
[115, 2.85551, [0, 1, 3, 4, 9, 12, 13, 19, 27, 30, 31, 39, 40, 44, 46, 55, 63, 72]]
[115, 2.85253, [0, 1, 3, 4, 10, 11, 13, 14, 29, 30, 32, 37, 39, 43, 52, 62, 97, 99]]
[115, 2.8515, [0, 1, 3, 4, 10, 11, 13, 14, 29, 31, 32, 34, 38, 40, 41, 43, 56]]
[115, 2.88025, [0, 1, 3, 4, 10, 11, 13, 14, 29, 31, 32, 34, 38, 41, 43, 46, 56, 93]]
[115, 2.87446, [0, 1, 3, 4, 10, 11, 13, 14, 29, 32, 34, 37, 38, 41, 43, 46, 56, 90]]
[115, 2.87086, [0, 1, 3, 4, 10, 11, 13, 14, 29, 32, 34, 37, 38, 41, 46, 49, 56, 90]]
[115, 2.85222, [0, 1, 3, 4, 10, 11, 13, 14, 29, 32, 34, 37, 38, 46, 49, 56, 90, 96]]
[115, 2.87027, [0, 1, 3, 4, 10, 11, 13, 14, 29, 32, 34, 38, 40, 41, 43, 49, 56, 90]]
[115, 2.86975, [0, 1, 3, 4, 10, 11, 13, 14, 29, 32, 34, 38, 40, 41, 43, 49, 56, 93]]
[115, 2.85676, [0, 1, 3, 4, 10, 11, 13, 14, 29, 32, 34, 40, 41, 43, 49, 56, 62, 93]]
[115, 2.89874, [0, 1, 3, 4, 10, 11, 13, 14, 29, 32, 37, 38, 40, 41, 46, 49, 56, 90, 93]]
[115, 2.86494, [0, 1, 3, 4, 10, 11, 13, 14, 29, 32, 37, 38, 40, 41, 46, 49, 56, 93]]
[115, 2.85565, [0, 1, 3, 4, 10, 11, 13, 14, 29, 32, 37, 38, 40, 41, 46, 49, 90, 93]]
[115, 2.85235, [0, 1, 3, 4, 10, 11, 13, 14, 29, 32, 37, 38, 40, 41, 46, 56, 90, 93]]
[115, 2.85065, [0, 1, 3, 4, 10, 11, 13, 14, 29, 32, 37, 38, 40, 41, 49, 56, 90, 93]]
[115, 2.85195, [0, 1, 3, 4, 10, 11, 13, 14, 29, 32, 37, 40, 41, 46, 49, 56, 62, 93]]
[115, 2.85583, [0, 1, 3, 4, 10, 11, 13, 14, 30, 32, 35, 37, 43, 45, 48, 52, 62, 97]]
[115, 2.87151, [0, 1, 3, 4, 10, 11, 13, 14, 30, 32, 37, 39, 43, 45, 52, 62, 88, 97, 99]]
[115, 2.85417, [0, 1, 3, 4, 10, 11, 14, 15, 23, 33, 37, 39, 40, 48, 49, 53, 54, 99]]
[115, 2.85131, [0, 1, 3, 4, 10, 11, 14, 15, 31, 34, 38, 39, 41, 46, 49, 50, 55, 56]]
[115, 2.86464, [0, 1, 3, 4, 10, 12, 13, 15, 28, 34, 35, 37, 38, 45, 47, 50, 51, 54]]
[115, 2.85667, [0, 1, 3, 4, 10, 12, 13, 15, 31, 32, 37, 38, 40, 41, 46, 53, 56, 57]]
[115, 2.85144, [0, 1, 3, 4, 10, 12, 13, 15, 31, 32, 37, 38, 41, 46, 48, 53, 56, 57]]

Search completed in 0 hours, 18 minutes, and 38.351 seconds.  Enter a string to quit.