Enter an integer k for which our Kempner sets are k-free: 3
Enter a positive integer modulus b: 143
Enter estimation parameters, or * for pre-computed parameters ([0.0768, 1.069, 1.3814]): *
Enter a threshold (e.g. 4.2) to determine printed output: 2.85
Enter a root for the search space (e.g. [0, 1, 2]) [or * for the root [0]]: *
Enter an upper bound for the size of allowable digit sets [or * to ignore]: *
Enter a maximal number of deviations from a greedy search [or * to ignore]: *
Searching for k-free sets mod b...

[143, 2.85238, [0, 1, 3, 4, 9, 10, 12, 13, 27, 29, 30, 43, 61, 63, 64, 68, 70, 71, 89, 94]]
[143, 2.87134, [0, 1, 3, 4, 9, 10, 12, 13, 27, 31, 32, 34, 38, 43, 46, 47, 57, 69, 70]]
[143, 2.85393, [0, 1, 3, 4, 9, 10, 12, 13, 27, 31, 32, 34, 38, 43, 47, 57, 69, 70, 121]]
[143, 2.85782, [0, 1, 3, 4, 9, 10, 12, 13, 27, 31, 32, 34, 43, 46, 47, 57, 66, 69, 70]]
[143, 2.87518, [0, 1, 3, 4, 9, 10, 12, 13, 27, 31, 33, 38, 46, 47, 55, 60, 68, 69, 71, 86]]
[143, 2.87492, [0, 1, 3, 4, 9, 10, 12, 13, 27, 31, 33, 38, 46, 47, 55, 60, 68, 70, 71, 86]]
[143, 2.86581, [0, 1, 3, 4, 9, 10, 12, 13, 27, 31, 33, 38, 46, 47, 55, 60, 69, 71, 86, 127]]
[143, 2.86385, [0, 1, 3, 4, 9, 10, 12, 13, 27, 31, 33, 43, 46, 48, 60, 67, 68, 70, 71, 104]]
[143, 2.86007, [0, 1, 3, 4, 9, 10, 12, 13, 27, 33, 36, 43, 47, 48, 52, 55, 64, 70, 89, 129]]
[143, 2.86645, [0, 1, 3, 4, 9, 10, 12, 13, 28, 29, 32, 38, 42, 50, 59, 65, 69, 70, 85, 124]]
[143, 2.86814, [0, 1, 3, 4, 9, 10, 12, 13, 28, 29, 36, 38, 42, 50, 51, 61, 65, 70, 85, 124]]
[143, 2.85799, [0, 1, 3, 4, 9, 10, 12, 13, 28, 29, 36, 38, 42, 50, 51, 61, 70, 85, 124, 126]]
[143, 2.8574, [0, 1, 3, 4, 9, 10, 12, 13, 28, 29, 36, 38, 42, 50, 61, 65, 70, 85, 89, 124]]
[143, 2.85507, [0, 1, 3, 4, 9, 10, 12, 13, 28, 29, 38, 42, 50, 51, 59, 61, 65, 70, 85, 124]]
[143, 2.85393, [0, 1, 3, 4, 9, 10, 12, 13, 28, 29, 38, 42, 50, 51, 59, 61, 69, 70, 85, 124]]
[143, 2.85265, [0, 1, 3, 4, 9, 10, 12, 13, 28, 29, 38, 42, 50, 51, 59, 65, 69, 70, 85, 124]]
[143, 2.85331, [0, 1, 3, 4, 9, 10, 12, 13, 28, 30, 31, 33, 41, 42, 45, 64, 67, 68, 129]]
[143, 2.85796, [0, 1, 3, 4, 9, 10, 12, 13, 28, 31, 32, 37, 41, 48, 57, 67, 85, 91, 99, 109]]
[143, 2.85055, [0, 1, 3, 4, 9, 10, 12, 13, 28, 33, 37, 42, 45, 49, 59, 60, 67, 68, 113, 129]]
[143, 2.86025, [0, 1, 3, 4, 9, 10, 12, 13, 29, 30, 32, 38, 41, 42, 62, 68, 85, 90, 96, 100]]
[143, 2.85315, [0, 1, 3, 4, 9, 10, 12, 13, 29, 30, 32, 38, 41, 42, 62, 85, 90, 96, 100, 106]]
[143, 2.85065, [0, 1, 3, 4, 9, 10, 12, 13, 29, 30, 32, 38, 42, 43, 53, 62, 65, 69, 70]]
[143, 2.87074, [0, 1, 3, 4, 9, 10, 12, 13, 29, 31, 32, 34, 42, 44, 47, 66, 69, 70, 110, 124]]
[143, 2.86173, [0, 1, 3, 4, 9, 10, 12, 13, 29, 31, 32, 34, 42, 44, 47, 66, 70, 110, 124, 126]]
[143, 2.85983, [0, 1, 3, 4, 9, 10, 12, 13, 29, 31, 32, 36, 42, 44, 47, 66, 70, 110, 124, 126]]
[143, 2.8577, [0, 1, 3, 4, 9, 10, 12, 13, 29, 31, 34, 36, 42, 44, 47, 66, 70, 110, 124, 126]]
[143, 2.85635, [0, 1, 3, 4, 9, 10, 12, 13, 29, 31, 35, 36, 38, 42, 44, 51, 56, 65, 124]]
[143, 2.85397, [0, 1, 3, 4, 9, 10, 12, 13, 29, 32, 34, 42, 44, 47, 53, 66, 69, 70, 118, 124]]
[143, 2.85907, [0, 1, 3, 4, 9, 10, 12, 13, 29, 36, 38, 41, 42, 50, 52, 56, 61, 65, 85, 124]]
[143, 2.85277, [0, 1, 3, 4, 9, 10, 12, 13, 30, 31, 33, 34, 39, 41, 42, 46, 85, 86, 100]]
[143, 2.85073, [0, 1, 3, 4, 9, 10, 12, 13, 30, 31, 33, 37, 39, 40, 42, 46, 85, 86, 100]]
[143, 2.85684, [0, 1, 3, 4, 9, 10, 12, 13, 30, 31, 33, 37, 42, 45, 55, 67, 69, 85, 117, 123]]
[143, 2.85176, [0, 1, 3, 4, 9, 10, 12, 13, 30, 31, 35, 37, 41, 46, 54, 68, 85, 86, 111, 125]]
[143, 2.85985, [0, 1, 3, 4, 9, 10, 12, 13, 30, 31, 35, 41, 43, 44, 46, 54, 63, 90, 127, 129]]
[143, 2.85834, [0, 1, 3, 4, 9, 10, 12, 13, 30, 31, 36, 39, 44, 46, 54, 55, 67, 70, 116, 129]]
[143, 2.85127, [0, 1, 3, 4, 9, 10, 12, 13, 30, 32, 35, 37, 41, 46, 53, 68, 85, 86, 109, 125]]
[143, 2.87153, [0, 1, 3, 4, 9, 10, 12, 13, 30, 32, 38, 42, 43, 49, 53, 58, 62, 65, 69, 70]]
[143, 2.86153, [0, 1, 3, 4, 9, 10, 12, 13, 30, 32, 38, 42, 43, 49, 58, 62, 65, 69, 70, 90]]
[143, 2.85473, [0, 1, 3, 4, 9, 10, 12, 13, 31, 32, 34, 42, 44, 47, 48, 66, 69, 70, 110, 124]]
[143, 2.85493, [0, 1, 3, 4, 9, 10, 12, 13, 31, 33, 37, 45, 47, 55, 60, 67, 69, 113, 115, 123, 127]]
[143, 2.8575, [0, 1, 3, 4, 9, 10, 12, 13, 31, 35, 36, 38, 42, 44, 51, 55, 56, 86, 122, 124]]
[143, 2.85207, [0, 1, 3, 4, 9, 10, 12, 13, 31, 37, 40, 42, 45, 51, 55, 56, 63, 69, 85, 91]]
[143, 2.87623, [0, 1, 3, 4, 9, 10, 12, 13, 31, 39, 42, 43, 46, 54, 56, 57, 63, 64, 67, 90, 129]]
[143, 2.85271, [0, 1, 3, 4, 9, 10, 12, 13, 35, 37, 40, 42, 46, 51, 53, 54, 59, 63, 85, 87]]
[143, 2.85346, [0, 1, 3, 4, 9, 10, 12, 22, 26, 27, 31, 37, 38, 55, 56, 60, 63, 68, 69, 97]]
[143, 2.85096, [0, 1, 3, 4, 9, 10, 13, 24, 29, 30, 32, 42, 43, 46, 53, 65, 66, 69, 70, 112, 124]]
[143, 2.85079, [0, 1, 3, 4, 9, 11, 12, 16, 25, 26, 33, 44, 53, 58, 59, 61, 67, 68, 70, 71]]
[143, 2.85208, [0, 1, 3, 4, 9, 11, 12, 16, 25, 26, 37, 42, 44, 54, 56, 57, 61, 67, 69, 116]]
[143, 2.85901, [0, 1, 3, 4, 9, 11, 12, 16, 25, 30, 36, 40, 43, 45, 52, 53, 58, 62, 67, 128]]
[143, 2.85556, [0, 1, 3, 4, 9, 11, 12, 16, 25, 30, 36, 40, 43, 52, 54, 62, 67, 114, 116, 117, 128]]

Search completed in 9 hours, 47 minutes, and 40.119 seconds.  Enter a string to quit.