Enter an integer k for which our Kempner sets are k-free: 3
Enter a positive integer modulus b: 187
Enter estimation parameters, or * for pre-computed parameters ([0.0722, 1.0609, 1.3722]): *
Enter a threshold (e.g. 4.2) to determine printed output: 2.9
Enter a root for the search space (e.g. [0, 1, 2]) [or * for the root [0]]: *
Enter an upper bound for the size of allowable digit sets [or * to ignore]: 30
Enter a maximal number of deviations from a greedy search [or * to ignore]: *
Searching for k-free sets mod b...

[187, 2.90616, [0, 1, 3, 4, 9, 10, 12, 13, 27, 28, 30, 31, 36, 37, 39, 40, 81, 82, 84, 85, 90, 91, 93]]
[187, 2.90601, [0, 1, 3, 4, 9, 10, 12, 13, 27, 28, 30, 31, 36, 37, 39, 40, 81, 82, 84, 85, 90, 92, 93]]
[187, 2.90565, [0, 1, 3, 4, 9, 10, 12, 13, 27, 28, 30, 31, 36, 37, 39, 40, 81, 82, 84, 88, 90, 91, 93]]
[187, 2.90534, [0, 1, 3, 4, 9, 10, 12, 13, 27, 28, 30, 31, 36, 37, 39, 40, 81, 82, 84, 89, 90, 92, 93]]
[187, 2.90565, [0, 1, 3, 4, 9, 10, 12, 13, 27, 28, 30, 31, 36, 37, 39, 40, 81, 83, 84, 86, 90, 92, 93]]
[187, 2.90515, [0, 1, 3, 4, 9, 10, 12, 13, 27, 28, 30, 31, 36, 37, 39, 40, 81, 83, 84, 89, 90, 92, 93]]
[187, 2.9233, [0, 1, 3, 4, 9, 10, 12, 13, 27, 28, 30, 31, 36, 37, 39, 67, 76, 80, 81, 83, 88, 89, 91, 92]]
[187, 2.91258, [0, 1, 3, 4, 9, 10, 12, 13, 27, 28, 30, 31, 36, 37, 66, 67, 75, 76, 80, 81, 88, 89, 91, 92]]
[187, 2.91246, [0, 1, 3, 4, 9, 10, 12, 13, 27, 28, 30, 31, 36, 37, 66, 67, 76, 77, 81, 82, 84, 89, 90, 93]]
[187, 2.91114, [0, 1, 3, 4, 9, 10, 12, 13, 27, 28, 30, 31, 36, 37, 66, 67, 76, 77, 81, 82, 89, 90, 92, 93]]
[187, 2.91097, [0, 1, 3, 4, 9, 10, 12, 13, 27, 28, 30, 31, 36, 37, 66, 67, 76, 80, 81, 83, 88, 89, 91, 92]]
[187, 2.90957, [0, 1, 3, 4, 9, 10, 12, 13, 27, 28, 30, 31, 36, 37, 66, 67, 77, 81, 82, 84, 89, 90, 92, 93]]
[187, 2.90988, [0, 1, 3, 4, 9, 10, 12, 13, 27, 28, 30, 31, 36, 37, 66, 67, 77, 81, 83, 84, 86, 90, 92, 93]]
[187, 2.90382, [0, 1, 3, 4, 9, 10, 12, 13, 27, 28, 30, 31, 36, 38, 39, 70, 81, 83, 84, 86, 90, 120, 146, 147]]
[187, 2.90092, [0, 1, 3, 4, 9, 10, 12, 13, 27, 28, 30, 31, 36, 38, 65, 70, 81, 82, 84, 85, 90, 91, 93, 147]]
[187, 2.90041, [0, 1, 3, 4, 9, 10, 12, 13, 27, 28, 30, 31, 36, 38, 65, 70, 81, 82, 84, 88, 90, 91, 93, 147]]
[187, 2.91273, [0, 1, 3, 4, 9, 10, 12, 13, 27, 28, 30, 31, 36, 40, 65, 66, 73, 74, 78, 84, 85, 87, 88, 93]]
[187, 2.9124, [0, 1, 3, 4, 9, 10, 12, 13, 27, 28, 30, 31, 36, 40, 65, 66, 73, 74, 78, 84, 86, 87, 89, 93]]
[187, 2.90166, [0, 1, 3, 4, 9, 10, 12, 13, 27, 28, 30, 31, 36, 64, 66, 67, 74, 75, 78, 79, 85, 87, 88, 93]]
[187, 2.91122, [0, 1, 3, 4, 9, 10, 12, 13, 27, 28, 30, 34, 35, 37, 49, 72, 75, 79, 80, 82, 87, 90, 91, 119]]
[187, 2.91076, [0, 1, 3, 4, 9, 10, 12, 13, 27, 28, 30, 34, 35, 37, 49, 72, 75, 79, 80, 82, 87, 91, 93, 119]]
[187, 2.91027, [0, 1, 3, 4, 9, 10, 12, 13, 27, 28, 30, 34, 35, 37, 49, 72, 75, 79, 80, 82, 90, 91, 93, 119]]
[187, 2.90866, [0, 1, 3, 4, 9, 10, 12, 13, 27, 28, 30, 34, 35, 37, 49, 72, 79, 80, 82, 83, 90, 91, 93, 119]]
[187, 2.90279, [0, 1, 3, 4, 9, 10, 12, 13, 27, 28, 30, 34, 35, 39, 49, 73, 79, 81, 82, 84, 90, 92, 93, 169]]
[187, 2.91481, [0, 1, 3, 4, 9, 10, 12, 13, 27, 28, 30, 34, 37, 39, 49, 63, 72, 79, 80, 82, 83, 90, 91, 93]]
[187, 2.91444, [0, 1, 3, 4, 9, 10, 12, 13, 27, 28, 30, 34, 37, 39, 49, 63, 72, 79, 80, 83, 84, 90, 91, 93]]
[187, 2.90409, [0, 1, 3, 4, 9, 10, 12, 13, 27, 28, 30, 34, 37, 49, 63, 66, 72, 75, 79, 80, 82, 90, 91, 93]]
[187, 2.90161, [0, 1, 3, 4, 9, 10, 12, 13, 27, 28, 32, 33, 35, 48, 59, 71, 72, 78, 79, 81, 82, 88, 89, 120]]
[187, 2.90209, [0, 1, 3, 4, 9, 10, 12, 13, 27, 28, 32, 33, 35, 49, 59, 68, 72, 74, 78, 79, 81, 92, 93, 122]]
[187, 2.91306, [0, 1, 3, 4, 9, 10, 12, 13, 27, 28, 32, 34, 38, 39, 57, 71, 81, 83, 84, 89, 90, 92, 120, 125, 147]]
[187, 2.90518, [0, 1, 3, 4, 9, 10, 12, 13, 27, 28, 32, 34, 38, 39, 57, 71, 81, 83, 89, 90, 92, 120, 125, 147, 164]]
[187, 2.90889, [0, 1, 3, 4, 9, 10, 12, 13, 27, 28, 32, 34, 38, 39, 57, 81, 83, 84, 89, 90, 92, 93, 125, 131, 133]]
[187, 2.90449, [0, 1, 3, 4, 9, 10, 12, 13, 27, 28, 32, 34, 38, 39, 57, 81, 83, 84, 89, 90, 92, 120, 125, 133, 147]]
[187, 2.90353, [0, 1, 3, 4, 9, 10, 12, 13, 27, 28, 32, 34, 38, 39, 57, 81, 83, 84, 89, 90, 92, 125, 131, 133, 147]]
[187, 2.90548, [0, 1, 3, 4, 9, 10, 12, 13, 27, 28, 33, 35, 36, 40, 48, 64, 73, 74, 78, 81, 85, 90, 91, 164]]
[187, 2.90133, [0, 1, 3, 4, 9, 10, 12, 13, 27, 29, 30, 32, 36, 38, 39, 70, 81, 83, 84, 86, 90, 120, 146, 147]]
[187, 2.91807, [0, 1, 3, 4, 9, 10, 12, 13, 27, 29, 30, 34, 35, 37, 52, 63, 72, 76, 78, 79, 85, 87, 88, 90]]
[187, 2.91645, [0, 1, 3, 4, 9, 10, 12, 13, 27, 29, 30, 34, 35, 37, 52, 63, 72, 76, 79, 84, 85, 87, 88, 93]]
[187, 2.91597, [0, 1, 3, 4, 9, 10, 12, 13, 27, 29, 30, 34, 35, 37, 52, 63, 72, 76, 79, 84, 85, 88, 90, 93]]
[187, 2.90857, [0, 1, 3, 4, 9, 10, 12, 13, 27, 29, 30, 34, 35, 37, 52, 63, 72, 76, 82, 83, 86, 87, 93, 167]]
[187, 2.91198, [0, 1, 3, 4, 9, 10, 12, 13, 27, 29, 30, 34, 35, 37, 52, 63, 72, 79, 80, 82, 83, 90, 93, 119]]
[187, 2.91161, [0, 1, 3, 4, 9, 10, 12, 13, 27, 29, 30, 34, 35, 37, 52, 63, 72, 79, 80, 83, 84, 90, 93, 119]]
[187, 2.91174, [0, 1, 3, 4, 9, 10, 12, 13, 27, 29, 30, 34, 35, 37, 52, 63, 72, 79, 80, 84, 85, 87, 93, 119]]
[187, 2.91615, [0, 1, 3, 4, 9, 10, 12, 13, 27, 29, 30, 34, 35, 37, 52, 63, 76, 78, 79, 81, 85, 87, 88, 90]]
[187, 2.91404, [0, 1, 3, 4, 9, 10, 12, 13, 27, 29, 30, 34, 35, 37, 52, 63, 76, 79, 81, 84, 85, 88, 90, 93]]
[187, 2.90792, [0, 1, 3, 4, 9, 10, 12, 13, 27, 29, 30, 34, 35, 37, 52, 63, 76, 79, 81, 84, 85, 90, 93, 147]]
[187, 2.90734, [0, 1, 3, 4, 9, 10, 12, 13, 27, 29, 30, 34, 35, 37, 52, 63, 76, 81, 82, 84, 85, 90, 93, 147]]
[187, 2.9014, [0, 1, 3, 4, 9, 10, 12, 13, 27, 29, 30, 34, 35, 37, 52, 63, 79, 80, 82, 83, 90, 93, 119, 169]]
[187, 2.90103, [0, 1, 3, 4, 9, 10, 12, 13, 27, 29, 30, 34, 35, 37, 52, 63, 79, 80, 83, 84, 90, 93, 119, 169]]
[187, 2.90232, [0, 1, 3, 4, 9, 10, 12, 13, 27, 29, 30, 34, 35, 37, 52, 63, 79, 81, 82, 84, 90, 93, 119, 147]]
[187, 2.90102, [0, 1, 3, 4, 9, 10, 12, 13, 27, 29, 30, 34, 35, 37, 52, 63, 79, 81, 82, 84, 90, 93, 119, 169]]
[187, 2.90177, [0, 1, 3, 4, 9, 10, 12, 13, 27, 29, 30, 34, 35, 37, 52, 63, 79, 81, 84, 85, 90, 93, 119, 147]]
[187, 2.90064, [0, 1, 3, 4, 9, 10, 12, 13, 27, 29, 30, 34, 35, 37, 52, 63, 80, 81, 83, 84, 90, 93, 119, 169]]
[187, 2.90119, [0, 1, 3, 4, 9, 10, 12, 13, 27, 29, 30, 34, 35, 37, 52, 63, 81, 82, 84, 85, 90, 93, 119, 147]]
[187, 2.90623, [0, 1, 3, 4, 9, 10, 12, 13, 27, 29, 30, 34, 35, 37, 52, 72, 79, 80, 82, 83, 89, 90, 93, 119]]
[187, 2.90467, [0, 1, 3, 4, 9, 10, 12, 13, 27, 29, 30, 34, 35, 37, 52, 76, 78, 79, 84, 85, 87, 88, 93, 130]]
[187, 2.91335, [0, 1, 3, 4, 9, 10, 12, 13, 27, 29, 30, 34, 36, 37, 52, 66, 76, 78, 79, 84, 85, 87, 88, 93]]
[187, 2.91227, [0, 1, 3, 4, 9, 10, 12, 13, 27, 29, 30, 34, 36, 37, 52, 66, 76, 79, 81, 84, 85, 88, 90, 93]]
[187, 2.9008, [0, 1, 3, 4, 9, 10, 12, 13, 27, 29, 30, 34, 37, 52, 63, 66, 72, 76, 79, 84, 85, 87, 88, 93]]
[187, 2.90031, [0, 1, 3, 4, 9, 10, 12, 13, 27, 29, 30, 34, 37, 52, 63, 66, 72, 76, 79, 84, 85, 88, 90, 93]]
[187, 2.9017, [0, 1, 3, 4, 9, 10, 12, 13, 27, 29, 30, 36, 37, 39, 40, 52, 81, 86, 87, 89, 90, 111, 129, 146]]
[187, 2.905, [0, 1, 3, 4, 9, 10, 12, 22, 25, 26, 29, 31, 39, 60, 64, 65, 67, 71, 72, 83, 85, 86, 90, 92, 93]]
[187, 2.90817, [0, 1, 3, 4, 9, 10, 12, 22, 26, 28, 29, 31, 37, 38, 60, 63, 68, 69, 79, 80, 84, 85, 87, 93, 172]]
[187, 2.9072, [0, 1, 3, 4, 9, 11, 12, 16, 25, 26, 30, 33, 37, 53, 64, 67, 68, 77, 79, 82, 88, 89, 92, 93, 115]]
[187, 2.90197, [0, 1, 3, 4, 9, 11, 12, 16, 25, 26, 30, 33, 53, 58, 64, 67, 68, 74, 77, 79, 82, 88, 89, 92, 93]]

Search completed in 1 hours, 17 minutes, and 35.373 seconds.  Enter a string to quit.