Enter an integer k for which our Kempner sets are k-free: 3
Enter a positive integer modulus b: 27
Enter estimation parameters, or * for pre-computed parameters ([0.1361, 1.1465, 1.5337]): *
Enter a threshold (e.g. 4.2) to determine printed output: 2.6
Enter a root for the search space (e.g. [0, 1, 2]) [or * for the root [0]]: *
Enter an upper bound for the size of allowable digit sets [or * to ignore]: *
Enter a maximal number of deviations from a greedy search [or * to ignore]: *
Searching for k-free sets mod b...

[27, 3.01749, [0, 1, 3, 4, 9, 10, 12, 13]]
[27, 2.96857, [0, 1, 3, 4, 9, 10, 12, 22]]
[27, 2.96297, [0, 1, 3, 4, 9, 10, 13, 21]]
[27, 2.91415, [0, 1, 3, 4, 9, 10, 21, 22]]
[27, 2.75295, [0, 1, 3, 4, 9, 10, 22]]
[27, 2.79618, [0, 1, 3, 4, 9, 11, 12]]
[27, 2.94804, [0, 1, 3, 4, 9, 12, 13, 19]]
[27, 2.89925, [0, 1, 3, 4, 9, 12, 19, 22]]
[27, 2.73107, [0, 1, 3, 4, 9, 12, 22]]
[27, 2.89367, [0, 1, 3, 4, 9, 13, 19, 21]]
[27, 2.72579, [0, 1, 3, 4, 9, 13, 21]]
[27, 2.84498, [0, 1, 3, 4, 9, 19, 21, 22]]
[27, 2.68736, [0, 1, 3, 4, 9, 19, 22]]
[27, 2.67961, [0, 1, 3, 4, 9, 21, 22]]
[27, 2.77337, [0, 1, 3, 4, 10, 11, 13]]
[27, 2.93786, [0, 1, 3, 4, 10, 12, 13, 18]]
[27, 2.88909, [0, 1, 3, 4, 10, 12, 18, 22]]
[27, 2.71704, [0, 1, 3, 4, 10, 12, 22]]
[27, 2.88351, [0, 1, 3, 4, 10, 13, 18, 21]]
[27, 2.71176, [0, 1, 3, 4, 10, 13, 21]]
[27, 2.83484, [0, 1, 3, 4, 10, 18, 21, 22]]
[27, 2.67777, [0, 1, 3, 4, 10, 18, 22]]
[27, 2.66561, [0, 1, 3, 4, 10, 21, 22]]
[27, 2.86861, [0, 1, 3, 4, 12, 13, 18, 19]]
[27, 2.69766, [0, 1, 3, 4, 12, 13, 19]]
[27, 2.81997, [0, 1, 3, 4, 12, 18, 19, 22]]
[27, 2.65595, [0, 1, 3, 4, 12, 18, 22]]
[27, 2.65154, [0, 1, 3, 4, 12, 19, 22]]
[27, 2.8144, [0, 1, 3, 4, 13, 18, 19, 21]]
[27, 2.65068, [0, 1, 3, 4, 13, 18, 21]]
[27, 2.64627, [0, 1, 3, 4, 13, 19, 21]]
[27, 2.76587, [0, 1, 3, 4, 18, 19, 21, 22]]
[27, 2.61238, [0, 1, 3, 4, 18, 19, 22]]
[27, 2.61176, [0, 1, 3, 4, 18, 20, 21]]
[27, 2.60466, [0, 1, 3, 4, 18, 21, 22]]
[27, 2.60395, [0, 1, 3, 4, 19, 20, 22]]
[27, 2.60026, [0, 1, 3, 4, 19, 21, 22]]
[27, 2.8749, [0, 1, 3, 7, 9, 10, 12, 16]]
[27, 2.83855, [0, 1, 3, 7, 9, 10, 12, 25]]
[27, 2.82086, [0, 1, 3, 7, 9, 10, 16, 21]]
[27, 2.7846, [0, 1, 3, 7, 9, 10, 21, 25]]
[27, 2.63032, [0, 1, 3, 7, 9, 10, 25]]
[27, 2.80596, [0, 1, 3, 7, 9, 12, 16, 19]]
[27, 2.76973, [0, 1, 3, 7, 9, 12, 19, 25]]
[27, 2.60857, [0, 1, 3, 7, 9, 12, 25]]
[27, 2.75207, [0, 1, 3, 7, 9, 16, 19, 21]]
[27, 2.71592, [0, 1, 3, 7, 9, 19, 21, 25]]
[27, 2.7958, [0, 1, 3, 7, 10, 12, 16, 18]]
[27, 2.75959, [0, 1, 3, 7, 10, 12, 18, 25]]
[27, 2.74193, [0, 1, 3, 7, 10, 16, 18, 21]]
[27, 2.7058, [0, 1, 3, 7, 10, 18, 21, 25]]
[27, 2.72707, [0, 1, 3, 7, 12, 16, 18, 19]]
[27, 2.69097, [0, 1, 3, 7, 12, 18, 19, 25]]
[27, 2.67334, [0, 1, 3, 7, 16, 18, 19, 21]]
[27, 2.63732, [0, 1, 3, 7, 18, 19, 21, 25]]
[27, 2.66075, [0, 1, 3, 8, 9, 11, 12]]
[27, 2.76058, [0, 1, 3, 9, 10, 12, 13, 22]]
[27, 2.7301, [0, 1, 3, 9, 10, 12, 16, 25]]
[27, 2.70681, [0, 1, 3, 9, 10, 13, 21, 22]]
[27, 2.67639, [0, 1, 3, 9, 10, 16, 21, 25]]
[27, 2.69196, [0, 1, 3, 9, 12, 13, 19, 22]]
[27, 2.66156, [0, 1, 3, 9, 12, 16, 19, 25]]
[27, 2.63832, [0, 1, 3, 9, 13, 19, 21, 22]]
[27, 2.608, [0, 1, 3, 9, 16, 19, 21, 25]]
[27, 2.68183, [0, 1, 3, 10, 12, 13, 18, 22]]
[27, 2.65145, [0, 1, 3, 10, 12, 16, 18, 25]]
[27, 2.62822, [0, 1, 3, 10, 13, 18, 21, 22]]
[27, 2.6134, [0, 1, 3, 12, 13, 18, 19, 22]]
[27, 2.81894, [0, 1, 4, 6, 9, 10, 13, 15]]
[27, 2.77947, [0, 1, 4, 6, 9, 10, 13, 24]]
[27, 2.7708, [0, 1, 4, 6, 9, 10, 15, 22]]
[27, 2.7314, [0, 1, 4, 6, 9, 10, 22, 24]]
[27, 2.75035, [0, 1, 4, 6, 9, 13, 15, 19]]
[27, 2.711, [0, 1, 4, 6, 9, 13, 19, 24]]
[27, 2.70235, [0, 1, 4, 6, 9, 15, 19, 22]]
[27, 2.66307, [0, 1, 4, 6, 9, 19, 22, 24]]
[27, 2.74021, [0, 1, 4, 6, 10, 13, 15, 18]]
[27, 2.70087, [0, 1, 4, 6, 10, 13, 18, 24]]
[27, 2.69222, [0, 1, 4, 6, 10, 15, 18, 22]]
[27, 2.65297, [0, 1, 4, 6, 10, 18, 22, 24]]
[27, 2.67182, [0, 1, 4, 6, 13, 15, 18, 19]]
[27, 2.63261, [0, 1, 4, 6, 13, 18, 19, 24]]
[27, 2.62397, [0, 1, 4, 6, 15, 18, 19, 22]]
[27, 2.68295, [0, 1, 4, 9, 10, 12, 13, 21]]
[27, 2.63512, [0, 1, 4, 9, 10, 12, 21, 22]]
[27, 2.64916, [0, 1, 4, 9, 10, 13, 15, 24]]
[27, 2.6014, [0, 1, 4, 9, 10, 15, 22, 24]]
[27, 2.61475, [0, 1, 4, 9, 12, 13, 19, 21]]
[27, 2.60463, [0, 1, 4, 10, 12, 13, 18, 21]]
[27, 2.67729, [0, 1, 6, 7, 9, 10, 15, 16]]
[27, 2.64166, [0, 1, 6, 7, 9, 10, 15, 25]]
[27, 2.63825, [0, 1, 6, 7, 9, 10, 16, 24]]
[27, 2.60268, [0, 1, 6, 7, 9, 10, 24, 25]]
[27, 2.60922, [0, 1, 6, 7, 9, 15, 16, 19]]
[27, 2.63546, [0, 2, 3, 5, 9, 11, 12, 14]]

Search completed in 0 hours, 0 minutes, and 0.034 seconds.  Enter a string to quit.