Enter an integer k for which our Kempner sets are k-free: 3
Enter a positive integer modulus b: 50
Enter estimation parameters, or * for pre-computed parameters ([0.1063, 1.1104, 1.4623]): *
Enter a threshold (e.g. 4.2) to determine printed output: 2.62
Enter a root for the search space (e.g. [0, 1, 2]) [or * for the root [0]]: *
Enter an upper bound for the size of allowable digit sets [or * to ignore]: *
Enter a maximal number of deviations from a greedy search [or * to ignore]: *
Searching for k-free sets mod b...

[50, 2.64341, [0, 1, 3, 4, 9, 10, 12, 13]]
[50, 2.67895, [0, 1, 3, 4, 9, 10, 12, 22, 39]]
[50, 2.67382, [0, 1, 3, 4, 9, 10, 12, 22, 45]]
[50, 2.69643, [0, 1, 3, 4, 9, 10, 13, 21, 24]]
[50, 2.67007, [0, 1, 3, 4, 9, 10, 13, 21, 44]]
[50, 2.65864, [0, 1, 3, 4, 9, 10, 21, 22, 24]]
[50, 2.63153, [0, 1, 3, 4, 9, 10, 21, 22, 45]]
[50, 2.65611, [0, 1, 3, 4, 9, 10, 21, 23, 24]]
[50, 2.62977, [0, 1, 3, 4, 9, 10, 21, 23, 44]]
[50, 2.63139, [0, 1, 3, 4, 9, 10, 22, 23, 39]]
[50, 2.63573, [0, 1, 3, 4, 9, 10, 22, 24, 33]]
[50, 2.64629, [0, 1, 3, 4, 9, 11, 16, 20, 44]]
[50, 2.64103, [0, 1, 3, 4, 9, 11, 16, 24, 38]]
[50, 2.62109, [0, 1, 3, 4, 9, 11, 16, 37, 38]]
[50, 2.64914, [0, 1, 3, 4, 9, 11, 20, 23, 24]]
[50, 2.62282, [0, 1, 3, 4, 9, 11, 20, 23, 44]]
[50, 2.63151, [0, 1, 3, 4, 9, 11, 20, 24, 33]]
[50, 2.62211, [0, 1, 3, 4, 9, 11, 20, 24, 42]]
[50, 2.67282, [0, 1, 3, 4, 9, 11, 24, 33, 38, 40]]
[50, 2.6524, [0, 1, 3, 4, 9, 11, 33, 37, 38, 40]]
[50, 2.65956, [0, 1, 3, 4, 9, 12, 13, 19, 42]]
[50, 2.62797, [0, 1, 3, 4, 9, 12, 13, 35, 42]]
[50, 2.64034, [0, 1, 3, 4, 9, 12, 16, 19, 45]]
[50, 2.63135, [0, 1, 3, 4, 9, 12, 16, 22, 45]]
[50, 2.7355, [0, 1, 3, 4, 9, 13, 16, 20, 21, 44]]
[50, 2.63058, [0, 1, 3, 4, 9, 13, 16, 20, 44]]
[50, 2.65392, [0, 1, 3, 4, 9, 13, 16, 21, 24]]
[50, 2.6276, [0, 1, 3, 4, 9, 13, 16, 21, 44]]
[50, 2.7171, [0, 1, 3, 4, 9, 13, 19, 20, 24, 42]]
[50, 2.62026, [0, 1, 3, 4, 9, 13, 19, 20, 42]]
[50, 2.64196, [0, 1, 3, 4, 9, 13, 19, 21, 24]]
[50, 2.68277, [0, 1, 3, 4, 9, 13, 19, 24, 40, 42]]
[50, 2.63869, [0, 1, 3, 4, 9, 13, 20, 21, 24]]
[50, 2.62514, [0, 1, 3, 4, 9, 16, 19, 21, 24]]
[50, 2.69372, [0, 1, 3, 4, 10, 11, 14, 15, 23]]
[50, 2.65739, [0, 1, 3, 4, 10, 11, 15, 23, 24]]
[50, 2.65211, [0, 1, 3, 4, 10, 12, 13, 18, 41]]
[50, 2.6295, [0, 1, 3, 4, 10, 12, 15, 22, 39]]
[50, 2.62438, [0, 1, 3, 4, 10, 12, 15, 22, 45]]
[50, 2.74165, [0, 1, 3, 4, 10, 13, 15, 18, 24, 31]]
[50, 2.64421, [0, 1, 3, 4, 10, 13, 15, 18, 31]]
[50, 2.63046, [0, 1, 3, 4, 10, 13, 15, 18, 44]]
[50, 2.64694, [0, 1, 3, 4, 10, 13, 15, 21, 24]]
[50, 2.62063, [0, 1, 3, 4, 10, 13, 15, 21, 44]]
[50, 2.70442, [0, 1, 3, 4, 10, 13, 15, 24, 31, 36]]
[50, 2.62047, [0, 1, 3, 4, 10, 13, 15, 24, 36]]
[50, 2.71518, [0, 1, 3, 4, 10, 14, 15, 21, 22, 45]]
[50, 2.64295, [0, 1, 3, 4, 10, 14, 15, 21, 23]]
[50, 2.64021, [0, 1, 3, 4, 10, 14, 15, 22, 23]]
[50, 2.6945, [0, 1, 3, 4, 10, 14, 15, 22, 31, 45]]
[50, 2.62135, [0, 1, 3, 4, 10, 15, 18, 22, 23]]
[50, 2.70289, [0, 1, 3, 4, 10, 15, 18, 22, 24, 31]]
[50, 2.62761, [0, 1, 3, 4, 11, 12, 16, 17, 43]]
[50, 2.67136, [0, 1, 3, 4, 11, 13, 14, 16, 20]]
[50, 2.64967, [0, 1, 3, 4, 11, 13, 14, 16, 30]]
[50, 2.72721, [0, 1, 3, 4, 11, 13, 16, 17, 20, 44]]
[50, 2.64585, [0, 1, 3, 4, 11, 13, 16, 17, 24]]
[50, 2.63063, [0, 1, 3, 4, 11, 13, 17, 20, 24]]
[50, 2.63598, [0, 1, 3, 4, 11, 14, 15, 20, 23]]
[50, 2.63105, [0, 1, 3, 4, 11, 14, 16, 20, 23]]
[50, 2.65696, [0, 1, 3, 4, 11, 14, 16, 30, 37, 43]]
[50, 2.62549, [0, 1, 3, 4, 11, 15, 16, 20, 23]]
[50, 2.65198, [0, 1, 3, 4, 11, 16, 17, 24, 38, 43]]
[50, 2.63159, [0, 1, 3, 4, 11, 16, 17, 37, 38, 43]]
[50, 2.62236, [0, 1, 3, 4, 12, 13, 16, 18, 30]]
[50, 2.7027, [0, 1, 3, 4, 12, 14, 15, 19, 22, 45]]
[50, 2.67272, [0, 1, 3, 4, 12, 14, 18, 19, 30, 45]]
[50, 2.66196, [0, 1, 3, 4, 12, 16, 18, 19, 30, 45]]
[50, 2.6206, [0, 1, 3, 4, 13, 14, 16, 20, 21]]
[50, 2.70077, [0, 1, 3, 4, 13, 14, 18, 19, 21, 30]]
[50, 2.68473, [0, 1, 3, 4, 13, 15, 16, 20, 21, 44]]
[50, 2.68241, [0, 1, 3, 4, 13, 15, 18, 20, 24, 31]]
[50, 2.67002, [0, 1, 3, 4, 13, 15, 18, 20, 24, 42]]
[50, 2.66707, [0, 1, 3, 4, 14, 15, 17, 21, 22, 45]]
[50, 2.66201, [0, 1, 3, 4, 14, 16, 17, 21, 22, 45]]
[50, 2.63095, [0, 1, 3, 4, 14, 16, 17, 21, 43, 45]]
[50, 2.63955, [0, 1, 3, 4, 14, 16, 19, 21, 30, 43]]
[50, 2.65208, [0, 1, 3, 4, 15, 16, 18, 22, 23, 39]]
[50, 2.66966, [0, 1, 3, 7, 8, 10, 18, 22, 23, 31]]
[50, 2.66727, [0, 1, 3, 7, 8, 10, 18, 22, 24, 31]]
[50, 2.66469, [0, 1, 3, 7, 8, 10, 18, 23, 24, 31]]
[50, 2.653, [0, 1, 3, 7, 8, 12, 18, 19, 22, 39]]
[50, 2.62381, [0, 1, 3, 7, 8, 12, 18, 19, 39, 41]]
[50, 2.62013, [0, 1, 3, 9, 10, 13, 14, 21, 22, 24]]
[50, 2.65124, [0, 1, 4, 6, 9, 10, 13, 21, 23, 24]]

Search completed in 0 hours, 0 minutes, and 0.082 seconds.  Enter a string to quit.