Enter an integer k for which our Kempner sets are k-free: 3
Enter a positive integer modulus b: 174
Enter estimation parameters, or * for pre-computed parameters ([0.0744, 1.0576, 1.3864]): *
Enter a threshold (e.g. 4.2) to determine printed output: 2.88
Enter a root for the search space (e.g. [0, 1, 2]) [or * for the root [0]]: *
Enter an upper bound for the size of allowable digit sets [or * to ignore]: 28
Enter a maximal number of deviations from a greedy search [or * to ignore]: *
Searching for k-free sets mod b...

[174, 2.88482, [0, 1, 3, 4, 9, 10, 12, 13, 27, 28, 30, 31, 36, 40, 64, 66, 73, 74, 78, 81, 85, 86]]
[174, 2.88151, [0, 1, 3, 4, 9, 10, 12, 13, 27, 28, 30, 34, 35, 37, 63, 72, 75, 76, 82, 83, 85, 86]]
[174, 2.88592, [0, 1, 3, 4, 9, 10, 12, 13, 27, 28, 30, 34, 35, 39, 62, 63, 71, 72, 76, 83, 84, 86]]
[174, 2.88086, [0, 1, 3, 4, 9, 10, 12, 13, 27, 28, 30, 34, 35, 39, 63, 71, 72, 76, 82, 83, 85, 86]]
[174, 2.8812, [0, 1, 3, 4, 9, 10, 12, 13, 27, 28, 30, 34, 35, 39, 63, 71, 73, 76, 80, 82, 85, 86]]
[174, 2.89112, [0, 1, 3, 4, 9, 10, 12, 13, 27, 28, 32, 33, 35, 40, 49, 59, 72, 73, 75, 81, 82, 84]]
[174, 2.88305, [0, 1, 3, 4, 9, 10, 12, 13, 27, 28, 32, 33, 35, 40, 49, 59, 72, 73, 81, 82, 84, 138]]
[174, 2.89089, [0, 1, 3, 4, 9, 10, 12, 13, 27, 28, 32, 33, 35, 40, 49, 59, 72, 74, 75, 81, 82, 84]]
[174, 2.88787, [0, 1, 3, 4, 9, 10, 12, 13, 27, 28, 32, 33, 35, 48, 49, 59, 72, 73, 75, 76, 81, 82]]
[174, 2.88743, [0, 1, 3, 4, 9, 10, 12, 13, 27, 28, 32, 33, 35, 48, 49, 59, 72, 73, 75, 79, 80, 82]]
[174, 2.88724, [0, 1, 3, 4, 9, 10, 12, 13, 27, 28, 32, 33, 35, 48, 49, 59, 72, 73, 75, 79, 81, 82]]
[174, 2.90885, [0, 1, 3, 4, 9, 10, 12, 13, 27, 28, 32, 33, 35, 48, 49, 59, 72, 73, 76, 78, 81, 82, 138]]
[174, 2.88059, [0, 1, 3, 4, 9, 10, 12, 13, 27, 28, 32, 33, 35, 48, 49, 59, 72, 73, 76, 78, 81, 138]]
[174, 2.8804, [0, 1, 3, 4, 9, 10, 12, 13, 27, 28, 32, 33, 35, 48, 49, 59, 72, 73, 76, 78, 82, 138]]
[174, 2.88057, [0, 1, 3, 4, 9, 10, 12, 13, 27, 28, 32, 33, 35, 48, 49, 59, 72, 73, 77, 78, 80, 138]]
[174, 2.88037, [0, 1, 3, 4, 9, 10, 12, 13, 27, 28, 32, 33, 35, 48, 49, 59, 72, 73, 77, 79, 80, 138]]
[174, 2.90822, [0, 1, 3, 4, 9, 10, 12, 13, 27, 28, 32, 33, 35, 48, 49, 59, 72, 73, 78, 79, 81, 82, 138]]
[174, 2.8872, [0, 1, 3, 4, 9, 10, 12, 13, 27, 28, 32, 33, 35, 48, 49, 59, 72, 74, 75, 79, 80, 82]]
[174, 2.88701, [0, 1, 3, 4, 9, 10, 12, 13, 27, 28, 32, 33, 35, 48, 49, 59, 72, 74, 75, 79, 81, 82]]
[174, 2.88067, [0, 1, 3, 4, 9, 10, 12, 13, 27, 28, 32, 33, 35, 48, 49, 59, 72, 75, 77, 80, 81, 124]]
[174, 2.88526, [0, 1, 3, 4, 9, 10, 12, 13, 27, 28, 32, 33, 35, 48, 49, 59, 77, 80, 81, 124, 137, 138, 140]]
[174, 2.89965, [0, 1, 3, 4, 9, 10, 12, 13, 27, 28, 32, 33, 35, 49, 59, 68, 72, 73, 79, 81, 82, 84, 138]]
[174, 2.89559, [0, 1, 3, 4, 9, 10, 12, 13, 27, 28, 32, 33, 48, 49, 58, 59, 72, 73, 76, 78, 81, 82, 138]]
[174, 2.89495, [0, 1, 3, 4, 9, 10, 12, 13, 27, 28, 32, 33, 48, 49, 58, 59, 72, 73, 78, 79, 81, 82, 138]]
[174, 2.89275, [0, 1, 3, 4, 9, 10, 12, 13, 27, 28, 32, 33, 48, 49, 59, 67, 72, 73, 76, 78, 81, 82, 138]]
[174, 2.88899, [0, 1, 3, 4, 9, 10, 12, 13, 27, 28, 32, 34, 35, 39, 48, 49, 72, 73, 76, 81, 82, 138]]
[174, 2.88855, [0, 1, 3, 4, 9, 10, 12, 13, 27, 28, 32, 34, 35, 39, 48, 49, 72, 73, 79, 80, 82, 138]]
[174, 2.88836, [0, 1, 3, 4, 9, 10, 12, 13, 27, 28, 32, 34, 35, 39, 48, 49, 72, 73, 79, 81, 82, 138]]
[174, 2.88167, [0, 1, 3, 4, 9, 10, 12, 13, 27, 28, 32, 34, 35, 39, 48, 49, 73, 76, 80, 82, 123, 138]]
[174, 2.88359, [0, 1, 3, 4, 9, 10, 12, 13, 27, 28, 33, 35, 40, 48, 49, 59, 64, 72, 74, 75, 81, 82]]
[174, 2.88941, [0, 1, 3, 4, 9, 10, 12, 13, 27, 29, 30, 34, 35, 37, 52, 63, 72, 76, 78, 79, 83, 85]]
[174, 2.88882, [0, 1, 3, 4, 9, 10, 12, 13, 27, 29, 30, 34, 35, 37, 52, 63, 72, 76, 78, 82, 83, 85]]
[174, 2.8881, [0, 1, 3, 4, 9, 10, 12, 13, 27, 29, 30, 34, 35, 37, 52, 63, 72, 76, 78, 83, 85, 86]]
[174, 2.88731, [0, 1, 3, 4, 9, 10, 12, 13, 27, 29, 30, 34, 35, 37, 52, 63, 72, 76, 82, 83, 85, 86]]
[174, 2.88103, [0, 1, 3, 4, 9, 10, 12, 13, 27, 29, 30, 34, 35, 37, 52, 63, 76, 78, 79, 81, 85, 138]]
[174, 2.88674, [0, 1, 3, 4, 9, 10, 12, 13, 27, 29, 30, 34, 35, 37, 52, 63, 76, 78, 79, 83, 84, 86]]
[174, 2.88656, [0, 1, 3, 4, 9, 10, 12, 13, 27, 29, 30, 34, 35, 37, 52, 63, 76, 78, 79, 83, 85, 86]]
[174, 2.88065, [0, 1, 3, 4, 9, 10, 12, 13, 27, 29, 30, 34, 35, 37, 52, 63, 76, 78, 79, 83, 85, 138]]
[174, 2.88078, [0, 1, 3, 4, 9, 10, 12, 13, 27, 29, 30, 34, 35, 37, 52, 63, 76, 78, 79, 83, 86, 134]]
[174, 2.88044, [0, 1, 3, 4, 9, 10, 12, 13, 27, 29, 30, 34, 35, 37, 52, 63, 76, 78, 81, 82, 85, 138]]
[174, 2.88025, [0, 1, 3, 4, 9, 10, 12, 13, 27, 29, 30, 34, 35, 37, 52, 63, 76, 79, 80, 83, 85, 138]]
[174, 2.89462, [0, 1, 3, 4, 9, 10, 12, 13, 27, 29, 30, 34, 35, 52, 62, 71, 73, 76, 82, 83, 85, 86, 126]]
[174, 2.89085, [0, 1, 3, 4, 9, 10, 12, 13, 27, 29, 30, 35, 37, 52, 63, 68, 76, 78, 79, 83, 85, 86, 138]]
[174, 2.88505, [0, 1, 3, 4, 9, 10, 12, 13, 27, 29, 30, 35, 37, 52, 63, 68, 76, 78, 79, 83, 86, 134, 138]]
[174, 2.89117, [0, 1, 3, 4, 9, 10, 12, 13, 28, 29, 32, 38, 40, 50, 59, 65, 69, 74, 81, 82, 84, 85, 104]]
[174, 2.90596, [0, 1, 3, 4, 9, 10, 12, 13, 28, 29, 33, 34, 36, 50, 51, 61, 70, 75, 77, 78, 82, 83, 85]]
[174, 2.88962, [0, 1, 3, 4, 9, 10, 12, 13, 28, 29, 36, 38, 42, 50, 51, 61, 65, 70, 77, 78, 82, 85, 159]]

Search completed in 0 hours, 18 minutes, and 0.739 seconds.  Enter a string to quit.