Enter an integer k for which our Kempner sets are k-free: 3
Enter a positive integer modulus b: 299
Enter estimation parameters, or * for pre-computed parameters ([0.0803, 1.5992, 1.205]): *
Enter a threshold (e.g. 4.2) to determine printed output: 2.945
Enter a root for the search space (e.g. [0, 1, 2]) [or * for the root [0]]: *
Enter an upper bound for the size of allowable digit sets [or * to ignore]: 36
Enter a maximal number of deviations from a greedy search [or * to ignore]: *
Searching for k-free sets mod b...

[299, 2.94801, [0, 1, 3, 4, 9, 10, 12, 13, 27, 28, 30, 31, 36, 37, 39, 40, 81, 82, 84, 90, 94, 100, 102, 103, 108, 109, 111, 117, 130, 139, 142, 146, 147]]
[299, 2.94818, [0, 1, 3, 4, 9, 10, 12, 13, 27, 28, 30, 31, 36, 37, 39, 40, 81, 82, 84, 97, 98, 103, 104, 106, 117, 119, 120, 139, 144, 145, 147, 148, 245, 246]]
[299, 2.94807, [0, 1, 3, 4, 9, 10, 12, 13, 27, 28, 30, 31, 36, 37, 39, 40, 81, 82, 84, 97, 98, 103, 105, 106, 117, 119, 120, 139, 144, 145, 147, 148, 245, 246]]
[299, 2.95498, [0, 1, 3, 4, 9, 10, 12, 13, 27, 28, 30, 31, 36, 37, 39, 40, 81, 82, 85, 94, 96, 102, 104, 105, 109, 117, 118, 120, 121, 141, 145, 147, 193, 247]]
[299, 2.95023, [0, 1, 3, 4, 9, 10, 12, 13, 27, 28, 30, 31, 36, 37, 39, 40, 81, 82, 85, 96, 102, 104, 105, 109, 117, 118, 120, 121, 141, 145, 147, 148, 193, 247]]
[299, 2.95029, [0, 1, 3, 4, 9, 10, 12, 13, 27, 28, 30, 31, 36, 37, 39, 40, 82, 84, 95, 96, 98, 102, 105, 111, 113, 118, 119, 135, 139, 145, 146, 148, 149, 249]]
[299, 2.94649, [0, 1, 3, 4, 9, 10, 12, 13, 27, 28, 30, 31, 36, 37, 39, 40, 82, 84, 95, 96, 101, 102, 104, 105, 116, 117, 119, 135, 144, 146, 147, 149, 246, 247]]
[299, 2.94987, [0, 1, 3, 4, 9, 10, 12, 13, 27, 28, 30, 31, 36, 37, 39, 40, 82, 84, 96, 97, 100, 102, 106, 111, 113, 117, 119, 135, 139, 145, 146, 148, 149, 245]]
[299, 2.9494, [0, 1, 3, 4, 9, 10, 12, 13, 27, 28, 30, 31, 36, 37, 39, 40, 82, 84, 96, 98, 99, 104, 105, 115, 118, 119, 122, 130, 135, 143, 144, 147, 149, 245]]
[299, 2.94757, [0, 1, 3, 4, 9, 10, 12, 13, 27, 28, 30, 31, 36, 37, 39, 40, 82, 95, 96, 98, 102, 104, 105, 111, 116, 119, 129, 131, 135, 138, 144, 148, 149, 247]]
[299, 2.94713, [0, 1, 3, 4, 9, 10, 12, 13, 27, 28, 30, 31, 36, 37, 39, 40, 82, 95, 96, 98, 102, 104, 105, 111, 116, 119, 129, 131, 135, 144, 145, 148, 149, 247]]
[299, 2.94665, [0, 1, 3, 4, 9, 10, 12, 13, 27, 28, 30, 31, 36, 37, 39, 40, 82, 95, 96, 98, 102, 104, 105, 111, 116, 119, 129, 135, 138, 144, 145, 148, 149, 247]]
[299, 2.94652, [0, 1, 3, 4, 9, 10, 12, 13, 27, 28, 30, 31, 36, 37, 39, 40, 82, 95, 96, 98, 102, 104, 105, 111, 116, 119, 129, 135, 138, 145, 146, 148, 149, 247]]
[299, 2.94628, [0, 1, 3, 4, 9, 10, 12, 13, 27, 28, 30, 31, 36, 37, 39, 40, 82, 95, 96, 101, 102, 104, 105, 111, 116, 119, 129, 135, 138, 144, 145, 148, 149, 247]]
[299, 2.94616, [0, 1, 3, 4, 9, 10, 12, 13, 27, 28, 30, 31, 36, 37, 39, 40, 82, 95, 96, 101, 102, 104, 105, 111, 116, 119, 129, 135, 138, 145, 146, 148, 149, 247]]
[299, 2.94638, [0, 1, 3, 4, 9, 10, 12, 13, 27, 28, 30, 31, 36, 37, 39, 40, 82, 95, 97, 102, 103, 105, 110, 114, 116, 119, 120, 132, 139, 140, 142, 147, 149, 246]]
[299, 2.94591, [0, 1, 3, 4, 9, 10, 12, 13, 27, 28, 30, 31, 36, 37, 39, 40, 84, 85, 87, 93, 95, 96, 100, 112, 114, 117, 118, 121, 123, 126, 127, 145, 148]]
[299, 2.94654, [0, 1, 3, 4, 9, 10, 12, 13, 27, 28, 30, 31, 36, 37, 39, 40, 84, 90, 98, 100, 103, 105, 111, 113, 114, 118, 127, 134, 135, 139, 145, 147, 148, 249]]
[299, 2.95275, [0, 1, 3, 4, 9, 10, 12, 13, 27, 28, 30, 31, 36, 37, 39, 40, 85, 91, 95, 98, 100, 103, 104, 107, 112, 125, 127, 132, 135, 136, 141, 144, 148, 149]]
[299, 2.95293, [0, 1, 3, 4, 9, 10, 12, 13, 27, 28, 30, 31, 36, 37, 39, 40, 90, 94, 96, 97, 99, 105, 106, 109, 110, 117, 127, 131, 133, 134, 136, 142, 146, 147]]
[299, 2.9491, [0, 1, 3, 4, 9, 10, 12, 13, 27, 28, 30, 31, 36, 37, 39, 40, 90, 97, 98, 101, 102, 108, 110, 111, 113, 117, 127, 134, 135, 138, 139, 145, 147, 148]]
[299, 2.95118, [0, 1, 3, 4, 9, 10, 12, 13, 27, 28, 30, 31, 36, 37, 39, 40, 91, 95, 97, 98, 100, 106, 107, 110, 111, 118, 128, 132, 134, 135, 137, 144, 147, 148]]
[299, 2.94884, [0, 1, 3, 4, 9, 10, 12, 13, 27, 28, 30, 31, 36, 37, 39, 40, 91, 95, 97, 98, 106, 107, 109, 113, 118, 124, 126, 132, 133, 136, 137, 144, 147, 149]]
[299, 2.94844, [0, 1, 3, 4, 9, 10, 12, 13, 27, 28, 30, 31, 36, 37, 39, 40, 94, 95, 98, 99, 105, 107, 108, 110, 114, 124, 131, 132, 135, 136, 142, 144, 145, 147]]
[299, 2.94793, [0, 1, 3, 4, 9, 10, 12, 13, 27, 28, 30, 31, 36, 37, 39, 40, 94, 96, 97, 99, 105, 106, 109, 110, 117, 127, 131, 133, 134, 136, 142, 143, 146, 147]]
[299, 2.94672, [0, 1, 3, 4, 9, 10, 12, 13, 27, 28, 30, 31, 36, 37, 39, 40, 95, 96, 98, 99, 105, 107, 108, 110, 123, 129, 130, 132, 133, 140, 142, 145, 146, 149]]
[299, 2.94683, [0, 1, 3, 4, 9, 10, 12, 13, 27, 28, 30, 31, 36, 37, 39, 40, 95, 96, 99, 100, 106, 108, 109, 111, 115, 125, 132, 133, 136, 137, 143, 145, 146, 148]]
[299, 2.94635, [0, 1, 3, 4, 9, 10, 12, 13, 27, 28, 30, 31, 36, 37, 39, 40, 95, 96, 100, 101, 103, 108, 109, 112, 114, 130, 131, 135, 136, 138, 143, 144, 147, 149]]
[299, 2.94633, [0, 1, 3, 4, 9, 10, 12, 13, 27, 28, 30, 31, 36, 37, 39, 40, 95, 97, 98, 100, 106, 107, 110, 111, 118, 128, 132, 134, 135, 137, 143, 144, 147, 148]]
[299, 2.94547, [0, 1, 3, 4, 9, 10, 12, 13, 27, 28, 30, 31, 36, 37, 39, 40, 95, 97, 100, 101, 106, 108, 109, 113, 114, 130, 132, 135, 136, 141, 143, 144, 148, 149]]
[299, 2.94883, [0, 1, 3, 4, 9, 10, 12, 13, 27, 28, 30, 31, 36, 38, 39, 70, 82, 85, 96, 97, 99, 103, 105, 106, 108, 118, 129, 135, 138, 144, 145, 148, 149, 244, 282]]

Search completed in 37 hours, 11 minutes, and 29.239 seconds.  Enter a string to quit.