Enter an integer k for which our Kempner sets are k-free: 3
Enter a positive integer modulus b: 107
Enter estimation parameters, or * for pre-computed parameters ([0.0855, 1.0695, 1.4227]): *
Enter a threshold (e.g. 4.2) to determine printed output: 2.87
Enter a root for the search space (e.g. [0, 1, 2]) [or * for the root [0]]: *
Enter an upper bound for the size of allowable digit sets [or * to ignore]: *
Enter a maximal number of deviations from a greedy search [or * to ignore]: *
Searching for k-free sets mod b...

[107, 2.89005, [0, 1, 3, 4, 9, 10, 12, 13, 27, 28, 30, 31, 36, 37, 39, 40]]
[107, 2.87103, [0, 1, 3, 4, 9, 10, 12, 13, 27, 28, 30, 31, 36, 37, 39, 93]]
[107, 2.87069, [0, 1, 3, 4, 9, 10, 12, 13, 27, 28, 30, 31, 36, 38, 39, 90]]
[107, 2.88085, [0, 1, 3, 4, 9, 10, 12, 13, 27, 28, 30, 34, 36, 37, 39, 49]]
[107, 2.87546, [0, 1, 3, 4, 9, 10, 12, 13, 27, 28, 30, 36, 37, 39, 40, 49]]
[107, 2.8804, [0, 1, 3, 4, 9, 10, 12, 13, 27, 28, 31, 33, 36, 37, 40, 48]]
[107, 2.87473, [0, 1, 3, 4, 9, 10, 12, 13, 27, 28, 31, 36, 37, 39, 40, 48]]
[107, 2.8716, [0, 1, 3, 4, 9, 10, 12, 13, 27, 28, 32, 34, 35, 39, 48, 49]]
[107, 2.8712, [0, 1, 3, 4, 9, 10, 12, 13, 27, 28, 33, 34, 36, 37, 48, 49]]
[107, 2.87599, [0, 1, 3, 4, 9, 10, 12, 13, 27, 29, 30, 35, 36, 38, 39, 52]]
[107, 2.87249, [0, 1, 3, 4, 9, 10, 12, 13, 27, 29, 30, 36, 37, 39, 40, 52]]
[107, 2.87789, [0, 1, 3, 4, 9, 10, 12, 13, 27, 30, 31, 34, 36, 39, 40, 43]]
[107, 2.8738, [0, 1, 3, 4, 9, 10, 12, 13, 27, 30, 31, 34, 36, 39, 43, 46]]
[107, 2.87307, [0, 1, 3, 4, 9, 10, 12, 13, 27, 30, 31, 36, 37, 39, 40, 46]]
[107, 2.87974, [0, 1, 3, 4, 9, 10, 12, 13, 27, 34, 35, 39, 40, 47, 48, 52, 89]]
[107, 2.88124, [0, 1, 3, 4, 9, 10, 12, 13, 28, 29, 31, 32, 37, 38, 40, 41]]
[107, 2.87805, [0, 1, 3, 4, 9, 10, 12, 13, 28, 29, 31, 32, 38, 39, 41, 42]]
[107, 2.87719, [0, 1, 3, 4, 9, 10, 12, 13, 28, 30, 31, 33, 37, 39, 40, 42]]
[107, 2.87292, [0, 1, 3, 4, 9, 10, 12, 13, 28, 30, 31, 33, 37, 40, 42, 45]]
[107, 2.87214, [0, 1, 3, 4, 9, 10, 12, 13, 28, 30, 31, 36, 37, 39, 40, 45]]
[107, 2.88352, [0, 1, 3, 4, 9, 10, 12, 13, 28, 31, 32, 35, 37, 41, 48, 89, 91]]
[107, 2.89848, [0, 1, 3, 4, 9, 10, 12, 13, 28, 33, 35, 36, 40, 41, 48, 50, 51]]
[107, 2.87291, [0, 1, 3, 4, 9, 10, 12, 13, 29, 30, 32, 33, 38, 39, 41, 42]]
[107, 2.89147, [0, 1, 3, 4, 9, 10, 12, 13, 29, 30, 32, 33, 39, 41, 44, 67, 91]]
[107, 2.91379, [0, 1, 3, 4, 9, 10, 12, 13, 29, 30, 33, 35, 38, 39, 42, 44, 52]]
[107, 2.87768, [0, 1, 3, 4, 9, 10, 12, 13, 29, 30, 33, 35, 39, 42, 52, 87, 93]]
[107, 2.87468, [0, 1, 3, 4, 9, 10, 12, 13, 29, 30, 33, 35, 42, 43, 52, 87, 93]]
[107, 2.87106, [0, 1, 3, 4, 9, 10, 12, 13, 29, 30, 33, 39, 42, 43, 52, 87, 93]]
[107, 2.90178, [0, 1, 3, 4, 9, 10, 12, 13, 29, 30, 35, 37, 38, 42, 43, 52, 53]]
[107, 2.87969, [0, 1, 3, 4, 9, 10, 12, 13, 29, 31, 32, 34, 41, 43, 47, 87, 89]]
[107, 2.87871, [0, 1, 3, 4, 9, 10, 12, 13, 29, 34, 36, 37, 41, 42, 51, 52, 87]]
[107, 2.87548, [0, 1, 3, 4, 9, 10, 12, 13, 29, 34, 36, 37, 41, 47, 51, 52, 87]]
[107, 2.8852, [0, 1, 3, 4, 9, 10, 12, 13, 29, 35, 37, 38, 42, 43, 50, 52, 53]]
[107, 2.87896, [0, 1, 3, 4, 9, 10, 12, 13, 30, 32, 36, 41, 43, 44, 49, 53, 67]]
[107, 2.87094, [0, 1, 3, 4, 9, 10, 12, 13, 30, 35, 37, 42, 43, 46, 52, 53, 68]]
[107, 2.88141, [0, 1, 3, 4, 9, 10, 12, 13, 33, 34, 38, 39, 41, 46, 47, 50, 52]]
[107, 2.87777, [0, 1, 3, 4, 9, 10, 12, 13, 33, 35, 38, 39, 44, 46, 47, 51, 52]]
[107, 2.87477, [0, 1, 3, 4, 9, 10, 12, 13, 34, 35, 39, 40, 42, 47, 48, 51, 53]]
[107, 2.87128, [0, 1, 3, 4, 9, 10, 12, 13, 34, 36, 39, 40, 45, 47, 48, 52, 53]]
[107, 2.89112, [0, 1, 3, 4, 9, 11, 12, 16, 26, 30, 33, 35, 38, 39, 42, 47, 53]]
[107, 2.88681, [0, 1, 3, 4, 9, 11, 12, 16, 26, 30, 33, 35, 38, 42, 45, 47, 53]]
[107, 2.87637, [0, 1, 3, 4, 9, 11, 12, 16, 26, 30, 33, 35, 38, 42, 45, 47, 88]]
[107, 2.87817, [0, 1, 3, 4, 9, 11, 12, 16, 26, 33, 34, 37, 38, 44, 46, 47, 53]]
[107, 2.904, [0, 1, 3, 4, 10, 11, 13, 14, 29, 30, 35, 37, 38, 42, 43, 52, 53, 88]]
[107, 2.87253, [0, 1, 3, 4, 10, 11, 13, 14, 29, 31, 34, 35, 38, 40, 43, 50, 53]]
[107, 2.88724, [0, 1, 3, 4, 10, 11, 13, 14, 29, 35, 37, 38, 42, 43, 50, 52, 53, 88]]
[107, 2.87221, [0, 1, 3, 4, 10, 11, 13, 14, 30, 31, 34, 36, 39, 40, 43, 45, 53]]

Search completed in 0 hours, 5 minutes, and 56.438 seconds.  Enter a string to quit.