Enter an integer k for which our Kempner sets are k-free: 3
Enter a positive integer modulus b: 116
Enter estimation parameters, or * for pre-computed parameters ([0.0797, 1.0806, 1.3783]): *
Enter a threshold (e.g. 4.2) to determine printed output: 2.85
Enter a root for the search space (e.g. [0, 1, 2]) [or * for the root [0]]: *
Enter an upper bound for the size of allowable digit sets [or * to ignore]: *
Enter a maximal number of deviations from a greedy search [or * to ignore]: *
Searching for k-free sets mod b...

[116, 2.85847, [0, 1, 3, 4, 9, 10, 12, 13, 27, 28, 30, 31, 36, 37, 39, 40]]
[116, 2.85125, [0, 1, 3, 4, 9, 10, 12, 13, 27, 28, 31, 36, 38, 39, 57, 92, 99]]
[116, 2.8591, [0, 1, 3, 4, 9, 10, 12, 13, 27, 29, 30, 34, 35, 37, 52, 96, 98]]
[116, 2.87056, [0, 1, 3, 4, 9, 10, 12, 13, 27, 29, 35, 36, 39, 40, 47, 52, 56]]
[116, 2.87856, [0, 1, 3, 4, 9, 10, 12, 13, 27, 31, 32, 34, 38, 40, 43, 47, 57]]
[116, 2.86108, [0, 1, 3, 4, 9, 10, 12, 13, 27, 31, 32, 34, 38, 40, 47, 57, 99]]
[116, 2.85053, [0, 1, 3, 4, 9, 10, 12, 13, 27, 31, 32, 34, 38, 40, 47, 99, 101]]
[116, 2.87453, [0, 1, 3, 4, 9, 10, 12, 13, 27, 31, 32, 34, 38, 43, 46, 47, 57]]
[116, 2.85706, [0, 1, 3, 4, 9, 10, 12, 13, 27, 31, 32, 34, 38, 46, 47, 57, 99]]
[116, 2.87303, [0, 1, 3, 4, 9, 10, 12, 13, 27, 31, 32, 36, 38, 39, 43, 56, 57]]
[116, 2.87258, [0, 1, 3, 4, 9, 10, 12, 13, 27, 31, 32, 36, 38, 43, 46, 47, 57]]
[116, 2.85396, [0, 1, 3, 4, 9, 10, 12, 13, 27, 31, 32, 36, 38, 47, 48, 57, 99]]
[116, 2.85228, [0, 1, 3, 4, 9, 10, 12, 13, 27, 31, 32, 36, 39, 43, 56, 57, 96]]
[116, 2.86088, [0, 1, 3, 4, 9, 10, 12, 13, 27, 31, 32, 36, 43, 47, 48, 56, 57]]
[116, 2.85084, [0, 1, 3, 4, 9, 10, 12, 13, 27, 31, 32, 38, 39, 43, 56, 57, 94]]
[116, 2.85174, [0, 1, 3, 4, 9, 10, 12, 13, 27, 31, 32, 38, 40, 46, 47, 57, 99]]
[116, 2.86766, [0, 1, 3, 4, 9, 10, 12, 13, 27, 31, 34, 36, 40, 43, 47, 48, 57]]
[116, 2.86285, [0, 1, 3, 4, 9, 10, 12, 13, 27, 33, 35, 36, 38, 46, 47, 52, 55]]
[116, 2.85665, [0, 1, 3, 4, 9, 10, 12, 13, 27, 33, 35, 36, 38, 46, 47, 52, 74]]
[116, 2.8623, [0, 1, 3, 4, 9, 10, 12, 13, 27, 33, 35, 36, 38, 46, 48, 52, 55]]
[116, 2.86172, [0, 1, 3, 4, 9, 10, 12, 13, 27, 33, 35, 36, 38, 47, 48, 52, 55]]
[116, 2.86219, [0, 1, 3, 4, 9, 10, 12, 13, 27, 33, 35, 36, 40, 46, 48, 49, 55]]
[116, 2.8567, [0, 1, 3, 4, 9, 10, 12, 13, 27, 35, 36, 38, 39, 46, 48, 52, 55]]
[116, 2.85659, [0, 1, 3, 4, 9, 10, 12, 13, 27, 35, 36, 39, 40, 46, 48, 49, 55]]
[116, 2.85356, [0, 1, 3, 4, 9, 10, 12, 13, 27, 35, 36, 39, 40, 47, 49, 52, 56]]
[116, 2.85607, [0, 1, 3, 4, 9, 10, 12, 13, 28, 30, 34, 37, 39, 45, 49, 54, 76]]
[116, 2.86221, [0, 1, 3, 4, 9, 10, 12, 13, 28, 32, 34, 37, 38, 45, 49, 50, 57]]
[116, 2.86525, [0, 1, 3, 4, 9, 10, 12, 13, 28, 33, 35, 36, 40, 41, 48, 50, 51]]
[116, 2.85216, [0, 1, 3, 4, 9, 10, 12, 13, 28, 33, 35, 36, 40, 41, 48, 51, 97]]
[116, 2.86028, [0, 1, 3, 4, 9, 10, 12, 13, 28, 34, 35, 37, 38, 45, 49, 50, 54]]
[116, 2.85978, [0, 1, 3, 4, 9, 10, 12, 13, 28, 34, 35, 37, 38, 45, 49, 51, 54]]
[116, 2.85926, [0, 1, 3, 4, 9, 10, 12, 13, 28, 34, 35, 37, 38, 45, 50, 51, 54]]
[116, 2.88018, [0, 1, 3, 4, 9, 10, 12, 13, 29, 30, 33, 35, 38, 39, 42, 44, 52]]
[116, 2.86008, [0, 1, 3, 4, 9, 10, 12, 13, 29, 30, 33, 35, 38, 42, 44, 52, 97]]
[116, 2.86847, [0, 1, 3, 4, 9, 10, 12, 13, 29, 30, 35, 37, 38, 42, 43, 52, 53]]
[116, 2.86664, [0, 1, 3, 4, 9, 10, 12, 13, 29, 31, 35, 36, 38, 42, 44, 51, 56]]
[116, 2.86043, [0, 1, 3, 4, 9, 10, 12, 13, 29, 31, 35, 36, 42, 44, 47, 51, 56]]
[116, 2.8523, [0, 1, 3, 4, 9, 10, 12, 13, 29, 35, 37, 38, 42, 43, 50, 52, 53]]
[116, 2.851, [0, 1, 3, 4, 9, 10, 12, 13, 29, 35, 37, 38, 42, 43, 50, 52, 56]]
[116, 2.85414, [0, 1, 3, 4, 9, 10, 12, 13, 30, 31, 34, 39, 40, 43, 45, 54, 72]]
[116, 2.85667, [0, 1, 3, 4, 9, 10, 12, 13, 30, 34, 35, 37, 41, 43, 46, 53, 54]]
[116, 2.85311, [0, 1, 3, 4, 9, 10, 12, 13, 30, 34, 35, 37, 41, 46, 49, 53, 54]]
[116, 2.85311, [0, 1, 3, 4, 9, 10, 12, 13, 30, 34, 36, 39, 40, 43, 49, 53, 54]]
[116, 2.85158, [0, 1, 3, 4, 9, 10, 12, 13, 30, 34, 36, 40, 41, 43, 49, 53, 54]]
[116, 2.85461, [0, 1, 3, 4, 9, 10, 12, 13, 31, 32, 34, 35, 42, 44, 47, 48, 73]]
[116, 2.86355, [0, 1, 3, 4, 9, 10, 12, 13, 31, 32, 34, 38, 40, 41, 43, 47, 57]]
[116, 2.85952, [0, 1, 3, 4, 9, 10, 12, 13, 31, 32, 34, 38, 41, 43, 46, 47, 57]]
[116, 2.85043, [0, 1, 3, 4, 9, 10, 12, 13, 31, 32, 34, 39, 40, 43, 45, 57, 72]]
[116, 2.85445, [0, 1, 3, 4, 9, 10, 12, 13, 31, 32, 37, 38, 40, 41, 46, 56, 57]]
[116, 2.85022, [0, 1, 3, 4, 9, 10, 12, 13, 31, 33, 34, 39, 40, 43, 48, 51, 72]]
[116, 2.85159, [0, 1, 3, 4, 9, 10, 12, 13, 31, 35, 36, 38, 42, 44, 47, 51, 54]]
[116, 2.85892, [0, 1, 3, 4, 9, 10, 12, 13, 36, 37, 41, 43, 44, 48, 54, 56, 57, 89]]
[116, 2.85655, [0, 1, 3, 4, 9, 10, 12, 13, 36, 37, 42, 43, 45, 51, 52, 55, 56, 96]]
[116, 2.85793, [0, 1, 3, 4, 9, 11, 12, 16, 26, 30, 33, 35, 38, 39, 42, 47, 53]]
[116, 2.85373, [0, 1, 3, 4, 9, 11, 12, 16, 26, 30, 33, 35, 38, 42, 45, 47, 53]]
[116, 2.86279, [0, 1, 3, 4, 9, 11, 12, 16, 30, 34, 36, 37, 41, 43, 47, 54, 55, 89]]
[116, 2.85165, [0, 1, 3, 4, 9, 11, 12, 16, 30, 34, 36, 37, 41, 43, 47, 55, 89, 96]]
[116, 2.86896, [0, 1, 3, 4, 9, 11, 12, 16, 30, 35, 37, 38, 42, 43, 50, 52, 53, 55]]
[116, 2.85431, [0, 1, 3, 4, 9, 12, 13, 16, 30, 35, 37, 38, 42, 43, 50, 52, 53, 55]]
[116, 2.85378, [0, 1, 3, 4, 10, 11, 13, 14, 29, 30, 34, 35, 37, 42, 52, 53, 97, 98]]
[116, 2.86001, [0, 1, 3, 4, 10, 12, 13, 15, 28, 34, 35, 37, 38, 45, 47, 50, 51, 54]]
[116, 2.85207, [0, 1, 3, 4, 10, 12, 13, 15, 31, 32, 37, 38, 40, 41, 46, 53, 56, 57]]

Search completed in 0 hours, 10 minutes, and 45.95 seconds.  Enter a string to quit.