Enter an integer k for which our Kempner sets are k-free: 3
Enter a positive integer modulus b: 224
Enter estimation parameters, or * for pre-computed parameters ([0.0714, 1.0509, 1.3895]): *
Enter a threshold (e.g. 4.2) to determine printed output: 2.945
Enter a root for the search space (e.g. [0, 1, 2]) [or * for the root [0]]: *
Enter an upper bound for the size of allowable digit sets [or * to ignore]: 34
Enter a maximal number of deviations from a greedy search [or * to ignore]: *
Searching for k-free sets mod b...

[224, 2.96251, [0, 1, 3, 4, 9, 10, 12, 13, 27, 28, 30, 31, 36, 37, 39, 40, 81, 82, 84, 88, 89, 91, 99, 102, 103, 106, 108, 111]]
[224, 2.96146, [0, 1, 3, 4, 9, 10, 12, 13, 27, 28, 30, 31, 36, 37, 39, 40, 81, 82, 85, 86, 92, 95, 97, 100, 106, 107, 110, 111]]
[224, 2.9629, [0, 1, 3, 4, 9, 10, 12, 13, 27, 28, 30, 31, 36, 37, 39, 40, 81, 82, 85, 87, 90, 91, 94, 102, 104, 105, 109, 111]]
[224, 2.96257, [0, 1, 3, 4, 9, 10, 12, 13, 27, 28, 30, 31, 36, 37, 39, 40, 81, 82, 85, 87, 90, 91, 94, 102, 104, 108, 109, 111]]
[224, 2.96144, [0, 1, 3, 4, 9, 10, 12, 13, 27, 28, 30, 31, 36, 37, 39, 40, 81, 83, 84, 86, 93, 94, 98, 99, 106, 108, 109, 111]]
[224, 2.96219, [0, 1, 3, 4, 9, 10, 12, 13, 27, 28, 30, 31, 36, 37, 39, 40, 81, 83, 84, 88, 89, 91, 100, 102, 103, 107, 108, 110]]
[224, 2.96037, [0, 1, 3, 4, 9, 10, 12, 13, 27, 28, 30, 31, 36, 37, 39, 40, 81, 83, 84, 88, 90, 98, 101, 102, 105, 107, 110, 111]]
[224, 2.96137, [0, 1, 3, 4, 9, 10, 12, 13, 27, 28, 30, 31, 36, 37, 39, 40, 81, 83, 86, 87, 90, 92, 100, 102, 105, 106, 109, 111]]
[224, 2.95987, [0, 1, 3, 4, 9, 10, 12, 13, 27, 28, 30, 31, 36, 37, 39, 40, 81, 83, 87, 88, 90, 98, 101, 102, 105, 107, 110, 111]]
[224, 2.96027, [0, 1, 3, 4, 9, 10, 12, 13, 27, 28, 30, 31, 36, 37, 39, 40, 81, 84, 86, 89, 90, 93, 101, 103, 104, 108, 110, 111]]
[224, 2.96051, [0, 1, 3, 4, 9, 10, 12, 13, 27, 28, 30, 31, 36, 37, 39, 40, 82, 84, 85, 89, 90, 92, 101, 103, 104, 108, 109, 111]]
[224, 2.94979, [0, 1, 3, 4, 9, 10, 12, 13, 27, 28, 30, 31, 36, 37, 39, 76, 79, 80, 83, 85, 88, 89, 101, 103, 104, 108, 109, 111]]
[224, 2.94968, [0, 1, 3, 4, 9, 10, 12, 13, 27, 28, 30, 31, 36, 37, 39, 76, 79, 80, 83, 85, 88, 89, 101, 103, 104, 108, 110, 111]]
[224, 2.95017, [0, 1, 3, 4, 9, 10, 12, 13, 27, 28, 30, 31, 36, 37, 39, 76, 79, 80, 83, 85, 88, 92, 98, 102, 103, 107, 109, 110]]
[224, 2.94927, [0, 1, 3, 4, 9, 10, 12, 13, 27, 28, 30, 31, 36, 37, 39, 76, 79, 80, 85, 86, 88, 89, 101, 103, 104, 108, 109, 111]]
[224, 2.94917, [0, 1, 3, 4, 9, 10, 12, 13, 27, 28, 30, 31, 36, 37, 39, 76, 79, 80, 85, 86, 88, 89, 101, 103, 104, 108, 110, 111]]
[224, 2.94832, [0, 1, 3, 4, 9, 10, 12, 13, 27, 28, 30, 31, 36, 37, 39, 76, 79, 80, 86, 87, 89, 97, 100, 101, 104, 106, 109, 110]]
[224, 2.95034, [0, 1, 3, 4, 9, 10, 12, 13, 27, 28, 30, 31, 36, 37, 39, 76, 79, 81, 84, 85, 88, 90, 98, 102, 103, 105, 109, 110]]
[224, 2.95011, [0, 1, 3, 4, 9, 10, 12, 13, 27, 28, 30, 31, 36, 37, 39, 76, 79, 81, 84, 85, 88, 90, 98, 102, 103, 107, 109, 110]]
[224, 2.94611, [0, 1, 3, 4, 9, 10, 12, 13, 27, 28, 30, 31, 36, 37, 39, 76, 79, 83, 84, 88, 96, 98, 101, 102, 105, 107, 110, 111]]
[224, 2.94828, [0, 1, 3, 4, 9, 10, 12, 13, 27, 28, 30, 31, 36, 37, 39, 76, 80, 82, 83, 87, 89, 97, 100, 101, 104, 106, 109, 110]]
[224, 2.94929, [0, 1, 3, 4, 9, 10, 12, 13, 27, 28, 30, 31, 36, 37, 39, 76, 80, 82, 85, 86, 89, 91, 99, 101, 104, 105, 108, 110]]
[224, 2.94839, [0, 1, 3, 4, 9, 10, 12, 13, 27, 28, 30, 31, 36, 37, 39, 76, 80, 82, 85, 86, 89, 91, 99, 103, 104, 108, 110, 111]]
[224, 2.94776, [0, 1, 3, 4, 9, 10, 12, 13, 27, 28, 30, 31, 36, 37, 39, 76, 80, 82, 86, 87, 89, 97, 100, 101, 104, 106, 109, 110]]
[224, 2.94715, [0, 1, 3, 4, 9, 10, 12, 13, 27, 28, 30, 31, 36, 37, 39, 79, 80, 82, 86, 87, 89, 97, 100, 101, 104, 106, 109, 110]]
[224, 2.94756, [0, 1, 3, 4, 9, 10, 12, 13, 27, 28, 30, 31, 36, 37, 39, 79, 80, 83, 85, 88, 89, 92, 100, 102, 103, 107, 109, 110]]
[224, 2.94569, [0, 1, 3, 4, 9, 10, 12, 13, 27, 28, 30, 31, 36, 37, 39, 80, 81, 84, 86, 89, 90, 93, 101, 103, 104, 108, 110, 111]]
[224, 2.94635, [0, 1, 3, 4, 9, 10, 12, 13, 27, 28, 30, 31, 36, 38, 39, 79, 80, 82, 86, 87, 89, 97, 100, 101, 104, 106, 109, 110]]
[224, 2.94676, [0, 1, 3, 4, 9, 10, 12, 13, 27, 28, 30, 31, 36, 38, 39, 79, 80, 83, 85, 88, 89, 92, 100, 102, 103, 107, 109, 110]]
[224, 2.94979, [0, 1, 3, 4, 9, 10, 12, 13, 27, 28, 30, 31, 36, 39, 40, 64, 81, 82, 85, 87, 90, 91, 94, 102, 104, 105, 109, 111]]
[224, 2.94946, [0, 1, 3, 4, 9, 10, 12, 13, 27, 28, 30, 31, 36, 39, 40, 64, 81, 82, 85, 87, 90, 91, 94, 102, 104, 108, 109, 111]]
[224, 2.95728, [0, 1, 3, 4, 9, 10, 12, 13, 27, 28, 30, 34, 36, 37, 39, 49, 76, 80, 81, 83, 87, 92, 99, 100, 102, 107, 109, 110]]
[224, 2.94663, [0, 1, 3, 4, 9, 10, 12, 13, 27, 28, 30, 34, 36, 37, 39, 76, 79, 80, 83, 85, 88, 89, 101, 103, 104, 108, 109, 111]]
[224, 2.94652, [0, 1, 3, 4, 9, 10, 12, 13, 27, 28, 30, 34, 36, 37, 39, 76, 79, 80, 83, 85, 88, 89, 101, 103, 104, 108, 110, 111]]
[224, 2.94701, [0, 1, 3, 4, 9, 10, 12, 13, 27, 28, 30, 34, 36, 37, 39, 76, 79, 80, 83, 85, 88, 92, 98, 102, 103, 107, 109, 110]]
[224, 2.94611, [0, 1, 3, 4, 9, 10, 12, 13, 27, 28, 30, 34, 36, 37, 39, 76, 79, 80, 85, 86, 88, 89, 101, 103, 104, 108, 109, 111]]
[224, 2.94601, [0, 1, 3, 4, 9, 10, 12, 13, 27, 28, 30, 34, 36, 37, 39, 76, 79, 80, 85, 86, 88, 89, 101, 103, 104, 108, 110, 111]]
[224, 2.94718, [0, 1, 3, 4, 9, 10, 12, 13, 27, 28, 30, 34, 36, 37, 39, 76, 79, 81, 84, 85, 88, 90, 98, 102, 103, 105, 109, 110]]
[224, 2.94695, [0, 1, 3, 4, 9, 10, 12, 13, 27, 28, 30, 34, 36, 37, 39, 76, 79, 81, 84, 85, 88, 90, 98, 102, 103, 107, 109, 110]]
[224, 2.94613, [0, 1, 3, 4, 9, 10, 12, 13, 27, 28, 30, 34, 36, 37, 39, 76, 80, 82, 85, 86, 89, 91, 99, 101, 104, 105, 108, 110]]

Search completed in 8 hours, 13 minutes, and 20.717 seconds.  Enter a string to quit.