Enter an integer k for which our Kempner sets are k-free: 3
Enter a positive integer modulus b: 103
Enter estimation parameters, or * for pre-computed parameters ([0.0834, 1.0797, 1.3955]): *
Enter a threshold (e.g. 4.2) to determine printed output: 2.87
Enter a root for the search space (e.g. [0, 1, 2]) [or * for the root [0]]: *
Enter an upper bound for the size of allowable digit sets [or * to ignore]: *
Enter a maximal number of deviations from a greedy search [or * to ignore]: *
Searching for k-free sets mod b...

[103, 2.90438, [0, 1, 3, 4, 9, 10, 12, 13, 27, 28, 30, 31, 36, 37, 39, 40]]
[103, 2.8834, [0, 1, 3, 4, 9, 10, 12, 13, 27, 28, 30, 31, 37, 38, 40, 88]]
[103, 2.89507, [0, 1, 3, 4, 9, 10, 12, 13, 27, 28, 30, 34, 36, 37, 39, 49]]
[103, 2.88962, [0, 1, 3, 4, 9, 10, 12, 13, 27, 28, 30, 36, 37, 39, 40, 49]]
[103, 2.89461, [0, 1, 3, 4, 9, 10, 12, 13, 27, 28, 31, 33, 36, 37, 40, 48]]
[103, 2.88888, [0, 1, 3, 4, 9, 10, 12, 13, 27, 28, 31, 36, 37, 39, 40, 48]]
[103, 2.88571, [0, 1, 3, 4, 9, 10, 12, 13, 27, 28, 32, 34, 35, 39, 48, 49]]
[103, 2.88531, [0, 1, 3, 4, 9, 10, 12, 13, 27, 28, 33, 34, 36, 37, 48, 49]]
[103, 2.88176, [0, 1, 3, 4, 9, 10, 12, 13, 27, 28, 33, 35, 36, 40, 48, 49]]
[103, 2.87986, [0, 1, 3, 4, 9, 10, 12, 13, 27, 28, 33, 36, 37, 40, 48, 49]]
[103, 2.87957, [0, 1, 3, 4, 9, 10, 12, 13, 27, 28, 34, 36, 37, 39, 48, 49]]
[103, 2.87602, [0, 1, 3, 4, 9, 10, 12, 13, 27, 28, 35, 36, 39, 40, 48, 49]]
[103, 2.87412, [0, 1, 3, 4, 9, 10, 12, 13, 27, 28, 36, 37, 39, 40, 48, 49]]
[103, 2.87127, [0, 1, 3, 4, 9, 10, 12, 13, 27, 29, 32, 34, 38, 40, 43, 88]]
[103, 2.89208, [0, 1, 3, 4, 9, 10, 12, 13, 27, 30, 31, 34, 36, 39, 40, 43]]
[103, 2.88794, [0, 1, 3, 4, 9, 10, 12, 13, 27, 30, 31, 34, 36, 39, 43, 46]]
[103, 2.88721, [0, 1, 3, 4, 9, 10, 12, 13, 27, 30, 31, 36, 37, 39, 40, 46]]
[103, 2.88156, [0, 1, 3, 4, 9, 10, 12, 13, 27, 30, 34, 36, 37, 39, 43, 46]]
[103, 2.87791, [0, 1, 3, 4, 9, 10, 12, 13, 27, 30, 34, 36, 37, 39, 46, 49]]
[103, 2.87732, [0, 1, 3, 4, 9, 10, 12, 13, 27, 30, 34, 36, 39, 40, 43, 49]]
[103, 2.87245, [0, 1, 3, 4, 9, 10, 12, 13, 27, 30, 36, 37, 39, 40, 46, 49]]
[103, 2.9186, [0, 1, 3, 4, 9, 10, 12, 13, 27, 31, 32, 34, 38, 40, 43, 47, 88]]
[103, 2.87809, [0, 1, 3, 4, 9, 10, 12, 13, 27, 31, 32, 34, 38, 43, 46, 47]]
[103, 2.87609, [0, 1, 3, 4, 9, 10, 12, 13, 27, 31, 32, 36, 38, 43, 46, 47]]
[103, 2.88232, [0, 1, 3, 4, 9, 10, 12, 13, 27, 31, 33, 34, 36, 40, 43, 48]]
[103, 2.87875, [0, 1, 3, 4, 9, 10, 12, 13, 27, 31, 33, 34, 36, 43, 46, 47]]
[103, 2.87818, [0, 1, 3, 4, 9, 10, 12, 13, 27, 31, 33, 34, 36, 43, 46, 48]]
[103, 2.87758, [0, 1, 3, 4, 9, 10, 12, 13, 27, 31, 33, 34, 36, 43, 47, 48]]
[103, 2.87745, [0, 1, 3, 4, 9, 10, 12, 13, 27, 31, 33, 36, 37, 40, 46, 48]]
[103, 2.87564, [0, 1, 3, 4, 9, 10, 12, 13, 27, 31, 33, 37, 38, 40, 46, 48]]
[103, 2.87658, [0, 1, 3, 4, 9, 10, 12, 13, 27, 31, 34, 36, 39, 40, 43, 48]]
[103, 2.87244, [0, 1, 3, 4, 9, 10, 12, 13, 27, 31, 34, 36, 39, 43, 46, 48]]
[103, 2.90729, [0, 1, 3, 4, 9, 10, 12, 13, 27, 31, 34, 36, 40, 43, 47, 48, 88]]
[103, 2.89646, [0, 1, 3, 4, 9, 10, 12, 13, 27, 31, 34, 36, 40, 47, 48, 66, 88]]
[103, 2.87171, [0, 1, 3, 4, 9, 10, 12, 13, 27, 31, 36, 37, 39, 40, 46, 48]]
[103, 2.87285, [0, 1, 3, 4, 9, 10, 12, 13, 27, 32, 33, 35, 36, 46, 47, 49]]
[103, 2.87228, [0, 1, 3, 4, 9, 10, 12, 13, 27, 32, 33, 35, 36, 46, 48, 49]]
[103, 2.87326, [0, 1, 3, 4, 9, 10, 12, 13, 27, 32, 34, 35, 39, 40, 47, 49]]
[103, 2.8718, [0, 1, 3, 4, 9, 10, 12, 13, 27, 33, 34, 36, 37, 43, 46, 48]]
[103, 2.89547, [0, 1, 3, 4, 9, 10, 12, 13, 28, 29, 31, 32, 37, 38, 40, 41]]
[103, 2.87787, [0, 1, 3, 4, 9, 10, 12, 13, 28, 29, 31, 32, 37, 38, 40, 88]]
[103, 2.8773, [0, 1, 3, 4, 9, 10, 12, 13, 28, 29, 31, 32, 37, 38, 41, 87]]
[103, 2.87606, [0, 1, 3, 4, 9, 10, 12, 13, 28, 29, 31, 32, 37, 40, 41, 85]]
[103, 2.89225, [0, 1, 3, 4, 9, 10, 12, 13, 28, 29, 31, 32, 38, 39, 41, 42]]
[103, 2.87539, [0, 1, 3, 4, 9, 10, 12, 13, 28, 29, 31, 32, 38, 40, 41, 84]]
[103, 2.87686, [0, 1, 3, 4, 9, 10, 12, 13, 28, 29, 33, 34, 36, 41, 50, 51]]
[103, 2.87623, [0, 1, 3, 4, 9, 10, 12, 13, 28, 29, 34, 35, 37, 38, 50, 51]]
[103, 2.87774, [0, 1, 3, 4, 9, 10, 12, 13, 28, 29, 34, 36, 37, 41, 42, 51]]
[103, 2.87285, [0, 1, 3, 4, 9, 10, 12, 13, 28, 29, 34, 36, 37, 41, 50, 51]]
[103, 2.87104, [0, 1, 3, 4, 9, 10, 12, 13, 28, 29, 34, 37, 38, 41, 50, 51]]
[103, 2.89137, [0, 1, 3, 4, 9, 10, 12, 13, 28, 30, 31, 33, 37, 39, 40, 42]]
[103, 2.88705, [0, 1, 3, 4, 9, 10, 12, 13, 28, 30, 31, 33, 37, 40, 42, 45]]
[103, 2.88627, [0, 1, 3, 4, 9, 10, 12, 13, 28, 30, 31, 36, 37, 39, 40, 45]]
[103, 2.88207, [0, 1, 3, 4, 9, 10, 12, 13, 28, 30, 33, 34, 37, 39, 42, 49]]
[103, 2.87775, [0, 1, 3, 4, 9, 10, 12, 13, 28, 30, 33, 34, 37, 42, 45, 49]]
[103, 2.87661, [0, 1, 3, 4, 9, 10, 12, 13, 28, 30, 33, 37, 39, 40, 42, 49]]
[103, 2.8723, [0, 1, 3, 4, 9, 10, 12, 13, 28, 30, 33, 37, 40, 42, 45, 49]]
[103, 2.87696, [0, 1, 3, 4, 9, 10, 12, 13, 28, 30, 34, 36, 37, 39, 45, 49]]
[103, 2.87505, [0, 1, 3, 4, 9, 10, 12, 13, 28, 30, 35, 36, 38, 39, 45, 49]]
[103, 2.87151, [0, 1, 3, 4, 9, 10, 12, 13, 28, 30, 36, 37, 39, 40, 45, 49]]
[103, 2.88031, [0, 1, 3, 4, 9, 10, 12, 13, 28, 31, 33, 36, 37, 40, 42, 45]]
[103, 2.87651, [0, 1, 3, 4, 9, 10, 12, 13, 28, 31, 33, 36, 37, 40, 45, 48]]
[103, 2.87491, [0, 1, 3, 4, 9, 10, 12, 13, 28, 31, 33, 36, 37, 40, 45, 51]]
[103, 2.87312, [0, 1, 3, 4, 9, 10, 12, 13, 28, 31, 33, 36, 37, 40, 48, 51]]
[103, 2.87588, [0, 1, 3, 4, 9, 10, 12, 13, 28, 31, 33, 37, 39, 40, 42, 48]]
[103, 2.87047, [0, 1, 3, 4, 9, 10, 12, 13, 28, 31, 33, 37, 39, 40, 48, 51]]
[103, 2.87077, [0, 1, 3, 4, 9, 10, 12, 13, 28, 31, 36, 37, 39, 40, 45, 48]]
[103, 2.87101, [0, 1, 3, 4, 9, 10, 12, 13, 28, 33, 34, 36, 37, 42, 45, 49]]
[103, 2.91363, [0, 1, 3, 4, 9, 10, 12, 13, 28, 33, 35, 36, 40, 41, 48, 50, 51]]
[103, 2.90125, [0, 1, 3, 4, 9, 10, 12, 13, 28, 33, 35, 36, 40, 41, 50, 51, 84]]
[103, 2.89219, [0, 1, 3, 4, 9, 10, 12, 13, 28, 33, 35, 40, 41, 48, 50, 51, 85]]
[103, 2.88813, [0, 1, 3, 4, 9, 10, 12, 13, 28, 35, 37, 40, 41, 48, 50, 51, 85]]
[103, 2.88705, [0, 1, 3, 4, 9, 10, 12, 13, 29, 30, 32, 33, 38, 39, 41, 42]]
[103, 2.88397, [0, 1, 3, 4, 9, 10, 12, 13, 29, 30, 32, 33, 39, 40, 42, 43]]
[103, 2.8826, [0, 1, 3, 4, 9, 10, 12, 13, 29, 30, 32, 33, 39, 40, 43, 44]]
[103, 2.88253, [0, 1, 3, 4, 9, 10, 12, 13, 29, 30, 32, 33, 39, 41, 42, 44]]
[103, 2.88103, [0, 1, 3, 4, 9, 10, 12, 13, 29, 30, 32, 33, 40, 41, 43, 44]]
[103, 2.8788, [0, 1, 3, 4, 9, 10, 12, 13, 29, 30, 33, 34, 40, 41, 43, 44]]
[103, 2.88168, [0, 1, 3, 4, 9, 10, 12, 13, 29, 30, 33, 35, 38, 39, 42, 44]]
[103, 2.88317, [0, 1, 3, 4, 9, 10, 12, 13, 29, 31, 32, 34, 38, 40, 41, 43]]
[103, 2.87865, [0, 1, 3, 4, 9, 10, 12, 13, 29, 31, 32, 34, 40, 41, 43, 44]]
[103, 2.87679, [0, 1, 3, 4, 9, 10, 12, 13, 29, 31, 32, 34, 40, 41, 43, 47]]
[103, 2.87606, [0, 1, 3, 4, 9, 10, 12, 13, 29, 31, 32, 34, 40, 42, 43, 47]]
[103, 2.87469, [0, 1, 3, 4, 9, 10, 12, 13, 29, 31, 32, 34, 40, 43, 44, 47]]
[103, 2.8778, [0, 1, 3, 4, 9, 10, 12, 13, 29, 31, 34, 35, 38, 40, 43, 44]]
[103, 2.8728, [0, 1, 3, 4, 9, 10, 12, 13, 29, 31, 34, 35, 40, 42, 43, 47]]
[103, 2.87143, [0, 1, 3, 4, 9, 10, 12, 13, 29, 31, 34, 35, 40, 43, 44, 47]]
[103, 2.90082, [0, 1, 3, 4, 9, 10, 12, 13, 29, 31, 34, 36, 42, 44, 47, 51, 86]]
[103, 2.87907, [0, 1, 3, 4, 9, 10, 12, 13, 30, 31, 33, 34, 39, 40, 42, 43]]
[103, 2.87637, [0, 1, 3, 4, 9, 10, 12, 13, 30, 31, 33, 34, 39, 41, 42, 46]]
[103, 2.87494, [0, 1, 3, 4, 9, 10, 12, 13, 30, 31, 33, 34, 39, 42, 43, 46]]
[103, 2.87613, [0, 1, 3, 4, 9, 10, 12, 13, 30, 31, 33, 34, 40, 41, 43, 44]]
[103, 2.87482, [0, 1, 3, 4, 9, 10, 12, 13, 30, 31, 33, 34, 40, 41, 44, 45]]
[103, 2.87476, [0, 1, 3, 4, 9, 10, 12, 13, 30, 31, 33, 34, 40, 42, 43, 45]]
[103, 2.87332, [0, 1, 3, 4, 9, 10, 12, 13, 30, 31, 33, 34, 41, 42, 44, 45]]
[103, 2.87205, [0, 1, 3, 4, 9, 10, 12, 13, 30, 31, 33, 34, 41, 42, 45, 46]]
[103, 2.872, [0, 1, 3, 4, 9, 10, 12, 13, 30, 31, 33, 34, 41, 43, 44, 46]]
[103, 2.87062, [0, 1, 3, 4, 9, 10, 12, 13, 30, 31, 33, 34, 42, 43, 45, 46]]
[103, 2.87421, [0, 1, 3, 4, 9, 10, 12, 13, 30, 31, 33, 37, 39, 40, 42, 46]]
[103, 2.87121, [0, 1, 3, 4, 9, 10, 12, 13, 30, 31, 34, 35, 41, 42, 44, 45]]
[103, 2.87397, [0, 1, 3, 4, 9, 10, 12, 13, 30, 31, 34, 36, 39, 40, 43, 45]]
[103, 2.87539, [0, 1, 3, 4, 9, 10, 12, 13, 30, 32, 33, 35, 39, 41, 42, 44]]
[103, 2.87108, [0, 1, 3, 4, 9, 10, 12, 13, 30, 32, 33, 35, 41, 42, 44, 45]]
[103, 2.87029, [0, 1, 3, 4, 9, 10, 12, 13, 30, 32, 35, 36, 39, 41, 44, 45]]
[103, 2.87152, [0, 1, 3, 4, 9, 10, 12, 13, 31, 32, 34, 35, 40, 41, 43, 44]]
[103, 2.88995, [0, 1, 3, 4, 9, 10, 12, 13, 31, 33, 37, 39, 40, 46, 48, 51, 85]]
[103, 2.87948, [0, 1, 3, 4, 9, 10, 12, 13, 33, 34, 38, 39, 46, 47, 50, 51, 86]]
[103, 2.88297, [0, 1, 3, 4, 9, 11, 12, 16, 26, 33, 34, 37, 38, 44, 46, 47, 86]]
[103, 2.87045, [0, 1, 3, 4, 9, 11, 12, 16, 26, 33, 34, 37, 38, 44, 46, 82, 86]]
[103, 2.89511, [0, 1, 3, 4, 10, 11, 13, 14, 29, 31, 32, 34, 38, 40, 41, 43, 56]]
[103, 2.89093, [0, 1, 3, 4, 10, 11, 13, 14, 29, 31, 32, 34, 38, 41, 43, 46, 56]]
[103, 2.87092, [0, 1, 3, 4, 10, 11, 13, 14, 29, 31, 32, 34, 41, 43, 46, 56, 87]]
[103, 2.89019, [0, 1, 3, 4, 10, 11, 13, 14, 29, 31, 32, 37, 38, 40, 41, 46, 56]]
[103, 2.87324, [0, 1, 3, 4, 10, 11, 13, 14, 29, 31, 32, 37, 38, 40, 46, 56, 84]]
[103, 2.88088, [0, 1, 3, 4, 10, 11, 13, 14, 29, 31, 34, 38, 40, 41, 43, 50, 56]]
[103, 2.8767, [0, 1, 3, 4, 10, 11, 13, 14, 29, 31, 34, 38, 41, 43, 46, 50, 56]]
[103, 2.8728, [0, 1, 3, 4, 10, 11, 13, 14, 29, 31, 35, 37, 38, 40, 46, 50, 84]]
[103, 2.87596, [0, 1, 3, 4, 10, 11, 13, 14, 29, 31, 37, 38, 40, 41, 46, 50, 56]]
[103, 2.88448, [0, 1, 3, 4, 10, 11, 13, 14, 29, 32, 34, 37, 38, 41, 43, 46, 56]]
[103, 2.87389, [0, 1, 3, 4, 10, 11, 13, 14, 30, 32, 35, 36, 39, 41, 44, 45, 83]]
[103, 2.87188, [0, 1, 3, 4, 10, 12, 13, 15, 28, 32, 34, 35, 37, 45, 47, 48, 50]]

Search completed in 0 hours, 2 minutes, and 20.319 seconds.  Enter a string to quit.