Enter an integer k for which our Kempner sets are k-free: 3
Enter a positive integer modulus b: 155
Enter estimation parameters, or * for pre-computed parameters ([0.0751, 1.0671, 1.3762]): *
Enter a threshold (e.g. 4.2) to determine printed output: 2.85
Enter a root for the search space (e.g. [0, 1, 2]) [or * for the root [0]]: *
Enter an upper bound for the size of allowable digit sets [or * to ignore]: *
Enter a maximal number of deviations from a greedy search [or * to ignore]: *
Searching for k-free sets mod b...

[155, 2.85471, [0, 1, 3, 4, 9, 10, 12, 13, 27, 28, 30, 31, 36, 64, 65, 67, 73, 74, 76, 77]]
[155, 2.85442, [0, 1, 3, 4, 9, 10, 12, 13, 27, 28, 30, 31, 36, 64, 66, 67, 73, 74, 76, 77]]
[155, 2.86247, [0, 1, 3, 4, 9, 10, 12, 13, 27, 28, 30, 34, 35, 39, 62, 63, 72, 73, 76, 104]]
[155, 2.85381, [0, 1, 3, 4, 9, 10, 12, 13, 27, 28, 30, 34, 36, 49, 61, 66, 74, 75, 77, 103]]
[155, 2.85359, [0, 1, 3, 4, 9, 10, 12, 13, 27, 28, 30, 34, 36, 61, 73, 74, 77, 103, 111, 117, 140]]
[155, 2.85722, [0, 1, 3, 4, 9, 10, 12, 13, 27, 28, 30, 35, 36, 49, 64, 65, 73, 74, 76, 77]]
[155, 2.85206, [0, 1, 3, 4, 9, 10, 12, 13, 27, 28, 30, 36, 40, 49, 61, 64, 66, 74, 75, 103]]
[155, 2.85791, [0, 1, 3, 4, 9, 10, 12, 13, 27, 28, 31, 33, 36, 48, 64, 67, 73, 74, 76, 77]]
[155, 2.85035, [0, 1, 3, 4, 9, 10, 12, 13, 27, 28, 31, 33, 36, 48, 67, 70, 74, 75, 77, 110]]
[155, 2.86693, [0, 1, 3, 4, 9, 10, 12, 13, 27, 28, 32, 33, 35, 48, 49, 59, 72, 73, 75, 76]]
[155, 2.86648, [0, 1, 3, 4, 9, 10, 12, 13, 27, 28, 32, 33, 35, 48, 49, 59, 72, 73, 76, 77]]
[155, 2.86647, [0, 1, 3, 4, 9, 10, 12, 13, 27, 28, 32, 33, 35, 48, 49, 59, 72, 74, 75, 77]]
[155, 2.86601, [0, 1, 3, 4, 9, 10, 12, 13, 27, 28, 32, 33, 35, 48, 49, 59, 73, 74, 76, 77]]
[155, 2.85358, [0, 1, 3, 4, 9, 10, 12, 13, 27, 28, 32, 33, 48, 49, 58, 59, 72, 73, 75, 76]]
[155, 2.85314, [0, 1, 3, 4, 9, 10, 12, 13, 27, 28, 32, 33, 48, 49, 58, 59, 72, 73, 76, 77]]
[155, 2.85313, [0, 1, 3, 4, 9, 10, 12, 13, 27, 28, 32, 33, 48, 49, 58, 59, 72, 74, 75, 77]]
[155, 2.85266, [0, 1, 3, 4, 9, 10, 12, 13, 27, 28, 32, 33, 48, 49, 58, 59, 73, 74, 76, 77]]
[155, 2.86192, [0, 1, 3, 4, 9, 10, 12, 13, 27, 28, 32, 33, 48, 49, 58, 59, 76, 77, 101, 137, 138]]
[155, 2.85483, [0, 1, 3, 4, 9, 10, 12, 13, 27, 28, 32, 34, 35, 48, 49, 73, 74, 76, 77, 110]]
[155, 2.85131, [0, 1, 3, 4, 9, 10, 12, 13, 27, 28, 32, 34, 48, 73, 74, 104, 110, 111, 117, 122, 126, 132]]
[155, 2.86041, [0, 1, 3, 4, 9, 10, 12, 13, 27, 28, 33, 35, 36, 48, 49, 64, 73, 74, 76, 77]]
[155, 2.85234, [0, 1, 3, 4, 9, 10, 12, 13, 27, 28, 33, 35, 36, 48, 49, 64, 73, 74, 76, 141]]
[155, 2.85052, [0, 1, 3, 4, 9, 10, 12, 13, 27, 28, 33, 35, 36, 48, 49, 73, 74, 76, 77, 123]]
[155, 2.86287, [0, 1, 3, 4, 9, 10, 12, 13, 27, 28, 33, 35, 40, 48, 49, 59, 64, 72, 73, 75]]
[155, 2.86264, [0, 1, 3, 4, 9, 10, 12, 13, 27, 28, 33, 35, 40, 48, 49, 59, 64, 72, 74, 75]]
[155, 2.86355, [0, 1, 3, 4, 9, 10, 12, 13, 27, 28, 33, 35, 48, 49, 59, 72, 73, 76, 77, 110, 123]]
[155, 2.86307, [0, 1, 3, 4, 9, 10, 12, 13, 27, 28, 33, 35, 48, 49, 59, 73, 74, 76, 77, 110, 123]]
[155, 2.85925, [0, 1, 3, 4, 9, 10, 12, 13, 27, 28, 33, 40, 58, 59, 61, 73, 75, 101, 125, 126, 131, 132]]
[155, 2.85076, [0, 1, 3, 4, 9, 10, 12, 13, 27, 29, 32, 33, 36, 38, 74, 104, 106, 114, 118, 120, 133]]
[155, 2.85249, [0, 1, 3, 4, 9, 10, 12, 13, 27, 29, 35, 39, 47, 52, 56, 62, 64, 71, 131, 135, 137]]
[155, 2.86379, [0, 1, 3, 4, 9, 10, 12, 13, 27, 31, 32, 34, 38, 46, 47, 57, 69, 70, 74, 77]]
[155, 2.85649, [0, 1, 3, 4, 9, 10, 12, 13, 27, 31, 32, 34, 38, 46, 48, 57, 70, 71, 74, 120]]
[155, 2.87269, [0, 1, 3, 4, 9, 10, 12, 13, 27, 31, 32, 34, 46, 47, 57, 66, 70, 72, 73, 77, 138]]
[155, 2.872, [0, 1, 3, 4, 9, 10, 12, 13, 27, 31, 32, 34, 46, 47, 57, 66, 70, 72, 76, 77, 138]]
[155, 2.87125, [0, 1, 3, 4, 9, 10, 12, 13, 27, 31, 32, 34, 46, 47, 57, 66, 72, 73, 76, 77, 138]]
[155, 2.85909, [0, 1, 3, 4, 9, 10, 12, 13, 27, 31, 32, 34, 47, 57, 66, 70, 72, 73, 77, 92, 138]]
[155, 2.8584, [0, 1, 3, 4, 9, 10, 12, 13, 27, 31, 32, 34, 47, 57, 66, 70, 72, 76, 77, 92, 138]]
[155, 2.85027, [0, 1, 3, 4, 9, 10, 12, 13, 27, 31, 32, 34, 47, 57, 66, 70, 73, 77, 92, 135, 138]]
[155, 2.85765, [0, 1, 3, 4, 9, 10, 12, 13, 27, 31, 32, 34, 47, 57, 66, 72, 73, 76, 77, 92, 138]]
[155, 2.8621, [0, 1, 3, 4, 9, 10, 12, 13, 27, 31, 32, 36, 38, 39, 43, 56, 57, 70, 92, 133]]
[155, 2.85322, [0, 1, 3, 4, 9, 10, 12, 13, 27, 31, 32, 36, 38, 46, 48, 57, 70, 74, 77, 120]]
[155, 2.85274, [0, 1, 3, 4, 9, 10, 12, 13, 27, 31, 32, 36, 38, 56, 57, 70, 77, 92, 115, 120, 133]]
[155, 2.85361, [0, 1, 3, 4, 9, 10, 12, 13, 27, 31, 32, 36, 43, 47, 48, 56, 57, 70, 75, 135]]
[155, 2.85066, [0, 1, 3, 4, 9, 10, 12, 13, 27, 31, 32, 36, 43, 47, 48, 56, 66, 70, 75, 135]]
[155, 2.85993, [0, 1, 3, 4, 9, 10, 12, 13, 27, 31, 32, 36, 46, 48, 66, 67, 70, 76, 77, 110, 138]]
[155, 2.85411, [0, 1, 3, 4, 9, 10, 12, 13, 27, 31, 32, 36, 46, 48, 66, 67, 73, 74, 104, 118, 140]]
[155, 2.8572, [0, 1, 3, 4, 9, 10, 12, 13, 27, 31, 32, 36, 47, 48, 56, 66, 73, 74, 104, 118, 140]]
[155, 2.86217, [0, 1, 3, 4, 9, 10, 12, 13, 27, 31, 32, 36, 47, 56, 57, 66, 70, 73, 77, 92, 138]]
[155, 2.8573, [0, 1, 3, 4, 9, 10, 12, 13, 27, 31, 32, 36, 47, 56, 57, 66, 70, 73, 77, 135, 138]]
[155, 2.85376, [0, 1, 3, 4, 9, 10, 12, 13, 27, 31, 32, 36, 47, 56, 57, 66, 70, 77, 92, 133, 138]]
[155, 2.85354, [0, 1, 3, 4, 9, 10, 12, 13, 27, 31, 32, 36, 47, 57, 65, 66, 70, 76, 77, 135, 138]]
[155, 2.86332, [0, 1, 3, 4, 9, 10, 12, 13, 27, 32, 33, 35, 36, 46, 47, 49, 73, 74, 76, 77]]
[155, 2.86279, [0, 1, 3, 4, 9, 10, 12, 13, 27, 32, 33, 35, 36, 46, 48, 49, 73, 74, 76, 77]]
[155, 2.85032, [0, 1, 3, 4, 9, 10, 12, 13, 27, 32, 34, 35, 39, 40, 47, 49, 73, 92, 105, 109]]
[155, 2.86673, [0, 1, 3, 4, 9, 10, 12, 13, 27, 32, 34, 35, 40, 47, 49, 72, 73, 75, 92, 105, 113]]
[155, 2.85959, [0, 1, 3, 4, 9, 10, 12, 13, 27, 34, 35, 39, 46, 47, 52, 62, 63, 71, 76, 131, 137]]
[155, 2.85341, [0, 1, 3, 4, 9, 10, 12, 13, 28, 29, 31, 32, 41, 42, 65, 67, 68, 76, 77, 91]]
[155, 2.85136, [0, 1, 3, 4, 9, 10, 12, 13, 28, 29, 32, 33, 39, 41, 42, 67, 76, 91, 107, 109]]
[155, 2.85246, [0, 1, 3, 4, 9, 10, 12, 13, 28, 29, 33, 34, 36, 41, 42, 61, 77, 91, 107, 117]]
[155, 2.85184, [0, 1, 3, 4, 9, 10, 12, 13, 28, 29, 33, 34, 36, 50, 51, 61, 70, 76, 77, 115]]
[155, 2.85477, [0, 1, 3, 4, 9, 10, 12, 13, 28, 29, 33, 36, 41, 42, 61, 77, 91, 95, 107, 111, 117]]
[155, 2.85938, [0, 1, 3, 4, 9, 10, 12, 13, 28, 29, 33, 36, 41, 42, 67, 76, 77, 91, 95, 107, 109]]
[155, 2.8588, [0, 1, 3, 4, 9, 10, 12, 13, 28, 29, 34, 36, 37, 41, 42, 51, 76, 77, 91, 107]]
[155, 2.85327, [0, 1, 3, 4, 9, 10, 12, 13, 28, 29, 34, 36, 37, 41, 42, 51, 77, 91, 107, 111]]
[155, 2.8503, [0, 1, 3, 4, 9, 10, 12, 13, 28, 29, 34, 36, 41, 42, 61, 77, 91, 107, 111, 117, 124]]
[155, 2.85451, [0, 1, 3, 4, 9, 10, 12, 13, 28, 29, 36, 37, 41, 42, 50, 51, 67, 76, 77, 95]]
[155, 2.86897, [0, 1, 3, 4, 9, 10, 12, 13, 28, 29, 36, 37, 41, 42, 51, 67, 76, 77, 91, 95, 107]]
[155, 2.85561, [0, 1, 3, 4, 9, 10, 12, 13, 28, 29, 36, 37, 41, 42, 67, 76, 77, 91, 95, 107, 109]]
[155, 2.85097, [0, 1, 3, 4, 9, 10, 12, 13, 28, 29, 36, 38, 42, 51, 61, 65, 77, 91, 95, 107, 138]]
[155, 2.855, [0, 1, 3, 4, 9, 10, 12, 13, 28, 29, 36, 41, 42, 51, 65, 67, 76, 77, 91, 95, 107]]
[155, 2.86327, [0, 1, 3, 4, 9, 10, 12, 13, 28, 29, 36, 42, 50, 51, 61, 65, 67, 70, 76, 77, 95]]
[155, 2.8537, [0, 1, 3, 4, 9, 10, 12, 13, 28, 29, 36, 42, 50, 51, 61, 65, 67, 76, 77, 95, 138]]
[155, 2.85315, [0, 1, 3, 4, 9, 10, 12, 13, 28, 30, 31, 35, 41, 45, 63, 64, 68, 71, 75, 76]]
[155, 2.85632, [0, 1, 3, 4, 9, 10, 12, 13, 28, 30, 31, 39, 45, 54, 64, 67, 71, 72, 76, 123, 137]]
[155, 2.8517, [0, 1, 3, 4, 9, 10, 12, 13, 28, 30, 31, 41, 42, 65, 67, 68, 76, 77, 91, 101, 109]]
[155, 2.85492, [0, 1, 3, 4, 9, 10, 12, 13, 28, 30, 33, 35, 39, 49, 64, 71, 72, 76, 121, 123, 137]]
[155, 2.85089, [0, 1, 3, 4, 9, 10, 12, 13, 28, 30, 33, 35, 45, 49, 64, 71, 72, 76, 121, 123, 137]]
[155, 2.85652, [0, 1, 3, 4, 9, 10, 12, 13, 28, 30, 33, 40, 42, 45, 61, 69, 73, 91, 95, 107, 111]]
[155, 2.85118, [0, 1, 3, 4, 9, 10, 12, 13, 28, 30, 34, 35, 39, 45, 49, 54, 71, 72, 76, 137]]
[155, 2.85131, [0, 1, 3, 4, 9, 10, 12, 13, 28, 30, 34, 35, 49, 54, 62, 71, 72, 76, 77, 136, 137]]
[155, 2.85884, [0, 1, 3, 4, 9, 10, 12, 13, 28, 30, 35, 39, 45, 49, 54, 64, 71, 72, 76, 123, 137]]
[155, 2.86051, [0, 1, 3, 4, 9, 10, 12, 13, 28, 30, 36, 40, 41, 45, 61, 65, 74, 75, 91, 95, 111]]
[155, 2.86433, [0, 1, 3, 4, 9, 10, 12, 13, 28, 30, 38, 41, 42, 49, 58, 61, 62, 65, 77, 91, 136]]
[155, 2.8599, [0, 1, 3, 4, 9, 10, 12, 13, 28, 30, 38, 41, 42, 49, 58, 61, 62, 65, 77, 128, 136]]
[155, 2.85166, [0, 1, 3, 4, 9, 10, 12, 13, 28, 32, 33, 35, 41, 45, 48, 59, 71, 74, 76, 91]]
[155, 2.85096, [0, 1, 3, 4, 9, 10, 12, 13, 28, 32, 33, 35, 45, 48, 49, 59, 71, 72, 74, 75]]
[155, 2.8505, [0, 1, 3, 4, 9, 10, 12, 13, 28, 32, 33, 35, 45, 48, 49, 59, 71, 72, 75, 76]]
[155, 2.86099, [0, 1, 3, 4, 9, 10, 12, 13, 28, 32, 33, 37, 40, 45, 49, 69, 75, 91, 103, 109, 111]]
[155, 2.86013, [0, 1, 3, 4, 9, 10, 12, 13, 28, 32, 33, 37, 40, 45, 49, 69, 75, 91, 103, 109, 119]]
[155, 2.85915, [0, 1, 3, 4, 9, 10, 12, 13, 28, 32, 33, 37, 40, 45, 49, 69, 75, 91, 109, 111, 119]]
[155, 2.85912, [0, 1, 3, 4, 9, 10, 12, 13, 28, 32, 33, 41, 45, 48, 59, 67, 71, 74, 76, 91, 126]]
[155, 2.85652, [0, 1, 3, 4, 9, 10, 12, 13, 28, 32, 34, 35, 39, 45, 48, 49, 71, 73, 76, 91]]
[155, 2.85848, [0, 1, 3, 4, 9, 10, 12, 13, 28, 33, 35, 36, 45, 49, 51, 64, 73, 75, 76, 123, 131]]
[155, 2.85961, [0, 1, 3, 4, 9, 10, 12, 13, 28, 33, 35, 41, 45, 51, 59, 64, 68, 71, 75, 76, 131]]
[155, 2.85081, [0, 1, 3, 4, 9, 10, 12, 13, 28, 33, 35, 41, 45, 51, 59, 64, 71, 75, 76, 123, 131]]
[155, 2.8565, [0, 1, 3, 4, 9, 10, 12, 13, 28, 33, 35, 45, 48, 49, 59, 64, 71, 72, 74, 75, 123]]
[155, 2.85604, [0, 1, 3, 4, 9, 10, 12, 13, 28, 33, 35, 45, 48, 49, 59, 64, 71, 72, 75, 76, 123]]
[155, 2.85488, [0, 1, 3, 4, 9, 10, 12, 13, 28, 33, 35, 45, 49, 51, 59, 64, 68, 71, 75, 76, 131]]
[155, 2.85456, [0, 1, 3, 4, 9, 10, 12, 13, 28, 33, 35, 45, 49, 51, 59, 64, 71, 72, 75, 76, 123]]
[155, 2.86132, [0, 1, 3, 4, 9, 10, 12, 13, 28, 33, 35, 45, 49, 51, 59, 71, 75, 76, 111, 123, 125, 131]]
[155, 2.8529, [0, 1, 3, 4, 9, 10, 12, 13, 28, 33, 35, 48, 49, 51, 59, 64, 71, 72, 75, 76, 123]]
[155, 2.85241, [0, 1, 3, 4, 9, 10, 12, 13, 28, 33, 35, 48, 49, 51, 59, 64, 72, 73, 75, 76, 123]]
[155, 2.8571, [0, 1, 3, 4, 9, 10, 12, 13, 28, 34, 38, 39, 41, 45, 57, 60, 61, 71, 91, 126, 131]]
[155, 2.85839, [0, 1, 3, 4, 9, 10, 12, 13, 28, 35, 37, 45, 49, 51, 59, 72, 75, 76, 111, 119, 123, 125]]
[155, 2.85761, [0, 1, 3, 4, 9, 10, 12, 13, 29, 31, 32, 36, 42, 47, 66, 67, 70, 76, 77, 135, 138]]
[155, 2.854, [0, 1, 3, 4, 9, 10, 12, 13, 29, 31, 35, 36, 38, 42, 44, 51, 65, 77, 91, 107]]
[155, 2.85258, [0, 1, 3, 4, 9, 10, 12, 13, 29, 31, 36, 42, 44, 47, 51, 56, 64, 67, 136, 138, 141]]
[155, 2.85243, [0, 1, 3, 4, 9, 10, 12, 13, 29, 31, 36, 42, 44, 47, 51, 56, 64, 67, 136, 140, 141]]
[155, 2.85227, [0, 1, 3, 4, 9, 10, 12, 13, 29, 31, 36, 42, 44, 47, 51, 56, 64, 67, 138, 140, 141]]
[155, 2.85575, [0, 1, 3, 4, 9, 10, 12, 13, 29, 31, 36, 42, 44, 47, 56, 64, 66, 67, 73, 138, 141]]
[155, 2.87315, [0, 1, 3, 4, 9, 10, 12, 13, 29, 31, 37, 41, 42, 56, 60, 63, 67, 76, 77, 127, 129, 135]]
[155, 2.86221, [0, 1, 3, 4, 9, 10, 12, 13, 29, 37, 41, 47, 50, 51, 56, 60, 66, 67, 77, 127, 135, 137]]
[155, 2.85634, [0, 1, 3, 4, 9, 10, 12, 13, 29, 37, 41, 47, 50, 51, 60, 66, 67, 75, 77, 127, 135, 139]]
[155, 2.85224, [0, 1, 3, 4, 9, 10, 12, 13, 30, 31, 33, 34, 39, 40, 42, 43, 91, 92, 106, 107]]
[155, 2.85061, [0, 1, 3, 4, 9, 10, 12, 13, 30, 31, 34, 35, 41, 42, 44, 91, 92, 102, 109, 118, 136]]
[155, 2.85353, [0, 1, 3, 4, 9, 10, 12, 13, 30, 31, 35, 41, 46, 55, 63, 65, 68, 74, 76, 77, 137]]
[155, 2.85413, [0, 1, 3, 4, 9, 10, 12, 13, 30, 32, 33, 35, 39, 41, 44, 91, 92, 105, 107, 115, 121]]
[155, 2.85401, [0, 1, 3, 4, 9, 10, 12, 13, 30, 32, 33, 35, 39, 41, 44, 91, 92, 105, 108, 115, 121]]
[155, 2.852, [0, 1, 3, 4, 9, 10, 12, 13, 30, 32, 33, 35, 43, 45, 49, 75, 91, 92, 103, 113, 119]]
[155, 2.85629, [0, 1, 3, 4, 9, 10, 12, 13, 30, 34, 36, 39, 40, 43, 45, 53, 91, 92, 107, 111, 113]]
[155, 2.85226, [0, 1, 3, 4, 9, 10, 12, 13, 30, 34, 36, 40, 41, 43, 49, 53, 54, 61, 75, 91]]
[155, 2.85234, [0, 1, 3, 4, 9, 10, 12, 13, 30, 34, 36, 40, 43, 45, 75, 91, 92, 103, 108, 111, 122, 126]]
[155, 2.85115, [0, 1, 3, 4, 9, 10, 12, 13, 30, 34, 39, 40, 43, 49, 53, 54, 62, 91, 92, 100, 137]]
[155, 2.85684, [0, 1, 3, 4, 9, 10, 12, 13, 31, 32, 36, 42, 46, 47, 57, 65, 66, 70, 76, 77, 138]]
[155, 2.85615, [0, 1, 3, 4, 9, 10, 12, 13, 31, 34, 36, 39, 40, 43, 45, 57, 91, 92, 94, 107, 109]]
[155, 2.85401, [0, 1, 3, 4, 9, 10, 12, 13, 31, 34, 36, 40, 42, 43, 45, 57, 91, 92, 94, 107, 109]]
[155, 2.86672, [0, 1, 3, 4, 9, 10, 12, 13, 31, 36, 42, 44, 45, 47, 51, 64, 65, 67, 73, 138, 140, 141]]
[155, 2.85091, [0, 1, 3, 4, 9, 10, 12, 13, 31, 42, 44, 45, 47, 51, 64, 65, 67, 68, 73, 138, 140, 141]]
[155, 2.85176, [0, 1, 3, 4, 9, 10, 12, 13, 32, 33, 37, 39, 43, 44, 50, 58, 59, 92, 93, 133, 139]]
[155, 2.85021, [0, 1, 3, 4, 9, 10, 12, 13, 32, 36, 38, 39, 45, 49, 50, 56, 57, 70, 92, 133, 138]]
[155, 2.85236, [0, 1, 3, 4, 9, 10, 12, 13, 34, 35, 41, 49, 51, 52, 54, 62, 71, 76, 77, 131, 135, 137]]
[155, 2.85022, [0, 1, 3, 4, 9, 10, 12, 13, 36, 37, 41, 42, 44, 53, 55, 56, 58, 67, 77, 91, 95]]
[155, 2.85607, [0, 1, 3, 4, 9, 10, 12, 13, 37, 41, 43, 44, 46, 54, 56, 57, 59, 63, 93, 97, 139, 141]]
[155, 2.85891, [0, 1, 3, 4, 9, 10, 12, 22, 25, 26, 29, 31, 39, 60, 64, 65, 67, 71, 72, 76, 100]]
[155, 2.86168, [0, 1, 3, 4, 9, 10, 12, 22, 25, 26, 29, 31, 45, 56, 60, 63, 69, 71, 72, 76, 77]]
[155, 2.87029, [0, 1, 3, 4, 9, 10, 12, 22, 26, 27, 31, 39, 46, 55, 57, 63, 67, 72, 73, 76, 86, 138]]
[155, 2.85786, [0, 1, 3, 4, 9, 10, 12, 22, 26, 28, 29, 45, 50, 59, 66, 67, 69, 70, 76, 77, 101, 119]]
[155, 2.85883, [0, 1, 3, 4, 9, 10, 12, 22, 26, 33, 38, 45, 53, 55, 59, 60, 69, 70, 74, 121, 127, 132, 150]]
[155, 2.85641, [0, 1, 3, 4, 9, 11, 12, 16, 25, 26, 30, 45, 53, 54, 58, 66, 67, 69, 70, 75, 77]]
[155, 2.85749, [0, 1, 3, 4, 9, 11, 12, 16, 25, 26, 30, 45, 53, 55, 58, 62, 67, 68, 70, 75, 77]]
[155, 2.85477, [0, 1, 3, 4, 9, 11, 12, 16, 25, 26, 30, 45, 54, 55, 58, 66, 68, 69, 73, 75, 76]]
[155, 2.85474, [0, 1, 3, 4, 9, 11, 12, 16, 25, 26, 30, 45, 54, 55, 61, 62, 66, 72, 73, 75, 76]]
[155, 2.85214, [0, 1, 3, 4, 9, 11, 12, 16, 25, 26, 30, 45, 54, 55, 62, 67, 68, 71, 73, 76, 77]]
[155, 2.85609, [0, 1, 3, 4, 9, 11, 12, 16, 25, 26, 35, 42, 57, 62, 64, 65, 74, 76, 77, 94, 107, 134]]
[155, 2.85053, [0, 1, 3, 4, 9, 11, 12, 16, 25, 26, 37, 42, 44, 54, 56, 60, 61, 67, 69, 93, 128]]
[155, 2.86869, [0, 1, 3, 4, 9, 11, 12, 16, 25, 27, 33, 36, 40, 48, 52, 58, 59, 67, 73, 74, 126]]
[155, 2.85414, [0, 1, 3, 4, 9, 11, 12, 16, 25, 27, 35, 36, 44, 48, 57, 62, 64, 73, 74, 94, 118]]
[155, 2.85391, [0, 1, 3, 4, 9, 11, 12, 16, 25, 27, 35, 36, 44, 48, 57, 62, 64, 73, 75, 94, 118]]
[155, 2.85367, [0, 1, 3, 4, 9, 11, 12, 16, 25, 27, 35, 36, 44, 48, 57, 62, 64, 74, 75, 94, 118]]
[155, 2.85188, [0, 1, 3, 4, 9, 11, 12, 16, 25, 27, 36, 40, 48, 52, 58, 59, 62, 67, 73, 74, 126]]
[155, 2.85113, [0, 1, 3, 4, 9, 11, 12, 16, 25, 27, 36, 40, 48, 52, 58, 59, 65, 67, 73, 74, 124]]
[155, 2.85803, [0, 1, 3, 4, 9, 11, 12, 16, 25, 27, 36, 40, 48, 52, 58, 59, 74, 75, 94, 122, 124, 142]]
[155, 2.85957, [0, 1, 3, 4, 9, 11, 12, 16, 25, 27, 36, 44, 48, 57, 58, 62, 64, 73, 74, 118, 126, 140]]
[155, 2.85934, [0, 1, 3, 4, 9, 11, 12, 16, 25, 27, 36, 44, 48, 57, 58, 62, 64, 73, 75, 118, 126, 140]]
[155, 2.8591, [0, 1, 3, 4, 9, 11, 12, 16, 25, 27, 36, 44, 48, 57, 58, 62, 64, 74, 75, 118, 126, 140]]
[155, 2.85413, [0, 1, 3, 4, 9, 11, 12, 16, 26, 27, 33, 44, 46, 47, 56, 58, 64, 71, 73, 74, 118]]
[155, 2.85366, [0, 1, 3, 4, 9, 11, 12, 16, 26, 27, 33, 44, 46, 47, 56, 58, 64, 71, 74, 75, 118]]
[155, 2.8628, [0, 1, 3, 4, 9, 11, 16, 20, 25, 26, 33, 42, 45, 53, 54, 56, 60, 69, 71, 72, 76, 77]]
[155, 2.86082, [0, 1, 3, 4, 10, 11, 13, 14, 29, 32, 34, 37, 38, 41, 43, 46, 56, 59, 87, 93, 110]]
[155, 2.85582, [0, 1, 3, 4, 10, 11, 13, 14, 29, 32, 34, 37, 38, 41, 43, 46, 56, 77, 87, 93, 110]]
[155, 2.85154, [0, 1, 3, 4, 10, 11, 13, 14, 29, 32, 34, 37, 38, 41, 43, 46, 56, 77, 87, 110, 130]]

Search completed in 24 hours, 25 minutes, and 20.678 seconds.  Enter a string to quit.