Enter an integer k for which our Kempner sets are k-free: 3
Enter a positive integer modulus b: 316
Enter estimation parameters, or * for pre-computed parameters ([0.082, 1.6372, 1.1931]): *
Enter a threshold (e.g. 4.2) to determine printed output: 2.935
Enter a root for the search space (e.g. [0, 1, 2]) [or * for the root [0]]: *
Enter an upper bound for the size of allowable digit sets [or * to ignore]: 36
Enter a maximal number of deviations from a greedy search [or * to ignore]: *
Searching for k-free sets mod b...

[316, 2.9377, [0, 1, 3, 4, 9, 10, 12, 13, 27, 28, 30, 31, 36, 37, 39, 40, 81, 82, 90, 100, 104, 106, 107, 109, 115, 117, 120, 129, 139, 142, 146, 147, 156, 157]]
[316, 2.93971, [0, 1, 3, 4, 9, 10, 12, 13, 27, 28, 30, 31, 36, 37, 39, 40, 81, 82, 90, 100, 104, 106, 107, 109, 116, 117, 120, 121, 129, 139, 145, 146, 148, 156]]
[316, 2.93966, [0, 1, 3, 4, 9, 10, 12, 13, 27, 28, 30, 31, 36, 37, 39, 40, 81, 82, 90, 100, 104, 106, 107, 109, 116, 117, 120, 121, 129, 139, 145, 147, 148, 156]]
[316, 2.93868, [0, 1, 3, 4, 9, 10, 12, 13, 27, 28, 30, 31, 36, 37, 39, 40, 81, 82, 90, 100, 104, 106, 107, 109, 116, 117, 120, 121, 129, 145, 146, 148, 156, 157]]
[316, 2.93862, [0, 1, 3, 4, 9, 10, 12, 13, 27, 28, 30, 31, 36, 37, 39, 40, 81, 82, 90, 100, 104, 106, 107, 109, 116, 117, 120, 121, 129, 145, 147, 148, 156, 157]]
[316, 2.94131, [0, 1, 3, 4, 9, 10, 12, 13, 27, 28, 30, 31, 36, 37, 39, 40, 81, 82, 95, 96, 100, 102, 103, 107, 113, 115, 116, 120, 139, 141, 142, 146, 147, 157]]
[316, 2.94025, [0, 1, 3, 4, 9, 10, 12, 13, 27, 28, 30, 31, 36, 37, 39, 40, 81, 82, 95, 96, 100, 102, 103, 107, 113, 115, 120, 129, 139, 141, 142, 146, 147, 157]]
[316, 2.93646, [0, 1, 3, 4, 9, 10, 12, 13, 27, 28, 30, 31, 36, 37, 39, 40, 81, 82, 95, 100, 102, 103, 107, 113, 115, 116, 120, 139, 141, 142, 146, 147, 156, 157]]
[316, 2.93602, [0, 1, 3, 4, 9, 10, 12, 13, 27, 28, 30, 31, 36, 37, 39, 40, 81, 82, 95, 102, 103, 106, 107, 113, 115, 116, 118, 139, 140, 142, 146, 147, 156, 157]]
[316, 2.93639, [0, 1, 3, 4, 9, 10, 12, 13, 27, 28, 30, 31, 36, 37, 39, 40, 81, 83, 90, 95, 98, 102, 104, 105, 117, 124, 128, 133, 137, 145, 147, 148, 155, 202]]
[316, 2.93568, [0, 1, 3, 4, 9, 10, 12, 13, 27, 28, 30, 31, 36, 37, 39, 40, 81, 83, 90, 95, 98, 102, 104, 112, 117, 124, 128, 133, 137, 145, 147, 148, 155, 202]]
[316, 2.9363, [0, 1, 3, 4, 9, 10, 12, 13, 27, 28, 30, 31, 36, 37, 39, 40, 81, 84, 88, 90, 91, 93, 100, 106, 108, 111, 115, 117, 118, 120, 127, 133, 157]]
[316, 2.93868, [0, 1, 3, 4, 9, 10, 12, 13, 27, 28, 30, 31, 36, 37, 39, 40, 81, 84, 94, 96, 102, 103, 105, 106, 113, 117, 127, 133, 136, 143, 144, 146, 147, 154]]
[316, 2.93547, [0, 1, 3, 4, 9, 10, 12, 13, 27, 28, 30, 31, 36, 37, 39, 40, 81, 84, 96, 102, 103, 105, 106, 112, 113, 117, 127, 136, 139, 144, 146, 147, 154, 157]]
[316, 2.93869, [0, 1, 3, 4, 9, 10, 12, 13, 27, 28, 30, 31, 36, 37, 39, 40, 81, 85, 86, 90, 100, 106, 108, 109, 111, 117, 120, 121, 124, 138, 146, 147, 151, 260]]
[316, 2.9366, [0, 1, 3, 4, 9, 10, 12, 13, 27, 28, 30, 31, 36, 37, 39, 40, 81, 85, 86, 90, 100, 106, 108, 109, 111, 117, 121, 124, 129, 146, 151, 154, 155, 260]]
[316, 2.93806, [0, 1, 3, 4, 9, 10, 12, 13, 27, 28, 30, 31, 36, 37, 39, 40, 81, 86, 90, 100, 102, 106, 108, 109, 111, 115, 117, 129, 138, 139, 146, 151, 155, 157]]
[316, 2.94001, [0, 1, 3, 4, 9, 10, 12, 13, 27, 28, 30, 31, 36, 37, 39, 40, 81, 87, 89, 99, 103, 105, 106, 108, 112, 114, 115, 128, 133, 136, 140, 145, 155, 156]]
[316, 2.93716, [0, 1, 3, 4, 9, 10, 12, 13, 27, 28, 30, 31, 36, 37, 39, 40, 81, 89, 95, 99, 100, 104, 106, 107, 116, 121, 124, 129, 130, 140, 145, 146, 155, 157]]
[316, 2.93587, [0, 1, 3, 4, 9, 10, 12, 13, 27, 28, 30, 31, 36, 37, 39, 40, 81, 94, 95, 99, 101, 102, 106, 112, 114, 115, 119, 138, 140, 141, 145, 146, 155, 156]]
[316, 2.93611, [0, 1, 3, 4, 9, 10, 12, 13, 27, 28, 30, 31, 36, 37, 39, 40, 81, 94, 95, 99, 101, 102, 106, 112, 115, 119, 127, 133, 138, 140, 141, 145, 146, 156]]
[316, 2.93549, [0, 1, 3, 4, 9, 10, 12, 13, 27, 28, 30, 31, 36, 37, 39, 40, 81, 95, 96, 99, 101, 104, 105, 108, 110, 118, 130, 136, 138, 144, 145, 147, 148, 157]]
[316, 2.93722, [0, 1, 3, 4, 9, 10, 12, 13, 27, 28, 30, 31, 36, 37, 39, 40, 82, 84, 88, 102, 104, 105, 110, 111, 114, 119, 121, 130, 135, 142, 143, 147, 153, 157]]
[316, 2.93724, [0, 1, 3, 4, 9, 10, 12, 13, 27, 28, 30, 31, 36, 37, 39, 40, 82, 84, 97, 98, 102, 104, 105, 109, 118, 119, 123, 130, 135, 143, 145, 146, 150, 153]]
[316, 2.93664, [0, 1, 3, 4, 9, 10, 12, 13, 27, 28, 30, 31, 36, 37, 39, 40, 82, 85, 86, 89, 101, 103, 108, 110, 111, 118, 122, 123, 129, 146, 149, 153, 156, 263]]
[316, 2.93622, [0, 1, 3, 4, 9, 10, 12, 13, 27, 28, 30, 31, 36, 37, 39, 40, 82, 85, 87, 90, 91, 94, 99, 105, 109, 112, 114, 117, 118, 121, 126, 132, 156]]
[316, 2.94103, [0, 1, 3, 4, 9, 10, 12, 13, 27, 28, 30, 31, 36, 37, 39, 40, 82, 86, 87, 91, 97, 105, 109, 110, 114, 116, 117, 126, 130, 139, 140, 149, 153, 156]]
[316, 2.93593, [0, 1, 3, 4, 9, 10, 12, 13, 27, 28, 30, 31, 36, 37, 39, 40, 82, 86, 96, 100, 101, 103, 107, 108, 112, 119, 122, 139, 140, 146, 147, 149, 150, 157]]
[316, 2.93547, [0, 1, 3, 4, 9, 10, 12, 13, 27, 28, 30, 31, 36, 37, 39, 40, 82, 86, 96, 100, 101, 103, 107, 108, 117, 119, 122, 139, 140, 146, 147, 149, 150, 157]]
[316, 2.93525, [0, 1, 3, 4, 9, 10, 12, 13, 27, 28, 30, 31, 36, 37, 39, 40, 82, 86, 96, 100, 101, 103, 107, 112, 115, 119, 122, 139, 140, 146, 147, 149, 150, 157]]
[316, 2.93521, [0, 1, 3, 4, 9, 10, 12, 13, 27, 28, 30, 31, 36, 37, 39, 40, 82, 86, 98, 100, 105, 106, 108, 115, 117, 120, 121, 131, 138, 139, 143, 149, 150, 153]]
[316, 2.93621, [0, 1, 3, 4, 9, 10, 12, 13, 27, 28, 30, 31, 36, 37, 39, 40, 82, 87, 91, 97, 105, 109, 110, 114, 116, 117, 126, 130, 132, 139, 140, 149, 153, 156]]
[316, 2.93739, [0, 1, 3, 4, 9, 10, 12, 13, 27, 28, 30, 31, 36, 37, 39, 40, 82, 87, 91, 99, 101, 105, 110, 112, 113, 117, 118, 130, 132, 140, 141, 153, 156, 157]]
[316, 2.93825, [0, 1, 3, 4, 9, 10, 12, 13, 27, 28, 30, 31, 36, 37, 39, 40, 82, 92, 94, 97, 98, 103, 107, 113, 115, 118, 126, 130, 131, 135, 141, 143, 146, 150]]
[316, 2.93754, [0, 1, 3, 4, 9, 10, 12, 13, 27, 28, 30, 31, 36, 37, 39, 40, 83, 84, 97, 98, 100, 104, 106, 107, 109, 119, 122, 133, 142, 143, 145, 149, 150, 152]]
[316, 2.93562, [0, 1, 3, 4, 9, 10, 12, 13, 27, 28, 30, 31, 36, 37, 39, 40, 83, 84, 98, 100, 104, 106, 107, 109, 115, 119, 122, 133, 142, 143, 145, 149, 150, 152]]
[316, 2.93889, [0, 1, 3, 4, 9, 10, 12, 13, 27, 28, 30, 31, 36, 37, 39, 40, 83, 85, 97, 98, 101, 103, 106, 107, 110, 118, 120, 128, 132, 141, 145, 147, 148, 152]]
[316, 2.9409, [0, 1, 3, 4, 9, 10, 12, 13, 27, 28, 30, 31, 36, 37, 39, 40, 83, 86, 87, 99, 101, 102, 107, 109, 110, 114, 120, 122, 123, 140, 148, 149, 151, 152]]
[316, 2.94074, [0, 1, 3, 4, 9, 10, 12, 13, 27, 28, 30, 31, 36, 37, 39, 40, 83, 86, 87, 99, 101, 102, 107, 109, 110, 114, 120, 122, 123, 140, 148, 149, 151, 155]]
[316, 2.94069, [0, 1, 3, 4, 9, 10, 12, 13, 27, 28, 30, 31, 36, 37, 39, 40, 83, 86, 87, 99, 101, 102, 107, 109, 110, 114, 120, 122, 123, 140, 148, 150, 151, 155]]
[316, 2.94058, [0, 1, 3, 4, 9, 10, 12, 13, 27, 28, 30, 31, 36, 37, 39, 40, 83, 86, 87, 99, 101, 102, 107, 109, 110, 114, 120, 122, 123, 140, 148, 151, 152, 155]]
[316, 2.94053, [0, 1, 3, 4, 9, 10, 12, 13, 27, 28, 30, 31, 36, 37, 39, 40, 83, 86, 87, 99, 101, 102, 107, 109, 110, 114, 120, 123, 124, 140, 148, 150, 151, 155]]
[316, 2.94042, [0, 1, 3, 4, 9, 10, 12, 13, 27, 28, 30, 31, 36, 37, 39, 40, 83, 86, 87, 99, 101, 102, 107, 109, 110, 114, 120, 123, 124, 140, 148, 151, 152, 155]]
[316, 2.94113, [0, 1, 3, 4, 9, 10, 12, 13, 27, 28, 30, 31, 36, 37, 39, 40, 83, 86, 87, 99, 101, 102, 109, 110, 113, 114, 120, 122, 123, 128, 148, 149, 151, 152]]
[316, 2.94031, [0, 1, 3, 4, 9, 10, 12, 13, 27, 28, 30, 31, 36, 37, 39, 40, 83, 87, 93, 97, 100, 102, 105, 106, 109, 120, 122, 128, 132, 133, 141, 145, 148, 152]]
[316, 2.93751, [0, 1, 3, 4, 9, 10, 12, 13, 27, 28, 30, 31, 36, 37, 39, 40, 84, 85, 93, 99, 100, 106, 108, 109, 111, 120, 121, 124, 135, 144, 145, 151, 152, 154]]
[316, 2.93566, [0, 1, 3, 4, 9, 10, 12, 13, 27, 28, 30, 31, 36, 37, 39, 40, 84, 85, 93, 100, 106, 108, 109, 111, 117, 120, 121, 124, 135, 144, 145, 151, 152, 154]]
[316, 2.936, [0, 1, 3, 4, 9, 10, 12, 13, 27, 28, 30, 31, 36, 37, 39, 40, 84, 85, 99, 100, 105, 107, 108, 112, 118, 120, 121, 123, 127, 144, 145, 148, 150, 153]]
[316, 2.93578, [0, 1, 3, 4, 9, 10, 12, 13, 27, 28, 30, 31, 36, 37, 39, 40, 84, 86, 98, 99, 104, 105, 108, 113, 115, 116, 120, 123, 139, 143, 149, 150, 152, 153]]
[316, 2.93619, [0, 1, 3, 4, 9, 10, 12, 13, 27, 28, 30, 31, 36, 37, 39, 40, 84, 87, 97, 100, 101, 104, 106, 109, 119, 120, 122, 130, 133, 142, 145, 149, 150, 152]]
[316, 2.93888, [0, 1, 3, 4, 9, 10, 12, 13, 27, 28, 30, 31, 36, 37, 39, 40, 84, 88, 91, 99, 100, 105, 106, 108, 115, 118, 120, 123, 127, 133, 144, 150, 153, 157]]
[316, 2.93895, [0, 1, 3, 4, 9, 10, 12, 13, 27, 28, 30, 31, 36, 37, 39, 40, 85, 87, 90, 99, 100, 105, 106, 109, 114, 117, 121, 124, 126, 132, 145, 151, 154, 156]]
[316, 2.93733, [0, 1, 3, 4, 9, 10, 12, 13, 27, 28, 30, 31, 36, 37, 39, 40, 85, 91, 95, 98, 100, 103, 104, 107, 112, 125, 127, 132, 135, 136, 141, 144, 148, 149]]
[316, 2.94507, [0, 1, 3, 4, 9, 10, 12, 13, 27, 28, 30, 31, 36, 37, 39, 40, 85, 97, 99, 100, 104, 105, 107, 112, 116, 118, 122, 138, 141, 146, 148, 149, 153, 156, 203]]
[316, 2.93585, [0, 1, 3, 4, 9, 10, 12, 13, 27, 28, 30, 31, 36, 37, 39, 40, 86, 88, 89, 102, 104, 105, 110, 112, 113, 117, 123, 125, 126, 143, 152, 153, 155, 156]]
[316, 2.9438, [0, 1, 3, 4, 9, 10, 12, 13, 27, 28, 30, 31, 36, 37, 39, 40, 87, 88, 90, 91, 99, 100, 105, 106, 114, 115, 117, 118, 126, 127, 132, 133, 156, 157]]
[316, 2.93541, [0, 1, 3, 4, 9, 10, 12, 13, 27, 28, 30, 31, 36, 37, 39, 40, 87, 93, 97, 98, 100, 105, 106, 108, 122, 124, 127, 128, 131, 133, 141, 145, 152, 153]]
[316, 2.94505, [0, 1, 3, 4, 9, 10, 12, 13, 27, 28, 30, 31, 36, 37, 39, 40, 88, 98, 102, 104, 105, 107, 113, 114, 117, 118, 125, 135, 141, 142, 144, 150, 151, 154, 155]]
[316, 2.93555, [0, 1, 3, 4, 9, 10, 12, 13, 27, 28, 30, 31, 36, 37, 39, 40, 89, 92, 97, 100, 104, 106, 109, 110, 113, 124, 125, 127, 132, 133, 136, 143, 149, 152]]
[316, 2.93642, [0, 1, 3, 4, 9, 10, 12, 13, 27, 28, 30, 31, 36, 37, 39, 40, 90, 92, 97, 98, 100, 105, 109, 111, 114, 115, 127, 129, 134, 135, 137, 142, 146, 151]]
[316, 2.93751, [0, 1, 3, 4, 9, 10, 12, 13, 27, 28, 30, 31, 36, 37, 39, 40, 90, 94, 96, 97, 99, 105, 106, 109, 110, 117, 127, 131, 133, 134, 136, 142, 146, 147]]
[316, 2.9355, [0, 1, 3, 4, 9, 10, 12, 13, 27, 28, 30, 31, 36, 37, 39, 40, 91, 92, 97, 98, 100, 106, 107, 110, 111, 126, 127, 132, 134, 135, 139, 140, 149, 150]]
[316, 2.93578, [0, 1, 3, 4, 9, 10, 12, 13, 27, 28, 30, 31, 36, 37, 39, 40, 91, 95, 97, 98, 100, 106, 107, 110, 111, 118, 128, 132, 134, 135, 137, 144, 147, 148]]
[316, 2.94365, [0, 1, 3, 4, 9, 10, 12, 13, 27, 28, 30, 31, 36, 37, 39, 40, 93, 100, 101, 104, 105, 111, 113, 114, 116, 120, 130, 137, 138, 141, 142, 148, 151, 153, 157]]
[316, 2.9405, [0, 1, 3, 4, 9, 10, 12, 13, 27, 28, 30, 31, 36, 37, 39, 40, 94, 98, 99, 101, 107, 109, 110, 112, 128, 129, 134, 135, 138, 143, 145, 150, 153, 154, 203]]
[316, 2.93735, [0, 1, 3, 4, 9, 10, 12, 13, 27, 28, 30, 31, 36, 37, 39, 40, 94, 98, 99, 101, 107, 109, 110, 112, 128, 129, 135, 138, 143, 145, 150, 153, 154, 200, 203]]
[316, 2.94038, [0, 1, 3, 4, 9, 10, 12, 13, 27, 28, 30, 31, 36, 37, 39, 40, 94, 98, 100, 101, 107, 109, 110, 112, 128, 129, 134, 135, 138, 143, 145, 150, 153, 154, 203]]
[316, 2.94178, [0, 1, 3, 4, 9, 10, 12, 13, 27, 28, 30, 31, 36, 37, 39, 40, 98, 99, 102, 103, 109, 111, 112, 114, 118, 128, 135, 136, 139, 140, 146, 148, 149, 151, 155]]
[316, 2.94005, [0, 1, 3, 4, 9, 10, 12, 13, 27, 28, 30, 31, 36, 37, 39, 40, 98, 102, 104, 105, 107, 113, 114, 117, 118, 125, 135, 139, 141, 142, 144, 150, 151, 154, 155]]
[316, 2.94024, [0, 1, 3, 4, 9, 10, 12, 13, 27, 28, 30, 31, 36, 37, 39, 40, 99, 100, 103, 104, 110, 112, 113, 115, 119, 129, 136, 137, 140, 141, 147, 149, 150, 152, 156]]
[316, 2.93853, [0, 1, 3, 4, 9, 10, 12, 13, 27, 28, 30, 31, 36, 37, 39, 40, 99, 103, 105, 106, 108, 114, 115, 118, 119, 126, 136, 140, 142, 143, 145, 151, 152, 155, 156]]
[316, 2.93871, [0, 1, 3, 4, 9, 10, 12, 13, 27, 28, 30, 31, 36, 37, 39, 40, 100, 101, 104, 105, 111, 113, 114, 116, 120, 130, 137, 138, 141, 142, 148, 150, 151, 153, 157]]
[316, 2.93703, [0, 1, 3, 4, 9, 10, 12, 13, 27, 28, 30, 31, 36, 37, 39, 40, 100, 104, 106, 107, 109, 115, 116, 119, 120, 127, 137, 141, 143, 144, 146, 152, 153, 156, 157]]
[316, 2.93575, [0, 1, 3, 4, 9, 10, 12, 13, 27, 28, 30, 34, 36, 37, 39, 49, 79, 83, 84, 91, 93, 96, 105, 110, 112, 116, 118, 123, 125, 135, 142, 144, 151, 203]]
[316, 2.93529, [0, 1, 3, 4, 9, 10, 12, 13, 27, 28, 31, 33, 36, 37, 40, 48, 75, 88, 89, 91, 99, 100, 105, 106, 115, 118, 120, 126, 127, 129, 133, 144, 156, 157]]
[316, 2.93651, [0, 1, 3, 4, 9, 10, 12, 13, 27, 28, 31, 33, 36, 37, 40, 48, 88, 98, 102, 104, 105, 107, 113, 114, 117, 118, 125, 135, 141, 142, 144, 150, 151, 154, 155]]
[316, 2.93768, [0, 1, 3, 4, 9, 10, 12, 13, 27, 30, 31, 34, 36, 39, 40, 43, 84, 87, 89, 97, 100, 101, 106, 109, 119, 122, 124, 130, 133, 145, 146, 150, 152, 153, 271]]
[316, 2.93551, [0, 1, 3, 4, 9, 10, 12, 13, 27, 30, 31, 34, 36, 39, 40, 43, 94, 98, 100, 101, 103, 109, 110, 113, 114, 121, 131, 135, 137, 138, 140, 146, 147, 150, 151]]
[316, 2.93636, [0, 1, 3, 4, 9, 10, 12, 13, 27, 30, 31, 34, 36, 39, 43, 46, 81, 87, 97, 104, 105, 108, 109, 115, 117, 118, 120, 124, 134, 141, 142, 145, 146, 154, 157]]
[316, 2.93575, [0, 1, 3, 4, 9, 10, 12, 13, 27, 30, 31, 34, 36, 39, 43, 46, 81, 87, 97, 104, 105, 108, 109, 115, 117, 118, 120, 124, 134, 141, 142, 146, 154, 156, 157]]
[316, 2.94126, [0, 1, 3, 4, 9, 10, 12, 13, 27, 31, 32, 34, 38, 43, 46, 47, 57, 69, 70, 96, 98, 103, 112, 116, 117, 119, 124, 133, 141, 143, 144, 148, 151, 156, 157]]
[316, 2.9417, [0, 1, 3, 4, 9, 10, 12, 13, 27, 31, 32, 34, 38, 43, 46, 47, 57, 69, 70, 96, 98, 103, 112, 117, 119, 120, 124, 132, 133, 141, 143, 148, 151, 156, 157]]
[316, 2.93553, [0, 1, 3, 4, 9, 10, 12, 13, 28, 29, 31, 32, 37, 38, 40, 41, 89, 99, 103, 105, 106, 108, 114, 115, 118, 119, 126, 136, 142, 143, 145, 151, 152, 155, 156]]

Search completed in 28 hours, 7 minutes, and 59.98 seconds.  Enter a string to quit.