Enter an integer k for which our Kempner sets are k-free: 3
Enter a positive integer modulus b: 71
Enter estimation parameters, or * for pre-computed parameters ([0.0928, 1.0953, 1.4172]): *
Enter a threshold (e.g. 4.2) to determine printed output: 2.8
Enter a root for the search space (e.g. [0, 1, 2]) [or * for the root [0]]: *
Enter an upper bound for the size of allowable digit sets [or * to ignore]: *
Enter a maximal number of deviations from a greedy search [or * to ignore]: *
Searching for k-free sets mod b...

[71, 2.81893, [0, 1, 3, 4, 9, 10, 12, 13, 27, 28, 30, 31]]
[71, 2.88499, [0, 1, 3, 4, 9, 10, 12, 13, 27, 28, 30, 34, 35]]
[71, 2.81415, [0, 1, 3, 4, 9, 10, 12, 13, 27, 28, 30, 35]]
[71, 2.81626, [0, 1, 3, 4, 9, 10, 12, 13, 27, 28, 31, 32]]
[71, 2.81504, [0, 1, 3, 4, 9, 10, 12, 13, 27, 28, 31, 33]]
[71, 2.88345, [0, 1, 3, 4, 9, 10, 12, 13, 27, 28, 32, 33, 35]]
[71, 2.88227, [0, 1, 3, 4, 9, 10, 12, 13, 27, 28, 32, 34, 35]]
[71, 2.81148, [0, 1, 3, 4, 9, 10, 12, 13, 27, 28, 32, 35]]
[71, 2.81136, [0, 1, 3, 4, 9, 10, 12, 13, 27, 28, 33, 34]]
[71, 2.81026, [0, 1, 3, 4, 9, 10, 12, 13, 27, 28, 33, 35]]
[71, 2.8091, [0, 1, 3, 4, 9, 10, 12, 13, 27, 28, 34, 35]]
[71, 2.81609, [0, 1, 3, 4, 9, 10, 12, 13, 27, 29, 30, 32]]
[71, 2.88341, [0, 1, 3, 4, 9, 10, 12, 13, 27, 29, 30, 34, 35]]
[71, 2.8126, [0, 1, 3, 4, 9, 10, 12, 13, 27, 29, 30, 35]]
[71, 2.81219, [0, 1, 3, 4, 9, 10, 12, 13, 27, 29, 32, 33]]
[71, 2.81103, [0, 1, 3, 4, 9, 10, 12, 13, 27, 29, 32, 34]]
[71, 2.80981, [0, 1, 3, 4, 9, 10, 12, 13, 27, 29, 33, 34]]
[71, 2.80871, [0, 1, 3, 4, 9, 10, 12, 13, 27, 29, 33, 35]]
[71, 2.80755, [0, 1, 3, 4, 9, 10, 12, 13, 27, 29, 34, 35]]
[71, 2.81087, [0, 1, 3, 4, 9, 10, 12, 13, 27, 30, 31, 34]]
[71, 2.80847, [0, 1, 3, 4, 9, 10, 12, 13, 27, 30, 32, 35]]
[71, 2.80609, [0, 1, 3, 4, 9, 10, 12, 13, 27, 30, 34, 35]]
[71, 2.8082, [0, 1, 3, 4, 9, 10, 12, 13, 27, 31, 32, 34]]
[71, 2.80698, [0, 1, 3, 4, 9, 10, 12, 13, 27, 31, 33, 34]]
[71, 2.80458, [0, 1, 3, 4, 9, 10, 12, 13, 27, 32, 33, 35]]
[71, 2.80342, [0, 1, 3, 4, 9, 10, 12, 13, 27, 32, 34, 35]]
[71, 2.81306, [0, 1, 3, 4, 9, 10, 12, 13, 28, 29, 31, 32]]
[71, 2.80957, [0, 1, 3, 4, 9, 10, 12, 13, 28, 29, 31, 35]]
[71, 2.81054, [0, 1, 3, 4, 9, 10, 12, 13, 28, 29, 32, 33]]
[71, 2.80938, [0, 1, 3, 4, 9, 10, 12, 13, 28, 29, 32, 34]]
[71, 2.80815, [0, 1, 3, 4, 9, 10, 12, 13, 28, 29, 33, 34]]
[71, 2.80705, [0, 1, 3, 4, 9, 10, 12, 13, 28, 29, 33, 35]]
[71, 2.80589, [0, 1, 3, 4, 9, 10, 12, 13, 28, 29, 34, 35]]
[71, 2.81037, [0, 1, 3, 4, 9, 10, 12, 13, 28, 30, 31, 33]]
[71, 2.80811, [0, 1, 3, 4, 9, 10, 12, 13, 28, 30, 31, 35]]
[71, 2.80669, [0, 1, 3, 4, 9, 10, 12, 13, 28, 30, 33, 34]]
[71, 2.80559, [0, 1, 3, 4, 9, 10, 12, 13, 28, 30, 33, 35]]
[71, 2.80443, [0, 1, 3, 4, 9, 10, 12, 13, 28, 30, 34, 35]]
[71, 2.80544, [0, 1, 3, 4, 9, 10, 12, 13, 28, 31, 32, 35]]
[71, 2.80292, [0, 1, 3, 4, 9, 10, 12, 13, 28, 32, 33, 35]]
[71, 2.80176, [0, 1, 3, 4, 9, 10, 12, 13, 28, 32, 34, 35]]
[71, 2.80753, [0, 1, 3, 4, 9, 10, 12, 13, 29, 30, 32, 33]]
[71, 2.80514, [0, 1, 3, 4, 9, 10, 12, 13, 29, 30, 33, 34]]
[71, 2.80404, [0, 1, 3, 4, 9, 10, 12, 13, 29, 30, 33, 35]]
[71, 2.80288, [0, 1, 3, 4, 9, 10, 12, 13, 29, 30, 34, 35]]
[71, 2.80499, [0, 1, 3, 4, 9, 10, 12, 13, 29, 31, 32, 34]]
[71, 2.80151, [0, 1, 3, 4, 9, 10, 12, 13, 29, 31, 34, 35]]
[71, 2.80231, [0, 1, 3, 4, 9, 10, 12, 13, 30, 31, 33, 34]]
[71, 2.8399, [0, 1, 3, 4, 9, 10, 12, 13, 32, 33, 35, 49, 50]]
[71, 2.83872, [0, 1, 3, 4, 9, 10, 12, 13, 32, 34, 35, 49, 50]]
[71, 2.82215, [0, 1, 3, 4, 9, 10, 12, 13, 34, 35, 49, 50, 52]]
[71, 2.82158, [0, 1, 3, 4, 9, 10, 12, 13, 34, 35, 49, 51, 52]]
[71, 2.84478, [0, 1, 3, 4, 9, 10, 12, 25, 26, 28, 29, 34, 35]]
[71, 2.84176, [0, 1, 3, 4, 9, 10, 12, 25, 26, 28, 32, 33, 35]]
[71, 2.84058, [0, 1, 3, 4, 9, 10, 12, 25, 26, 28, 32, 34, 35]]
[71, 2.82248, [0, 1, 3, 4, 9, 10, 12, 25, 26, 28, 33, 34, 60]]
[71, 2.84032, [0, 1, 3, 4, 9, 10, 12, 25, 26, 29, 31, 34, 35]]
[71, 2.83613, [0, 1, 3, 4, 9, 10, 12, 25, 26, 31, 32, 34, 35]]
[71, 2.82813, [0, 1, 3, 4, 9, 10, 12, 25, 26, 31, 32, 34, 44]]
[71, 2.83996, [0, 1, 3, 4, 9, 10, 12, 25, 27, 28, 32, 33, 35]]
[71, 2.83878, [0, 1, 3, 4, 9, 10, 12, 25, 27, 28, 32, 34, 35]]
[71, 2.82068, [0, 1, 3, 4, 9, 10, 12, 25, 27, 28, 33, 34, 60]]
[71, 2.81454, [0, 1, 3, 4, 9, 10, 12, 27, 28, 32, 33, 35, 48]]
[71, 2.81336, [0, 1, 3, 4, 9, 10, 12, 27, 28, 32, 34, 35, 48]]
[71, 2.82607, [0, 1, 3, 4, 9, 10, 13, 24, 27, 29, 32, 33, 43]]
[71, 2.80894, [0, 1, 3, 4, 9, 10, 13, 27, 28, 30, 34, 35, 48]]
[71, 2.8074, [0, 1, 3, 4, 9, 10, 13, 27, 28, 32, 33, 35, 48]]
[71, 2.80622, [0, 1, 3, 4, 9, 10, 13, 27, 28, 32, 34, 35, 48]]
[71, 2.80594, [0, 1, 3, 4, 9, 10, 21, 23, 24, 30, 31, 34, 35]]
[71, 2.83497, [0, 1, 3, 4, 9, 11, 12, 25, 26, 28, 29, 34, 35]]
[71, 2.83195, [0, 1, 3, 4, 9, 11, 12, 25, 26, 28, 32, 33, 35]]
[71, 2.83077, [0, 1, 3, 4, 9, 11, 12, 25, 26, 28, 32, 34, 35]]
[71, 2.83051, [0, 1, 3, 4, 9, 11, 12, 25, 26, 29, 31, 34, 35]]
[71, 2.82631, [0, 1, 3, 4, 9, 11, 12, 25, 26, 31, 32, 34, 35]]
[71, 2.81832, [0, 1, 3, 4, 9, 11, 12, 25, 26, 31, 32, 34, 44]]
[71, 2.83015, [0, 1, 3, 4, 9, 11, 12, 25, 27, 28, 32, 33, 35]]
[71, 2.82897, [0, 1, 3, 4, 9, 11, 12, 25, 27, 28, 32, 34, 35]]
[71, 2.8041, [0, 1, 3, 4, 9, 11, 12, 25, 28, 29, 34, 35, 63]]
[71, 2.80473, [0, 1, 3, 4, 9, 11, 12, 27, 28, 32, 33, 35, 48]]
[71, 2.80355, [0, 1, 3, 4, 9, 11, 12, 27, 28, 32, 34, 35, 48]]
[71, 2.80391, [0, 1, 3, 4, 9, 11, 16, 20, 26, 27, 30, 35, 65]]
[71, 2.81811, [0, 1, 3, 4, 10, 11, 14, 23, 26, 30, 40, 55, 58, 64]]
[71, 2.83202, [0, 1, 3, 4, 10, 11, 15, 23, 25, 32, 34, 44, 51, 55]]
[71, 2.81526, [0, 1, 3, 4, 10, 11, 23, 25, 26, 31, 32, 34, 44, 55]]
[71, 2.80569, [0, 1, 3, 4, 10, 12, 13, 18, 27, 28, 30, 34, 62]]
[71, 2.82516, [0, 1, 3, 4, 11, 12, 14, 15, 32, 35, 40, 46, 51, 54]]
[71, 2.80981, [0, 1, 4, 6, 9, 10, 13, 15, 23, 27, 28, 32, 34, 35]]

Search completed in 0 hours, 0 minutes, and 2.7 seconds.  Enter a string to quit.