Enter an integer k for which our Kempner sets are k-free: 3
Enter a positive integer modulus b: 81
Enter estimation parameters, or * for pre-computed parameters ([0.0905, 1.0874, 1.4209]): *
Enter a threshold (e.g. 4.2) to determine printed output: 2.94
Enter a root for the search space (e.g. [0, 1, 2]) [or * for the root [0]]: *
Enter an upper bound for the size of allowable digit sets [or * to ignore]: *
Enter a maximal number of deviations from a greedy search [or * to ignore]: *
Searching for k-free sets mod b...

[81, 3.01995, [0, 1, 3, 4, 9, 10, 12, 13, 27, 28, 30, 31, 36, 37, 39, 40]]
[81, 3.00537, [0, 1, 3, 4, 9, 10, 12, 13, 27, 28, 30, 31, 36, 37, 39, 67]]
[81, 3.00485, [0, 1, 3, 4, 9, 10, 12, 13, 27, 28, 30, 31, 36, 37, 40, 66]]
[81, 2.99028, [0, 1, 3, 4, 9, 10, 12, 13, 27, 28, 30, 31, 36, 37, 66, 67]]
[81, 2.94038, [0, 1, 3, 4, 9, 10, 12, 13, 27, 28, 30, 31, 36, 37, 67]]
[81, 2.95465, [0, 1, 3, 4, 9, 10, 12, 13, 27, 28, 30, 31, 36, 38, 39]]
[81, 3.0037, [0, 1, 3, 4, 9, 10, 12, 13, 27, 28, 30, 31, 36, 39, 40, 64]]
[81, 2.98913, [0, 1, 3, 4, 9, 10, 12, 13, 27, 28, 30, 31, 36, 39, 64, 67]]
[81, 2.98861, [0, 1, 3, 4, 9, 10, 12, 13, 27, 28, 30, 31, 36, 40, 64, 66]]
[81, 2.97404, [0, 1, 3, 4, 9, 10, 12, 13, 27, 28, 30, 31, 36, 64, 66, 67]]
[81, 2.9528, [0, 1, 3, 4, 9, 10, 12, 13, 27, 28, 30, 31, 37, 38, 40]]
[81, 3.00307, [0, 1, 3, 4, 9, 10, 12, 13, 27, 28, 30, 31, 37, 39, 40, 63]]
[81, 2.9885, [0, 1, 3, 4, 9, 10, 12, 13, 27, 28, 30, 31, 37, 39, 63, 67]]
[81, 2.98798, [0, 1, 3, 4, 9, 10, 12, 13, 27, 28, 30, 31, 37, 40, 63, 66]]
[81, 2.97341, [0, 1, 3, 4, 9, 10, 12, 13, 27, 28, 30, 31, 37, 63, 66, 67]]
[81, 2.98683, [0, 1, 3, 4, 9, 10, 12, 13, 27, 28, 30, 31, 39, 40, 63, 64]]
[81, 2.97226, [0, 1, 3, 4, 9, 10, 12, 13, 27, 28, 30, 31, 39, 63, 64, 67]]
[81, 2.97174, [0, 1, 3, 4, 9, 10, 12, 13, 27, 28, 30, 31, 40, 63, 64, 66]]
[81, 2.95718, [0, 1, 3, 4, 9, 10, 12, 13, 27, 28, 30, 31, 63, 64, 66, 67]]
[81, 2.95192, [0, 1, 3, 4, 9, 10, 12, 13, 27, 28, 30, 34, 36, 37, 39]]
[81, 2.94987, [0, 1, 3, 4, 9, 10, 12, 13, 27, 28, 30, 35, 36, 38, 39]]
[81, 2.99922, [0, 1, 3, 4, 9, 10, 12, 13, 27, 28, 30, 36, 37, 39, 40, 58]]
[81, 2.98465, [0, 1, 3, 4, 9, 10, 12, 13, 27, 28, 30, 36, 37, 39, 58, 67]]
[81, 2.98412, [0, 1, 3, 4, 9, 10, 12, 13, 27, 28, 30, 36, 37, 40, 58, 66]]
[81, 2.96956, [0, 1, 3, 4, 9, 10, 12, 13, 27, 28, 30, 36, 37, 58, 66, 67]]
[81, 2.98298, [0, 1, 3, 4, 9, 10, 12, 13, 27, 28, 30, 36, 39, 40, 58, 64]]
[81, 2.96841, [0, 1, 3, 4, 9, 10, 12, 13, 27, 28, 30, 36, 39, 58, 64, 67]]
[81, 2.96789, [0, 1, 3, 4, 9, 10, 12, 13, 27, 28, 30, 36, 40, 58, 64, 66]]
[81, 2.95333, [0, 1, 3, 4, 9, 10, 12, 13, 27, 28, 30, 36, 58, 64, 66, 67]]
[81, 2.98235, [0, 1, 3, 4, 9, 10, 12, 13, 27, 28, 30, 37, 39, 40, 58, 63]]
[81, 2.96778, [0, 1, 3, 4, 9, 10, 12, 13, 27, 28, 30, 37, 39, 58, 63, 67]]
[81, 2.96726, [0, 1, 3, 4, 9, 10, 12, 13, 27, 28, 30, 37, 40, 58, 63, 66]]
[81, 2.9527, [0, 1, 3, 4, 9, 10, 12, 13, 27, 28, 30, 37, 58, 63, 66, 67]]
[81, 2.96611, [0, 1, 3, 4, 9, 10, 12, 13, 27, 28, 30, 39, 40, 58, 63, 64]]
[81, 2.95155, [0, 1, 3, 4, 9, 10, 12, 13, 27, 28, 30, 39, 58, 63, 64, 67]]
[81, 2.95103, [0, 1, 3, 4, 9, 10, 12, 13, 27, 28, 30, 40, 58, 63, 64, 66]]
[81, 2.95084, [0, 1, 3, 4, 9, 10, 12, 13, 27, 28, 31, 33, 36, 37, 40]]
[81, 2.99827, [0, 1, 3, 4, 9, 10, 12, 13, 27, 28, 31, 36, 37, 39, 40, 57]]
[81, 2.9837, [0, 1, 3, 4, 9, 10, 12, 13, 27, 28, 31, 36, 37, 39, 57, 67]]
[81, 2.98318, [0, 1, 3, 4, 9, 10, 12, 13, 27, 28, 31, 36, 37, 40, 57, 66]]
[81, 2.96861, [0, 1, 3, 4, 9, 10, 12, 13, 27, 28, 31, 36, 37, 57, 66, 67]]
[81, 2.98203, [0, 1, 3, 4, 9, 10, 12, 13, 27, 28, 31, 36, 39, 40, 57, 64]]
[81, 2.96746, [0, 1, 3, 4, 9, 10, 12, 13, 27, 28, 31, 36, 39, 57, 64, 67]]
[81, 2.96694, [0, 1, 3, 4, 9, 10, 12, 13, 27, 28, 31, 36, 40, 57, 64, 66]]
[81, 2.95238, [0, 1, 3, 4, 9, 10, 12, 13, 27, 28, 31, 36, 57, 64, 66, 67]]
[81, 2.9814, [0, 1, 3, 4, 9, 10, 12, 13, 27, 28, 31, 37, 39, 40, 57, 63]]
[81, 2.96684, [0, 1, 3, 4, 9, 10, 12, 13, 27, 28, 31, 37, 39, 57, 63, 67]]
[81, 2.96631, [0, 1, 3, 4, 9, 10, 12, 13, 27, 28, 31, 37, 40, 57, 63, 66]]
[81, 2.95175, [0, 1, 3, 4, 9, 10, 12, 13, 27, 28, 31, 37, 57, 63, 66, 67]]
[81, 2.96516, [0, 1, 3, 4, 9, 10, 12, 13, 27, 28, 31, 39, 40, 57, 63, 64]]
[81, 2.9506, [0, 1, 3, 4, 9, 10, 12, 13, 27, 28, 31, 39, 57, 63, 64, 67]]
[81, 2.95008, [0, 1, 3, 4, 9, 10, 12, 13, 27, 28, 31, 40, 57, 63, 64, 66]]
[81, 2.97754, [0, 1, 3, 4, 9, 10, 12, 13, 27, 28, 36, 37, 39, 40, 57, 58]]
[81, 2.96298, [0, 1, 3, 4, 9, 10, 12, 13, 27, 28, 36, 37, 39, 57, 58, 67]]
[81, 2.96246, [0, 1, 3, 4, 9, 10, 12, 13, 27, 28, 36, 37, 40, 57, 58, 66]]
[81, 2.9479, [0, 1, 3, 4, 9, 10, 12, 13, 27, 28, 36, 37, 57, 58, 66, 67]]
[81, 2.96131, [0, 1, 3, 4, 9, 10, 12, 13, 27, 28, 36, 39, 40, 57, 58, 64]]
[81, 2.94675, [0, 1, 3, 4, 9, 10, 12, 13, 27, 28, 36, 39, 57, 58, 64, 67]]
[81, 2.94623, [0, 1, 3, 4, 9, 10, 12, 13, 27, 28, 36, 40, 57, 58, 64, 66]]
[81, 2.96068, [0, 1, 3, 4, 9, 10, 12, 13, 27, 28, 37, 39, 40, 57, 58, 63]]
[81, 2.94612, [0, 1, 3, 4, 9, 10, 12, 13, 27, 28, 37, 39, 57, 58, 63, 67]]
[81, 2.9456, [0, 1, 3, 4, 9, 10, 12, 13, 27, 28, 37, 40, 57, 58, 63, 66]]
[81, 2.94445, [0, 1, 3, 4, 9, 10, 12, 13, 27, 28, 39, 40, 57, 58, 63, 64]]
[81, 2.9518, [0, 1, 3, 4, 9, 10, 12, 13, 27, 29, 30, 32, 36, 38, 39]]
[81, 2.94831, [0, 1, 3, 4, 9, 10, 12, 13, 27, 29, 30, 35, 36, 38, 39]]
[81, 2.94451, [0, 1, 3, 4, 9, 10, 12, 13, 27, 29, 30, 36, 37, 39, 40]]
[81, 2.94481, [0, 1, 3, 4, 9, 10, 12, 13, 27, 30, 31, 34, 36, 39, 40]]
[81, 2.99614, [0, 1, 3, 4, 9, 10, 12, 13, 27, 30, 31, 36, 37, 39, 40, 55]]
[81, 2.98158, [0, 1, 3, 4, 9, 10, 12, 13, 27, 30, 31, 36, 37, 39, 55, 67]]
[81, 2.98105, [0, 1, 3, 4, 9, 10, 12, 13, 27, 30, 31, 36, 37, 40, 55, 66]]
[81, 2.96649, [0, 1, 3, 4, 9, 10, 12, 13, 27, 30, 31, 36, 37, 55, 66, 67]]
[81, 2.9799, [0, 1, 3, 4, 9, 10, 12, 13, 27, 30, 31, 36, 39, 40, 55, 64]]
[81, 2.96534, [0, 1, 3, 4, 9, 10, 12, 13, 27, 30, 31, 36, 39, 55, 64, 67]]
[81, 2.96482, [0, 1, 3, 4, 9, 10, 12, 13, 27, 30, 31, 36, 40, 55, 64, 66]]
[81, 2.95026, [0, 1, 3, 4, 9, 10, 12, 13, 27, 30, 31, 36, 55, 64, 66, 67]]
[81, 2.97928, [0, 1, 3, 4, 9, 10, 12, 13, 27, 30, 31, 37, 39, 40, 55, 63]]
[81, 2.96471, [0, 1, 3, 4, 9, 10, 12, 13, 27, 30, 31, 37, 39, 55, 63, 67]]
[81, 2.96419, [0, 1, 3, 4, 9, 10, 12, 13, 27, 30, 31, 37, 40, 55, 63, 66]]
[81, 2.94963, [0, 1, 3, 4, 9, 10, 12, 13, 27, 30, 31, 37, 55, 63, 66, 67]]
[81, 2.96304, [0, 1, 3, 4, 9, 10, 12, 13, 27, 30, 31, 39, 40, 55, 63, 64]]
[81, 2.94848, [0, 1, 3, 4, 9, 10, 12, 13, 27, 30, 31, 39, 55, 63, 64, 67]]
[81, 2.94796, [0, 1, 3, 4, 9, 10, 12, 13, 27, 30, 31, 40, 55, 63, 64, 66]]
[81, 2.97542, [0, 1, 3, 4, 9, 10, 12, 13, 27, 30, 36, 37, 39, 40, 55, 58]]
[81, 2.96086, [0, 1, 3, 4, 9, 10, 12, 13, 27, 30, 36, 37, 39, 55, 58, 67]]
[81, 2.96033, [0, 1, 3, 4, 9, 10, 12, 13, 27, 30, 36, 37, 40, 55, 58, 66]]
[81, 2.94578, [0, 1, 3, 4, 9, 10, 12, 13, 27, 30, 36, 37, 55, 58, 66, 67]]
[81, 2.95919, [0, 1, 3, 4, 9, 10, 12, 13, 27, 30, 36, 39, 40, 55, 58, 64]]
[81, 2.94463, [0, 1, 3, 4, 9, 10, 12, 13, 27, 30, 36, 39, 55, 58, 64, 67]]
[81, 2.9441, [0, 1, 3, 4, 9, 10, 12, 13, 27, 30, 36, 40, 55, 58, 64, 66]]
[81, 2.95856, [0, 1, 3, 4, 9, 10, 12, 13, 27, 30, 37, 39, 40, 55, 58, 63]]
[81, 2.944, [0, 1, 3, 4, 9, 10, 12, 13, 27, 30, 37, 39, 55, 58, 63, 67]]
[81, 2.94347, [0, 1, 3, 4, 9, 10, 12, 13, 27, 30, 37, 40, 55, 58, 63, 66]]
[81, 2.94233, [0, 1, 3, 4, 9, 10, 12, 13, 27, 30, 39, 40, 55, 58, 63, 64]]
[81, 2.97447, [0, 1, 3, 4, 9, 10, 12, 13, 27, 31, 36, 37, 39, 40, 55, 57]]
[81, 2.95991, [0, 1, 3, 4, 9, 10, 12, 13, 27, 31, 36, 37, 39, 55, 57, 67]]
[81, 2.95939, [0, 1, 3, 4, 9, 10, 12, 13, 27, 31, 36, 37, 40, 55, 57, 66]]
[81, 2.94483, [0, 1, 3, 4, 9, 10, 12, 13, 27, 31, 36, 37, 55, 57, 66, 67]]
[81, 2.95824, [0, 1, 3, 4, 9, 10, 12, 13, 27, 31, 36, 39, 40, 55, 57, 64]]
[81, 2.94368, [0, 1, 3, 4, 9, 10, 12, 13, 27, 31, 36, 39, 55, 57, 64, 67]]
[81, 2.94316, [0, 1, 3, 4, 9, 10, 12, 13, 27, 31, 36, 40, 55, 57, 64, 66]]
[81, 2.95761, [0, 1, 3, 4, 9, 10, 12, 13, 27, 31, 37, 39, 40, 55, 57, 63]]
[81, 2.94305, [0, 1, 3, 4, 9, 10, 12, 13, 27, 31, 37, 39, 55, 57, 63, 67]]
[81, 2.94253, [0, 1, 3, 4, 9, 10, 12, 13, 27, 31, 37, 40, 55, 57, 63, 66]]
[81, 2.94138, [0, 1, 3, 4, 9, 10, 12, 13, 27, 31, 39, 40, 55, 57, 63, 64]]
[81, 2.95376, [0, 1, 3, 4, 9, 10, 12, 13, 27, 36, 37, 39, 40, 55, 57, 58]]
[81, 2.9469, [0, 1, 3, 4, 9, 10, 12, 13, 28, 29, 31, 32, 37, 38, 40]]
[81, 2.946, [0, 1, 3, 4, 9, 10, 12, 13, 28, 29, 31, 32, 37, 39, 40]]
[81, 2.94342, [0, 1, 3, 4, 9, 10, 12, 13, 28, 29, 31, 35, 37, 38, 40]]
[81, 2.94147, [0, 1, 3, 4, 9, 10, 12, 13, 28, 29, 31, 36, 37, 39, 40]]
[81, 2.94331, [0, 1, 3, 4, 9, 10, 12, 13, 28, 30, 31, 33, 37, 39, 40]]
[81, 2.99495, [0, 1, 3, 4, 9, 10, 12, 13, 28, 30, 31, 36, 37, 39, 40, 54]]
[81, 2.98038, [0, 1, 3, 4, 9, 10, 12, 13, 28, 30, 31, 36, 37, 39, 54, 67]]
[81, 2.97986, [0, 1, 3, 4, 9, 10, 12, 13, 28, 30, 31, 36, 37, 40, 54, 66]]
[81, 2.9653, [0, 1, 3, 4, 9, 10, 12, 13, 28, 30, 31, 36, 37, 54, 66, 67]]
[81, 2.97871, [0, 1, 3, 4, 9, 10, 12, 13, 28, 30, 31, 36, 39, 40, 54, 64]]
[81, 2.96415, [0, 1, 3, 4, 9, 10, 12, 13, 28, 30, 31, 36, 39, 54, 64, 67]]
[81, 2.96362, [0, 1, 3, 4, 9, 10, 12, 13, 28, 30, 31, 36, 40, 54, 64, 66]]
[81, 2.94906, [0, 1, 3, 4, 9, 10, 12, 13, 28, 30, 31, 36, 54, 64, 66, 67]]
[81, 2.97808, [0, 1, 3, 4, 9, 10, 12, 13, 28, 30, 31, 37, 39, 40, 54, 63]]
[81, 2.96352, [0, 1, 3, 4, 9, 10, 12, 13, 28, 30, 31, 37, 39, 54, 63, 67]]
[81, 2.96299, [0, 1, 3, 4, 9, 10, 12, 13, 28, 30, 31, 37, 40, 54, 63, 66]]
[81, 2.94843, [0, 1, 3, 4, 9, 10, 12, 13, 28, 30, 31, 37, 54, 63, 66, 67]]
[81, 2.96185, [0, 1, 3, 4, 9, 10, 12, 13, 28, 30, 31, 39, 40, 54, 63, 64]]
[81, 2.94729, [0, 1, 3, 4, 9, 10, 12, 13, 28, 30, 31, 39, 54, 63, 64, 67]]
[81, 2.94676, [0, 1, 3, 4, 9, 10, 12, 13, 28, 30, 31, 40, 54, 63, 64, 66]]
[81, 2.97423, [0, 1, 3, 4, 9, 10, 12, 13, 28, 30, 36, 37, 39, 40, 54, 58]]
[81, 2.95966, [0, 1, 3, 4, 9, 10, 12, 13, 28, 30, 36, 37, 39, 54, 58, 67]]
[81, 2.95914, [0, 1, 3, 4, 9, 10, 12, 13, 28, 30, 36, 37, 40, 54, 58, 66]]
[81, 2.94458, [0, 1, 3, 4, 9, 10, 12, 13, 28, 30, 36, 37, 54, 58, 66, 67]]
[81, 2.95799, [0, 1, 3, 4, 9, 10, 12, 13, 28, 30, 36, 39, 40, 54, 58, 64]]
[81, 2.94343, [0, 1, 3, 4, 9, 10, 12, 13, 28, 30, 36, 39, 54, 58, 64, 67]]
[81, 2.94291, [0, 1, 3, 4, 9, 10, 12, 13, 28, 30, 36, 40, 54, 58, 64, 66]]
[81, 2.95736, [0, 1, 3, 4, 9, 10, 12, 13, 28, 30, 37, 39, 40, 54, 58, 63]]
[81, 2.94281, [0, 1, 3, 4, 9, 10, 12, 13, 28, 30, 37, 39, 54, 58, 63, 67]]
[81, 2.94228, [0, 1, 3, 4, 9, 10, 12, 13, 28, 30, 37, 40, 54, 58, 63, 66]]
[81, 2.94113, [0, 1, 3, 4, 9, 10, 12, 13, 28, 30, 39, 40, 54, 58, 63, 64]]
[81, 2.97328, [0, 1, 3, 4, 9, 10, 12, 13, 28, 31, 36, 37, 39, 40, 54, 57]]
[81, 2.95872, [0, 1, 3, 4, 9, 10, 12, 13, 28, 31, 36, 37, 39, 54, 57, 67]]
[81, 2.95819, [0, 1, 3, 4, 9, 10, 12, 13, 28, 31, 36, 37, 40, 54, 57, 66]]
[81, 2.94364, [0, 1, 3, 4, 9, 10, 12, 13, 28, 31, 36, 37, 54, 57, 66, 67]]
[81, 2.95705, [0, 1, 3, 4, 9, 10, 12, 13, 28, 31, 36, 39, 40, 54, 57, 64]]
[81, 2.94249, [0, 1, 3, 4, 9, 10, 12, 13, 28, 31, 36, 39, 54, 57, 64, 67]]
[81, 2.94196, [0, 1, 3, 4, 9, 10, 12, 13, 28, 31, 36, 40, 54, 57, 64, 66]]
[81, 2.95642, [0, 1, 3, 4, 9, 10, 12, 13, 28, 31, 37, 39, 40, 54, 57, 63]]
[81, 2.94186, [0, 1, 3, 4, 9, 10, 12, 13, 28, 31, 37, 39, 54, 57, 63, 67]]
[81, 2.94133, [0, 1, 3, 4, 9, 10, 12, 13, 28, 31, 37, 40, 54, 57, 63, 66]]
[81, 2.95256, [0, 1, 3, 4, 9, 10, 12, 13, 28, 36, 37, 39, 40, 54, 57, 58]]
[81, 2.97116, [0, 1, 3, 4, 9, 10, 12, 13, 30, 31, 36, 37, 39, 40, 54, 55]]
[81, 2.95659, [0, 1, 3, 4, 9, 10, 12, 13, 30, 31, 36, 37, 39, 54, 55, 67]]
[81, 2.95607, [0, 1, 3, 4, 9, 10, 12, 13, 30, 31, 36, 37, 40, 54, 55, 66]]
[81, 2.94151, [0, 1, 3, 4, 9, 10, 12, 13, 30, 31, 36, 37, 54, 55, 66, 67]]
[81, 2.95492, [0, 1, 3, 4, 9, 10, 12, 13, 30, 31, 36, 39, 40, 54, 55, 64]]
[81, 2.94037, [0, 1, 3, 4, 9, 10, 12, 13, 30, 31, 36, 39, 54, 55, 64, 67]]
[81, 2.95429, [0, 1, 3, 4, 9, 10, 12, 13, 30, 31, 37, 39, 40, 54, 55, 63]]
[81, 2.95044, [0, 1, 3, 4, 9, 10, 12, 13, 30, 36, 37, 39, 40, 54, 55, 58]]
[81, 2.94949, [0, 1, 3, 4, 9, 10, 12, 13, 31, 36, 37, 39, 40, 54, 55, 57]]
[81, 2.97639, [0, 1, 3, 4, 9, 10, 12, 22, 27, 28, 30, 31, 36, 37, 39, 49]]
[81, 2.96546, [0, 1, 3, 4, 9, 10, 12, 22, 27, 28, 30, 31, 36, 37, 39, 76]]
[81, 2.96131, [0, 1, 3, 4, 9, 10, 12, 22, 27, 28, 30, 31, 36, 37, 49, 66]]
[81, 2.95038, [0, 1, 3, 4, 9, 10, 12, 22, 27, 28, 30, 31, 36, 37, 66, 76]]
[81, 2.96016, [0, 1, 3, 4, 9, 10, 12, 22, 27, 28, 30, 31, 36, 39, 49, 64]]
[81, 2.94923, [0, 1, 3, 4, 9, 10, 12, 22, 27, 28, 30, 31, 36, 39, 64, 76]]
[81, 2.94508, [0, 1, 3, 4, 9, 10, 12, 22, 27, 28, 30, 31, 36, 49, 64, 66]]
[81, 2.95953, [0, 1, 3, 4, 9, 10, 12, 22, 27, 28, 30, 31, 37, 39, 49, 63]]
[81, 2.9486, [0, 1, 3, 4, 9, 10, 12, 22, 27, 28, 30, 31, 37, 39, 63, 76]]
[81, 2.94445, [0, 1, 3, 4, 9, 10, 12, 22, 27, 28, 30, 31, 37, 49, 63, 66]]
[81, 2.94331, [0, 1, 3, 4, 9, 10, 12, 22, 27, 28, 30, 31, 39, 49, 63, 64]]
[81, 2.95568, [0, 1, 3, 4, 9, 10, 12, 22, 27, 28, 30, 36, 37, 39, 49, 58]]
[81, 2.94475, [0, 1, 3, 4, 9, 10, 12, 22, 27, 28, 30, 36, 37, 39, 58, 76]]
[81, 2.9406, [0, 1, 3, 4, 9, 10, 12, 22, 27, 28, 30, 36, 37, 49, 58, 66]]
[81, 2.95473, [0, 1, 3, 4, 9, 10, 12, 22, 27, 28, 31, 36, 37, 39, 49, 57]]
[81, 2.9438, [0, 1, 3, 4, 9, 10, 12, 22, 27, 28, 31, 36, 37, 39, 57, 76]]
[81, 2.95261, [0, 1, 3, 4, 9, 10, 12, 22, 27, 30, 31, 36, 37, 39, 49, 55]]
[81, 2.94168, [0, 1, 3, 4, 9, 10, 12, 22, 27, 30, 31, 36, 37, 39, 55, 76]]
[81, 2.95141, [0, 1, 3, 4, 9, 10, 12, 22, 28, 30, 31, 36, 37, 39, 49, 54]]
[81, 2.94048, [0, 1, 3, 4, 9, 10, 12, 22, 28, 30, 31, 36, 37, 39, 54, 76]]
[81, 2.94189, [0, 1, 3, 4, 9, 10, 12, 27, 28, 30, 31, 36, 37, 39, 40, 67]]
[81, 2.97154, [0, 1, 3, 4, 9, 10, 13, 21, 27, 28, 30, 31, 36, 37, 40, 48]]
[81, 2.96029, [0, 1, 3, 4, 9, 10, 13, 21, 27, 28, 30, 31, 36, 37, 40, 75]]
[81, 2.95699, [0, 1, 3, 4, 9, 10, 13, 21, 27, 28, 30, 31, 36, 37, 48, 67]]
[81, 2.94574, [0, 1, 3, 4, 9, 10, 13, 21, 27, 28, 30, 31, 36, 37, 67, 75]]
[81, 2.95531, [0, 1, 3, 4, 9, 10, 13, 21, 27, 28, 30, 31, 36, 40, 48, 64]]
[81, 2.94406, [0, 1, 3, 4, 9, 10, 13, 21, 27, 28, 30, 31, 36, 40, 64, 75]]
[81, 2.94077, [0, 1, 3, 4, 9, 10, 13, 21, 27, 28, 30, 31, 36, 48, 64, 67]]
[81, 2.95468, [0, 1, 3, 4, 9, 10, 13, 21, 27, 28, 30, 31, 37, 40, 48, 63]]
[81, 2.94344, [0, 1, 3, 4, 9, 10, 13, 21, 27, 28, 30, 31, 37, 40, 63, 75]]
[81, 2.95083, [0, 1, 3, 4, 9, 10, 13, 21, 27, 28, 30, 36, 37, 40, 48, 58]]
[81, 2.94988, [0, 1, 3, 4, 9, 10, 13, 21, 27, 28, 31, 36, 37, 40, 48, 57]]
[81, 2.94776, [0, 1, 3, 4, 9, 10, 13, 21, 27, 30, 31, 36, 37, 40, 48, 55]]
[81, 2.94657, [0, 1, 3, 4, 9, 10, 13, 21, 28, 30, 31, 36, 37, 40, 48, 54]]
[81, 2.95863, [0, 1, 3, 4, 9, 12, 13, 19, 27, 28, 30, 31, 36, 39, 40, 46]]
[81, 2.94669, [0, 1, 3, 4, 9, 12, 13, 19, 27, 28, 30, 31, 36, 39, 40, 73]]
[81, 2.94409, [0, 1, 3, 4, 9, 12, 13, 19, 27, 28, 30, 31, 36, 39, 46, 67]]
[81, 2.94356, [0, 1, 3, 4, 9, 12, 13, 19, 27, 28, 30, 31, 36, 40, 46, 66]]
[81, 2.94178, [0, 1, 3, 4, 9, 12, 13, 19, 27, 28, 30, 31, 39, 40, 46, 63]]
[81, 2.94985, [0, 1, 3, 4, 10, 12, 13, 18, 27, 28, 30, 31, 37, 39, 40, 45]]

Search completed in 0 hours, 0 minutes, and 10.027 seconds.  Enter a string to quit.