Enter an integer k for which our Kempner sets are k-free: 3
Enter a positive integer modulus b: 195
Enter estimation parameters, or * for pre-computed parameters ([0.07, 1.0635, 1.3547]): *
Enter a threshold (e.g. 4.2) to determine printed output: 2.91
Enter a root for the search space (e.g. [0, 1, 2]) [or * for the root [0]]: *
Enter an upper bound for the size of allowable digit sets [or * to ignore]: 32
Enter a maximal number of deviations from a greedy search [or * to ignore]: *
Searching for k-free sets mod b...

[195, 2.91764, [0, 1, 3, 4, 9, 10, 12, 13, 27, 28, 30, 31, 36, 37, 39, 40, 81, 82, 84, 85, 90, 91, 93, 94]]
[195, 2.91707, [0, 1, 3, 4, 9, 10, 12, 13, 27, 28, 30, 31, 36, 37, 39, 40, 81, 82, 84, 85, 90, 92, 93, 97]]
[195, 2.91678, [0, 1, 3, 4, 9, 10, 12, 13, 27, 28, 30, 31, 36, 37, 39, 40, 81, 82, 84, 85, 90, 93, 94, 97]]
[195, 2.91705, [0, 1, 3, 4, 9, 10, 12, 13, 27, 28, 30, 31, 36, 37, 39, 40, 81, 82, 84, 85, 91, 92, 94, 95]]
[195, 2.91677, [0, 1, 3, 4, 9, 10, 12, 13, 27, 28, 30, 31, 36, 37, 39, 40, 81, 82, 84, 85, 91, 92, 95, 96]]
[195, 2.91676, [0, 1, 3, 4, 9, 10, 12, 13, 27, 28, 30, 31, 36, 37, 39, 40, 81, 82, 84, 85, 91, 93, 94, 96]]
[195, 2.91646, [0, 1, 3, 4, 9, 10, 12, 13, 27, 28, 30, 31, 36, 37, 39, 40, 81, 82, 84, 85, 92, 93, 95, 96]]
[195, 2.91619, [0, 1, 3, 4, 9, 10, 12, 13, 27, 28, 30, 31, 36, 37, 39, 40, 81, 82, 84, 85, 92, 93, 96, 97]]
[195, 2.91618, [0, 1, 3, 4, 9, 10, 12, 13, 27, 28, 30, 31, 36, 37, 39, 40, 81, 82, 84, 85, 92, 94, 95, 97]]
[195, 2.91589, [0, 1, 3, 4, 9, 10, 12, 13, 27, 28, 30, 31, 36, 37, 39, 40, 81, 82, 84, 85, 93, 94, 96, 97]]
[195, 2.91099, [0, 1, 3, 4, 9, 10, 12, 13, 27, 28, 30, 31, 36, 37, 39, 40, 81, 82, 84, 85, 93, 95, 96, 148]]
[195, 2.91672, [0, 1, 3, 4, 9, 10, 12, 13, 27, 28, 30, 31, 36, 37, 39, 40, 81, 82, 84, 88, 90, 91, 93, 97]]
[195, 2.91583, [0, 1, 3, 4, 9, 10, 12, 13, 27, 28, 30, 31, 36, 37, 39, 40, 81, 82, 84, 88, 91, 93, 96, 97]]
[195, 2.91115, [0, 1, 3, 4, 9, 10, 12, 13, 27, 28, 30, 31, 36, 37, 39, 40, 81, 82, 84, 90, 92, 93, 95, 142]]
[195, 2.91087, [0, 1, 3, 4, 9, 10, 12, 13, 27, 28, 30, 31, 36, 37, 39, 40, 81, 82, 84, 90, 92, 93, 97, 142]]
[195, 2.91058, [0, 1, 3, 4, 9, 10, 12, 13, 27, 28, 30, 31, 36, 37, 39, 40, 81, 82, 84, 90, 92, 95, 97, 142]]
[195, 2.91058, [0, 1, 3, 4, 9, 10, 12, 13, 27, 28, 30, 31, 36, 37, 39, 40, 81, 82, 84, 90, 93, 94, 97, 142]]
[195, 2.91029, [0, 1, 3, 4, 9, 10, 12, 13, 27, 28, 30, 31, 36, 37, 39, 40, 81, 82, 84, 90, 94, 95, 97, 142]]
[195, 2.91026, [0, 1, 3, 4, 9, 10, 12, 13, 27, 28, 30, 31, 36, 37, 39, 40, 81, 82, 84, 92, 93, 95, 96, 142]]
[195, 2.91612, [0, 1, 3, 4, 9, 10, 12, 13, 27, 28, 30, 31, 36, 37, 39, 40, 81, 82, 85, 86, 92, 93, 95, 96]]
[195, 2.91584, [0, 1, 3, 4, 9, 10, 12, 13, 27, 28, 30, 31, 36, 37, 39, 40, 81, 82, 85, 86, 92, 93, 96, 97]]
[195, 2.91583, [0, 1, 3, 4, 9, 10, 12, 13, 27, 28, 30, 31, 36, 37, 39, 40, 81, 82, 85, 86, 92, 94, 95, 97]]
[195, 2.91555, [0, 1, 3, 4, 9, 10, 12, 13, 27, 28, 30, 31, 36, 37, 39, 40, 81, 82, 85, 86, 93, 94, 96, 97]]
[195, 2.91064, [0, 1, 3, 4, 9, 10, 12, 13, 27, 28, 30, 31, 36, 37, 39, 40, 81, 82, 85, 86, 93, 95, 96, 148]]
[195, 2.9167, [0, 1, 3, 4, 9, 10, 12, 13, 27, 28, 30, 31, 36, 37, 39, 40, 81, 82, 85, 87, 90, 91, 94, 96]]
[195, 2.91583, [0, 1, 3, 4, 9, 10, 12, 13, 27, 28, 30, 31, 36, 37, 39, 40, 81, 82, 85, 87, 90, 94, 96, 97]]
[195, 2.91074, [0, 1, 3, 4, 9, 10, 12, 13, 27, 28, 30, 31, 36, 37, 39, 40, 81, 82, 85, 91, 92, 94, 95, 141]]
[195, 2.91046, [0, 1, 3, 4, 9, 10, 12, 13, 27, 28, 30, 31, 36, 37, 39, 40, 81, 82, 85, 91, 92, 95, 96, 141]]
[195, 2.91045, [0, 1, 3, 4, 9, 10, 12, 13, 27, 28, 30, 31, 36, 37, 39, 40, 81, 82, 85, 91, 93, 94, 96, 141]]
[195, 2.91577, [0, 1, 3, 4, 9, 10, 12, 13, 27, 28, 30, 31, 36, 37, 39, 40, 81, 82, 87, 88, 90, 91, 96, 97]]
[195, 2.91699, [0, 1, 3, 4, 9, 10, 12, 13, 27, 28, 30, 31, 36, 37, 39, 40, 81, 83, 84, 86, 90, 92, 93, 95]]
[195, 2.91177, [0, 1, 3, 4, 9, 10, 12, 13, 27, 28, 30, 31, 36, 37, 39, 40, 81, 83, 84, 86, 90, 92, 93, 151]]
[195, 2.91152, [0, 1, 3, 4, 9, 10, 12, 13, 27, 28, 30, 31, 36, 37, 39, 40, 81, 83, 84, 86, 90, 93, 95, 148]]
[195, 2.91611, [0, 1, 3, 4, 9, 10, 12, 13, 27, 28, 30, 31, 36, 37, 39, 40, 81, 83, 84, 86, 92, 93, 95, 96]]
[195, 2.91583, [0, 1, 3, 4, 9, 10, 12, 13, 27, 28, 30, 31, 36, 37, 39, 40, 81, 83, 84, 86, 92, 93, 96, 97]]
[195, 2.91088, [0, 1, 3, 4, 9, 10, 12, 13, 27, 28, 30, 31, 36, 37, 39, 40, 81, 83, 84, 86, 92, 93, 96, 151]]
[195, 2.91583, [0, 1, 3, 4, 9, 10, 12, 13, 27, 28, 30, 31, 36, 37, 39, 40, 81, 83, 84, 86, 92, 94, 95, 97]]
[195, 2.91554, [0, 1, 3, 4, 9, 10, 12, 13, 27, 28, 30, 31, 36, 37, 39, 40, 81, 83, 84, 86, 93, 94, 96, 97]]
[195, 2.91064, [0, 1, 3, 4, 9, 10, 12, 13, 27, 28, 30, 31, 36, 37, 39, 40, 81, 83, 84, 86, 93, 95, 96, 148]]
[195, 2.91096, [0, 1, 3, 4, 9, 10, 12, 13, 27, 28, 30, 31, 36, 37, 39, 40, 81, 83, 84, 90, 92, 93, 95, 142]]
[195, 2.91605, [0, 1, 3, 4, 9, 10, 12, 13, 27, 28, 30, 31, 36, 37, 39, 40, 81, 83, 86, 87, 90, 92, 95, 96]]
[195, 2.91082, [0, 1, 3, 4, 9, 10, 12, 13, 27, 28, 30, 31, 36, 37, 39, 40, 81, 83, 86, 87, 90, 92, 96, 151]]
[195, 2.91058, [0, 1, 3, 4, 9, 10, 12, 13, 27, 28, 30, 31, 36, 37, 39, 40, 81, 83, 86, 87, 90, 95, 96, 148]]
[195, 2.91574, [0, 1, 3, 4, 9, 10, 12, 13, 27, 28, 30, 31, 36, 37, 39, 40, 81, 84, 85, 88, 90, 93, 94, 97]]
[195, 2.91485, [0, 1, 3, 4, 9, 10, 12, 13, 27, 28, 30, 31, 36, 37, 39, 40, 81, 84, 85, 88, 93, 94, 96, 97]]
[195, 2.91065, [0, 1, 3, 4, 9, 10, 12, 13, 27, 28, 30, 31, 36, 37, 39, 40, 81, 84, 86, 90, 92, 93, 95, 139]]
[195, 2.91037, [0, 1, 3, 4, 9, 10, 12, 13, 27, 28, 30, 31, 36, 37, 39, 40, 81, 84, 86, 90, 92, 93, 97, 139]]
[195, 2.9145, [0, 1, 3, 4, 9, 10, 12, 13, 27, 28, 30, 31, 36, 37, 39, 40, 81, 85, 86, 88, 93, 94, 96, 97]]
[195, 2.91479, [0, 1, 3, 4, 9, 10, 12, 13, 27, 28, 30, 31, 36, 37, 39, 40, 81, 85, 87, 88, 90, 94, 96, 97]]
[195, 2.91633, [0, 1, 3, 4, 9, 10, 12, 13, 27, 28, 30, 31, 36, 37, 39, 40, 82, 83, 85, 86, 91, 92, 94, 95]]
[195, 2.91575, [0, 1, 3, 4, 9, 10, 12, 13, 27, 28, 30, 31, 36, 37, 39, 40, 82, 83, 85, 86, 92, 93, 95, 96]]
[195, 2.91547, [0, 1, 3, 4, 9, 10, 12, 13, 27, 28, 30, 31, 36, 37, 39, 40, 82, 83, 85, 86, 92, 93, 96, 97]]
[195, 2.91546, [0, 1, 3, 4, 9, 10, 12, 13, 27, 28, 30, 31, 36, 37, 39, 40, 82, 83, 85, 86, 92, 94, 95, 97]]
[195, 2.91036, [0, 1, 3, 4, 9, 10, 12, 13, 27, 28, 30, 31, 36, 37, 39, 40, 82, 83, 85, 86, 92, 95, 96, 149]]
[195, 2.91518, [0, 1, 3, 4, 9, 10, 12, 13, 27, 28, 30, 31, 36, 37, 39, 40, 82, 83, 85, 86, 93, 94, 96, 97]]
[195, 2.91027, [0, 1, 3, 4, 9, 10, 12, 13, 27, 28, 30, 31, 36, 37, 39, 40, 82, 83, 85, 86, 93, 95, 96, 148]]
[195, 2.91484, [0, 1, 3, 4, 9, 10, 12, 13, 27, 28, 30, 31, 36, 37, 39, 40, 82, 83, 86, 87, 93, 94, 96, 97]]
[195, 2.91541, [0, 1, 3, 4, 9, 10, 12, 13, 27, 28, 30, 31, 36, 37, 39, 40, 82, 83, 86, 88, 91, 92, 95, 97]]
[195, 2.9157, [0, 1, 3, 4, 9, 10, 12, 13, 27, 28, 30, 31, 36, 37, 39, 40, 82, 84, 85, 87, 91, 93, 94, 96]]
[195, 2.91483, [0, 1, 3, 4, 9, 10, 12, 13, 27, 28, 30, 31, 36, 37, 39, 40, 82, 84, 85, 87, 93, 94, 96, 97]]
[195, 2.91477, [0, 1, 3, 4, 9, 10, 12, 13, 27, 28, 30, 31, 36, 37, 39, 40, 82, 84, 87, 88, 91, 93, 96, 97]]
[195, 2.91505, [0, 1, 3, 4, 9, 10, 12, 13, 27, 28, 30, 31, 36, 37, 39, 40, 83, 84, 86, 87, 92, 93, 95, 96]]
[195, 2.91447, [0, 1, 3, 4, 9, 10, 12, 13, 27, 28, 30, 31, 36, 37, 39, 40, 83, 84, 86, 87, 93, 94, 96, 97]]
[195, 2.91442, [0, 1, 3, 4, 9, 10, 12, 13, 27, 28, 30, 31, 36, 37, 39, 40, 83, 85, 86, 88, 92, 94, 95, 97]]
[195, 2.91379, [0, 1, 3, 4, 9, 10, 12, 13, 27, 28, 30, 31, 36, 37, 39, 40, 84, 85, 87, 88, 93, 94, 96, 97]]
[195, 2.92793, [0, 1, 3, 4, 9, 10, 12, 13, 27, 28, 30, 31, 36, 37, 40, 66, 75, 78, 82, 83, 87, 93, 94, 97, 142]]
[195, 2.92062, [0, 1, 3, 4, 9, 10, 12, 13, 27, 28, 30, 31, 36, 37, 66, 75, 78, 82, 83, 87, 93, 94, 124, 142, 148, 181]]
[195, 2.9138, [0, 1, 3, 4, 9, 10, 12, 13, 27, 28, 30, 31, 36, 37, 67, 75, 77, 78, 82, 85, 90, 91, 94, 96, 132]]
[195, 2.91315, [0, 1, 3, 4, 9, 10, 12, 13, 27, 28, 30, 31, 36, 37, 67, 75, 77, 78, 82, 88, 90, 91, 95, 96, 132]]
[195, 2.91728, [0, 1, 3, 4, 9, 10, 12, 13, 27, 28, 30, 31, 36, 38, 39, 70, 79, 82, 86, 89, 91, 95, 97, 138, 153]]
[195, 2.91128, [0, 1, 3, 4, 9, 10, 12, 13, 27, 28, 30, 31, 36, 38, 39, 70, 79, 82, 89, 91, 95, 97, 138, 141, 153]]
[195, 2.91629, [0, 1, 3, 4, 9, 10, 12, 13, 27, 28, 30, 31, 36, 38, 39, 70, 79, 85, 86, 89, 94, 95, 97, 138, 153]]
[195, 2.91029, [0, 1, 3, 4, 9, 10, 12, 13, 27, 28, 30, 31, 36, 38, 39, 70, 79, 85, 89, 94, 95, 97, 138, 141, 153]]
[195, 2.91341, [0, 1, 3, 4, 9, 10, 12, 13, 27, 28, 30, 31, 36, 38, 65, 70, 74, 79, 82, 86, 89, 91, 95, 97, 153]]
[195, 2.91799, [0, 1, 3, 4, 9, 10, 12, 13, 27, 28, 30, 31, 36, 38, 65, 70, 74, 82, 84, 87, 88, 91, 93, 96, 97]]
[195, 2.91226, [0, 1, 3, 4, 9, 10, 12, 13, 27, 28, 30, 31, 36, 38, 65, 70, 74, 82, 84, 87, 91, 93, 96, 97, 142]]
[195, 2.91178, [0, 1, 3, 4, 9, 10, 12, 13, 27, 28, 30, 31, 36, 38, 65, 70, 74, 82, 86, 88, 89, 91, 95, 97, 153]]
[195, 2.92821, [0, 1, 3, 4, 9, 10, 12, 13, 27, 28, 30, 31, 36, 39, 40, 64, 73, 81, 83, 86, 87, 90, 95, 96, 121]]
[195, 2.92011, [0, 1, 3, 4, 9, 10, 12, 13, 27, 28, 30, 31, 36, 39, 40, 64, 81, 83, 84, 86, 90, 93, 95, 121, 148]]
[195, 2.91922, [0, 1, 3, 4, 9, 10, 12, 13, 27, 28, 30, 31, 36, 39, 40, 64, 81, 83, 84, 86, 93, 95, 96, 121, 148]]
[195, 2.91405, [0, 1, 3, 4, 9, 10, 12, 13, 27, 28, 30, 31, 36, 39, 40, 64, 81, 83, 84, 90, 93, 95, 121, 142, 148]]
[195, 2.91316, [0, 1, 3, 4, 9, 10, 12, 13, 27, 28, 30, 31, 36, 39, 40, 64, 81, 83, 84, 93, 95, 96, 121, 142, 148]]
[195, 2.91916, [0, 1, 3, 4, 9, 10, 12, 13, 27, 28, 30, 31, 36, 39, 40, 64, 81, 83, 86, 87, 90, 95, 96, 121, 148]]
[195, 2.9131, [0, 1, 3, 4, 9, 10, 12, 13, 27, 28, 30, 31, 36, 39, 40, 64, 81, 83, 87, 90, 95, 96, 121, 142, 148]]
[195, 2.91815, [0, 1, 3, 4, 9, 10, 12, 13, 27, 28, 30, 31, 36, 39, 40, 64, 83, 84, 86, 87, 93, 95, 96, 121, 148]]
[195, 2.91209, [0, 1, 3, 4, 9, 10, 12, 13, 27, 28, 30, 31, 36, 39, 40, 64, 83, 84, 87, 93, 95, 96, 121, 142, 148]]
[195, 2.91188, [0, 1, 3, 4, 9, 10, 12, 13, 27, 28, 30, 31, 36, 39, 40, 64, 83, 86, 87, 93, 95, 96, 121, 140, 148]]
[195, 2.91845, [0, 1, 3, 4, 9, 10, 12, 13, 27, 28, 30, 31, 36, 40, 65, 66, 73, 74, 78, 84, 85, 87, 88, 93, 151]]
[195, 2.9104, [0, 1, 3, 4, 9, 10, 12, 13, 27, 28, 30, 31, 36, 40, 65, 66, 73, 74, 78, 84, 85, 88, 93, 151, 180]]
[195, 2.91108, [0, 1, 3, 4, 9, 10, 12, 13, 27, 28, 30, 31, 36, 40, 65, 66, 73, 74, 78, 84, 87, 88, 93, 151, 160]]
[195, 2.91693, [0, 1, 3, 4, 9, 10, 12, 13, 27, 28, 30, 31, 36, 40, 65, 66, 74, 75, 78, 86, 88, 89, 93, 95, 134]]
[195, 2.91096, [0, 1, 3, 4, 9, 10, 12, 13, 27, 28, 30, 31, 36, 40, 65, 66, 74, 75, 78, 86, 88, 89, 95, 134, 158]]
[195, 2.91104, [0, 1, 3, 4, 9, 10, 12, 13, 27, 28, 30, 31, 36, 40, 65, 74, 75, 78, 86, 88, 89, 93, 95, 96, 134]]
[195, 2.9171, [0, 1, 3, 4, 9, 10, 12, 13, 27, 28, 30, 31, 37, 38, 40, 69, 78, 84, 89, 91, 92, 96, 97, 120, 139]]
[195, 2.91204, [0, 1, 3, 4, 9, 10, 12, 13, 27, 28, 30, 31, 37, 38, 68, 69, 78, 79, 83, 84, 86, 91, 92, 95, 161]]
[195, 2.91508, [0, 1, 3, 4, 9, 10, 12, 13, 27, 28, 30, 31, 38, 40, 65, 69, 74, 82, 84, 87, 88, 91, 93, 96, 97]]
[195, 2.91101, [0, 1, 3, 4, 9, 10, 12, 13, 27, 28, 30, 31, 39, 63, 64, 70, 71, 73, 80, 81, 85, 86, 88, 93, 94]]
[195, 2.91407, [0, 1, 3, 4, 9, 10, 12, 13, 27, 28, 30, 31, 64, 65, 67, 71, 72, 74, 82, 85, 86, 89, 91, 94, 95, 153]]
[195, 2.91471, [0, 1, 3, 4, 9, 10, 12, 13, 27, 28, 30, 31, 64, 65, 68, 70, 73, 74, 77, 85, 87, 88, 92, 94, 95, 152]]
[195, 2.9107, [0, 1, 3, 4, 9, 10, 12, 13, 27, 28, 30, 36, 37, 40, 58, 66, 75, 78, 82, 83, 87, 93, 94, 97, 142]]
[195, 2.9183, [0, 1, 3, 4, 9, 10, 12, 13, 27, 28, 31, 32, 38, 40, 57, 65, 69, 78, 84, 85, 88, 93, 94, 96, 97]]
[195, 2.91332, [0, 1, 3, 4, 9, 10, 12, 13, 27, 28, 31, 32, 38, 40, 57, 65, 69, 78, 84, 88, 89, 93, 95, 96, 139]]
[195, 2.91228, [0, 1, 3, 4, 9, 10, 12, 13, 27, 28, 31, 32, 38, 40, 57, 65, 69, 78, 84, 88, 93, 94, 96, 97, 139]]
[195, 2.91276, [0, 1, 3, 4, 9, 10, 12, 13, 27, 28, 31, 32, 38, 40, 65, 69, 74, 82, 84, 87, 88, 91, 93, 96, 97]]
[195, 2.91904, [0, 1, 3, 4, 9, 10, 12, 13, 27, 29, 30, 32, 36, 38, 39, 70, 80, 85, 86, 88, 89, 94, 95, 97, 153]]
[195, 2.9155, [0, 1, 3, 4, 9, 10, 12, 13, 27, 29, 30, 32, 36, 38, 65, 70, 74, 82, 84, 87, 88, 91, 93, 96, 97]]
[195, 2.91259, [0, 1, 3, 4, 9, 10, 12, 13, 27, 29, 30, 32, 38, 40, 65, 69, 74, 82, 84, 87, 88, 91, 93, 96, 97]]
[195, 2.91473, [0, 1, 3, 4, 9, 10, 12, 13, 27, 29, 30, 34, 36, 37, 52, 66, 76, 81, 82, 84, 85, 90, 93, 97, 175]]
[195, 2.91242, [0, 1, 3, 4, 9, 10, 12, 13, 27, 29, 33, 34, 38, 40, 52, 60, 61, 69, 81, 85, 90, 96, 97, 127, 139]]
[195, 2.91235, [0, 1, 3, 4, 9, 10, 12, 13, 27, 30, 31, 34, 36, 39, 43, 46, 81, 84, 90, 93, 94, 97, 112, 133, 139]]
[195, 2.91206, [0, 1, 3, 4, 9, 10, 12, 13, 27, 30, 31, 34, 36, 39, 43, 46, 81, 84, 90, 94, 95, 97, 112, 133, 139]]
[195, 2.91146, [0, 1, 3, 4, 9, 10, 12, 13, 27, 30, 31, 34, 36, 39, 43, 46, 81, 84, 93, 94, 96, 97, 112, 133, 139]]
[195, 2.91154, [0, 1, 3, 4, 9, 10, 12, 13, 27, 30, 31, 34, 36, 39, 43, 46, 81, 87, 90, 94, 95, 97, 112, 133, 139]]
[195, 2.9114, [0, 1, 3, 4, 9, 10, 12, 13, 27, 30, 31, 34, 36, 39, 43, 46, 81, 87, 90, 94, 96, 97, 112, 133, 139]]
[195, 2.91039, [0, 1, 3, 4, 9, 10, 12, 13, 27, 30, 31, 34, 36, 39, 43, 46, 84, 87, 93, 94, 96, 97, 112, 133, 139]]
[195, 2.91346, [0, 1, 3, 4, 9, 10, 12, 13, 27, 30, 31, 36, 37, 39, 40, 55, 81, 84, 86, 90, 92, 93, 95, 112, 139]]
[195, 2.91257, [0, 1, 3, 4, 9, 10, 12, 13, 27, 30, 31, 36, 37, 39, 40, 55, 81, 84, 86, 92, 93, 95, 96, 112, 139]]
[195, 2.91251, [0, 1, 3, 4, 9, 10, 12, 13, 27, 30, 31, 36, 37, 39, 40, 55, 81, 86, 87, 90, 92, 95, 96, 112, 139]]
[195, 2.9115, [0, 1, 3, 4, 9, 10, 12, 13, 27, 30, 31, 36, 37, 39, 40, 55, 84, 86, 87, 92, 93, 95, 96, 112, 139]]
[195, 2.91688, [0, 1, 3, 4, 9, 10, 12, 13, 27, 31, 32, 34, 38, 40, 43, 57, 69, 78, 84, 88, 93, 94, 96, 97, 112]]
[195, 2.92854, [0, 1, 3, 4, 9, 10, 12, 13, 27, 31, 32, 34, 38, 43, 46, 57, 69, 78, 84, 93, 94, 96, 97, 112, 133, 139]]
[195, 2.91542, [0, 1, 3, 4, 9, 10, 12, 13, 27, 31, 32, 34, 43, 46, 57, 66, 69, 78, 84, 93, 94, 96, 97, 112, 133, 139]]
[195, 2.92055, [0, 1, 3, 4, 9, 10, 12, 13, 28, 29, 31, 32, 37, 38, 40, 69, 78, 82, 83, 85, 91, 93, 94, 96, 111]]
[195, 2.91339, [0, 1, 3, 4, 9, 10, 12, 13, 28, 29, 31, 32, 37, 38, 40, 69, 84, 85, 87, 88, 93, 94, 96, 97, 153]]
[195, 2.91029, [0, 1, 3, 4, 9, 10, 12, 13, 28, 29, 31, 32, 37, 66, 67, 69, 75, 78, 79, 85, 88, 94, 96, 111, 162, 177]]
[195, 2.91138, [0, 1, 3, 4, 9, 10, 12, 13, 28, 30, 31, 33, 37, 40, 42, 45, 82, 85, 91, 93, 94, 96, 111, 132, 138]]
[195, 2.91051, [0, 1, 3, 4, 9, 10, 12, 13, 28, 30, 31, 33, 37, 40, 42, 45, 82, 85, 93, 94, 96, 97, 111, 132, 138]]
[195, 2.91045, [0, 1, 3, 4, 9, 10, 12, 13, 28, 30, 31, 33, 37, 40, 42, 45, 82, 88, 91, 93, 96, 97, 111, 132, 138]]

Search completed in 5 hours, 13 minutes, and 31.563 seconds.  Enter a string to quit.