Enter an integer k for which our Kempner sets are k-free: 3
Enter a positive integer modulus b: 315
Enter estimation parameters, or * for pre-computed parameters ([0.0821, 1.6299, 1.1979]): *
Enter a threshold (e.g. 4.2) to determine printed output: 2.94
Enter a root for the search space (e.g. [0, 1, 2]) [or * for the root [0]]: *
Enter an upper bound for the size of allowable digit sets [or * to ignore]: 37
Enter a maximal number of deviations from a greedy search [or * to ignore]: *
Searching for k-free sets mod b...

[315, 2.9436, [0, 1, 3, 4, 9, 10, 12, 13, 27, 28, 30, 31, 36, 37, 39, 40, 81, 82, 87, 89, 90, 94, 100, 102, 103, 108, 109, 120, 121, 130, 145, 156, 264, 270]]
[315, 2.94178, [0, 1, 3, 4, 9, 10, 12, 13, 27, 28, 30, 31, 36, 37, 39, 40, 81, 82, 87, 89, 90, 94, 102, 103, 108, 109, 118, 120, 121, 130, 145, 156, 264, 270]]
[315, 2.94061, [0, 1, 3, 4, 9, 10, 12, 13, 27, 28, 30, 31, 36, 37, 39, 40, 81, 82, 90, 100, 104, 106, 107, 109, 116, 117, 120, 121, 129, 139, 145, 146, 148, 156]]
[315, 2.94055, [0, 1, 3, 4, 9, 10, 12, 13, 27, 28, 30, 31, 36, 37, 39, 40, 81, 82, 90, 100, 104, 106, 107, 109, 116, 117, 120, 121, 129, 139, 145, 147, 148, 156]]
[315, 2.94221, [0, 1, 3, 4, 9, 10, 12, 13, 27, 28, 30, 31, 36, 37, 39, 40, 81, 82, 95, 96, 100, 102, 103, 107, 113, 115, 116, 120, 139, 141, 142, 146, 147, 157]]
[315, 2.94115, [0, 1, 3, 4, 9, 10, 12, 13, 27, 28, 30, 31, 36, 37, 39, 40, 81, 82, 95, 96, 100, 102, 103, 107, 113, 115, 120, 129, 139, 141, 142, 146, 147, 157]]
[315, 2.94045, [0, 1, 3, 4, 9, 10, 12, 13, 27, 28, 30, 31, 36, 37, 39, 40, 81, 86, 87, 89, 90, 103, 106, 110, 111, 113, 118, 124, 127, 128, 154, 156, 157, 270]]
[315, 2.94037, [0, 1, 3, 4, 9, 10, 12, 13, 27, 28, 30, 31, 36, 37, 39, 40, 81, 86, 87, 89, 90, 103, 106, 110, 111, 113, 118, 124, 127, 129, 154, 156, 157, 270]]
[315, 2.9403, [0, 1, 3, 4, 9, 10, 12, 13, 27, 28, 30, 31, 36, 37, 39, 40, 81, 86, 87, 89, 90, 103, 106, 110, 111, 113, 118, 124, 128, 129, 154, 156, 157, 270]]
[315, 2.94091, [0, 1, 3, 4, 9, 10, 12, 13, 27, 28, 30, 31, 36, 37, 39, 40, 81, 87, 89, 99, 103, 105, 106, 108, 112, 114, 115, 128, 133, 136, 140, 145, 155, 156]]
[315, 2.94193, [0, 1, 3, 4, 9, 10, 12, 13, 27, 28, 30, 31, 36, 37, 39, 40, 82, 86, 87, 91, 97, 105, 109, 110, 114, 116, 117, 126, 130, 139, 140, 149, 153, 156]]
[315, 2.9443, [0, 1, 3, 4, 9, 10, 12, 13, 27, 28, 30, 31, 36, 37, 39, 40, 82, 91, 94, 99, 103, 105, 109, 114, 118, 121, 130, 132, 138, 140, 141, 153, 156, 204, 258]]
[315, 2.94628, [0, 1, 3, 4, 9, 10, 12, 13, 27, 28, 30, 31, 36, 37, 39, 40, 82, 91, 94, 99, 105, 109, 112, 114, 118, 132, 138, 140, 141, 153, 156, 202, 204, 238, 256, 258]]
[315, 2.94029, [0, 1, 3, 4, 9, 10, 12, 13, 27, 28, 30, 31, 36, 37, 39, 40, 82, 91, 94, 99, 109, 112, 114, 118, 132, 138, 140, 141, 153, 156, 202, 204, 210, 238, 256, 258]]
[315, 2.9412, [0, 1, 3, 4, 9, 10, 12, 13, 27, 28, 30, 31, 36, 37, 39, 40, 82, 94, 99, 100, 103, 105, 109, 114, 121, 130, 132, 138, 140, 141, 145, 153, 156, 204, 258]]
[315, 2.94316, [0, 1, 3, 4, 9, 10, 12, 13, 27, 28, 30, 31, 36, 37, 39, 40, 82, 94, 99, 100, 105, 109, 112, 114, 132, 138, 140, 141, 145, 153, 156, 202, 204, 238, 256, 258]]
[315, 2.94133, [0, 1, 3, 4, 9, 10, 12, 13, 27, 28, 30, 31, 36, 37, 39, 40, 82, 94, 99, 105, 109, 112, 114, 118, 132, 138, 140, 141, 145, 153, 156, 202, 204, 238, 256, 258]]
[315, 2.9418, [0, 1, 3, 4, 9, 10, 12, 13, 27, 28, 30, 31, 36, 37, 39, 40, 83, 86, 87, 99, 101, 102, 107, 109, 110, 114, 120, 122, 123, 140, 148, 149, 151, 152]]
[315, 2.94164, [0, 1, 3, 4, 9, 10, 12, 13, 27, 28, 30, 31, 36, 37, 39, 40, 83, 86, 87, 99, 101, 102, 107, 109, 110, 114, 120, 122, 123, 140, 148, 149, 151, 155]]
[315, 2.94159, [0, 1, 3, 4, 9, 10, 12, 13, 27, 28, 30, 31, 36, 37, 39, 40, 83, 86, 87, 99, 101, 102, 107, 109, 110, 114, 120, 122, 123, 140, 148, 150, 151, 155]]
[315, 2.94147, [0, 1, 3, 4, 9, 10, 12, 13, 27, 28, 30, 31, 36, 37, 39, 40, 83, 86, 87, 99, 101, 102, 107, 109, 110, 114, 120, 122, 123, 140, 148, 151, 152, 155]]
[315, 2.94142, [0, 1, 3, 4, 9, 10, 12, 13, 27, 28, 30, 31, 36, 37, 39, 40, 83, 86, 87, 99, 101, 102, 107, 109, 110, 114, 120, 123, 124, 140, 148, 150, 151, 155]]
[315, 2.94131, [0, 1, 3, 4, 9, 10, 12, 13, 27, 28, 30, 31, 36, 37, 39, 40, 83, 86, 87, 99, 101, 102, 107, 109, 110, 114, 120, 123, 124, 140, 148, 151, 152, 155]]
[315, 2.94203, [0, 1, 3, 4, 9, 10, 12, 13, 27, 28, 30, 31, 36, 37, 39, 40, 83, 86, 87, 99, 101, 102, 109, 110, 113, 114, 120, 122, 123, 128, 148, 149, 151, 152]]
[315, 2.94121, [0, 1, 3, 4, 9, 10, 12, 13, 27, 28, 30, 31, 36, 37, 39, 40, 83, 87, 93, 97, 100, 102, 105, 106, 109, 120, 122, 128, 132, 133, 141, 145, 148, 152]]
[315, 2.94068, [0, 1, 3, 4, 9, 10, 12, 13, 27, 28, 30, 31, 36, 37, 39, 40, 84, 98, 100, 104, 106, 107, 111, 113, 117, 133, 135, 139, 144, 146, 147, 151, 152, 154, 259]]
[315, 2.94024, [0, 1, 3, 4, 9, 10, 12, 13, 27, 28, 30, 31, 36, 37, 39, 40, 84, 98, 102, 104, 107, 108, 111, 113, 117, 133, 135, 139, 144, 146, 147, 151, 152, 154, 259]]
[315, 2.94291, [0, 1, 3, 4, 9, 10, 12, 13, 27, 28, 30, 31, 36, 37, 39, 40, 85, 86, 89, 101, 103, 107, 108, 110, 114, 123, 124, 126, 146, 152, 153, 155, 156, 258, 260]]
[315, 2.94217, [0, 1, 3, 4, 9, 10, 12, 13, 27, 28, 30, 31, 36, 37, 39, 40, 85, 86, 89, 101, 103, 107, 108, 114, 118, 123, 124, 126, 146, 152, 153, 155, 156, 258, 260]]
[315, 2.94235, [0, 1, 3, 4, 9, 10, 12, 13, 27, 28, 30, 31, 36, 37, 39, 40, 86, 88, 99, 100, 104, 107, 113, 116, 118, 124, 131, 134, 143, 147, 153, 154, 156, 157, 260]]
[315, 2.94471, [0, 1, 3, 4, 9, 10, 12, 13, 27, 28, 30, 31, 36, 37, 39, 40, 87, 88, 90, 91, 99, 100, 105, 106, 114, 115, 117, 118, 126, 127, 132, 133, 156, 157]]
[315, 2.94024, [0, 1, 3, 4, 9, 10, 12, 13, 27, 28, 30, 31, 36, 37, 39, 40, 87, 90, 99, 100, 105, 106, 114, 115, 117, 126, 132, 133, 139, 142, 154, 156, 157, 205, 259]]
[315, 2.94233, [0, 1, 3, 4, 9, 10, 12, 13, 27, 28, 30, 31, 36, 37, 39, 40, 87, 93, 97, 98, 102, 105, 115, 120, 124, 126, 129, 131, 140, 141, 145, 148, 152, 205, 214]]
[315, 2.94597, [0, 1, 3, 4, 9, 10, 12, 13, 27, 28, 30, 31, 36, 37, 39, 40, 88, 98, 102, 104, 105, 107, 113, 114, 117, 118, 125, 135, 141, 142, 144, 150, 151, 154, 155]]
[315, 2.94072, [0, 1, 3, 4, 9, 10, 12, 13, 27, 28, 30, 31, 36, 37, 39, 40, 90, 91, 95, 97, 102, 106, 108, 111, 124, 128, 130, 133, 134, 139, 147, 156, 198, 214, 234]]
[315, 2.94079, [0, 1, 3, 4, 9, 10, 12, 13, 27, 28, 30, 31, 36, 37, 39, 40, 91, 92, 95, 97, 105, 107, 108, 110, 114, 126, 130, 132, 135, 139, 141, 149, 199, 235, 253]]
[315, 2.94457, [0, 1, 3, 4, 9, 10, 12, 13, 27, 28, 30, 31, 36, 37, 39, 40, 93, 100, 101, 104, 105, 111, 113, 114, 116, 120, 130, 137, 138, 141, 142, 148, 151, 153, 157]]
[315, 2.9427, [0, 1, 3, 4, 9, 10, 12, 13, 27, 28, 30, 31, 36, 37, 39, 40, 98, 99, 102, 103, 109, 111, 112, 114, 118, 128, 135, 136, 139, 140, 146, 148, 149, 151, 155]]
[315, 2.94097, [0, 1, 3, 4, 9, 10, 12, 13, 27, 28, 30, 31, 36, 37, 39, 40, 98, 102, 104, 105, 107, 113, 114, 117, 118, 125, 135, 139, 141, 142, 144, 150, 151, 154, 155]]
[315, 2.94115, [0, 1, 3, 4, 9, 10, 12, 13, 27, 28, 30, 31, 36, 37, 39, 40, 99, 100, 103, 104, 110, 112, 113, 115, 119, 129, 136, 137, 140, 141, 147, 149, 150, 152, 156]]
[315, 2.94219, [0, 1, 3, 4, 9, 10, 12, 13, 27, 31, 32, 34, 38, 43, 46, 47, 57, 69, 70, 96, 98, 103, 112, 116, 117, 119, 124, 133, 141, 143, 144, 148, 151, 156, 157]]
[315, 2.94262, [0, 1, 3, 4, 9, 10, 12, 13, 27, 31, 32, 34, 38, 43, 46, 47, 57, 69, 70, 96, 98, 103, 112, 117, 119, 120, 124, 132, 133, 141, 143, 148, 151, 156, 157]]

Search completed in 120 hours, 7 minutes, and 0.369 seconds.  Enter a string to quit.