Enter an integer k for which our Kempner sets are k-free: 3
Enter a positive integer modulus b: 108
Enter estimation parameters, or * for pre-computed parameters ([0.0842, 1.0732, 1.4117]): *
Enter a threshold (e.g. 4.2) to determine printed output: 2.86
Enter a root for the search space (e.g. [0, 1, 2]) [or * for the root [0]]: *
Enter an upper bound for the size of allowable digit sets [or * to ignore]: *
Enter a maximal number of deviations from a greedy search [or * to ignore]: *
Searching for k-free sets mod b...

[108, 2.88601, [0, 1, 3, 4, 9, 10, 12, 13, 27, 28, 30, 31, 36, 37, 39, 40]]
[108, 2.86688, [0, 1, 3, 4, 9, 10, 12, 13, 27, 28, 30, 31, 36, 37, 39, 94]]
[108, 2.86626, [0, 1, 3, 4, 9, 10, 12, 13, 27, 28, 30, 31, 36, 37, 40, 93]]
[108, 2.86491, [0, 1, 3, 4, 9, 10, 12, 13, 27, 28, 30, 31, 36, 39, 40, 91]]
[108, 2.86418, [0, 1, 3, 4, 9, 10, 12, 13, 27, 28, 30, 31, 37, 39, 40, 90]]
[108, 2.87683, [0, 1, 3, 4, 9, 10, 12, 13, 27, 28, 30, 34, 36, 37, 39, 49]]
[108, 2.87146, [0, 1, 3, 4, 9, 10, 12, 13, 27, 28, 30, 36, 37, 39, 40, 49]]
[108, 2.87638, [0, 1, 3, 4, 9, 10, 12, 13, 27, 28, 31, 33, 36, 37, 40, 48]]
[108, 2.87073, [0, 1, 3, 4, 9, 10, 12, 13, 27, 28, 31, 36, 37, 39, 40, 48]]
[108, 2.90228, [0, 1, 3, 4, 9, 10, 12, 13, 27, 28, 32, 34, 35, 39, 48, 49, 90]]
[108, 2.87907, [0, 1, 3, 4, 9, 10, 12, 13, 27, 28, 32, 34, 39, 48, 49, 90, 91]]
[108, 2.86856, [0, 1, 3, 4, 9, 10, 12, 13, 27, 28, 32, 34, 39, 48, 79, 90, 91]]
[108, 2.86721, [0, 1, 3, 4, 9, 10, 12, 13, 27, 28, 33, 34, 36, 37, 48, 49]]
[108, 2.86371, [0, 1, 3, 4, 9, 10, 12, 13, 27, 28, 33, 35, 36, 40, 48, 49]]
[108, 2.86183, [0, 1, 3, 4, 9, 10, 12, 13, 27, 28, 33, 36, 37, 40, 48, 49]]
[108, 2.86155, [0, 1, 3, 4, 9, 10, 12, 13, 27, 28, 34, 36, 37, 39, 48, 49]]
[108, 2.87199, [0, 1, 3, 4, 9, 10, 12, 13, 27, 29, 30, 35, 36, 38, 39, 52]]
[108, 2.86849, [0, 1, 3, 4, 9, 10, 12, 13, 27, 29, 30, 36, 37, 39, 40, 52]]
[108, 2.87387, [0, 1, 3, 4, 9, 10, 12, 13, 27, 30, 31, 34, 36, 39, 40, 43]]
[108, 2.8698, [0, 1, 3, 4, 9, 10, 12, 13, 27, 30, 31, 34, 36, 39, 43, 46]]
[108, 2.86908, [0, 1, 3, 4, 9, 10, 12, 13, 27, 30, 31, 36, 37, 39, 40, 46]]
[108, 2.86351, [0, 1, 3, 4, 9, 10, 12, 13, 27, 30, 34, 36, 37, 39, 43, 46]]
[108, 2.86416, [0, 1, 3, 4, 9, 10, 12, 13, 27, 31, 32, 34, 38, 40, 43, 47]]
[108, 2.86425, [0, 1, 3, 4, 9, 10, 12, 13, 27, 31, 33, 34, 36, 40, 43, 48]]
[108, 2.86074, [0, 1, 3, 4, 9, 10, 12, 13, 27, 31, 33, 34, 36, 43, 46, 47]]
[108, 2.86018, [0, 1, 3, 4, 9, 10, 12, 13, 27, 31, 33, 34, 36, 43, 46, 48]]
[108, 2.89089, [0, 1, 3, 4, 9, 10, 12, 13, 27, 31, 34, 36, 40, 43, 47, 48, 75]]
[108, 2.87425, [0, 1, 3, 4, 9, 10, 12, 13, 27, 34, 35, 39, 40, 48, 49, 52, 90]]
[108, 2.8621, [0, 1, 3, 4, 9, 10, 12, 13, 27, 34, 35, 39, 40, 49, 52, 84, 90]]
[108, 2.87721, [0, 1, 3, 4, 9, 10, 12, 13, 28, 29, 31, 32, 37, 38, 40, 41]]
[108, 2.87404, [0, 1, 3, 4, 9, 10, 12, 13, 28, 29, 31, 32, 38, 39, 41, 42]]
[108, 2.87318, [0, 1, 3, 4, 9, 10, 12, 13, 28, 30, 31, 33, 37, 39, 40, 42]]
[108, 2.86892, [0, 1, 3, 4, 9, 10, 12, 13, 28, 30, 31, 33, 37, 40, 42, 45]]
[108, 2.86814, [0, 1, 3, 4, 9, 10, 12, 13, 28, 30, 31, 36, 37, 39, 40, 45]]
[108, 2.864, [0, 1, 3, 4, 9, 10, 12, 13, 28, 30, 33, 34, 37, 39, 42, 49]]
[108, 2.86227, [0, 1, 3, 4, 9, 10, 12, 13, 28, 31, 33, 36, 37, 40, 42, 45]]
[108, 2.86903, [0, 1, 3, 4, 9, 10, 12, 13, 28, 32, 34, 37, 39, 48, 49, 81, 90]]
[108, 2.89423, [0, 1, 3, 4, 9, 10, 12, 13, 28, 33, 35, 36, 40, 41, 48, 50, 51]]
[108, 2.8749, [0, 1, 3, 4, 9, 10, 12, 13, 28, 33, 35, 36, 41, 48, 50, 51, 94]]
[108, 2.86891, [0, 1, 3, 4, 9, 10, 12, 13, 29, 30, 32, 33, 38, 39, 41, 42]]
[108, 2.86588, [0, 1, 3, 4, 9, 10, 12, 13, 29, 30, 32, 33, 39, 40, 42, 43]]
[108, 2.86452, [0, 1, 3, 4, 9, 10, 12, 13, 29, 30, 32, 33, 39, 40, 43, 44]]
[108, 2.86446, [0, 1, 3, 4, 9, 10, 12, 13, 29, 30, 32, 33, 39, 41, 42, 44]]
[108, 2.86298, [0, 1, 3, 4, 9, 10, 12, 13, 29, 30, 32, 33, 40, 41, 43, 44]]
[108, 2.86078, [0, 1, 3, 4, 9, 10, 12, 13, 29, 30, 33, 34, 40, 41, 43, 44]]
[108, 2.90949, [0, 1, 3, 4, 9, 10, 12, 13, 29, 30, 33, 35, 38, 39, 42, 44, 52]]
[108, 2.89752, [0, 1, 3, 4, 9, 10, 12, 13, 29, 30, 35, 37, 38, 42, 43, 52, 53]]
[108, 2.87764, [0, 1, 3, 4, 9, 10, 12, 13, 29, 30, 35, 37, 42, 43, 52, 53, 88]]
[108, 2.86508, [0, 1, 3, 4, 9, 10, 12, 13, 29, 31, 32, 34, 38, 40, 41, 43]]
[108, 2.86063, [0, 1, 3, 4, 9, 10, 12, 13, 29, 31, 32, 34, 40, 41, 43, 44]]
[108, 2.88099, [0, 1, 3, 4, 9, 10, 12, 13, 29, 35, 37, 38, 42, 43, 50, 52, 53]]
[108, 2.86104, [0, 1, 3, 4, 9, 10, 12, 13, 30, 31, 33, 34, 39, 40, 42, 43]]
[108, 2.88068, [0, 1, 3, 4, 9, 10, 12, 13, 30, 32, 33, 40, 42, 45, 46, 49, 73]]
[108, 2.86885, [0, 1, 3, 4, 9, 10, 12, 13, 32, 33, 36, 42, 44, 45, 49, 50, 73]]
[108, 2.87442, [0, 1, 3, 4, 9, 10, 12, 13, 32, 33, 37, 38, 40, 46, 49, 50, 69]]
[108, 2.86992, [0, 1, 3, 4, 9, 10, 12, 13, 32, 33, 37, 40, 44, 46, 49, 50, 69]]
[108, 2.86491, [0, 1, 3, 4, 9, 10, 12, 13, 32, 34, 38, 40, 43, 49, 50, 53, 69]]
[108, 2.86041, [0, 1, 3, 4, 9, 10, 12, 13, 32, 34, 40, 43, 44, 49, 50, 53, 69]]
[108, 2.87721, [0, 1, 3, 4, 9, 10, 12, 13, 33, 34, 38, 39, 41, 46, 47, 50, 52]]
[108, 2.87358, [0, 1, 3, 4, 9, 10, 12, 13, 33, 35, 38, 39, 44, 46, 47, 51, 52]]
[108, 2.87059, [0, 1, 3, 4, 9, 10, 12, 13, 34, 35, 39, 40, 42, 47, 48, 51, 53]]
[108, 2.86711, [0, 1, 3, 4, 9, 10, 12, 13, 34, 36, 39, 40, 45, 47, 48, 52, 53]]
[108, 2.88688, [0, 1, 3, 4, 9, 11, 12, 16, 26, 30, 33, 35, 38, 39, 42, 47, 53]]
[108, 2.88258, [0, 1, 3, 4, 9, 11, 12, 16, 26, 30, 33, 35, 38, 42, 45, 47, 53]]
[108, 2.86405, [0, 1, 3, 4, 9, 11, 12, 16, 26, 30, 33, 38, 39, 42, 47, 53, 89]]
[108, 2.87397, [0, 1, 3, 4, 9, 11, 12, 16, 26, 33, 34, 37, 38, 44, 46, 47, 53]]
[108, 2.86242, [0, 1, 3, 4, 9, 11, 12, 16, 30, 34, 35, 37, 41, 43, 46, 50, 53]]
[108, 2.86421, [0, 1, 3, 4, 10, 11, 13, 14, 29, 30, 35, 37, 38, 42, 43, 52, 53]]
[108, 2.86833, [0, 1, 3, 4, 10, 11, 13, 14, 29, 31, 34, 35, 38, 40, 43, 50, 53]]
[108, 2.86422, [0, 1, 3, 4, 10, 11, 13, 14, 29, 31, 34, 35, 38, 43, 46, 50, 53]]
[108, 2.86349, [0, 1, 3, 4, 10, 11, 13, 14, 29, 31, 35, 37, 38, 40, 46, 50, 53]]
[108, 2.86801, [0, 1, 3, 4, 10, 11, 13, 14, 30, 31, 34, 36, 39, 40, 43, 45, 53]]

Search completed in 0 hours, 3 minutes, and 54.546 seconds.  Enter a string to quit.