Enter an integer k for which our Kempner sets are k-free: 3
Enter a positive integer modulus b: 105
Enter estimation parameters, or * for pre-computed parameters ([0.0846, 1.0744, 1.4108]): *
Enter a threshold (e.g. 4.2) to determine printed output: 2.87
Enter a root for the search space (e.g. [0, 1, 2]) [or * for the root [0]]: *
Enter an upper bound for the size of allowable digit sets [or * to ignore]: *
Enter a maximal number of deviations from a greedy search [or * to ignore]: *
Searching for k-free sets mod b...

[105, 2.89708, [0, 1, 3, 4, 9, 10, 12, 13, 27, 28, 30, 31, 36, 37, 39, 40]]
[105, 2.87828, [0, 1, 3, 4, 9, 10, 12, 13, 27, 28, 30, 31, 36, 37, 39, 91]]
[105, 2.87767, [0, 1, 3, 4, 9, 10, 12, 13, 27, 28, 30, 31, 36, 37, 40, 90]]
[105, 2.87797, [0, 1, 3, 4, 9, 10, 12, 13, 27, 28, 30, 31, 36, 38, 39, 88]]
[105, 2.88783, [0, 1, 3, 4, 9, 10, 12, 13, 27, 28, 30, 34, 36, 37, 39, 49]]
[105, 2.87664, [0, 1, 3, 4, 9, 10, 12, 13, 27, 28, 30, 34, 36, 37, 39, 82]]
[105, 2.87474, [0, 1, 3, 4, 9, 10, 12, 13, 27, 28, 30, 35, 36, 38, 39, 82]]
[105, 2.88241, [0, 1, 3, 4, 9, 10, 12, 13, 27, 28, 30, 36, 37, 39, 40, 49]]
[105, 2.87122, [0, 1, 3, 4, 9, 10, 12, 13, 27, 28, 30, 36, 37, 39, 40, 82]]
[105, 2.88738, [0, 1, 3, 4, 9, 10, 12, 13, 27, 28, 31, 33, 36, 37, 40, 48]]
[105, 2.87586, [0, 1, 3, 4, 9, 10, 12, 13, 27, 28, 31, 33, 36, 37, 40, 81]]
[105, 2.88167, [0, 1, 3, 4, 9, 10, 12, 13, 27, 28, 31, 36, 37, 39, 40, 48]]
[105, 2.87015, [0, 1, 3, 4, 9, 10, 12, 13, 27, 28, 31, 36, 37, 39, 40, 81]]
[105, 2.87852, [0, 1, 3, 4, 9, 10, 12, 13, 27, 28, 32, 34, 35, 39, 48, 49]]
[105, 2.87812, [0, 1, 3, 4, 9, 10, 12, 13, 27, 28, 33, 34, 36, 37, 48, 49]]
[105, 2.87459, [0, 1, 3, 4, 9, 10, 12, 13, 27, 28, 33, 35, 36, 40, 48, 49]]
[105, 2.8727, [0, 1, 3, 4, 9, 10, 12, 13, 27, 28, 33, 36, 37, 40, 48, 49]]
[105, 2.87242, [0, 1, 3, 4, 9, 10, 12, 13, 27, 28, 34, 36, 37, 39, 48, 49]]
[105, 2.89861, [0, 1, 3, 4, 9, 10, 12, 13, 27, 29, 30, 34, 36, 40, 52, 88, 90]]
[105, 2.88294, [0, 1, 3, 4, 9, 10, 12, 13, 27, 29, 30, 35, 36, 38, 39, 52]]
[105, 2.87396, [0, 1, 3, 4, 9, 10, 12, 13, 27, 29, 30, 35, 36, 38, 39, 79]]
[105, 2.87942, [0, 1, 3, 4, 9, 10, 12, 13, 27, 29, 30, 36, 37, 39, 40, 52]]
[105, 2.89677, [0, 1, 3, 4, 9, 10, 12, 13, 27, 29, 33, 34, 36, 40, 52, 81, 88]]
[105, 2.87139, [0, 1, 3, 4, 9, 10, 12, 13, 27, 29, 34, 36, 40, 52, 81, 88, 90]]
[105, 2.88485, [0, 1, 3, 4, 9, 10, 12, 13, 27, 30, 31, 34, 36, 39, 40, 43]]
[105, 2.88074, [0, 1, 3, 4, 9, 10, 12, 13, 27, 30, 31, 34, 36, 39, 43, 46]]
[105, 2.88001, [0, 1, 3, 4, 9, 10, 12, 13, 27, 30, 31, 36, 37, 39, 40, 46]]
[105, 2.89084, [0, 1, 3, 4, 9, 10, 12, 13, 27, 30, 31, 36, 37, 39, 67, 79, 85]]
[105, 2.87123, [0, 1, 3, 4, 9, 10, 12, 13, 27, 30, 31, 36, 37, 67, 79, 85, 90]]
[105, 2.87439, [0, 1, 3, 4, 9, 10, 12, 13, 27, 30, 34, 36, 37, 39, 43, 46]]
[105, 2.87076, [0, 1, 3, 4, 9, 10, 12, 13, 27, 30, 34, 36, 37, 39, 46, 49]]
[105, 2.8894, [0, 1, 3, 4, 9, 10, 12, 13, 27, 30, 34, 36, 39, 40, 52, 82, 88]]
[105, 2.87506, [0, 1, 3, 4, 9, 10, 12, 13, 27, 31, 32, 34, 38, 40, 43, 47]]
[105, 2.87095, [0, 1, 3, 4, 9, 10, 12, 13, 27, 31, 32, 34, 38, 43, 46, 47]]
[105, 2.87514, [0, 1, 3, 4, 9, 10, 12, 13, 27, 31, 33, 34, 36, 40, 43, 48]]
[105, 2.8716, [0, 1, 3, 4, 9, 10, 12, 13, 27, 31, 33, 34, 36, 43, 46, 47]]
[105, 2.87103, [0, 1, 3, 4, 9, 10, 12, 13, 27, 31, 33, 34, 36, 43, 46, 48]]
[105, 2.87044, [0, 1, 3, 4, 9, 10, 12, 13, 27, 31, 33, 34, 36, 43, 47, 48]]
[105, 2.87031, [0, 1, 3, 4, 9, 10, 12, 13, 27, 31, 33, 36, 37, 40, 46, 48]]
[105, 2.88103, [0, 1, 3, 4, 9, 10, 12, 13, 27, 31, 33, 36, 37, 48, 67, 79, 85]]
[105, 2.87526, [0, 1, 3, 4, 9, 10, 12, 13, 27, 31, 36, 37, 39, 48, 67, 79, 85]]
[105, 2.87959, [0, 1, 3, 4, 9, 10, 12, 13, 27, 33, 34, 36, 40, 48, 52, 82, 88]]
[105, 2.88626, [0, 1, 3, 4, 9, 10, 12, 13, 27, 34, 36, 39, 40, 47, 48, 52, 88]]
[105, 2.87382, [0, 1, 3, 4, 9, 10, 12, 13, 27, 34, 36, 39, 40, 48, 52, 82, 88]]
[105, 2.88822, [0, 1, 3, 4, 9, 10, 12, 13, 28, 29, 31, 32, 37, 38, 40, 41]]
[105, 2.88502, [0, 1, 3, 4, 9, 10, 12, 13, 28, 29, 31, 32, 38, 39, 41, 42]]
[105, 2.87059, [0, 1, 3, 4, 9, 10, 12, 13, 28, 29, 34, 36, 37, 41, 42, 51]]
[105, 2.88415, [0, 1, 3, 4, 9, 10, 12, 13, 28, 30, 31, 33, 37, 39, 40, 42]]
[105, 2.87985, [0, 1, 3, 4, 9, 10, 12, 13, 28, 30, 31, 33, 37, 40, 42, 45]]
[105, 2.87907, [0, 1, 3, 4, 9, 10, 12, 13, 28, 30, 31, 36, 37, 39, 40, 45]]
[105, 2.88922, [0, 1, 3, 4, 9, 10, 12, 13, 28, 30, 31, 36, 37, 40, 66, 78, 84]]
[105, 2.87023, [0, 1, 3, 4, 9, 10, 12, 13, 28, 30, 31, 36, 37, 66, 78, 84, 91]]
[105, 2.8749, [0, 1, 3, 4, 9, 10, 12, 13, 28, 30, 33, 34, 37, 39, 42, 49]]
[105, 2.8706, [0, 1, 3, 4, 9, 10, 12, 13, 28, 30, 33, 34, 37, 42, 45, 49]]
[105, 2.87987, [0, 1, 3, 4, 9, 10, 12, 13, 28, 30, 34, 36, 37, 49, 66, 78, 84]]
[105, 2.87439, [0, 1, 3, 4, 9, 10, 12, 13, 28, 30, 36, 37, 40, 49, 66, 78, 84]]
[105, 2.87315, [0, 1, 3, 4, 9, 10, 12, 13, 28, 31, 33, 36, 37, 40, 42, 45]]
[105, 2.8876, [0, 1, 3, 4, 9, 10, 12, 13, 28, 31, 33, 37, 39, 40, 51, 81, 87]]
[105, 2.87825, [0, 1, 3, 4, 9, 10, 12, 13, 28, 33, 34, 37, 39, 49, 51, 81, 87]]
[105, 2.90591, [0, 1, 3, 4, 9, 10, 12, 13, 28, 33, 35, 36, 40, 41, 48, 50, 51]]
[105, 2.89321, [0, 1, 3, 4, 9, 10, 12, 13, 28, 33, 35, 36, 40, 41, 50, 51, 86]]
[105, 2.87468, [0, 1, 3, 4, 9, 10, 12, 13, 28, 33, 35, 39, 40, 49, 51, 81, 87]]
[105, 2.87277, [0, 1, 3, 4, 9, 10, 12, 13, 28, 33, 37, 39, 40, 49, 51, 81, 87]]
[105, 2.87984, [0, 1, 3, 4, 9, 10, 12, 13, 29, 30, 32, 33, 38, 39, 41, 42]]
[105, 2.87679, [0, 1, 3, 4, 9, 10, 12, 13, 29, 30, 32, 33, 39, 40, 42, 43]]
[105, 2.87542, [0, 1, 3, 4, 9, 10, 12, 13, 29, 30, 32, 33, 39, 40, 43, 44]]
[105, 2.87536, [0, 1, 3, 4, 9, 10, 12, 13, 29, 30, 32, 33, 39, 41, 42, 44]]
[105, 2.87386, [0, 1, 3, 4, 9, 10, 12, 13, 29, 30, 32, 33, 40, 41, 43, 44]]
[105, 2.87164, [0, 1, 3, 4, 9, 10, 12, 13, 29, 30, 33, 34, 40, 41, 43, 44]]
[105, 2.92131, [0, 1, 3, 4, 9, 10, 12, 13, 29, 30, 33, 35, 38, 39, 42, 44, 52]]
[105, 2.87001, [0, 1, 3, 4, 9, 10, 12, 13, 29, 30, 33, 35, 38, 39, 42, 52]]
[105, 2.90268, [0, 1, 3, 4, 9, 10, 12, 13, 29, 30, 33, 38, 39, 42, 44, 52, 70]]
[105, 2.87599, [0, 1, 3, 4, 9, 10, 12, 13, 29, 31, 32, 34, 38, 40, 41, 43]]
[105, 2.8715, [0, 1, 3, 4, 9, 10, 12, 13, 29, 31, 32, 34, 40, 41, 43, 44]]
[105, 2.87065, [0, 1, 3, 4, 9, 10, 12, 13, 29, 31, 34, 35, 38, 40, 43, 44]]
[105, 2.89417, [0, 1, 3, 4, 9, 10, 12, 13, 29, 31, 34, 35, 42, 44, 47, 51, 86]]
[105, 2.8905, [0, 1, 3, 4, 9, 10, 12, 13, 29, 33, 35, 36, 40, 42, 50, 52, 86]]
[105, 2.88094, [0, 1, 3, 4, 9, 10, 12, 13, 29, 34, 36, 40, 41, 47, 50, 52, 86]]
[105, 2.87192, [0, 1, 3, 4, 9, 10, 12, 13, 30, 31, 33, 34, 39, 40, 42, 43]]
[105, 2.87777, [0, 1, 3, 4, 9, 10, 12, 13, 30, 31, 33, 37, 39, 42, 67, 79, 85]]
[105, 2.87342, [0, 1, 3, 4, 9, 10, 12, 13, 30, 31, 33, 37, 42, 45, 67, 79, 85]]
[105, 2.87685, [0, 1, 3, 4, 9, 10, 12, 13, 30, 31, 34, 36, 40, 43, 66, 78, 84]]
[105, 2.8727, [0, 1, 3, 4, 9, 10, 12, 13, 30, 31, 34, 36, 43, 46, 66, 78, 84]]
[105, 2.87263, [0, 1, 3, 4, 9, 10, 12, 13, 30, 31, 36, 37, 39, 45, 67, 79, 85]]
[105, 2.87196, [0, 1, 3, 4, 9, 10, 12, 13, 30, 31, 36, 37, 40, 46, 66, 78, 84]]
[105, 2.88281, [0, 1, 3, 4, 9, 10, 12, 13, 30, 31, 36, 37, 66, 67, 78, 79, 84, 85]]
[105, 2.87073, [0, 1, 3, 4, 9, 10, 12, 13, 30, 32, 36, 37, 39, 45, 67, 82, 85]]
[105, 2.87632, [0, 1, 3, 4, 9, 10, 12, 13, 30, 33, 34, 39, 40, 42, 52, 82, 88]]
[105, 2.87198, [0, 1, 3, 4, 9, 10, 12, 13, 30, 33, 34, 40, 42, 45, 52, 82, 88]]
[105, 2.89248, [0, 1, 3, 4, 9, 10, 12, 13, 30, 33, 35, 38, 39, 42, 44, 52, 82]]
[105, 2.87364, [0, 1, 3, 4, 9, 10, 12, 13, 30, 33, 35, 38, 42, 44, 52, 82, 86]]
[105, 2.87386, [0, 1, 3, 4, 9, 10, 12, 13, 30, 33, 38, 39, 42, 44, 52, 70, 82]]
[105, 2.87119, [0, 1, 3, 4, 9, 10, 12, 13, 30, 34, 36, 39, 40, 45, 52, 82, 88]]
[105, 2.88135, [0, 1, 3, 4, 9, 10, 12, 13, 30, 34, 36, 40, 52, 66, 78, 82, 84, 88]]
[105, 2.87063, [0, 1, 3, 4, 9, 10, 12, 13, 31, 32, 35, 43, 44, 47, 48, 71, 89]]
[105, 2.88129, [0, 1, 3, 4, 9, 10, 12, 13, 31, 32, 36, 37, 39, 45, 48, 67, 85]]
[105, 2.87524, [0, 1, 3, 4, 9, 10, 12, 13, 31, 33, 34, 39, 40, 43, 51, 81, 87]]
[105, 2.87108, [0, 1, 3, 4, 9, 10, 12, 13, 31, 33, 34, 39, 43, 46, 51, 81, 87]]
[105, 2.87589, [0, 1, 3, 4, 9, 10, 12, 13, 31, 33, 36, 37, 45, 47, 48, 67, 79]]
[105, 2.87429, [0, 1, 3, 4, 9, 10, 12, 13, 31, 33, 36, 37, 45, 47, 51, 67, 79]]
[105, 2.87249, [0, 1, 3, 4, 9, 10, 12, 13, 31, 33, 36, 37, 47, 48, 51, 67, 79]]
[105, 2.87034, [0, 1, 3, 4, 9, 10, 12, 13, 31, 33, 37, 39, 40, 46, 51, 81, 87]]
[105, 2.88117, [0, 1, 3, 4, 9, 10, 12, 13, 31, 33, 37, 39, 51, 67, 79, 81, 85, 87]]
[105, 2.88569, [0, 1, 3, 4, 9, 10, 12, 13, 31, 34, 35, 38, 40, 44, 47, 51, 86]]
[105, 2.88154, [0, 1, 3, 4, 9, 10, 12, 13, 31, 34, 35, 38, 44, 46, 47, 51, 86]]
[105, 2.87605, [0, 1, 3, 4, 9, 10, 12, 13, 31, 35, 38, 40, 44, 46, 47, 51, 86]]
[105, 2.87995, [0, 1, 3, 4, 9, 10, 12, 13, 32, 33, 37, 39, 43, 44, 48, 50, 89]]
[105, 2.87899, [0, 1, 3, 4, 9, 10, 12, 13, 32, 36, 37, 39, 45, 47, 48, 50, 67]]
[105, 2.87166, [0, 1, 3, 4, 9, 10, 12, 13, 33, 34, 37, 39, 46, 47, 51, 52, 87]]
[105, 2.88875, [0, 1, 3, 4, 9, 10, 12, 13, 33, 34, 38, 39, 41, 46, 47, 50, 52]]
[105, 2.87971, [0, 1, 3, 4, 9, 10, 12, 13, 33, 34, 39, 40, 51, 52, 81, 82, 87, 88]]
[105, 2.87714, [0, 1, 3, 4, 9, 10, 12, 13, 33, 35, 36, 38, 44, 46, 47, 51, 86]]
[105, 2.87361, [0, 1, 3, 4, 9, 10, 12, 13, 33, 35, 36, 38, 46, 47, 50, 51, 86]]
[105, 2.87311, [0, 1, 3, 4, 9, 10, 12, 13, 33, 35, 36, 38, 46, 47, 50, 52, 86]]
[105, 2.8726, [0, 1, 3, 4, 9, 10, 12, 13, 33, 35, 36, 38, 46, 47, 51, 52, 86]]
[105, 2.88508, [0, 1, 3, 4, 9, 10, 12, 13, 33, 35, 38, 39, 44, 46, 47, 51, 52]]
[105, 2.90722, [0, 1, 3, 4, 9, 10, 12, 13, 33, 35, 38, 44, 46, 47, 51, 52, 68, 86]]
[105, 2.88838, [0, 1, 3, 4, 9, 10, 12, 13, 33, 38, 44, 46, 47, 51, 52, 68, 70, 86]]
[105, 2.87248, [0, 1, 3, 4, 9, 10, 12, 26, 27, 29, 30, 36, 38, 39, 41, 61, 65]]
[105, 2.88843, [0, 1, 3, 4, 9, 11, 12, 16, 26, 30, 33, 35, 38, 39, 42, 47, 86]]
[105, 2.88262, [0, 1, 3, 4, 9, 11, 12, 16, 26, 30, 33, 35, 39, 42, 46, 47, 86]]
[105, 2.87068, [0, 1, 3, 4, 9, 11, 12, 16, 27, 30, 34, 36, 37, 39, 46, 82, 85]]
[105, 2.87968, [0, 1, 3, 4, 10, 11, 13, 14, 33, 35, 38, 40, 44, 46, 49, 51, 68, 86]]

Search completed in 0 hours, 4 minutes, and 34.414 seconds.  Enter a string to quit.