Enter an integer k for which our Kempner sets are k-free: 3
Enter a positive integer modulus b: 117
Enter estimation parameters, or * for pre-computed parameters ([0.0816, 1.0729, 1.3985]): *
Enter a threshold (e.g. 4.2) to determine printed output: 2.85
Enter a root for the search space (e.g. [0, 1, 2]) [or * for the root [0]]: *
Enter an upper bound for the size of allowable digit sets [or * to ignore]: *
Enter a maximal number of deviations from a greedy search [or * to ignore]: *
Searching for k-free sets mod b...

[117, 2.85613, [0, 1, 3, 4, 9, 10, 12, 13, 27, 28, 30, 31, 36, 37, 39, 40]]
[117, 2.858, [0, 1, 3, 4, 9, 10, 12, 13, 27, 29, 30, 34, 36, 37, 52, 84, 97]]
[117, 2.85494, [0, 1, 3, 4, 9, 10, 12, 13, 27, 29, 30, 34, 36, 37, 52, 97, 102]]
[117, 2.86806, [0, 1, 3, 4, 9, 10, 12, 13, 27, 29, 35, 36, 39, 40, 47, 52, 56]]
[117, 2.87605, [0, 1, 3, 4, 9, 10, 12, 13, 27, 31, 32, 34, 38, 40, 43, 47, 57]]
[117, 2.85847, [0, 1, 3, 4, 9, 10, 12, 13, 27, 31, 32, 34, 38, 40, 47, 57, 100]]
[117, 2.87203, [0, 1, 3, 4, 9, 10, 12, 13, 27, 31, 32, 34, 38, 43, 46, 47, 57]]
[117, 2.86136, [0, 1, 3, 4, 9, 10, 12, 13, 27, 31, 32, 34, 38, 43, 46, 47, 102]]
[117, 2.85711, [0, 1, 3, 4, 9, 10, 12, 13, 27, 31, 32, 34, 38, 43, 47, 57, 95]]
[117, 2.85445, [0, 1, 3, 4, 9, 10, 12, 13, 27, 31, 32, 34, 38, 46, 47, 57, 100]]
[117, 2.85389, [0, 1, 3, 4, 9, 10, 12, 13, 27, 31, 32, 34, 38, 46, 48, 57, 100]]
[117, 2.85332, [0, 1, 3, 4, 9, 10, 12, 13, 27, 31, 32, 34, 38, 47, 48, 57, 100]]
[117, 2.86026, [0, 1, 3, 4, 9, 10, 12, 13, 27, 31, 32, 34, 39, 40, 43, 57, 99]]
[117, 2.85031, [0, 1, 3, 4, 9, 10, 12, 13, 27, 31, 32, 34, 43, 46, 48, 57, 99]]
[117, 2.90285, [0, 1, 3, 4, 9, 10, 12, 13, 27, 31, 32, 36, 38, 39, 43, 56, 57, 95]]
[117, 2.86093, [0, 1, 3, 4, 9, 10, 12, 13, 27, 31, 32, 36, 38, 39, 43, 56, 95]]
[117, 2.86053, [0, 1, 3, 4, 9, 10, 12, 13, 27, 31, 32, 36, 38, 39, 43, 57, 95]]
[117, 2.85373, [0, 1, 3, 4, 9, 10, 12, 13, 27, 31, 32, 36, 38, 39, 56, 57, 95]]
[117, 2.87008, [0, 1, 3, 4, 9, 10, 12, 13, 27, 31, 32, 36, 38, 43, 46, 47, 57]]
[117, 2.85941, [0, 1, 3, 4, 9, 10, 12, 13, 27, 31, 32, 36, 38, 43, 46, 47, 102]]
[117, 2.85515, [0, 1, 3, 4, 9, 10, 12, 13, 27, 31, 32, 36, 38, 43, 47, 57, 95]]
[117, 2.85081, [0, 1, 3, 4, 9, 10, 12, 13, 27, 31, 32, 36, 38, 43, 56, 57, 95]]
[117, 2.85194, [0, 1, 3, 4, 9, 10, 12, 13, 27, 31, 32, 36, 38, 46, 48, 57, 100]]
[117, 2.85387, [0, 1, 3, 4, 9, 10, 12, 13, 27, 31, 32, 36, 39, 43, 48, 56, 97]]
[117, 2.88179, [0, 1, 3, 4, 9, 10, 12, 13, 27, 31, 32, 36, 39, 43, 56, 57, 95, 97]]
[117, 2.89028, [0, 1, 3, 4, 9, 10, 12, 13, 27, 31, 32, 36, 43, 47, 48, 56, 57, 97]]
[117, 2.87636, [0, 1, 3, 4, 9, 10, 12, 13, 27, 31, 32, 36, 43, 47, 56, 57, 95, 97]]
[117, 2.86517, [0, 1, 3, 4, 9, 10, 12, 13, 27, 31, 34, 36, 40, 43, 47, 48, 57]]
[117, 2.85536, [0, 1, 3, 4, 9, 10, 12, 13, 27, 31, 34, 36, 40, 43, 47, 57, 75]]
[117, 2.85285, [0, 1, 3, 4, 9, 10, 12, 13, 27, 31, 34, 36, 40, 47, 48, 57, 73]]
[117, 2.85134, [0, 1, 3, 4, 9, 10, 12, 13, 27, 31, 34, 36, 43, 46, 47, 57, 75]]
[117, 2.85369, [0, 1, 3, 4, 9, 10, 12, 13, 27, 31, 36, 43, 47, 56, 57, 75, 95, 97]]
[117, 2.8622, [0, 1, 3, 4, 9, 10, 12, 13, 27, 32, 34, 35, 39, 40, 47, 49, 73]]
[117, 2.86038, [0, 1, 3, 4, 9, 10, 12, 13, 27, 33, 35, 36, 38, 46, 47, 52, 55]]
[117, 2.85982, [0, 1, 3, 4, 9, 10, 12, 13, 27, 33, 35, 36, 38, 46, 48, 52, 55]]
[117, 2.85924, [0, 1, 3, 4, 9, 10, 12, 13, 27, 33, 35, 36, 38, 47, 48, 52, 55]]
[117, 2.85971, [0, 1, 3, 4, 9, 10, 12, 13, 27, 33, 35, 36, 40, 46, 48, 49, 55]]
[117, 2.85423, [0, 1, 3, 4, 9, 10, 12, 13, 27, 35, 36, 38, 39, 46, 48, 52, 55]]
[117, 2.85413, [0, 1, 3, 4, 9, 10, 12, 13, 27, 35, 36, 39, 40, 46, 48, 49, 55]]
[117, 2.8511, [0, 1, 3, 4, 9, 10, 12, 13, 27, 35, 36, 39, 40, 47, 49, 52, 56]]
[117, 2.85459, [0, 1, 3, 4, 9, 10, 12, 13, 28, 31, 32, 37, 39, 40, 45, 57, 99]]
[117, 2.85973, [0, 1, 3, 4, 9, 10, 12, 13, 28, 32, 34, 37, 38, 45, 49, 50, 57]]
[117, 2.85147, [0, 1, 3, 4, 9, 10, 12, 13, 28, 32, 34, 38, 39, 41, 45, 57, 88]]
[117, 2.86424, [0, 1, 3, 4, 9, 10, 12, 13, 28, 32, 38, 39, 42, 49, 57, 58, 90, 100]]
[117, 2.86277, [0, 1, 3, 4, 9, 10, 12, 13, 28, 33, 35, 36, 40, 41, 48, 50, 51]]
[117, 2.85005, [0, 1, 3, 4, 9, 10, 12, 13, 28, 33, 35, 36, 40, 41, 48, 50, 98]]
[117, 2.85192, [0, 1, 3, 4, 9, 10, 12, 13, 28, 33, 36, 37, 40, 48, 50, 51, 58]]
[117, 2.8578, [0, 1, 3, 4, 9, 10, 12, 13, 28, 34, 35, 37, 38, 45, 49, 50, 54]]
[117, 2.85731, [0, 1, 3, 4, 9, 10, 12, 13, 28, 34, 35, 37, 38, 45, 49, 51, 54]]
[117, 2.85679, [0, 1, 3, 4, 9, 10, 12, 13, 28, 34, 35, 37, 38, 45, 50, 51, 54]]
[117, 2.88655, [0, 1, 3, 4, 9, 10, 12, 13, 28, 36, 37, 40, 41, 48, 50, 51, 57, 58]]
[117, 2.8515, [0, 1, 3, 4, 9, 10, 12, 13, 28, 36, 38, 42, 49, 51, 57, 58, 96, 100]]
[117, 2.87154, [0, 1, 3, 4, 9, 10, 12, 13, 29, 30, 32, 33, 39, 40, 43, 44, 72]]
[117, 2.87766, [0, 1, 3, 4, 9, 10, 12, 13, 29, 30, 33, 35, 38, 39, 42, 44, 52]]
[117, 2.85687, [0, 1, 3, 4, 9, 10, 12, 13, 29, 30, 33, 39, 40, 43, 44, 52, 72]]
[117, 2.86598, [0, 1, 3, 4, 9, 10, 12, 13, 29, 30, 35, 37, 38, 42, 43, 52, 53]]
[117, 2.86415, [0, 1, 3, 4, 9, 10, 12, 13, 29, 31, 35, 36, 38, 42, 44, 51, 56]]
[117, 2.85796, [0, 1, 3, 4, 9, 10, 12, 13, 29, 31, 35, 36, 42, 44, 47, 51, 56]]
[117, 2.85349, [0, 1, 3, 4, 9, 10, 12, 13, 29, 31, 35, 37, 38, 40, 44, 56, 89]]
[117, 2.85203, [0, 1, 3, 4, 9, 10, 12, 13, 29, 31, 35, 37, 38, 42, 44, 56, 89]]
[117, 2.8554, [0, 1, 3, 4, 9, 10, 12, 13, 29, 32, 33, 39, 40, 43, 44, 50, 72]]
[117, 2.8592, [0, 1, 3, 4, 9, 10, 12, 13, 29, 32, 34, 40, 44, 47, 53, 86, 92, 100]]
[117, 2.85601, [0, 1, 3, 4, 9, 10, 12, 13, 29, 32, 34, 40, 44, 50, 72, 74, 86, 92]]
[117, 2.8523, [0, 1, 3, 4, 9, 10, 12, 13, 29, 33, 34, 36, 40, 41, 50, 52, 74]]
[117, 2.85054, [0, 1, 3, 4, 9, 10, 12, 13, 29, 33, 34, 38, 40, 41, 50, 52, 74]]
[117, 2.85279, [0, 1, 3, 4, 9, 10, 12, 13, 29, 34, 35, 40, 44, 50, 72, 74, 86, 92]]
[117, 2.8636, [0, 1, 3, 4, 9, 10, 12, 13, 29, 34, 36, 40, 41, 47, 50, 74, 86, 92]]
[117, 2.86415, [0, 1, 3, 4, 9, 10, 12, 13, 29, 35, 36, 40, 42, 47, 53, 56, 92, 98]]
[117, 2.86214, [0, 1, 3, 4, 9, 10, 12, 13, 29, 35, 36, 40, 47, 52, 53, 56, 74, 98]]
[117, 2.86452, [0, 1, 3, 4, 9, 10, 12, 13, 29, 35, 39, 40, 42, 47, 50, 56, 89, 92]]
[117, 2.86307, [0, 1, 3, 4, 9, 10, 12, 13, 29, 35, 39, 40, 42, 47, 53, 56, 89, 92]]
[117, 2.85985, [0, 1, 3, 4, 9, 10, 12, 13, 29, 37, 39, 40, 44, 47, 53, 56, 89, 92]]
[117, 2.85417, [0, 1, 3, 4, 9, 10, 12, 13, 30, 32, 36, 38, 39, 41, 49, 53, 58]]
[117, 2.85277, [0, 1, 3, 4, 9, 10, 12, 13, 30, 32, 36, 38, 39, 43, 49, 53, 58]]
[117, 2.85125, [0, 1, 3, 4, 9, 10, 12, 13, 30, 32, 36, 38, 41, 43, 49, 53, 58]]
[117, 2.8542, [0, 1, 3, 4, 9, 10, 12, 13, 30, 34, 35, 37, 41, 43, 46, 53, 54]]
[117, 2.85065, [0, 1, 3, 4, 9, 10, 12, 13, 30, 34, 35, 37, 41, 46, 49, 53, 54]]
[117, 2.85065, [0, 1, 3, 4, 9, 10, 12, 13, 30, 34, 36, 39, 40, 43, 49, 53, 54]]
[117, 2.85068, [0, 1, 3, 4, 9, 10, 12, 13, 30, 38, 39, 43, 45, 49, 54, 58, 91, 101]]
[117, 2.86107, [0, 1, 3, 4, 9, 10, 12, 13, 31, 32, 34, 38, 40, 41, 43, 47, 57]]
[117, 2.85705, [0, 1, 3, 4, 9, 10, 12, 13, 31, 32, 34, 38, 41, 43, 46, 47, 57]]
[117, 2.85199, [0, 1, 3, 4, 9, 10, 12, 13, 31, 32, 37, 38, 40, 41, 46, 56, 57]]
[117, 2.86311, [0, 1, 3, 4, 9, 10, 12, 13, 32, 33, 37, 39, 43, 44, 50, 58, 95, 101]]
[117, 2.85639, [0, 1, 3, 4, 9, 10, 12, 13, 32, 36, 37, 39, 43, 48, 56, 58, 90, 97]]
[117, 2.87106, [0, 1, 3, 4, 9, 10, 12, 13, 32, 36, 37, 41, 43, 44, 48, 57, 58, 90]]
[117, 2.86853, [0, 1, 3, 4, 9, 10, 12, 13, 32, 36, 38, 39, 43, 45, 53, 56, 57, 95]]
[117, 2.85347, [0, 1, 3, 4, 9, 10, 12, 13, 34, 35, 37, 45, 47, 51, 52, 54, 75, 97]]
[117, 2.85816, [0, 1, 3, 4, 9, 10, 12, 13, 34, 35, 38, 40, 47, 48, 52, 53, 74, 98]]
[117, 2.8762, [0, 1, 3, 4, 9, 10, 12, 13, 34, 35, 39, 40, 42, 47, 48, 51, 53, 73]]
[117, 2.86015, [0, 1, 3, 4, 9, 10, 12, 13, 34, 35, 39, 42, 47, 48, 51, 53, 73, 79]]
[117, 2.85239, [0, 1, 3, 4, 9, 10, 12, 13, 34, 35, 39, 45, 47, 48, 52, 54, 79, 97]]
[117, 2.86608, [0, 1, 3, 4, 9, 10, 12, 13, 35, 36, 40, 41, 43, 49, 52, 53, 56, 75]]
[117, 2.85587, [0, 1, 3, 4, 9, 10, 12, 13, 35, 36, 40, 41, 43, 49, 52, 54, 75, 93]]
[117, 2.86516, [0, 1, 3, 4, 9, 10, 12, 13, 35, 36, 40, 41, 43, 49, 53, 54, 56, 75]]
[117, 2.86219, [0, 1, 3, 4, 9, 10, 12, 13, 35, 36, 40, 43, 47, 49, 52, 53, 56, 75]]
[117, 2.86044, [0, 1, 3, 4, 9, 10, 12, 13, 35, 37, 38, 42, 45, 50, 51, 54, 56, 94]]
[117, 2.85825, [0, 1, 3, 4, 9, 10, 12, 13, 35, 37, 38, 42, 48, 50, 51, 55, 56, 94]]
[117, 2.86, [0, 1, 3, 4, 9, 10, 12, 13, 35, 38, 39, 42, 44, 48, 51, 55, 56, 94]]
[117, 2.85655, [0, 1, 3, 4, 9, 10, 12, 13, 35, 38, 39, 42, 48, 50, 51, 55, 56, 94]]
[117, 2.85684, [0, 1, 3, 4, 9, 10, 12, 13, 36, 37, 39, 43, 44, 48, 55, 56, 58, 90]]
[117, 2.85411, [0, 1, 3, 4, 9, 10, 12, 13, 36, 37, 41, 42, 44, 50, 54, 55, 57, 103]]
[117, 2.85256, [0, 1, 3, 4, 9, 10, 12, 13, 36, 37, 42, 43, 45, 51, 52, 56, 58, 97]]
[117, 2.85531, [0, 1, 3, 4, 9, 10, 12, 13, 36, 38, 39, 41, 45, 50, 53, 57, 58, 95]]
[117, 2.85338, [0, 1, 3, 4, 9, 10, 12, 13, 36, 38, 39, 41, 45, 53, 55, 56, 58, 95]]
[117, 2.852, [0, 1, 3, 4, 9, 10, 12, 13, 36, 38, 39, 41, 50, 51, 53, 57, 58, 95]]
[117, 2.85152, [0, 1, 3, 4, 9, 10, 12, 13, 36, 38, 39, 41, 50, 51, 55, 56, 58, 95]]
[117, 2.85111, [0, 1, 3, 4, 9, 10, 12, 13, 36, 38, 39, 41, 50, 51, 55, 57, 58, 95]]
[117, 2.85671, [0, 1, 3, 4, 9, 10, 12, 13, 36, 38, 39, 43, 44, 46, 55, 57, 58, 90]]
[117, 2.85484, [0, 1, 3, 4, 9, 10, 12, 13, 36, 38, 39, 43, 44, 51, 53, 56, 57, 95]]
[117, 2.8526, [0, 1, 3, 4, 9, 10, 12, 13, 36, 38, 39, 43, 44, 53, 55, 56, 58, 95]]
[117, 2.85197, [0, 1, 3, 4, 9, 10, 12, 13, 36, 38, 39, 43, 45, 53, 55, 56, 58, 95]]
[117, 2.85131, [0, 1, 3, 4, 9, 10, 12, 13, 36, 38, 39, 44, 45, 53, 55, 56, 58, 95]]
[117, 2.85088, [0, 1, 3, 4, 9, 10, 12, 13, 36, 39, 41, 44, 45, 50, 53, 57, 58, 95]]
[117, 2.85417, [0, 1, 3, 4, 9, 11, 12, 16, 25, 36, 37, 42, 43, 45, 52, 55, 57, 91]]
[117, 2.86118, [0, 1, 3, 4, 9, 11, 12, 16, 25, 36, 40, 42, 43, 45, 52, 53, 57, 58]]
[117, 2.85545, [0, 1, 3, 4, 9, 11, 12, 16, 26, 30, 33, 35, 38, 39, 42, 47, 53]]
[117, 2.85125, [0, 1, 3, 4, 9, 11, 12, 16, 26, 30, 33, 35, 38, 42, 45, 47, 53]]
[117, 2.85367, [0, 1, 3, 4, 9, 11, 12, 16, 26, 38, 39, 44, 45, 47, 53, 54, 57, 58]]
[117, 2.8691, [0, 1, 3, 4, 9, 11, 12, 16, 30, 34, 36, 39, 40, 43, 45, 53, 55, 58]]
[117, 2.86434, [0, 1, 3, 4, 9, 11, 12, 16, 30, 34, 36, 39, 40, 43, 45, 53, 55, 73]]
[117, 2.85667, [0, 1, 3, 4, 9, 11, 12, 16, 30, 34, 36, 39, 40, 45, 53, 55, 58, 73]]
[117, 2.85037, [0, 1, 3, 4, 9, 11, 12, 16, 30, 34, 36, 40, 41, 43, 54, 55, 58, 102]]
[117, 2.86631, [0, 1, 3, 4, 9, 11, 12, 16, 30, 35, 37, 38, 42, 43, 50, 52, 53, 55]]
[117, 2.85336, [0, 1, 3, 4, 9, 12, 13, 16, 27, 30, 36, 37, 39, 43, 46, 52, 64, 94]]
[117, 2.85622, [0, 1, 3, 4, 9, 12, 13, 16, 27, 37, 39, 43, 46, 52, 56, 57, 64, 81, 94]]
[117, 2.85169, [0, 1, 3, 4, 9, 12, 13, 16, 30, 35, 37, 38, 42, 43, 50, 52, 53, 55]]
[117, 2.85941, [0, 1, 3, 4, 10, 11, 13, 14, 29, 31, 32, 37, 38, 40, 46, 56, 68, 95]]
[117, 2.86669, [0, 1, 3, 4, 10, 11, 13, 14, 31, 37, 39, 40, 42, 46, 54, 56, 57, 90, 96]]
[117, 2.85737, [0, 1, 3, 4, 10, 12, 13, 15, 28, 34, 35, 37, 38, 45, 47, 50, 51, 54]]
[117, 2.85253, [0, 1, 3, 4, 11, 13, 14, 16, 20, 30, 34, 35, 41, 42, 45, 51, 53, 58]]
[117, 2.85072, [0, 1, 3, 4, 11, 13, 14, 16, 20, 30, 34, 35, 41, 42, 45, 51, 53, 63]]

Search completed in 0 hours, 28 minutes, and 40.766 seconds.  Enter a string to quit.