Enter an integer k for which our Kempner sets are k-free: 3
Enter a positive integer modulus b: 153
Enter estimation parameters, or * for pre-computed parameters ([0.0794, 1.0554, 1.4201]): *
Enter a threshold (e.g. 4.2) to determine printed output: 2.86
Enter a root for the search space (e.g. [0, 1, 2]) [or * for the root [0]]: *
Enter an upper bound for the size of allowable digit sets [or * to ignore]: *
Enter a maximal number of deviations from a greedy search [or * to ignore]: *
Searching for k-free sets mod b...

[153, 2.86502, [0, 1, 3, 4, 9, 10, 12, 13, 27, 28, 30, 34, 35, 39, 62, 63, 71, 73, 76, 135]]
[153, 2.86049, [0, 1, 3, 4, 9, 10, 12, 13, 27, 28, 31, 33, 37, 48, 72, 75, 103, 108, 110, 115, 121]]
[153, 2.86491, [0, 1, 3, 4, 9, 10, 12, 13, 27, 28, 31, 39, 48, 60, 63, 64, 70, 71, 73, 121, 135]]
[153, 2.87241, [0, 1, 3, 4, 9, 10, 12, 13, 27, 28, 32, 33, 35, 48, 49, 59, 72, 73, 75, 76]]
[153, 2.86361, [0, 1, 3, 4, 9, 10, 12, 13, 27, 28, 32, 33, 35, 48, 49, 59, 73, 75, 76, 135]]
[153, 2.86726, [0, 1, 3, 4, 9, 10, 12, 13, 27, 28, 32, 33, 48, 49, 58, 72, 75, 76, 100, 108, 136]]
[153, 2.86436, [0, 1, 3, 4, 9, 10, 12, 13, 27, 28, 32, 33, 48, 49, 67, 72, 75, 76, 100, 108, 136]]
[153, 2.86741, [0, 1, 3, 4, 9, 10, 12, 13, 27, 28, 32, 34, 35, 39, 48, 49, 73, 76, 109, 135]]
[153, 2.86835, [0, 1, 3, 4, 9, 10, 12, 13, 27, 28, 33, 35, 40, 48, 49, 59, 64, 72, 73, 75]]
[153, 2.86811, [0, 1, 3, 4, 9, 10, 12, 13, 27, 28, 33, 35, 40, 48, 49, 59, 64, 72, 74, 75]]
[153, 2.87061, [0, 1, 3, 4, 9, 10, 12, 13, 27, 28, 39, 40, 57, 58, 60, 61, 72, 73, 123, 124, 129, 130]]
[153, 2.86891, [0, 1, 3, 4, 9, 10, 12, 13, 27, 29, 33, 34, 38, 40, 52, 60, 61, 69, 74, 106]]
[153, 2.86255, [0, 1, 3, 4, 9, 10, 12, 13, 27, 29, 33, 34, 38, 40, 52, 60, 61, 69, 106, 114]]
[153, 2.8641, [0, 1, 3, 4, 9, 10, 12, 13, 27, 31, 34, 39, 40, 43, 57, 60, 72, 91, 106, 123, 129]]
[153, 2.86587, [0, 1, 3, 4, 9, 10, 12, 13, 27, 31, 37, 39, 46, 48, 56, 60, 63, 67, 76, 135, 137]]
[153, 2.86309, [0, 1, 3, 4, 9, 10, 12, 13, 27, 31, 37, 39, 46, 56, 57, 63, 67, 72, 76, 93, 137]]
[153, 2.89012, [0, 1, 3, 4, 9, 10, 12, 13, 27, 31, 37, 39, 48, 55, 56, 60, 63, 67, 76, 91, 135, 137]]
[153, 2.86662, [0, 1, 3, 4, 9, 10, 12, 13, 27, 31, 37, 39, 48, 55, 56, 60, 63, 67, 76, 91, 137]]
[153, 2.88572, [0, 1, 3, 4, 9, 10, 12, 13, 27, 31, 37, 39, 48, 55, 56, 60, 63, 67, 76, 127, 135, 137]]
[153, 2.86225, [0, 1, 3, 4, 9, 10, 12, 13, 27, 31, 37, 39, 48, 55, 56, 60, 63, 67, 76, 127, 137]]
[153, 2.86156, [0, 1, 3, 4, 9, 10, 12, 13, 27, 31, 37, 39, 48, 55, 56, 60, 63, 67, 76, 135, 137]]
[153, 2.86311, [0, 1, 3, 4, 9, 10, 12, 13, 27, 31, 37, 39, 48, 55, 56, 63, 67, 72, 76, 91, 137]]
[153, 2.88196, [0, 1, 3, 4, 9, 10, 12, 13, 27, 31, 37, 39, 55, 56, 60, 63, 67, 72, 76, 91, 129, 137]]
[153, 2.87757, [0, 1, 3, 4, 9, 10, 12, 13, 27, 31, 37, 39, 55, 56, 60, 63, 67, 72, 76, 127, 129, 137]]
[153, 2.87366, [0, 1, 3, 4, 9, 10, 12, 13, 27, 31, 37, 39, 55, 56, 60, 63, 67, 72, 91, 129, 137, 139]]
[153, 2.86927, [0, 1, 3, 4, 9, 10, 12, 13, 27, 31, 37, 39, 55, 56, 60, 63, 67, 72, 127, 129, 137, 139]]
[153, 2.87303, [0, 1, 3, 4, 9, 10, 12, 13, 27, 31, 37, 39, 55, 56, 60, 63, 67, 76, 91, 129, 135, 137]]
[153, 2.86864, [0, 1, 3, 4, 9, 10, 12, 13, 27, 31, 37, 39, 55, 56, 60, 63, 67, 76, 127, 129, 135, 137]]
[153, 2.87118, [0, 1, 3, 4, 9, 10, 12, 13, 27, 31, 37, 39, 55, 57, 60, 67, 72, 76, 91, 123, 129, 137]]
[153, 2.86678, [0, 1, 3, 4, 9, 10, 12, 13, 27, 31, 37, 39, 55, 57, 60, 67, 72, 76, 123, 127, 129, 137]]
[153, 2.86288, [0, 1, 3, 4, 9, 10, 12, 13, 27, 31, 37, 39, 55, 57, 60, 67, 72, 91, 123, 129, 137, 139]]
[153, 2.86505, [0, 1, 3, 4, 9, 10, 12, 13, 27, 34, 35, 39, 46, 47, 52, 62, 63, 73, 76, 129, 135]]
[153, 2.86367, [0, 1, 3, 4, 9, 10, 12, 13, 27, 34, 39, 46, 47, 49, 57, 62, 63, 70, 72, 73, 129]]
[153, 2.86297, [0, 1, 3, 4, 9, 10, 12, 13, 27, 34, 39, 46, 47, 49, 57, 62, 63, 70, 72, 76, 129]]
[153, 2.86221, [0, 1, 3, 4, 9, 10, 12, 13, 27, 34, 39, 46, 47, 49, 57, 62, 63, 72, 73, 76, 129]]
[153, 2.86548, [0, 1, 3, 4, 9, 10, 12, 13, 28, 30, 31, 33, 39, 41, 42, 64, 67, 76, 90, 105]]
[153, 2.86466, [0, 1, 3, 4, 9, 10, 12, 13, 28, 30, 33, 39, 40, 42, 58, 61, 73, 90, 105, 124, 130]]
[153, 2.86027, [0, 1, 3, 4, 9, 10, 12, 13, 28, 31, 33, 39, 41, 42, 48, 60, 64, 67, 76, 90]]
[153, 2.86506, [0, 1, 3, 4, 9, 10, 12, 13, 28, 32, 33, 39, 42, 48, 49, 58, 76, 90, 100, 108, 118]]
[153, 2.86342, [0, 1, 3, 4, 9, 10, 12, 13, 28, 32, 33, 39, 42, 48, 49, 58, 76, 90, 100, 108, 136]]
[153, 2.86216, [0, 1, 3, 4, 9, 10, 12, 13, 28, 32, 33, 39, 42, 48, 49, 67, 76, 90, 100, 108, 118]]
[153, 2.86052, [0, 1, 3, 4, 9, 10, 12, 13, 28, 32, 33, 39, 42, 48, 49, 67, 76, 90, 100, 108, 136]]
[153, 2.88278, [0, 1, 3, 4, 9, 10, 12, 13, 28, 32, 34, 35, 39, 45, 48, 49, 71, 73, 76, 109, 135]]
[153, 2.86283, [0, 1, 3, 4, 9, 10, 12, 13, 28, 33, 35, 40, 48, 49, 51, 59, 64, 73, 75, 132, 135]]
[153, 2.86234, [0, 1, 3, 4, 9, 10, 12, 13, 28, 33, 35, 40, 48, 50, 51, 59, 64, 73, 75, 132, 135]]
[153, 2.87564, [0, 1, 3, 4, 9, 10, 12, 13, 28, 33, 35, 40, 48, 50, 51, 64, 73, 75, 112, 130, 132, 135]]
[153, 2.86231, [0, 1, 3, 4, 9, 10, 12, 13, 28, 33, 35, 45, 48, 49, 59, 64, 71, 72, 74, 75, 121]]
[153, 2.86389, [0, 1, 3, 4, 9, 10, 12, 13, 28, 33, 36, 40, 48, 50, 51, 58, 61, 73, 75, 124, 130]]
[153, 2.86156, [0, 1, 3, 4, 9, 10, 12, 13, 29, 30, 33, 34, 40, 44, 52, 72, 90, 102, 112, 116, 118]]
[153, 2.87518, [0, 1, 3, 4, 9, 10, 12, 13, 29, 33, 39, 41, 47, 51, 52, 59, 60, 64, 131, 133, 137, 139]]
[153, 2.86644, [0, 1, 3, 4, 9, 10, 12, 13, 30, 31, 33, 34, 40, 41, 43, 75, 90, 91, 106, 111, 135]]
[153, 2.87791, [0, 1, 3, 4, 9, 10, 12, 13, 30, 31, 35, 41, 44, 46, 54, 55, 63, 65, 68, 74, 137]]
[153, 2.89281, [0, 1, 3, 4, 9, 10, 12, 13, 30, 31, 35, 41, 44, 46, 54, 55, 63, 65, 68, 134, 137, 139]]
[153, 2.86945, [0, 1, 3, 4, 9, 10, 12, 13, 30, 31, 35, 41, 44, 46, 54, 55, 63, 65, 68, 134, 139]]
[153, 2.8692, [0, 1, 3, 4, 9, 10, 12, 13, 30, 31, 35, 41, 44, 46, 54, 55, 63, 65, 68, 137, 139]]
[153, 2.86128, [0, 1, 3, 4, 9, 10, 12, 13, 30, 31, 35, 41, 46, 54, 63, 64, 68, 71, 75, 76, 134]]
[153, 2.86093, [0, 1, 3, 4, 9, 10, 12, 13, 30, 32, 36, 38, 41, 43, 49, 58, 90, 91, 105, 109, 111]]
[153, 2.86603, [0, 1, 3, 4, 9, 10, 12, 13, 30, 33, 35, 39, 42, 46, 52, 55, 73, 76, 90, 105, 112]]
[153, 2.86206, [0, 1, 3, 4, 9, 10, 12, 13, 30, 34, 36, 37, 41, 43, 53, 54, 75, 90, 91, 111, 133]]
[153, 2.91218, [0, 1, 3, 4, 9, 10, 12, 13, 30, 34, 36, 40, 41, 43, 49, 53, 54, 61, 75, 90, 91, 111]]
[153, 2.88346, [0, 1, 3, 4, 9, 10, 12, 13, 30, 34, 36, 40, 41, 43, 49, 53, 54, 61, 75, 90, 111]]
[153, 2.8833, [0, 1, 3, 4, 9, 10, 12, 13, 30, 34, 36, 40, 41, 43, 49, 53, 54, 61, 75, 91, 111]]
[153, 2.88037, [0, 1, 3, 4, 9, 10, 12, 13, 30, 34, 36, 40, 41, 43, 49, 53, 54, 61, 90, 91, 111]]
[153, 2.87648, [0, 1, 3, 4, 9, 10, 12, 13, 30, 34, 36, 40, 41, 43, 49, 53, 54, 75, 90, 91, 111]]
[153, 2.87386, [0, 1, 3, 4, 9, 10, 12, 13, 30, 34, 36, 40, 41, 43, 49, 53, 61, 75, 90, 91, 111]]
[153, 2.87343, [0, 1, 3, 4, 9, 10, 12, 13, 30, 34, 36, 40, 41, 43, 49, 54, 61, 75, 90, 91, 111]]
[153, 2.86899, [0, 1, 3, 4, 9, 10, 12, 13, 30, 34, 36, 40, 41, 43, 49, 54, 61, 75, 91, 111, 126]]
[153, 2.86145, [0, 1, 3, 4, 9, 10, 12, 13, 30, 34, 36, 40, 41, 43, 49, 61, 75, 90, 91, 108, 111]]
[153, 2.87156, [0, 1, 3, 4, 9, 10, 12, 13, 30, 34, 36, 40, 41, 43, 53, 54, 61, 75, 90, 91, 111]]
[153, 2.86815, [0, 1, 3, 4, 9, 10, 12, 13, 30, 34, 36, 40, 41, 49, 53, 54, 61, 75, 90, 91, 111]]
[153, 2.86187, [0, 1, 3, 4, 9, 10, 12, 13, 30, 34, 36, 40, 41, 49, 53, 61, 74, 75, 90, 91, 111]]
[153, 2.86681, [0, 1, 3, 4, 9, 10, 12, 13, 30, 34, 36, 40, 43, 49, 53, 54, 61, 75, 90, 91, 111]]
[153, 2.86935, [0, 1, 3, 4, 9, 10, 12, 13, 30, 34, 36, 41, 43, 49, 53, 54, 61, 66, 75, 90, 133]]
[153, 2.86609, [0, 1, 3, 4, 9, 10, 12, 13, 30, 34, 36, 41, 43, 49, 53, 54, 61, 75, 90, 91, 111]]
[153, 2.8612, [0, 1, 3, 4, 9, 10, 12, 13, 30, 34, 36, 41, 43, 49, 53, 54, 61, 75, 90, 111, 133]]
[153, 2.88631, [0, 1, 3, 4, 9, 10, 12, 13, 30, 34, 40, 41, 43, 49, 53, 54, 61, 75, 90, 91, 111, 135]]
[153, 2.86052, [0, 1, 3, 4, 9, 10, 12, 13, 30, 34, 40, 41, 43, 49, 53, 54, 61, 75, 90, 91, 135]]
[153, 2.86744, [0, 1, 3, 4, 9, 10, 12, 13, 30, 36, 38, 41, 43, 49, 53, 54, 58, 61, 90, 91, 111]]
[153, 2.86095, [0, 1, 3, 4, 9, 10, 12, 13, 30, 36, 40, 41, 43, 49, 53, 54, 61, 75, 90, 91, 111]]
[153, 2.86539, [0, 1, 3, 4, 9, 10, 12, 13, 31, 33, 34, 40, 44, 45, 51, 60, 72, 74, 91, 96, 106]]
[153, 2.86305, [0, 1, 3, 4, 9, 10, 12, 13, 31, 37, 39, 42, 44, 48, 55, 56, 60, 63, 67, 91, 139]]
[153, 2.86063, [0, 1, 3, 4, 9, 10, 12, 13, 33, 34, 40, 44, 45, 49, 51, 60, 61, 72, 74, 91, 96]]
[153, 2.86522, [0, 1, 3, 4, 9, 10, 12, 22, 26, 28, 29, 31, 39, 45, 60, 63, 65, 71, 72, 76, 136]]
[153, 2.86402, [0, 1, 3, 4, 9, 10, 12, 22, 26, 28, 29, 31, 39, 45, 60, 65, 67, 71, 72, 76, 136]]
[153, 2.8604, [0, 1, 3, 4, 9, 11, 12, 16, 25, 26, 30, 45, 54, 55, 58, 66, 68, 69, 73, 75, 76]]
[153, 2.86037, [0, 1, 3, 4, 9, 11, 12, 16, 25, 26, 30, 45, 54, 55, 61, 62, 66, 72, 73, 75, 76]]
[153, 2.87094, [0, 1, 3, 4, 9, 11, 12, 16, 25, 30, 36, 40, 43, 52, 54, 62, 66, 67, 73, 126, 127, 138]]
[153, 2.86311, [0, 1, 3, 4, 9, 11, 12, 16, 26, 27, 33, 34, 44, 46, 47, 69, 70, 73, 75, 97, 118]]
[153, 2.86074, [0, 1, 3, 4, 9, 11, 12, 16, 26, 27, 44, 46, 47, 55, 57, 60, 69, 71, 75, 97, 121, 140]]

Search completed in 20 hours, 9 minutes, and 23.741 seconds.  Enter a string to quit.