Enter an integer k for which our Kempner sets are k-free: 3
Enter a positive integer modulus b: 29
Enter estimation parameters, or * for pre-computed parameters ([0.1319, 1.1409, 1.5243]): *
Enter a threshold (e.g. 4.2) to determine printed output: 2.6
Enter a root for the search space (e.g. [0, 1, 2]) [or * for the root [0]]: *
Enter an upper bound for the size of allowable digit sets [or * to ignore]: *
Enter a maximal number of deviations from a greedy search [or * to ignore]: *
Searching for k-free sets mod b...

[29, 2.95472, [0, 1, 3, 4, 9, 10, 12, 13]]
[29, 2.75106, [0, 1, 3, 4, 9, 10, 13]]
[29, 2.70345, [0, 1, 3, 4, 9, 10, 23]]
[29, 2.74806, [0, 1, 3, 4, 9, 11, 12]]
[29, 2.69206, [0, 1, 3, 4, 9, 11, 23]]
[29, 2.72991, [0, 1, 3, 4, 9, 12, 13]]
[29, 2.91179, [0, 1, 3, 4, 10, 11, 13, 14]]
[29, 2.71869, [0, 1, 3, 4, 10, 11, 14]]
[29, 2.67849, [0, 1, 3, 4, 10, 11, 23]]
[29, 2.71631, [0, 1, 3, 4, 10, 12, 13]]
[29, 2.70055, [0, 1, 3, 4, 10, 13, 14]]
[29, 2.61598, [0, 1, 3, 4, 10, 22, 23]]
[29, 2.61316, [0, 1, 3, 4, 10, 22, 24]]
[29, 2.61013, [0, 1, 3, 4, 10, 23, 24]]
[29, 2.69755, [0, 1, 3, 4, 11, 12, 14]]
[29, 2.68915, [0, 1, 3, 4, 11, 13, 14]]
[29, 2.78681, [0, 1, 3, 4, 13, 14, 19, 20]]
[29, 2.63345, [0, 1, 3, 4, 13, 14, 20]]
[29, 2.60713, [0, 1, 3, 4, 13, 19, 20]]
[29, 2.69832, [0, 1, 3, 4, 19, 20, 22, 23]]
[29, 2.68444, [0, 1, 3, 4, 20, 21, 23, 24]]
[29, 2.77762, [0, 1, 3, 7, 9, 10, 12, 27]]
[29, 2.64572, [0, 1, 3, 7, 9, 21, 23, 27]]
[29, 2.61686, [0, 1, 3, 8, 9, 11, 12]]
[29, 2.6503, [0, 1, 4, 5, 12, 16, 18, 22]]
[29, 2.6, [0, 1, 4, 6, 14, 16, 19, 20]]
[29, 2.60689, [0, 1, 5, 6, 8, 13, 22, 27]]

Search completed in 0 hours, 0 minutes, and 0.015 seconds.  Enter a string to quit.