Enter an integer k for which our Kempner sets are k-free: 3
Enter a positive integer modulus b: 184
Enter estimation parameters, or * for pre-computed parameters ([0.0738, 1.0575, 1.3875]): *
Enter a threshold (e.g. 4.2) to determine printed output: 2.89
Enter a root for the search space (e.g. [0, 1, 2]) [or * for the root [0]]: *
Enter an upper bound for the size of allowable digit sets [or * to ignore]: 31
Enter a maximal number of deviations from a greedy search [or * to ignore]: *
Searching for k-free sets mod b...

[184, 2.90328, [0, 1, 3, 4, 9, 10, 12, 13, 27, 28, 30, 31, 36, 37, 39, 67, 76, 79, 80, 86, 87, 89, 90]]
[184, 2.90309, [0, 1, 3, 4, 9, 10, 12, 13, 27, 28, 30, 31, 36, 37, 39, 67, 76, 80, 81, 83, 88, 89, 91]]
[184, 2.90223, [0, 1, 3, 4, 9, 10, 12, 13, 27, 28, 30, 31, 36, 37, 39, 67, 76, 80, 81, 87, 88, 90, 91]]
[184, 2.90234, [0, 1, 3, 4, 9, 10, 12, 13, 27, 28, 30, 31, 36, 37, 39, 67, 76, 81, 83, 84, 88, 89, 91]]
[184, 2.89328, [0, 1, 3, 4, 9, 10, 12, 13, 27, 28, 30, 31, 36, 37, 66, 67, 75, 76, 79, 80, 87, 88, 90]]
[184, 2.89312, [0, 1, 3, 4, 9, 10, 12, 13, 27, 28, 30, 31, 36, 37, 66, 67, 75, 76, 79, 80, 87, 89, 90]]
[184, 2.89241, [0, 1, 3, 4, 9, 10, 12, 13, 27, 28, 30, 31, 36, 37, 66, 67, 75, 76, 80, 81, 88, 89, 91]]
[184, 2.89225, [0, 1, 3, 4, 9, 10, 12, 13, 27, 28, 30, 31, 36, 37, 66, 67, 75, 76, 80, 81, 88, 90, 91]]
[184, 2.89222, [0, 1, 3, 4, 9, 10, 12, 13, 27, 28, 30, 31, 36, 37, 66, 67, 75, 76, 80, 82, 87, 90, 91]]
[184, 2.89117, [0, 1, 3, 4, 9, 10, 12, 13, 27, 28, 30, 31, 36, 37, 66, 67, 75, 76, 80, 87, 88, 90, 91]]
[184, 2.89269, [0, 1, 3, 4, 9, 10, 12, 13, 27, 28, 30, 31, 36, 37, 66, 67, 75, 77, 80, 81, 86, 89, 90]]
[184, 2.89208, [0, 1, 3, 4, 9, 10, 12, 13, 27, 28, 30, 31, 36, 37, 66, 67, 75, 79, 80, 82, 87, 88, 90]]
[184, 2.8912, [0, 1, 3, 4, 9, 10, 12, 13, 27, 28, 30, 31, 36, 37, 66, 67, 75, 79, 80, 86, 87, 89, 90]]
[184, 2.89244, [0, 1, 3, 4, 9, 10, 12, 13, 27, 28, 30, 31, 36, 37, 66, 67, 76, 77, 81, 82, 84, 89, 90]]
[184, 2.8908, [0, 1, 3, 4, 9, 10, 12, 13, 27, 28, 30, 31, 36, 37, 66, 67, 76, 80, 81, 83, 88, 89, 91]]
[184, 2.8909, [0, 1, 3, 4, 9, 10, 12, 13, 27, 28, 30, 31, 36, 37, 66, 67, 77, 80, 81, 84, 86, 89, 90]]
[184, 2.89037, [0, 1, 3, 4, 9, 10, 12, 13, 27, 28, 30, 31, 36, 37, 66, 67, 77, 80, 82, 85, 86, 89, 91]]
[184, 2.89041, [0, 1, 3, 4, 9, 10, 12, 13, 27, 28, 30, 31, 36, 38, 65, 70, 74, 77, 79, 86, 87, 90, 91]]
[184, 2.8913, [0, 1, 3, 4, 9, 10, 12, 13, 27, 28, 30, 31, 36, 38, 65, 70, 74, 79, 81, 82, 86, 87, 89]]
[184, 2.89099, [0, 1, 3, 4, 9, 10, 12, 13, 27, 28, 30, 31, 36, 39, 64, 67, 73, 80, 81, 83, 84, 90, 91]]
[184, 2.89031, [0, 1, 3, 4, 9, 10, 12, 13, 27, 28, 30, 31, 36, 39, 64, 67, 73, 80, 81, 83, 88, 90, 91]]
[184, 2.89308, [0, 1, 3, 4, 9, 10, 12, 13, 27, 28, 30, 31, 36, 40, 64, 66, 73, 74, 78, 81, 85, 87, 91]]
[184, 2.89184, [0, 1, 3, 4, 9, 10, 12, 13, 27, 28, 30, 31, 36, 40, 64, 66, 73, 74, 78, 85, 86, 89, 91]]
[184, 2.89209, [0, 1, 3, 4, 9, 10, 12, 13, 27, 28, 30, 31, 36, 40, 64, 66, 73, 74, 81, 83, 86, 87, 90]]
[184, 2.89092, [0, 1, 3, 4, 9, 10, 12, 13, 27, 28, 30, 31, 36, 40, 64, 66, 73, 74, 81, 85, 87, 90, 91]]
[184, 2.89072, [0, 1, 3, 4, 9, 10, 12, 13, 27, 28, 30, 31, 36, 40, 64, 66, 73, 74, 83, 85, 86, 90, 91]]
[184, 2.89271, [0, 1, 3, 4, 9, 10, 12, 13, 27, 28, 30, 31, 36, 40, 65, 66, 73, 74, 78, 84, 85, 87, 88]]
[184, 2.89238, [0, 1, 3, 4, 9, 10, 12, 13, 27, 28, 30, 31, 36, 40, 65, 66, 73, 74, 78, 84, 85, 88, 89]]
[184, 2.89238, [0, 1, 3, 4, 9, 10, 12, 13, 27, 28, 30, 31, 36, 40, 65, 66, 73, 74, 78, 84, 86, 87, 89]]
[184, 2.89203, [0, 1, 3, 4, 9, 10, 12, 13, 27, 28, 30, 31, 36, 40, 65, 66, 73, 74, 78, 85, 86, 88, 89]]
[184, 2.90115, [0, 1, 3, 4, 9, 10, 12, 13, 27, 28, 30, 31, 37, 63, 66, 68, 72, 77, 79, 80, 84, 85, 87, 152]]
[184, 2.8943, [0, 1, 3, 4, 9, 10, 12, 13, 27, 28, 30, 34, 35, 37, 49, 72, 75, 79, 80, 82, 87, 90, 91]]
[184, 2.89351, [0, 1, 3, 4, 9, 10, 12, 13, 27, 28, 30, 34, 35, 39, 49, 72, 73, 79, 80, 83, 84, 90, 91]]
[184, 2.89749, [0, 1, 3, 4, 9, 10, 12, 13, 27, 28, 30, 34, 35, 39, 62, 71, 79, 81, 82, 84, 88, 117, 143, 144]]
[184, 2.89615, [0, 1, 3, 4, 9, 10, 12, 13, 27, 28, 30, 34, 36, 37, 49, 66, 75, 76, 79, 80, 87, 90, 91]]
[184, 2.89557, [0, 1, 3, 4, 9, 10, 12, 13, 27, 28, 30, 34, 36, 37, 49, 66, 75, 76, 80, 82, 87, 90, 91]]
[184, 2.89495, [0, 1, 3, 4, 9, 10, 12, 13, 27, 28, 30, 34, 36, 37, 49, 66, 75, 79, 80, 82, 87, 90, 91]]
[184, 2.89572, [0, 1, 3, 4, 9, 10, 12, 13, 27, 28, 30, 34, 36, 37, 49, 66, 76, 77, 79, 80, 87, 90, 91]]
[184, 2.89533, [0, 1, 3, 4, 9, 10, 12, 13, 27, 28, 30, 34, 36, 37, 49, 66, 76, 77, 80, 81, 87, 90, 91]]
[184, 2.89478, [0, 1, 3, 4, 9, 10, 12, 13, 27, 28, 30, 34, 37, 39, 49, 63, 72, 79, 80, 82, 83, 90, 91]]
[184, 2.89442, [0, 1, 3, 4, 9, 10, 12, 13, 27, 28, 30, 34, 37, 39, 49, 63, 72, 79, 80, 83, 84, 90, 91]]
[184, 2.89339, [0, 1, 3, 4, 9, 10, 12, 13, 27, 28, 30, 35, 36, 39, 49, 64, 73, 80, 81, 83, 84, 90, 91]]
[184, 2.89578, [0, 1, 3, 4, 9, 10, 12, 13, 27, 28, 31, 33, 36, 37, 48, 67, 75, 76, 80, 81, 88, 89, 91]]
[184, 2.89562, [0, 1, 3, 4, 9, 10, 12, 13, 27, 28, 31, 33, 36, 37, 48, 67, 75, 76, 80, 81, 88, 90, 91]]
[184, 2.896, [0, 1, 3, 4, 9, 10, 12, 13, 27, 28, 31, 33, 36, 37, 48, 67, 75, 77, 78, 80, 88, 90, 91]]
[184, 2.89613, [0, 1, 3, 4, 9, 10, 12, 13, 27, 28, 31, 33, 36, 37, 48, 67, 75, 77, 78, 82, 85, 90, 91]]
[184, 2.89562, [0, 1, 3, 4, 9, 10, 12, 13, 27, 28, 31, 33, 36, 37, 48, 67, 75, 77, 78, 82, 88, 90, 91]]
[184, 2.89556, [0, 1, 3, 4, 9, 10, 12, 13, 27, 28, 31, 33, 36, 37, 48, 67, 75, 77, 80, 81, 88, 89, 91]]
[184, 2.89541, [0, 1, 3, 4, 9, 10, 12, 13, 27, 28, 31, 33, 36, 37, 48, 67, 75, 77, 80, 81, 88, 90, 91]]
[184, 2.89522, [0, 1, 3, 4, 9, 10, 12, 13, 27, 28, 31, 33, 36, 37, 48, 67, 75, 77, 80, 82, 88, 90, 91]]
[184, 2.89502, [0, 1, 3, 4, 9, 10, 12, 13, 27, 28, 31, 33, 36, 37, 48, 67, 75, 77, 81, 82, 88, 90, 91]]
[184, 2.89535, [0, 1, 3, 4, 9, 10, 12, 13, 27, 28, 31, 33, 36, 37, 48, 67, 76, 77, 80, 81, 88, 89, 91]]
[184, 2.89519, [0, 1, 3, 4, 9, 10, 12, 13, 27, 28, 31, 33, 36, 37, 48, 67, 76, 77, 80, 81, 88, 90, 91]]
[184, 2.89477, [0, 1, 3, 4, 9, 10, 12, 13, 27, 28, 31, 33, 36, 37, 48, 67, 77, 78, 80, 81, 88, 90, 91]]
[184, 2.89438, [0, 1, 3, 4, 9, 10, 12, 13, 27, 28, 31, 33, 36, 37, 48, 67, 77, 78, 81, 82, 88, 90, 91]]
[184, 2.89596, [0, 1, 3, 4, 9, 10, 12, 13, 27, 28, 31, 33, 36, 40, 48, 64, 73, 74, 78, 81, 85, 90, 91]]
[184, 2.89254, [0, 1, 3, 4, 9, 10, 12, 13, 27, 28, 32, 34, 35, 39, 48, 49, 73, 76, 80, 81, 90, 91, 166]]
[184, 2.89119, [0, 1, 3, 4, 9, 10, 12, 13, 27, 28, 32, 34, 35, 39, 49, 72, 73, 79, 80, 83, 84, 90, 91]]
[184, 2.90229, [0, 1, 3, 4, 9, 10, 12, 13, 27, 28, 33, 35, 36, 40, 48, 49, 64, 73, 74, 78, 81, 90, 91]]
[184, 2.89183, [0, 1, 3, 4, 9, 10, 12, 13, 27, 28, 33, 35, 36, 40, 48, 64, 73, 74, 78, 81, 85, 90, 91]]
[184, 2.89099, [0, 1, 3, 4, 9, 10, 12, 13, 27, 28, 33, 35, 36, 40, 49, 64, 73, 74, 78, 81, 87, 90, 91]]
[184, 2.8939, [0, 1, 3, 4, 9, 10, 12, 13, 27, 29, 30, 32, 36, 65, 66, 70, 73, 77, 83, 85, 86, 90, 91, 164]]
[184, 2.89404, [0, 1, 3, 4, 9, 10, 12, 13, 27, 29, 30, 32, 62, 67, 68, 70, 71, 82, 84, 85, 89, 90, 144, 145, 147]]
[184, 2.92383, [0, 1, 3, 4, 9, 10, 12, 13, 27, 29, 30, 34, 35, 37, 52, 63, 72, 76, 78, 79, 85, 87, 88, 90]]
[184, 2.89726, [0, 1, 3, 4, 9, 10, 12, 13, 27, 29, 30, 34, 35, 37, 52, 63, 72, 76, 78, 79, 85, 87, 90]]
[184, 2.89709, [0, 1, 3, 4, 9, 10, 12, 13, 27, 29, 30, 34, 35, 37, 52, 63, 72, 76, 78, 79, 85, 88, 90]]
[184, 2.89675, [0, 1, 3, 4, 9, 10, 12, 13, 27, 29, 30, 34, 35, 37, 52, 63, 72, 76, 78, 79, 87, 88, 90]]
[184, 2.89667, [0, 1, 3, 4, 9, 10, 12, 13, 27, 29, 30, 34, 35, 37, 52, 63, 72, 76, 78, 82, 85, 87, 90]]
[184, 2.89562, [0, 1, 3, 4, 9, 10, 12, 13, 27, 29, 30, 34, 35, 37, 52, 63, 72, 76, 78, 85, 87, 88, 90]]
[184, 2.89643, [0, 1, 3, 4, 9, 10, 12, 13, 27, 29, 30, 34, 35, 37, 52, 63, 72, 76, 79, 84, 85, 87, 88]]
[184, 2.89594, [0, 1, 3, 4, 9, 10, 12, 13, 27, 29, 30, 34, 35, 37, 52, 63, 72, 76, 79, 84, 85, 88, 90]]
[184, 2.89542, [0, 1, 3, 4, 9, 10, 12, 13, 27, 29, 30, 34, 35, 37, 52, 63, 72, 76, 79, 85, 87, 88, 90]]
[184, 2.89554, [0, 1, 3, 4, 9, 10, 12, 13, 27, 29, 30, 34, 35, 37, 52, 63, 72, 78, 79, 82, 87, 88, 90]]
[184, 2.895, [0, 1, 3, 4, 9, 10, 12, 13, 27, 29, 30, 34, 35, 37, 52, 63, 72, 78, 79, 85, 87, 88, 90]]
[184, 2.92189, [0, 1, 3, 4, 9, 10, 12, 13, 27, 29, 30, 34, 35, 37, 52, 63, 76, 78, 79, 81, 85, 87, 88, 90]]
[184, 2.89534, [0, 1, 3, 4, 9, 10, 12, 13, 27, 29, 30, 34, 35, 37, 52, 63, 76, 78, 79, 81, 85, 87, 90]]
[184, 2.89517, [0, 1, 3, 4, 9, 10, 12, 13, 27, 29, 30, 34, 35, 37, 52, 63, 76, 78, 79, 81, 85, 88, 90]]
[184, 2.89483, [0, 1, 3, 4, 9, 10, 12, 13, 27, 29, 30, 34, 35, 37, 52, 63, 76, 78, 79, 81, 87, 88, 90]]
[184, 2.8951, [0, 1, 3, 4, 9, 10, 12, 13, 27, 29, 30, 34, 35, 37, 52, 63, 76, 78, 79, 84, 85, 87, 88]]
[184, 2.89409, [0, 1, 3, 4, 9, 10, 12, 13, 27, 29, 30, 34, 35, 37, 52, 63, 76, 78, 79, 85, 87, 88, 90]]
[184, 2.89475, [0, 1, 3, 4, 9, 10, 12, 13, 27, 29, 30, 34, 35, 37, 52, 63, 76, 78, 81, 82, 85, 87, 90]]
[184, 2.8937, [0, 1, 3, 4, 9, 10, 12, 13, 27, 29, 30, 34, 35, 37, 52, 63, 76, 78, 81, 85, 87, 88, 90]]
[184, 2.89402, [0, 1, 3, 4, 9, 10, 12, 13, 27, 29, 30, 34, 35, 37, 52, 63, 76, 79, 81, 84, 85, 88, 90]]
[184, 2.8935, [0, 1, 3, 4, 9, 10, 12, 13, 27, 29, 30, 34, 35, 37, 52, 63, 76, 79, 81, 85, 87, 88, 90]]
[184, 2.89362, [0, 1, 3, 4, 9, 10, 12, 13, 27, 29, 30, 34, 35, 37, 52, 63, 78, 79, 81, 82, 87, 88, 90]]
[184, 2.89308, [0, 1, 3, 4, 9, 10, 12, 13, 27, 29, 30, 34, 35, 37, 52, 63, 78, 79, 81, 85, 87, 88, 90]]
[184, 2.89324, [0, 1, 3, 4, 9, 10, 12, 13, 27, 29, 30, 34, 35, 37, 52, 72, 76, 78, 79, 81, 85, 87, 88]]
[184, 2.89167, [0, 1, 3, 4, 9, 10, 12, 13, 27, 29, 30, 34, 35, 37, 52, 72, 76, 78, 79, 85, 87, 88, 90]]
[184, 2.89389, [0, 1, 3, 4, 9, 10, 12, 13, 27, 29, 30, 34, 36, 37, 52, 66, 76, 78, 79, 81, 85, 87, 88]]
[184, 2.89333, [0, 1, 3, 4, 9, 10, 12, 13, 27, 29, 30, 34, 36, 37, 52, 66, 76, 78, 79, 84, 85, 87, 88]]
[184, 2.89225, [0, 1, 3, 4, 9, 10, 12, 13, 27, 29, 30, 34, 36, 37, 52, 66, 76, 79, 81, 84, 85, 88, 90]]
[184, 2.89173, [0, 1, 3, 4, 9, 10, 12, 13, 27, 29, 30, 34, 36, 37, 52, 66, 76, 79, 81, 85, 87, 88, 90]]
[184, 2.89077, [0, 1, 3, 4, 9, 10, 12, 13, 27, 29, 30, 34, 52, 61, 63, 69, 71, 72, 76, 82, 84, 85, 87, 146]]
[184, 2.89563, [0, 1, 3, 4, 9, 10, 12, 13, 27, 29, 30, 35, 39, 52, 62, 64, 71, 79, 81, 82, 84, 88, 117, 143]]
[184, 2.89315, [0, 1, 3, 4, 9, 10, 12, 13, 28, 29, 31, 35, 36, 40, 64, 73, 74, 78, 81, 87, 90, 91, 141, 160]]
[184, 2.90022, [0, 1, 3, 4, 9, 10, 12, 13, 28, 30, 31, 35, 36, 54, 64, 65, 75, 79, 81, 82, 84, 88, 90, 91]]
[184, 2.89034, [0, 1, 3, 4, 9, 10, 12, 13, 28, 31, 35, 36, 40, 51, 54, 64, 65, 75, 78, 83, 84, 87, 113, 160]]

Search completed in 2 hours, 3 minutes, and 4.372 seconds.  Enter a string to quit.