Enter an integer k for which our Kempner sets are k-free: 3
Enter a positive integer modulus b: 157
Enter estimation parameters, or * for pre-computed parameters ([0.0772, 1.0561, 1.401]): *
Enter a threshold (e.g. 4.2) to determine printed output: 2.86
Enter a root for the search space (e.g. [0, 1, 2]) [or * for the root [0]]: *
Enter an upper bound for the size of allowable digit sets [or * to ignore]: 27
Enter a maximal number of deviations from a greedy search [or * to ignore]: *
Searching for k-free sets mod b...

[157, 2.87207, [0, 1, 3, 4, 9, 10, 12, 13, 27, 28, 30, 31, 36, 40, 64, 65, 74, 78, 104, 140, 142]]
[157, 2.87154, [0, 1, 3, 4, 9, 10, 12, 13, 27, 28, 30, 36, 40, 49, 64, 65, 74, 75, 78, 96, 104]]
[157, 2.8672, [0, 1, 3, 4, 9, 10, 12, 13, 27, 28, 30, 36, 49, 58, 64, 65, 73, 75, 76, 78, 96]]
[157, 2.87254, [0, 1, 3, 4, 9, 10, 12, 13, 27, 28, 31, 32, 38, 57, 65, 68, 69, 74, 77, 78, 140]]
[157, 2.86349, [0, 1, 3, 4, 9, 10, 12, 13, 27, 28, 32, 33, 35, 40, 49, 59, 72, 73, 75, 107]]
[157, 2.86365, [0, 1, 3, 4, 9, 10, 12, 13, 27, 28, 32, 33, 35, 48, 49, 59, 72, 73, 75, 76]]
[157, 2.86321, [0, 1, 3, 4, 9, 10, 12, 13, 27, 28, 32, 33, 35, 48, 49, 59, 72, 73, 76, 77]]
[157, 2.86299, [0, 1, 3, 4, 9, 10, 12, 13, 27, 28, 32, 33, 35, 48, 49, 59, 72, 73, 76, 78]]
[157, 2.86277, [0, 1, 3, 4, 9, 10, 12, 13, 27, 28, 32, 33, 35, 48, 49, 59, 72, 73, 77, 78]]
[157, 2.86319, [0, 1, 3, 4, 9, 10, 12, 13, 27, 28, 32, 33, 35, 48, 49, 59, 72, 74, 75, 77]]
[157, 2.86254, [0, 1, 3, 4, 9, 10, 12, 13, 27, 28, 32, 33, 35, 48, 49, 59, 72, 74, 77, 78]]
[157, 2.86273, [0, 1, 3, 4, 9, 10, 12, 13, 27, 28, 32, 33, 35, 48, 49, 59, 73, 74, 76, 77]]
[157, 2.8623, [0, 1, 3, 4, 9, 10, 12, 13, 27, 28, 32, 33, 35, 48, 49, 59, 73, 74, 77, 78]]
[157, 2.86229, [0, 1, 3, 4, 9, 10, 12, 13, 27, 28, 32, 33, 35, 48, 49, 59, 73, 75, 76, 78]]
[157, 2.86183, [0, 1, 3, 4, 9, 10, 12, 13, 27, 28, 32, 33, 35, 48, 49, 59, 74, 75, 77, 78]]
[157, 2.87545, [0, 1, 3, 4, 9, 10, 12, 13, 27, 28, 32, 33, 48, 49, 58, 59, 72, 74, 77, 78, 102]]
[157, 2.86849, [0, 1, 3, 4, 9, 10, 12, 13, 27, 28, 32, 33, 48, 49, 58, 59, 72, 77, 78, 102, 120]]
[157, 2.86048, [0, 1, 3, 4, 9, 10, 12, 13, 27, 28, 32, 35, 48, 49, 59, 65, 73, 74, 78, 123, 141]]
[157, 2.87123, [0, 1, 3, 4, 9, 10, 12, 13, 27, 28, 33, 35, 36, 40, 48, 49, 64, 73, 74, 78]]
[157, 2.871, [0, 1, 3, 4, 9, 10, 12, 13, 27, 28, 33, 35, 36, 40, 48, 49, 64, 73, 75, 78]]
[157, 2.87077, [0, 1, 3, 4, 9, 10, 12, 13, 27, 28, 33, 35, 36, 40, 48, 49, 64, 74, 75, 78]]
[157, 2.88553, [0, 1, 3, 4, 9, 10, 12, 13, 27, 29, 30, 32, 40, 43, 62, 65, 66, 69, 75, 78, 104]]
[157, 2.87364, [0, 1, 3, 4, 9, 10, 12, 13, 27, 29, 30, 32, 40, 62, 65, 66, 69, 74, 75, 78, 104]]
[157, 2.86517, [0, 1, 3, 4, 9, 10, 12, 13, 27, 29, 30, 32, 40, 62, 65, 66, 69, 74, 78, 104, 140]]
[157, 2.87208, [0, 1, 3, 4, 9, 10, 12, 13, 27, 29, 30, 37, 39, 43, 63, 67, 101, 109, 111, 137, 141, 143]]
[157, 2.86523, [0, 1, 3, 4, 9, 10, 12, 13, 27, 29, 33, 34, 40, 52, 60, 61, 69, 73, 74, 127, 140]]
[157, 2.87548, [0, 1, 3, 4, 9, 10, 12, 13, 27, 29, 34, 36, 40, 47, 52, 61, 66, 73, 74, 78, 140]]
[157, 2.86902, [0, 1, 3, 4, 9, 10, 12, 13, 27, 29, 34, 36, 40, 47, 52, 61, 66, 73, 74, 124, 140]]
[157, 2.86065, [0, 1, 3, 4, 9, 10, 12, 13, 27, 29, 34, 36, 40, 47, 52, 61, 66, 74, 124, 133, 140]]
[157, 2.87155, [0, 1, 3, 4, 9, 10, 12, 13, 27, 29, 34, 40, 47, 52, 61, 62, 66, 69, 73, 74, 78]]
[157, 2.86482, [0, 1, 3, 4, 9, 10, 12, 13, 27, 29, 34, 40, 47, 52, 61, 62, 66, 69, 73, 74, 127]]
[157, 2.87117, [0, 1, 3, 4, 9, 10, 12, 13, 27, 29, 34, 40, 52, 60, 61, 66, 69, 73, 74, 124, 127, 140]]
[157, 2.86461, [0, 1, 3, 4, 9, 10, 12, 13, 27, 29, 35, 40, 47, 56, 62, 64, 73, 75, 126, 129, 131, 139]]
[157, 2.87211, [0, 1, 3, 4, 9, 10, 12, 13, 27, 31, 32, 34, 38, 43, 46, 47, 57, 69, 70, 78]]
[157, 2.86052, [0, 1, 3, 4, 9, 10, 12, 13, 27, 31, 32, 34, 38, 46, 47, 57, 69, 70, 74, 77]]
[157, 2.88295, [0, 1, 3, 4, 9, 10, 12, 13, 27, 31, 32, 34, 43, 46, 47, 57, 66, 69, 70, 78, 121]]
[157, 2.87038, [0, 1, 3, 4, 9, 10, 12, 13, 27, 31, 32, 34, 46, 47, 57, 66, 69, 70, 77, 78, 121]]
[157, 2.87012, [0, 1, 3, 4, 9, 10, 12, 13, 27, 31, 32, 34, 46, 47, 57, 66, 69, 71, 77, 78, 121]]
[157, 2.87716, [0, 1, 3, 4, 9, 10, 12, 13, 27, 31, 32, 34, 46, 47, 57, 66, 70, 71, 73, 77, 78]]
[157, 2.86986, [0, 1, 3, 4, 9, 10, 12, 13, 27, 31, 32, 34, 46, 47, 57, 66, 70, 71, 77, 78, 121]]
[157, 2.87403, [0, 1, 3, 4, 9, 10, 12, 13, 27, 31, 32, 36, 43, 46, 48, 66, 67, 70, 75, 78, 142]]
[157, 2.87711, [0, 1, 3, 4, 9, 10, 12, 13, 27, 31, 32, 36, 43, 47, 48, 56, 66, 70, 75, 78, 142]]
[157, 2.86417, [0, 1, 3, 4, 9, 10, 12, 13, 27, 31, 32, 36, 47, 48, 56, 66, 73, 74, 77, 78, 140]]
[157, 2.86164, [0, 1, 3, 4, 9, 10, 12, 13, 27, 31, 32, 47, 48, 56, 57, 68, 70, 71, 75, 76, 78]]
[157, 2.86142, [0, 1, 3, 4, 9, 10, 12, 13, 27, 31, 32, 47, 48, 56, 57, 68, 70, 71, 75, 77, 78]]
[157, 2.86127, [0, 1, 3, 4, 9, 10, 12, 13, 27, 31, 38, 46, 48, 55, 56, 60, 68, 70, 71, 77, 78]]
[157, 2.86034, [0, 1, 3, 4, 9, 10, 12, 13, 27, 31, 38, 47, 48, 55, 57, 60, 68, 70, 71, 77, 78]]
[157, 2.8663, [0, 1, 3, 4, 9, 10, 12, 13, 27, 39, 46, 47, 49, 57, 58, 62, 64, 72, 73, 76, 96, 122]]
[157, 2.86709, [0, 1, 3, 4, 9, 10, 12, 13, 28, 29, 31, 32, 38, 42, 68, 69, 77, 78, 92, 111, 120]]
[157, 2.86295, [0, 1, 3, 4, 9, 10, 12, 13, 28, 29, 31, 32, 38, 42, 68, 69, 77, 92, 103, 111, 120]]
[157, 2.88014, [0, 1, 3, 4, 9, 10, 12, 13, 28, 29, 31, 32, 38, 42, 69, 77, 92, 103, 105, 111, 120, 124]]
[157, 2.86924, [0, 1, 3, 4, 9, 10, 12, 13, 28, 29, 32, 33, 42, 50, 59, 69, 70, 77, 78, 92, 102]]
[157, 2.86511, [0, 1, 3, 4, 9, 10, 12, 13, 28, 29, 32, 33, 42, 50, 59, 69, 70, 77, 92, 102, 103]]
[157, 2.8603, [0, 1, 3, 4, 9, 10, 12, 13, 28, 29, 36, 38, 42, 50, 51, 61, 65, 70, 78, 138, 142]]
[157, 2.87131, [0, 1, 3, 4, 9, 10, 12, 13, 28, 30, 31, 33, 45, 64, 69, 70, 72, 92, 102, 104, 122, 123]]
[157, 2.86204, [0, 1, 3, 4, 9, 10, 12, 13, 28, 30, 33, 41, 42, 45, 58, 64, 68, 76, 92, 96, 102]]
[157, 2.87158, [0, 1, 3, 4, 9, 10, 12, 13, 28, 32, 33, 35, 45, 48, 49, 59, 71, 72, 74, 75, 123]]
[157, 2.86164, [0, 1, 3, 4, 9, 10, 12, 13, 28, 33, 34, 36, 48, 50, 51, 61, 70, 73, 77, 78, 138]]
[157, 2.86034, [0, 1, 3, 4, 9, 10, 12, 13, 28, 34, 36, 48, 50, 54, 57, 61, 73, 76, 77, 128, 130, 138]]
[157, 2.86161, [0, 1, 3, 4, 9, 10, 12, 13, 29, 31, 32, 34, 42, 47, 66, 69, 70, 76, 77, 92, 124]]
[157, 2.86516, [0, 1, 3, 4, 9, 10, 12, 13, 29, 33, 39, 41, 47, 51, 52, 59, 60, 64, 133, 135, 139, 141]]
[157, 2.86486, [0, 1, 3, 4, 9, 10, 12, 13, 29, 33, 39, 41, 47, 51, 52, 59, 60, 64, 133, 135, 141, 143]]
[157, 2.86485, [0, 1, 3, 4, 9, 10, 12, 13, 29, 33, 39, 41, 47, 51, 52, 59, 60, 64, 133, 137, 139, 143]]
[157, 2.86453, [0, 1, 3, 4, 9, 10, 12, 13, 29, 33, 39, 41, 47, 51, 52, 59, 60, 64, 135, 137, 141, 143]]
[157, 2.862, [0, 1, 3, 4, 9, 10, 12, 13, 29, 33, 39, 41, 47, 51, 52, 60, 64, 67, 135, 137, 141, 143]]
[157, 2.86012, [0, 1, 3, 4, 9, 10, 12, 13, 30, 31, 35, 41, 42, 44, 45, 63, 65, 68, 93, 108, 143]]
[157, 2.86847, [0, 1, 3, 4, 9, 10, 12, 13, 30, 31, 35, 41, 44, 46, 54, 55, 63, 65, 68, 74, 141]]
[157, 2.88732, [0, 1, 3, 4, 9, 10, 12, 13, 30, 31, 35, 41, 44, 46, 54, 55, 63, 65, 68, 93, 141, 143]]
[157, 2.86471, [0, 1, 3, 4, 9, 10, 12, 13, 30, 31, 35, 41, 44, 46, 54, 55, 63, 65, 68, 93, 143]]
[157, 2.87633, [0, 1, 3, 4, 9, 10, 12, 13, 30, 31, 35, 41, 44, 46, 54, 55, 63, 68, 93, 138, 141, 143]]
[157, 2.86281, [0, 1, 3, 4, 9, 10, 12, 13, 30, 31, 35, 41, 44, 46, 54, 63, 65, 71, 74, 93, 97]]
[157, 2.88059, [0, 1, 3, 4, 9, 10, 12, 13, 30, 31, 35, 41, 44, 46, 55, 63, 65, 68, 77, 93, 138, 143]]
[157, 2.87244, [0, 1, 3, 4, 9, 10, 12, 13, 30, 31, 35, 41, 44, 46, 55, 63, 65, 68, 93, 138, 141, 143]]
[157, 2.86056, [0, 1, 3, 4, 9, 10, 12, 13, 30, 31, 35, 41, 46, 55, 63, 65, 68, 77, 93, 138, 139, 143]]
[157, 2.86091, [0, 1, 3, 4, 9, 10, 12, 22, 26, 27, 31, 46, 55, 56, 60, 63, 67, 69, 72, 73, 76, 127]]
[157, 2.86061, [0, 1, 3, 4, 9, 11, 12, 16, 25, 27, 30, 36, 40, 52, 58, 62, 65, 67, 73, 75, 128]]
[157, 2.86655, [0, 1, 3, 4, 9, 11, 12, 16, 25, 27, 36, 40, 48, 52, 58, 62, 67, 73, 75, 78, 126, 128]]

Search completed in 0 hours, 12 minutes, and 57.976 seconds.  Enter a string to quit.