Enter an integer k for which our Kempner sets are k-free: 3
Enter a positive integer modulus b: 82
Enter estimation parameters, or * for pre-computed parameters ([0.0883, 1.0911, 1.4019]): *
Enter a threshold (e.g. 4.2) to determine printed output: 2.88
Enter a root for the search space (e.g. [0, 1, 2]) [or * for the root [0]]: *
Enter an upper bound for the size of allowable digit sets [or * to ignore]: *
Enter a maximal number of deviations from a greedy search [or * to ignore]: *
Searching for k-free sets mod b...

[82, 3.0126, [0, 1, 3, 4, 9, 10, 12, 13, 27, 28, 30, 31, 36, 37, 39, 40]]
[82, 2.94804, [0, 1, 3, 4, 9, 10, 12, 13, 27, 28, 30, 31, 36, 37, 40]]
[82, 2.93377, [0, 1, 3, 4, 9, 10, 12, 13, 27, 28, 30, 31, 36, 37, 67]]
[82, 2.94795, [0, 1, 3, 4, 9, 10, 12, 13, 27, 28, 30, 31, 36, 38, 39]]
[82, 2.9462, [0, 1, 3, 4, 9, 10, 12, 13, 27, 28, 30, 31, 36, 39, 40]]
[82, 2.8835, [0, 1, 3, 4, 9, 10, 12, 13, 27, 28, 30, 31, 36, 40]]
[82, 2.94611, [0, 1, 3, 4, 9, 10, 12, 13, 27, 28, 30, 31, 37, 38, 40]]
[82, 2.94521, [0, 1, 3, 4, 9, 10, 12, 13, 27, 28, 30, 31, 37, 39, 40]]
[82, 2.88253, [0, 1, 3, 4, 9, 10, 12, 13, 27, 28, 30, 31, 37, 40]]
[82, 2.88244, [0, 1, 3, 4, 9, 10, 12, 13, 27, 28, 30, 31, 38, 39]]
[82, 2.8816, [0, 1, 3, 4, 9, 10, 12, 13, 27, 28, 30, 31, 38, 40]]
[82, 2.9293, [0, 1, 3, 4, 9, 10, 12, 13, 27, 28, 30, 31, 39, 40, 64]]
[82, 2.91487, [0, 1, 3, 4, 9, 10, 12, 13, 27, 28, 30, 31, 40, 64, 65]]
[82, 2.9006, [0, 1, 3, 4, 9, 10, 12, 13, 27, 28, 30, 31, 64, 65, 67]]
[82, 2.90025, [0, 1, 3, 4, 9, 10, 12, 13, 27, 28, 30, 31, 64, 66, 67]]
[82, 2.88357, [0, 1, 3, 4, 9, 10, 12, 13, 27, 28, 30, 34, 35, 37]]
[82, 2.88176, [0, 1, 3, 4, 9, 10, 12, 13, 27, 28, 30, 34, 35, 39]]
[82, 2.94523, [0, 1, 3, 4, 9, 10, 12, 13, 27, 28, 30, 34, 36, 37, 39]]
[82, 2.88073, [0, 1, 3, 4, 9, 10, 12, 13, 27, 28, 30, 34, 36, 39]]
[82, 2.94319, [0, 1, 3, 4, 9, 10, 12, 13, 27, 28, 30, 35, 36, 38, 39]]
[82, 2.93941, [0, 1, 3, 4, 9, 10, 12, 13, 27, 28, 30, 36, 37, 39, 40]]
[82, 2.94416, [0, 1, 3, 4, 9, 10, 12, 13, 27, 28, 31, 33, 36, 37, 40]]
[82, 2.93804, [0, 1, 3, 4, 9, 10, 12, 13, 27, 28, 31, 36, 37, 39, 40]]
[82, 2.91774, [0, 1, 3, 4, 9, 10, 12, 13, 27, 28, 36, 37, 39, 40, 58]]
[82, 2.94511, [0, 1, 3, 4, 9, 10, 12, 13, 27, 29, 30, 32, 36, 38, 39]]
[82, 2.88155, [0, 1, 3, 4, 9, 10, 12, 13, 27, 29, 30, 32, 36, 39]]
[82, 2.88204, [0, 1, 3, 4, 9, 10, 12, 13, 27, 29, 30, 34, 35, 37]]
[82, 2.88102, [0, 1, 3, 4, 9, 10, 12, 13, 27, 29, 30, 34, 36, 37]]
[82, 2.94164, [0, 1, 3, 4, 9, 10, 12, 13, 27, 29, 30, 35, 36, 38, 39]]
[82, 2.93786, [0, 1, 3, 4, 9, 10, 12, 13, 27, 29, 30, 36, 37, 39, 40]]
[82, 2.93816, [0, 1, 3, 4, 9, 10, 12, 13, 27, 30, 31, 34, 36, 39, 40]]
[82, 2.93503, [0, 1, 3, 4, 9, 10, 12, 13, 27, 30, 31, 36, 37, 39, 40]]
[82, 2.94024, [0, 1, 3, 4, 9, 10, 12, 13, 28, 29, 31, 32, 37, 38, 40]]
[82, 2.93934, [0, 1, 3, 4, 9, 10, 12, 13, 28, 29, 31, 32, 37, 39, 40]]
[82, 2.93677, [0, 1, 3, 4, 9, 10, 12, 13, 28, 29, 31, 35, 37, 38, 40]]
[82, 2.93483, [0, 1, 3, 4, 9, 10, 12, 13, 28, 29, 31, 36, 37, 39, 40]]
[82, 2.93667, [0, 1, 3, 4, 9, 10, 12, 13, 28, 30, 31, 33, 37, 39, 40]]
[82, 2.93338, [0, 1, 3, 4, 9, 10, 12, 13, 28, 30, 31, 36, 37, 39, 40]]
[82, 2.91007, [0, 1, 3, 4, 9, 10, 12, 13, 30, 31, 36, 37, 39, 40, 55]]
[82, 2.8893, [0, 1, 3, 4, 9, 10, 12, 13, 31, 36, 37, 39, 40, 55, 56]]
[82, 2.89201, [0, 1, 3, 4, 9, 10, 12, 22, 26, 27, 31, 33, 37, 38, 77]]
[82, 2.91251, [0, 1, 3, 4, 9, 10, 12, 22, 27, 28, 30, 31, 36, 37, 39]]
[82, 2.9022, [0, 1, 3, 4, 9, 10, 12, 25, 27, 28, 30, 34, 36, 37, 39]]
[82, 2.89671, [0, 1, 3, 4, 9, 10, 12, 26, 27, 29, 30, 35, 36, 38, 39]]
[82, 2.88668, [0, 1, 3, 4, 9, 10, 12, 27, 28, 30, 31, 36, 37, 39, 40]]
[82, 2.90716, [0, 1, 3, 4, 9, 10, 13, 21, 27, 28, 30, 31, 36, 37, 40]]
[82, 2.89018, [0, 1, 3, 4, 9, 10, 13, 21, 27, 28, 30, 31, 36, 37, 76]]
[82, 2.89608, [0, 1, 3, 4, 9, 10, 13, 24, 27, 28, 31, 33, 36, 37, 40]]
[82, 2.88695, [0, 1, 3, 4, 9, 11, 12, 26, 27, 29, 30, 35, 36, 38, 39]]
[82, 2.89326, [0, 1, 3, 4, 9, 12, 13, 19, 27, 28, 30, 31, 36, 39, 40]]
[82, 2.884, [0, 1, 3, 4, 10, 12, 13, 18, 27, 28, 30, 31, 37, 39, 40]]

Search completed in 0 hours, 0 minutes, and 3.758 seconds.  Enter a string to quit.