Enter an integer k for which our Kempner sets are k-free: 3
Enter a positive integer modulus b: 192
Enter estimation parameters, or * for pre-computed parameters ([0.0729, 1.0527, 1.3846]): *
Enter a threshold (e.g. 4.2) to determine printed output: 2.91
Enter a root for the search space (e.g. [0, 1, 2]) [or * for the root [0]]: *
Enter an upper bound for the size of allowable digit sets [or * to ignore]: 31
Enter a maximal number of deviations from a greedy search [or * to ignore]: *
Searching for k-free sets mod b...

[192, 2.92351, [0, 1, 3, 4, 9, 10, 12, 13, 27, 28, 30, 31, 36, 37, 39, 40, 81, 82, 84, 85, 90, 91, 93, 94]]
[192, 2.92291, [0, 1, 3, 4, 9, 10, 12, 13, 27, 28, 30, 31, 36, 37, 39, 40, 81, 82, 84, 85, 91, 92, 94, 95]]
[192, 2.91747, [0, 1, 3, 4, 9, 10, 12, 13, 27, 28, 30, 31, 36, 37, 39, 40, 81, 82, 84, 85, 91, 94, 95, 147]]
[192, 2.91739, [0, 1, 3, 4, 9, 10, 12, 13, 27, 28, 30, 31, 36, 37, 39, 40, 81, 82, 84, 85, 92, 94, 95, 146]]
[192, 2.91195, [0, 1, 3, 4, 9, 10, 12, 13, 27, 28, 30, 31, 36, 37, 39, 40, 81, 82, 84, 85, 94, 95, 146, 147]]
[192, 2.91704, [0, 1, 3, 4, 9, 10, 12, 13, 27, 28, 30, 31, 36, 37, 39, 40, 81, 82, 85, 86, 92, 94, 95, 146]]
[192, 2.9116, [0, 1, 3, 4, 9, 10, 12, 13, 27, 28, 30, 31, 36, 37, 39, 40, 81, 82, 85, 86, 94, 95, 146, 147]]
[192, 2.91141, [0, 1, 3, 4, 9, 10, 12, 13, 27, 28, 30, 31, 36, 37, 39, 40, 81, 82, 86, 89, 94, 95, 140, 146]]
[192, 2.91094, [0, 1, 3, 4, 9, 10, 12, 13, 27, 28, 30, 31, 36, 37, 39, 40, 81, 82, 86, 92, 94, 95, 140, 146]]
[192, 2.92286, [0, 1, 3, 4, 9, 10, 12, 13, 27, 28, 30, 31, 36, 37, 39, 40, 81, 83, 84, 86, 90, 92, 93, 95]]
[192, 2.91703, [0, 1, 3, 4, 9, 10, 12, 13, 27, 28, 30, 31, 36, 37, 39, 40, 81, 83, 84, 86, 92, 94, 95, 146]]
[192, 2.91159, [0, 1, 3, 4, 9, 10, 12, 13, 27, 28, 30, 31, 36, 37, 39, 40, 81, 83, 84, 86, 94, 95, 146, 147]]
[192, 2.91076, [0, 1, 3, 4, 9, 10, 12, 13, 27, 28, 30, 31, 36, 37, 39, 40, 81, 83, 86, 92, 94, 95, 140, 146]]
[192, 2.92219, [0, 1, 3, 4, 9, 10, 12, 13, 27, 28, 30, 31, 36, 37, 39, 40, 82, 83, 85, 86, 91, 92, 94, 95]]
[192, 2.917, [0, 1, 3, 4, 9, 10, 12, 13, 27, 28, 30, 31, 36, 37, 39, 40, 82, 83, 85, 86, 91, 92, 94, 150]]
[192, 2.91692, [0, 1, 3, 4, 9, 10, 12, 13, 27, 28, 30, 31, 36, 37, 39, 40, 82, 83, 85, 86, 91, 92, 95, 149]]
[192, 2.91172, [0, 1, 3, 4, 9, 10, 12, 13, 27, 28, 30, 31, 36, 37, 39, 40, 82, 83, 85, 86, 91, 92, 149, 150]]
[192, 2.91675, [0, 1, 3, 4, 9, 10, 12, 13, 27, 28, 30, 31, 36, 37, 39, 40, 82, 83, 85, 86, 91, 94, 95, 147]]
[192, 2.91156, [0, 1, 3, 4, 9, 10, 12, 13, 27, 28, 30, 31, 36, 37, 39, 40, 82, 83, 85, 86, 91, 94, 147, 150]]
[192, 2.91148, [0, 1, 3, 4, 9, 10, 12, 13, 27, 28, 30, 31, 36, 37, 39, 40, 82, 83, 85, 86, 91, 95, 147, 149]]
[192, 2.91667, [0, 1, 3, 4, 9, 10, 12, 13, 27, 28, 30, 31, 36, 37, 39, 40, 82, 83, 85, 86, 92, 94, 95, 146]]
[192, 2.91147, [0, 1, 3, 4, 9, 10, 12, 13, 27, 28, 30, 31, 36, 37, 39, 40, 82, 83, 85, 86, 92, 94, 146, 150]]
[192, 2.91139, [0, 1, 3, 4, 9, 10, 12, 13, 27, 28, 30, 31, 36, 37, 39, 40, 82, 83, 85, 86, 92, 95, 146, 149]]
[192, 2.91123, [0, 1, 3, 4, 9, 10, 12, 13, 27, 28, 30, 31, 36, 37, 39, 40, 82, 83, 85, 86, 94, 95, 146, 147]]
[192, 2.9162, [0, 1, 3, 4, 9, 10, 12, 13, 27, 28, 30, 31, 36, 37, 39, 40, 82, 83, 85, 91, 92, 94, 95, 141]]
[192, 2.91101, [0, 1, 3, 4, 9, 10, 12, 13, 27, 28, 30, 31, 36, 37, 39, 40, 82, 83, 85, 91, 92, 94, 141, 150]]
[192, 2.91093, [0, 1, 3, 4, 9, 10, 12, 13, 27, 28, 30, 31, 36, 37, 39, 40, 82, 83, 85, 91, 92, 95, 141, 149]]
[192, 2.91076, [0, 1, 3, 4, 9, 10, 12, 13, 27, 28, 30, 31, 36, 37, 39, 40, 82, 83, 85, 91, 94, 95, 141, 147]]
[192, 2.91067, [0, 1, 3, 4, 9, 10, 12, 13, 27, 28, 30, 31, 36, 37, 39, 40, 82, 83, 85, 92, 94, 95, 141, 146]]
[192, 2.9161, [0, 1, 3, 4, 9, 10, 12, 13, 27, 28, 30, 31, 36, 37, 39, 40, 82, 83, 86, 91, 92, 94, 95, 140]]
[192, 2.9109, [0, 1, 3, 4, 9, 10, 12, 13, 27, 28, 30, 31, 36, 37, 39, 40, 82, 83, 86, 91, 92, 94, 140, 150]]
[192, 2.91082, [0, 1, 3, 4, 9, 10, 12, 13, 27, 28, 30, 31, 36, 37, 39, 40, 82, 83, 86, 91, 92, 95, 140, 149]]
[192, 2.91066, [0, 1, 3, 4, 9, 10, 12, 13, 27, 28, 30, 31, 36, 37, 39, 40, 82, 83, 86, 91, 94, 95, 140, 147]]
[192, 2.91057, [0, 1, 3, 4, 9, 10, 12, 13, 27, 28, 30, 31, 36, 37, 39, 40, 82, 83, 86, 92, 94, 95, 140, 146]]
[192, 2.91589, [0, 1, 3, 4, 9, 10, 12, 13, 27, 28, 30, 31, 36, 37, 39, 40, 82, 85, 86, 91, 92, 94, 95, 138]]
[192, 2.91069, [0, 1, 3, 4, 9, 10, 12, 13, 27, 28, 30, 31, 36, 37, 39, 40, 82, 85, 86, 91, 92, 94, 138, 150]]
[192, 2.91061, [0, 1, 3, 4, 9, 10, 12, 13, 27, 28, 30, 31, 36, 37, 39, 40, 82, 85, 86, 91, 92, 95, 138, 149]]
[192, 2.91045, [0, 1, 3, 4, 9, 10, 12, 13, 27, 28, 30, 31, 36, 37, 39, 40, 82, 85, 86, 91, 94, 95, 138, 147]]
[192, 2.91036, [0, 1, 3, 4, 9, 10, 12, 13, 27, 28, 30, 31, 36, 37, 39, 40, 82, 85, 86, 92, 94, 95, 138, 146]]
[192, 2.91578, [0, 1, 3, 4, 9, 10, 12, 13, 27, 28, 30, 31, 36, 37, 39, 40, 83, 85, 86, 91, 92, 94, 95, 137]]
[192, 2.91058, [0, 1, 3, 4, 9, 10, 12, 13, 27, 28, 30, 31, 36, 37, 39, 40, 83, 85, 86, 91, 92, 94, 137, 150]]
[192, 2.9105, [0, 1, 3, 4, 9, 10, 12, 13, 27, 28, 30, 31, 36, 37, 39, 40, 83, 85, 86, 91, 92, 95, 137, 149]]
[192, 2.91034, [0, 1, 3, 4, 9, 10, 12, 13, 27, 28, 30, 31, 36, 37, 39, 40, 83, 85, 86, 91, 94, 95, 137, 147]]
[192, 2.91025, [0, 1, 3, 4, 9, 10, 12, 13, 27, 28, 30, 31, 36, 37, 39, 40, 83, 85, 86, 92, 94, 95, 137, 146]]
[192, 2.91519, [0, 1, 3, 4, 9, 10, 12, 13, 27, 28, 30, 31, 36, 37, 39, 67, 76, 79, 80, 83, 88, 89, 92, 94]]
[192, 2.91451, [0, 1, 3, 4, 9, 10, 12, 13, 27, 28, 30, 31, 36, 37, 39, 67, 76, 79, 81, 84, 88, 90, 93, 94]]
[192, 2.91525, [0, 1, 3, 4, 9, 10, 12, 13, 27, 28, 30, 31, 36, 37, 39, 67, 76, 80, 81, 83, 88, 89, 91, 92]]
[192, 2.9148, [0, 1, 3, 4, 9, 10, 12, 13, 27, 28, 30, 31, 36, 37, 39, 67, 76, 80, 81, 83, 88, 89, 92, 94]]
[192, 2.91432, [0, 1, 3, 4, 9, 10, 12, 13, 27, 28, 30, 31, 36, 37, 39, 67, 76, 80, 81, 83, 89, 91, 92, 94]]
[192, 2.91413, [0, 1, 3, 4, 9, 10, 12, 13, 27, 28, 30, 31, 36, 37, 39, 67, 76, 80, 82, 83, 89, 91, 92, 94]]
[192, 2.91345, [0, 1, 3, 4, 9, 10, 12, 13, 27, 28, 30, 31, 36, 37, 39, 67, 76, 81, 82, 84, 90, 91, 93, 94]]
[192, 2.91345, [0, 1, 3, 4, 9, 10, 12, 13, 27, 28, 30, 31, 36, 37, 39, 67, 79, 80, 83, 85, 88, 89, 92, 94]]
[192, 2.91277, [0, 1, 3, 4, 9, 10, 12, 13, 27, 28, 30, 31, 36, 37, 39, 67, 79, 81, 84, 85, 88, 90, 93, 94]]
[192, 2.9124, [0, 1, 3, 4, 9, 10, 12, 13, 27, 28, 30, 31, 36, 37, 39, 67, 80, 82, 83, 85, 89, 91, 92, 94]]
[192, 2.91172, [0, 1, 3, 4, 9, 10, 12, 13, 27, 28, 30, 31, 36, 37, 39, 67, 81, 82, 84, 85, 90, 91, 93, 94]]
[192, 2.91412, [0, 1, 3, 4, 9, 10, 12, 13, 27, 28, 30, 31, 36, 37, 40, 66, 75, 78, 82, 85, 87, 91, 93, 94]]
[192, 2.91304, [0, 1, 3, 4, 9, 10, 12, 13, 27, 28, 30, 31, 36, 37, 40, 66, 75, 81, 82, 85, 90, 91, 93, 94]]
[192, 2.91234, [0, 1, 3, 4, 9, 10, 12, 13, 27, 28, 30, 31, 36, 37, 40, 66, 78, 82, 84, 85, 87, 91, 93, 94]]
[192, 2.91126, [0, 1, 3, 4, 9, 10, 12, 13, 27, 28, 30, 31, 36, 37, 40, 66, 81, 82, 84, 85, 90, 91, 93, 94]]
[192, 2.91066, [0, 1, 3, 4, 9, 10, 12, 13, 27, 28, 30, 31, 36, 38, 39, 70, 79, 80, 83, 84, 91, 92, 94, 95]]
[192, 2.91212, [0, 1, 3, 4, 9, 10, 12, 13, 27, 28, 30, 31, 36, 39, 40, 64, 73, 81, 84, 85, 90, 91, 93, 94]]
[192, 2.91026, [0, 1, 3, 4, 9, 10, 12, 13, 27, 28, 30, 31, 36, 39, 40, 64, 81, 82, 84, 85, 90, 91, 93, 94]]
[192, 2.91683, [0, 1, 3, 4, 9, 10, 12, 13, 27, 28, 30, 31, 36, 39, 64, 67, 73, 76, 83, 84, 86, 91, 94, 147, 150]]
[192, 2.91975, [0, 1, 3, 4, 9, 10, 12, 13, 27, 28, 30, 31, 36, 39, 64, 70, 73, 81, 84, 85, 88, 90, 93, 94, 151]]
[192, 2.91276, [0, 1, 3, 4, 9, 10, 12, 13, 27, 28, 30, 31, 36, 39, 64, 70, 81, 84, 85, 88, 90, 93, 94, 121, 151]]
[192, 2.91695, [0, 1, 3, 4, 9, 10, 12, 13, 27, 28, 30, 31, 36, 40, 64, 66, 73, 74, 81, 83, 86, 94, 95, 140, 155]]
[192, 2.91284, [0, 1, 3, 4, 9, 10, 12, 13, 27, 28, 30, 31, 36, 40, 64, 66, 74, 83, 85, 86, 90, 91, 93, 137, 175]]
[192, 2.9103, [0, 1, 3, 4, 9, 10, 12, 13, 27, 28, 30, 31, 36, 64, 66, 70, 73, 75, 78, 85, 87, 88, 93, 94, 151]]
[192, 2.91162, [0, 1, 3, 4, 9, 10, 12, 13, 27, 28, 30, 31, 37, 39, 40, 63, 72, 82, 84, 85, 90, 91, 93, 94]]
[192, 2.91884, [0, 1, 3, 4, 9, 10, 12, 13, 27, 28, 30, 31, 37, 40, 63, 69, 72, 82, 84, 85, 87, 91, 93, 94, 150]]
[192, 2.91171, [0, 1, 3, 4, 9, 10, 12, 13, 27, 28, 30, 31, 37, 40, 63, 69, 82, 84, 85, 87, 91, 93, 94, 120, 150]]
[192, 2.91056, [0, 1, 3, 4, 9, 10, 12, 13, 27, 28, 30, 31, 39, 63, 64, 67, 72, 73, 76, 84, 86, 91, 93, 94, 150]]
[192, 2.91704, [0, 1, 3, 4, 9, 10, 12, 13, 27, 28, 30, 31, 39, 63, 64, 70, 71, 73, 80, 81, 85, 86, 88, 93, 94]]
[192, 2.91563, [0, 1, 3, 4, 9, 10, 12, 13, 27, 28, 30, 31, 39, 63, 64, 70, 71, 73, 81, 84, 85, 88, 90, 93, 94]]
[192, 2.92315, [0, 1, 3, 4, 9, 10, 12, 13, 27, 28, 30, 31, 63, 64, 66, 70, 71, 73, 81, 84, 85, 88, 90, 93, 94, 151]]
[192, 2.92381, [0, 1, 3, 4, 9, 10, 12, 13, 27, 28, 30, 31, 63, 64, 67, 69, 72, 73, 76, 84, 86, 87, 91, 93, 94, 150]]
[192, 2.91663, [0, 1, 3, 4, 9, 10, 12, 13, 27, 28, 30, 31, 63, 64, 67, 69, 73, 76, 84, 86, 87, 91, 93, 94, 120, 150]]
[192, 2.91501, [0, 1, 3, 4, 9, 10, 12, 13, 27, 28, 30, 31, 63, 64, 69, 70, 72, 73, 84, 85, 87, 88, 93, 94, 150, 151]]
[192, 2.91464, [0, 1, 3, 4, 9, 10, 12, 13, 27, 28, 30, 36, 39, 40, 58, 64, 73, 81, 84, 85, 90, 91, 93, 94, 151]]
[192, 2.91335, [0, 1, 3, 4, 9, 10, 12, 13, 27, 28, 31, 37, 39, 40, 57, 63, 72, 82, 84, 85, 90, 91, 93, 94, 150]]
[192, 2.91237, [0, 1, 3, 4, 9, 10, 12, 13, 27, 30, 31, 36, 37, 39, 55, 67, 76, 81, 82, 84, 90, 91, 93, 94, 166]]
[192, 2.91095, [0, 1, 3, 4, 9, 10, 12, 13, 28, 30, 31, 36, 37, 40, 54, 66, 75, 81, 82, 85, 90, 91, 93, 94, 165]]

Search completed in 1 hours, 31 minutes, and 6.475 seconds.  Enter a string to quit.