Enter an integer k for which our Kempner sets are k-free: 3
Enter a positive integer modulus b: 252
Enter estimation parameters, or * for pre-computed parameters ([0.0757, 1.5158, 1.2216]): *
Enter a threshold (e.g. 4.2) to determine printed output: 2.975
Enter a root for the search space (e.g. [0, 1, 2]) [or * for the root [0]]: *
Enter an upper bound for the size of allowable digit sets [or * to ignore]: 37
Enter a maximal number of deviations from a greedy search [or * to ignore]: *
Searching for k-free sets mod b...

[252, 2.99471, [0, 1, 3, 4, 9, 10, 12, 13, 27, 28, 30, 31, 36, 37, 39, 40, 81, 82, 84, 85, 90, 91, 93, 94, 108, 109, 111, 112, 117, 118, 120, 121]]
[252, 2.97514, [0, 1, 3, 4, 9, 10, 12, 13, 27, 28, 30, 31, 36, 37, 39, 40, 81, 82, 84, 85, 90, 91, 93, 94, 108, 109, 111, 112, 117, 118, 121]]
[252, 2.99174, [0, 1, 3, 4, 9, 10, 12, 13, 27, 28, 30, 31, 36, 37, 39, 40, 81, 84, 85, 88, 90, 93, 94, 97, 108, 111, 112, 115, 117, 120, 121, 124]]
[252, 2.98733, [0, 1, 3, 4, 9, 10, 12, 13, 27, 28, 30, 31, 36, 37, 39, 40, 81, 84, 85, 88, 90, 93, 94, 97, 108, 111, 112, 115, 117, 120, 121, 208]]
[252, 2.98717, [0, 1, 3, 4, 9, 10, 12, 13, 27, 28, 30, 31, 36, 37, 39, 40, 81, 84, 85, 88, 90, 93, 94, 97, 108, 111, 112, 115, 117, 120, 124, 205]]
[252, 2.98276, [0, 1, 3, 4, 9, 10, 12, 13, 27, 28, 30, 31, 36, 37, 39, 40, 81, 84, 85, 88, 90, 93, 94, 97, 108, 111, 112, 115, 117, 120, 205, 208]]
[252, 2.98683, [0, 1, 3, 4, 9, 10, 12, 13, 27, 28, 30, 31, 36, 37, 39, 40, 81, 84, 85, 88, 90, 93, 94, 97, 108, 111, 112, 117, 120, 121, 124, 199]]
[252, 2.98243, [0, 1, 3, 4, 9, 10, 12, 13, 27, 28, 30, 31, 36, 37, 39, 40, 81, 84, 85, 88, 90, 93, 94, 97, 108, 111, 112, 117, 120, 121, 199, 208]]
[252, 2.98227, [0, 1, 3, 4, 9, 10, 12, 13, 27, 28, 30, 31, 36, 37, 39, 40, 81, 84, 85, 88, 90, 93, 94, 97, 108, 111, 112, 117, 120, 124, 199, 205]]
[252, 2.97786, [0, 1, 3, 4, 9, 10, 12, 13, 27, 28, 30, 31, 36, 37, 39, 40, 81, 84, 85, 88, 90, 93, 94, 97, 108, 111, 112, 117, 120, 199, 205, 208]]
[252, 2.98665, [0, 1, 3, 4, 9, 10, 12, 13, 27, 28, 30, 31, 36, 37, 39, 40, 81, 84, 85, 88, 90, 93, 94, 97, 108, 111, 115, 117, 120, 121, 124, 196]]
[252, 2.98224, [0, 1, 3, 4, 9, 10, 12, 13, 27, 28, 30, 31, 36, 37, 39, 40, 81, 84, 85, 88, 90, 93, 94, 97, 108, 111, 115, 117, 120, 121, 196, 208]]
[252, 2.98209, [0, 1, 3, 4, 9, 10, 12, 13, 27, 28, 30, 31, 36, 37, 39, 40, 81, 84, 85, 88, 90, 93, 94, 97, 108, 111, 115, 117, 120, 124, 196, 205]]
[252, 2.97768, [0, 1, 3, 4, 9, 10, 12, 13, 27, 28, 30, 31, 36, 37, 39, 40, 81, 84, 85, 88, 90, 93, 94, 97, 108, 111, 115, 117, 120, 196, 205, 208]]
[252, 2.98175, [0, 1, 3, 4, 9, 10, 12, 13, 27, 28, 30, 31, 36, 37, 39, 40, 81, 84, 85, 88, 90, 93, 94, 97, 108, 111, 117, 120, 121, 124, 196, 199]]
[252, 2.97734, [0, 1, 3, 4, 9, 10, 12, 13, 27, 28, 30, 31, 36, 37, 39, 40, 81, 84, 85, 88, 90, 93, 94, 97, 108, 111, 117, 120, 121, 196, 199, 208]]
[252, 2.97719, [0, 1, 3, 4, 9, 10, 12, 13, 27, 28, 30, 31, 36, 37, 39, 40, 81, 84, 85, 88, 90, 93, 94, 97, 108, 111, 117, 120, 124, 196, 199, 205]]
[252, 2.98553, [0, 1, 3, 4, 9, 10, 12, 13, 27, 28, 30, 31, 36, 37, 39, 40, 81, 84, 85, 88, 90, 93, 94, 108, 111, 112, 115, 117, 120, 121, 124, 181]]
[252, 2.98112, [0, 1, 3, 4, 9, 10, 12, 13, 27, 28, 30, 31, 36, 37, 39, 40, 81, 84, 85, 88, 90, 93, 94, 108, 111, 112, 115, 117, 120, 121, 181, 208]]
[252, 2.98096, [0, 1, 3, 4, 9, 10, 12, 13, 27, 28, 30, 31, 36, 37, 39, 40, 81, 84, 85, 88, 90, 93, 94, 108, 111, 112, 115, 117, 120, 124, 181, 205]]
[252, 2.97655, [0, 1, 3, 4, 9, 10, 12, 13, 27, 28, 30, 31, 36, 37, 39, 40, 81, 84, 85, 88, 90, 93, 94, 108, 111, 112, 115, 117, 120, 181, 205, 208]]
[252, 2.98062, [0, 1, 3, 4, 9, 10, 12, 13, 27, 28, 30, 31, 36, 37, 39, 40, 81, 84, 85, 88, 90, 93, 94, 108, 111, 112, 117, 120, 121, 124, 181, 199]]
[252, 2.97622, [0, 1, 3, 4, 9, 10, 12, 13, 27, 28, 30, 31, 36, 37, 39, 40, 81, 84, 85, 88, 90, 93, 94, 108, 111, 112, 117, 120, 121, 181, 199, 208]]
[252, 2.97606, [0, 1, 3, 4, 9, 10, 12, 13, 27, 28, 30, 31, 36, 37, 39, 40, 81, 84, 85, 88, 90, 93, 94, 108, 111, 112, 117, 120, 124, 181, 199, 205]]
[252, 2.98044, [0, 1, 3, 4, 9, 10, 12, 13, 27, 28, 30, 31, 36, 37, 39, 40, 81, 84, 85, 88, 90, 93, 94, 108, 111, 115, 117, 120, 121, 124, 181, 196]]
[252, 2.97603, [0, 1, 3, 4, 9, 10, 12, 13, 27, 28, 30, 31, 36, 37, 39, 40, 81, 84, 85, 88, 90, 93, 94, 108, 111, 115, 117, 120, 121, 181, 196, 208]]
[252, 2.97588, [0, 1, 3, 4, 9, 10, 12, 13, 27, 28, 30, 31, 36, 37, 39, 40, 81, 84, 85, 88, 90, 93, 94, 108, 111, 115, 117, 120, 124, 181, 196, 205]]
[252, 2.97554, [0, 1, 3, 4, 9, 10, 12, 13, 27, 28, 30, 31, 36, 37, 39, 40, 81, 84, 85, 88, 90, 93, 94, 108, 111, 117, 120, 121, 124, 181, 196, 199]]
[252, 2.98525, [0, 1, 3, 4, 9, 10, 12, 13, 27, 28, 30, 31, 36, 37, 39, 40, 81, 84, 85, 88, 90, 93, 97, 108, 111, 112, 115, 117, 120, 121, 124, 178]]
[252, 2.98084, [0, 1, 3, 4, 9, 10, 12, 13, 27, 28, 30, 31, 36, 37, 39, 40, 81, 84, 85, 88, 90, 93, 97, 108, 111, 112, 115, 117, 120, 121, 178, 208]]
[252, 2.98069, [0, 1, 3, 4, 9, 10, 12, 13, 27, 28, 30, 31, 36, 37, 39, 40, 81, 84, 85, 88, 90, 93, 97, 108, 111, 112, 115, 117, 120, 124, 178, 205]]
[252, 2.97628, [0, 1, 3, 4, 9, 10, 12, 13, 27, 28, 30, 31, 36, 37, 39, 40, 81, 84, 85, 88, 90, 93, 97, 108, 111, 112, 115, 117, 120, 178, 205, 208]]
[252, 2.98035, [0, 1, 3, 4, 9, 10, 12, 13, 27, 28, 30, 31, 36, 37, 39, 40, 81, 84, 85, 88, 90, 93, 97, 108, 111, 112, 117, 120, 121, 124, 178, 199]]
[252, 2.97594, [0, 1, 3, 4, 9, 10, 12, 13, 27, 28, 30, 31, 36, 37, 39, 40, 81, 84, 85, 88, 90, 93, 97, 108, 111, 112, 117, 120, 121, 178, 199, 208]]
[252, 2.97579, [0, 1, 3, 4, 9, 10, 12, 13, 27, 28, 30, 31, 36, 37, 39, 40, 81, 84, 85, 88, 90, 93, 97, 108, 111, 112, 117, 120, 124, 178, 199, 205]]
[252, 2.98017, [0, 1, 3, 4, 9, 10, 12, 13, 27, 28, 30, 31, 36, 37, 39, 40, 81, 84, 85, 88, 90, 93, 97, 108, 111, 115, 117, 120, 121, 124, 178, 196]]
[252, 2.97576, [0, 1, 3, 4, 9, 10, 12, 13, 27, 28, 30, 31, 36, 37, 39, 40, 81, 84, 85, 88, 90, 93, 97, 108, 111, 115, 117, 120, 121, 178, 196, 208]]
[252, 2.9756, [0, 1, 3, 4, 9, 10, 12, 13, 27, 28, 30, 31, 36, 37, 39, 40, 81, 84, 85, 88, 90, 93, 97, 108, 111, 115, 117, 120, 124, 178, 196, 205]]
[252, 2.97526, [0, 1, 3, 4, 9, 10, 12, 13, 27, 28, 30, 31, 36, 37, 39, 40, 81, 84, 85, 88, 90, 93, 97, 108, 111, 117, 120, 121, 124, 178, 196, 199]]
[252, 2.97904, [0, 1, 3, 4, 9, 10, 12, 13, 27, 28, 30, 31, 36, 37, 39, 40, 81, 84, 85, 88, 90, 93, 108, 111, 112, 115, 117, 120, 121, 124, 178, 181]]
[252, 2.98464, [0, 1, 3, 4, 9, 10, 12, 13, 27, 28, 30, 31, 36, 37, 39, 40, 81, 84, 85, 90, 93, 94, 97, 108, 111, 112, 115, 117, 120, 121, 124, 172]]
[252, 2.98023, [0, 1, 3, 4, 9, 10, 12, 13, 27, 28, 30, 31, 36, 37, 39, 40, 81, 84, 85, 90, 93, 94, 97, 108, 111, 112, 115, 117, 120, 121, 172, 208]]
[252, 2.98007, [0, 1, 3, 4, 9, 10, 12, 13, 27, 28, 30, 31, 36, 37, 39, 40, 81, 84, 85, 90, 93, 94, 97, 108, 111, 112, 115, 117, 120, 124, 172, 205]]
[252, 2.97566, [0, 1, 3, 4, 9, 10, 12, 13, 27, 28, 30, 31, 36, 37, 39, 40, 81, 84, 85, 90, 93, 94, 97, 108, 111, 112, 115, 117, 120, 172, 205, 208]]
[252, 2.97973, [0, 1, 3, 4, 9, 10, 12, 13, 27, 28, 30, 31, 36, 37, 39, 40, 81, 84, 85, 90, 93, 94, 97, 108, 111, 112, 117, 120, 121, 124, 172, 199]]
[252, 2.97533, [0, 1, 3, 4, 9, 10, 12, 13, 27, 28, 30, 31, 36, 37, 39, 40, 81, 84, 85, 90, 93, 94, 97, 108, 111, 112, 117, 120, 121, 172, 199, 208]]
[252, 2.97955, [0, 1, 3, 4, 9, 10, 12, 13, 27, 28, 30, 31, 36, 37, 39, 40, 81, 84, 85, 90, 93, 94, 97, 108, 111, 115, 117, 120, 121, 124, 172, 196]]
[252, 2.97843, [0, 1, 3, 4, 9, 10, 12, 13, 27, 28, 30, 31, 36, 37, 39, 40, 81, 84, 85, 90, 93, 94, 108, 111, 112, 115, 117, 120, 121, 124, 172, 181]]
[252, 2.97815, [0, 1, 3, 4, 9, 10, 12, 13, 27, 28, 30, 31, 36, 37, 39, 40, 81, 84, 85, 90, 93, 97, 108, 111, 112, 115, 117, 120, 121, 124, 172, 178]]
[252, 2.98429, [0, 1, 3, 4, 9, 10, 12, 13, 27, 28, 30, 31, 36, 37, 39, 40, 81, 84, 88, 90, 93, 94, 97, 108, 111, 112, 115, 117, 120, 121, 124, 169]]
[252, 2.97988, [0, 1, 3, 4, 9, 10, 12, 13, 27, 28, 30, 31, 36, 37, 39, 40, 81, 84, 88, 90, 93, 94, 97, 108, 111, 112, 115, 117, 120, 121, 169, 208]]
[252, 2.97973, [0, 1, 3, 4, 9, 10, 12, 13, 27, 28, 30, 31, 36, 37, 39, 40, 81, 84, 88, 90, 93, 94, 97, 108, 111, 112, 115, 117, 120, 124, 169, 205]]
[252, 2.97532, [0, 1, 3, 4, 9, 10, 12, 13, 27, 28, 30, 31, 36, 37, 39, 40, 81, 84, 88, 90, 93, 94, 97, 108, 111, 112, 115, 117, 120, 169, 205, 208]]
[252, 2.97939, [0, 1, 3, 4, 9, 10, 12, 13, 27, 28, 30, 31, 36, 37, 39, 40, 81, 84, 88, 90, 93, 94, 97, 108, 111, 112, 117, 120, 121, 124, 169, 199]]
[252, 2.97921, [0, 1, 3, 4, 9, 10, 12, 13, 27, 28, 30, 31, 36, 37, 39, 40, 81, 84, 88, 90, 93, 94, 97, 108, 111, 115, 117, 120, 121, 124, 169, 196]]
[252, 2.97808, [0, 1, 3, 4, 9, 10, 12, 13, 27, 28, 30, 31, 36, 37, 39, 40, 81, 84, 88, 90, 93, 94, 108, 111, 112, 115, 117, 120, 121, 124, 169, 181]]
[252, 2.97781, [0, 1, 3, 4, 9, 10, 12, 13, 27, 28, 30, 31, 36, 37, 39, 40, 81, 84, 88, 90, 93, 97, 108, 111, 112, 115, 117, 120, 121, 124, 169, 178]]
[252, 2.97719, [0, 1, 3, 4, 9, 10, 12, 13, 27, 28, 30, 31, 36, 37, 39, 40, 81, 84, 90, 93, 94, 97, 108, 111, 112, 115, 117, 120, 121, 124, 169, 172]]
[252, 2.99267, [0, 1, 3, 4, 9, 10, 12, 13, 27, 28, 30, 31, 36, 37, 39, 40, 82, 83, 85, 86, 91, 92, 94, 95, 109, 110, 112, 113, 118, 119, 121, 122]]
[252, 2.98783, [0, 1, 3, 4, 9, 10, 12, 13, 27, 28, 30, 31, 36, 37, 39, 40, 82, 83, 85, 86, 91, 92, 94, 95, 109, 111, 112, 114, 118, 120, 121, 207]]
[252, 2.98322, [0, 1, 3, 4, 9, 10, 12, 13, 27, 28, 30, 31, 36, 37, 39, 40, 82, 83, 85, 86, 91, 92, 94, 95, 109, 111, 112, 114, 118, 121, 204, 207]]
[252, 2.98287, [0, 1, 3, 4, 9, 10, 12, 13, 27, 28, 30, 31, 36, 37, 39, 40, 82, 83, 85, 86, 91, 92, 94, 95, 109, 111, 112, 118, 120, 121, 198, 207]]
[252, 2.97825, [0, 1, 3, 4, 9, 10, 12, 13, 27, 28, 30, 31, 36, 37, 39, 40, 82, 83, 85, 86, 91, 92, 94, 95, 109, 111, 112, 118, 121, 198, 204, 207]]
[252, 2.99191, [0, 1, 3, 4, 9, 10, 12, 13, 27, 28, 30, 31, 36, 37, 39, 40, 82, 83, 85, 86, 91, 92, 94, 95, 110, 111, 113, 114, 119, 120, 122, 123]]
[252, 2.98571, [0, 1, 3, 4, 9, 10, 12, 13, 27, 28, 30, 31, 36, 37, 39, 40, 82, 83, 85, 86, 91, 93, 94, 109, 111, 112, 114, 118, 120, 121, 123, 180]]
[252, 2.98125, [0, 1, 3, 4, 9, 10, 12, 13, 27, 28, 30, 31, 36, 37, 39, 40, 82, 83, 85, 86, 91, 93, 94, 109, 111, 112, 114, 118, 120, 121, 180, 207]]
[252, 2.9811, [0, 1, 3, 4, 9, 10, 12, 13, 27, 28, 30, 31, 36, 37, 39, 40, 82, 83, 85, 86, 91, 93, 94, 109, 111, 112, 114, 118, 121, 123, 180, 204]]
[252, 2.97664, [0, 1, 3, 4, 9, 10, 12, 13, 27, 28, 30, 31, 36, 37, 39, 40, 82, 83, 85, 86, 91, 93, 94, 109, 111, 112, 114, 118, 121, 180, 204, 207]]
[252, 2.98075, [0, 1, 3, 4, 9, 10, 12, 13, 27, 28, 30, 31, 36, 37, 39, 40, 82, 83, 85, 86, 91, 93, 94, 109, 111, 112, 118, 120, 121, 123, 180, 198]]
[252, 2.97629, [0, 1, 3, 4, 9, 10, 12, 13, 27, 28, 30, 31, 36, 37, 39, 40, 82, 83, 85, 86, 91, 93, 94, 109, 111, 112, 118, 120, 121, 180, 198, 207]]
[252, 2.97614, [0, 1, 3, 4, 9, 10, 12, 13, 27, 28, 30, 31, 36, 37, 39, 40, 82, 83, 85, 86, 91, 93, 94, 109, 111, 112, 118, 121, 123, 180, 198, 204]]
[252, 2.99168, [0, 1, 3, 4, 9, 10, 12, 13, 27, 28, 30, 31, 36, 37, 39, 40, 82, 84, 85, 87, 91, 93, 94, 96, 109, 111, 112, 114, 118, 120, 121, 123]]
[252, 2.98722, [0, 1, 3, 4, 9, 10, 12, 13, 27, 28, 30, 31, 36, 37, 39, 40, 82, 84, 85, 87, 91, 93, 94, 96, 109, 111, 112, 114, 118, 120, 121, 207]]
[252, 2.98706, [0, 1, 3, 4, 9, 10, 12, 13, 27, 28, 30, 31, 36, 37, 39, 40, 82, 84, 85, 87, 91, 93, 94, 96, 109, 111, 112, 114, 118, 121, 123, 204]]
[252, 2.9826, [0, 1, 3, 4, 9, 10, 12, 13, 27, 28, 30, 31, 36, 37, 39, 40, 82, 84, 85, 87, 91, 93, 94, 96, 109, 111, 112, 114, 118, 121, 204, 207]]
[252, 2.98672, [0, 1, 3, 4, 9, 10, 12, 13, 27, 28, 30, 31, 36, 37, 39, 40, 82, 84, 85, 87, 91, 93, 94, 96, 109, 111, 112, 118, 120, 121, 123, 198]]
[252, 2.98226, [0, 1, 3, 4, 9, 10, 12, 13, 27, 28, 30, 31, 36, 37, 39, 40, 82, 84, 85, 87, 91, 93, 94, 96, 109, 111, 112, 118, 120, 121, 198, 207]]
[252, 2.9821, [0, 1, 3, 4, 9, 10, 12, 13, 27, 28, 30, 31, 36, 37, 39, 40, 82, 84, 85, 87, 91, 93, 94, 96, 109, 111, 112, 118, 121, 123, 198, 204]]
[252, 2.97764, [0, 1, 3, 4, 9, 10, 12, 13, 27, 28, 30, 31, 36, 37, 39, 40, 82, 84, 85, 87, 91, 93, 94, 96, 109, 111, 112, 118, 121, 198, 204, 207]]
[252, 2.98653, [0, 1, 3, 4, 9, 10, 12, 13, 27, 28, 30, 31, 36, 37, 39, 40, 82, 84, 85, 87, 91, 93, 94, 96, 109, 112, 114, 118, 120, 121, 123, 195]]
[252, 2.98207, [0, 1, 3, 4, 9, 10, 12, 13, 27, 28, 30, 31, 36, 37, 39, 40, 82, 84, 85, 87, 91, 93, 94, 96, 109, 112, 114, 118, 120, 121, 195, 207]]
[252, 2.98191, [0, 1, 3, 4, 9, 10, 12, 13, 27, 28, 30, 31, 36, 37, 39, 40, 82, 84, 85, 87, 91, 93, 94, 96, 109, 112, 114, 118, 121, 123, 195, 204]]
[252, 2.97745, [0, 1, 3, 4, 9, 10, 12, 13, 27, 28, 30, 31, 36, 37, 39, 40, 82, 84, 85, 87, 91, 93, 94, 96, 109, 112, 114, 118, 121, 195, 204, 207]]
[252, 2.98157, [0, 1, 3, 4, 9, 10, 12, 13, 27, 28, 30, 31, 36, 37, 39, 40, 82, 84, 85, 87, 91, 93, 94, 96, 109, 112, 118, 120, 121, 123, 195, 198]]
[252, 2.97711, [0, 1, 3, 4, 9, 10, 12, 13, 27, 28, 30, 31, 36, 37, 39, 40, 82, 84, 85, 87, 91, 93, 94, 96, 109, 112, 118, 120, 121, 195, 198, 207]]
[252, 2.97695, [0, 1, 3, 4, 9, 10, 12, 13, 27, 28, 30, 31, 36, 37, 39, 40, 82, 84, 85, 87, 91, 93, 94, 96, 109, 112, 118, 121, 123, 195, 198, 204]]
[252, 2.98538, [0, 1, 3, 4, 9, 10, 12, 13, 27, 28, 30, 31, 36, 37, 39, 40, 82, 84, 85, 87, 91, 93, 94, 109, 111, 112, 114, 118, 120, 121, 123, 180]]
[252, 2.98092, [0, 1, 3, 4, 9, 10, 12, 13, 27, 28, 30, 31, 36, 37, 39, 40, 82, 84, 85, 87, 91, 93, 94, 109, 111, 112, 114, 118, 120, 121, 180, 207]]
[252, 2.98076, [0, 1, 3, 4, 9, 10, 12, 13, 27, 28, 30, 31, 36, 37, 39, 40, 82, 84, 85, 87, 91, 93, 94, 109, 111, 112, 114, 118, 121, 123, 180, 204]]
[252, 2.9763, [0, 1, 3, 4, 9, 10, 12, 13, 27, 28, 30, 31, 36, 37, 39, 40, 82, 84, 85, 87, 91, 93, 94, 109, 111, 112, 114, 118, 121, 180, 204, 207]]
[252, 2.98042, [0, 1, 3, 4, 9, 10, 12, 13, 27, 28, 30, 31, 36, 37, 39, 40, 82, 84, 85, 87, 91, 93, 94, 109, 111, 112, 118, 120, 121, 123, 180, 198]]
[252, 2.97596, [0, 1, 3, 4, 9, 10, 12, 13, 27, 28, 30, 31, 36, 37, 39, 40, 82, 84, 85, 87, 91, 93, 94, 109, 111, 112, 118, 120, 121, 180, 198, 207]]
[252, 2.9758, [0, 1, 3, 4, 9, 10, 12, 13, 27, 28, 30, 31, 36, 37, 39, 40, 82, 84, 85, 87, 91, 93, 94, 109, 111, 112, 118, 121, 123, 180, 198, 204]]
[252, 2.98023, [0, 1, 3, 4, 9, 10, 12, 13, 27, 28, 30, 31, 36, 37, 39, 40, 82, 84, 85, 87, 91, 93, 94, 109, 112, 114, 118, 120, 121, 123, 180, 195]]
[252, 2.97577, [0, 1, 3, 4, 9, 10, 12, 13, 27, 28, 30, 31, 36, 37, 39, 40, 82, 84, 85, 87, 91, 93, 94, 109, 112, 114, 118, 120, 121, 180, 195, 207]]
[252, 2.97561, [0, 1, 3, 4, 9, 10, 12, 13, 27, 28, 30, 31, 36, 37, 39, 40, 82, 84, 85, 87, 91, 93, 94, 109, 112, 114, 118, 121, 123, 180, 195, 204]]
[252, 2.97527, [0, 1, 3, 4, 9, 10, 12, 13, 27, 28, 30, 31, 36, 37, 39, 40, 82, 84, 85, 87, 91, 93, 94, 109, 112, 118, 120, 121, 123, 180, 195, 198]]
[252, 2.9851, [0, 1, 3, 4, 9, 10, 12, 13, 27, 28, 30, 31, 36, 37, 39, 40, 82, 84, 85, 87, 91, 94, 96, 109, 111, 112, 114, 118, 120, 121, 123, 177]]
[252, 2.98064, [0, 1, 3, 4, 9, 10, 12, 13, 27, 28, 30, 31, 36, 37, 39, 40, 82, 84, 85, 87, 91, 94, 96, 109, 111, 112, 114, 118, 120, 121, 177, 207]]
[252, 2.98048, [0, 1, 3, 4, 9, 10, 12, 13, 27, 28, 30, 31, 36, 37, 39, 40, 82, 84, 85, 87, 91, 94, 96, 109, 111, 112, 114, 118, 121, 123, 177, 204]]
[252, 2.97602, [0, 1, 3, 4, 9, 10, 12, 13, 27, 28, 30, 31, 36, 37, 39, 40, 82, 84, 85, 87, 91, 94, 96, 109, 111, 112, 114, 118, 121, 177, 204, 207]]
[252, 2.98014, [0, 1, 3, 4, 9, 10, 12, 13, 27, 28, 30, 31, 36, 37, 39, 40, 82, 84, 85, 87, 91, 94, 96, 109, 111, 112, 118, 120, 121, 123, 177, 198]]
[252, 2.97568, [0, 1, 3, 4, 9, 10, 12, 13, 27, 28, 30, 31, 36, 37, 39, 40, 82, 84, 85, 87, 91, 94, 96, 109, 111, 112, 118, 120, 121, 177, 198, 207]]
[252, 2.97552, [0, 1, 3, 4, 9, 10, 12, 13, 27, 28, 30, 31, 36, 37, 39, 40, 82, 84, 85, 87, 91, 94, 96, 109, 111, 112, 118, 121, 123, 177, 198, 204]]
[252, 2.97995, [0, 1, 3, 4, 9, 10, 12, 13, 27, 28, 30, 31, 36, 37, 39, 40, 82, 84, 85, 87, 91, 94, 96, 109, 112, 114, 118, 120, 121, 123, 177, 195]]
[252, 2.97549, [0, 1, 3, 4, 9, 10, 12, 13, 27, 28, 30, 31, 36, 37, 39, 40, 82, 84, 85, 87, 91, 94, 96, 109, 112, 114, 118, 120, 121, 177, 195, 207]]
[252, 2.97533, [0, 1, 3, 4, 9, 10, 12, 13, 27, 28, 30, 31, 36, 37, 39, 40, 82, 84, 85, 87, 91, 94, 96, 109, 112, 114, 118, 121, 123, 177, 195, 204]]
[252, 2.9788, [0, 1, 3, 4, 9, 10, 12, 13, 27, 28, 30, 31, 36, 37, 39, 40, 82, 84, 85, 87, 91, 94, 109, 111, 112, 114, 118, 120, 121, 123, 177, 180]]
[252, 2.98447, [0, 1, 3, 4, 9, 10, 12, 13, 27, 28, 30, 31, 36, 37, 39, 40, 82, 84, 85, 91, 93, 94, 96, 109, 111, 112, 114, 118, 120, 121, 123, 171]]
[252, 2.98001, [0, 1, 3, 4, 9, 10, 12, 13, 27, 28, 30, 31, 36, 37, 39, 40, 82, 84, 85, 91, 93, 94, 96, 109, 111, 112, 114, 118, 120, 121, 171, 207]]
[252, 2.97985, [0, 1, 3, 4, 9, 10, 12, 13, 27, 28, 30, 31, 36, 37, 39, 40, 82, 84, 85, 91, 93, 94, 96, 109, 111, 112, 114, 118, 121, 123, 171, 204]]
[252, 2.97539, [0, 1, 3, 4, 9, 10, 12, 13, 27, 28, 30, 31, 36, 37, 39, 40, 82, 84, 85, 91, 93, 94, 96, 109, 111, 112, 114, 118, 121, 171, 204, 207]]
[252, 2.97951, [0, 1, 3, 4, 9, 10, 12, 13, 27, 28, 30, 31, 36, 37, 39, 40, 82, 84, 85, 91, 93, 94, 96, 109, 111, 112, 118, 120, 121, 123, 171, 198]]
[252, 2.97932, [0, 1, 3, 4, 9, 10, 12, 13, 27, 28, 30, 31, 36, 37, 39, 40, 82, 84, 85, 91, 93, 94, 96, 109, 112, 114, 118, 120, 121, 123, 171, 195]]
[252, 2.97817, [0, 1, 3, 4, 9, 10, 12, 13, 27, 28, 30, 31, 36, 37, 39, 40, 82, 84, 85, 91, 93, 94, 109, 111, 112, 114, 118, 120, 121, 123, 171, 180]]
[252, 2.97788, [0, 1, 3, 4, 9, 10, 12, 13, 27, 28, 30, 31, 36, 37, 39, 40, 82, 84, 85, 91, 94, 96, 109, 111, 112, 114, 118, 120, 121, 123, 171, 177]]
[252, 2.98411, [0, 1, 3, 4, 9, 10, 12, 13, 27, 28, 30, 31, 36, 37, 39, 40, 82, 85, 87, 91, 93, 94, 96, 109, 111, 112, 114, 118, 120, 121, 123, 168]]
[252, 2.97965, [0, 1, 3, 4, 9, 10, 12, 13, 27, 28, 30, 31, 36, 37, 39, 40, 82, 85, 87, 91, 93, 94, 96, 109, 111, 112, 114, 118, 120, 121, 168, 207]]
[252, 2.9795, [0, 1, 3, 4, 9, 10, 12, 13, 27, 28, 30, 31, 36, 37, 39, 40, 82, 85, 87, 91, 93, 94, 96, 109, 111, 112, 114, 118, 121, 123, 168, 204]]
[252, 2.97915, [0, 1, 3, 4, 9, 10, 12, 13, 27, 28, 30, 31, 36, 37, 39, 40, 82, 85, 87, 91, 93, 94, 96, 109, 111, 112, 118, 120, 121, 123, 168, 198]]
[252, 2.97896, [0, 1, 3, 4, 9, 10, 12, 13, 27, 28, 30, 31, 36, 37, 39, 40, 82, 85, 87, 91, 93, 94, 96, 109, 112, 114, 118, 120, 121, 123, 168, 195]]
[252, 2.97781, [0, 1, 3, 4, 9, 10, 12, 13, 27, 28, 30, 31, 36, 37, 39, 40, 82, 85, 87, 91, 93, 94, 109, 111, 112, 114, 118, 120, 121, 123, 168, 180]]
[252, 2.97753, [0, 1, 3, 4, 9, 10, 12, 13, 27, 28, 30, 31, 36, 37, 39, 40, 82, 85, 87, 91, 94, 96, 109, 111, 112, 114, 118, 120, 121, 123, 168, 177]]
[252, 2.9769, [0, 1, 3, 4, 9, 10, 12, 13, 27, 28, 30, 31, 36, 37, 39, 40, 82, 85, 91, 93, 94, 96, 109, 111, 112, 114, 118, 120, 121, 123, 168, 171]]
[252, 2.99067, [0, 1, 3, 4, 9, 10, 12, 13, 27, 28, 30, 31, 36, 37, 39, 40, 83, 84, 86, 87, 92, 93, 95, 96, 110, 111, 113, 114, 119, 120, 122, 123]]
[252, 2.98992, [0, 1, 3, 4, 9, 10, 12, 13, 27, 28, 30, 31, 36, 37, 39, 40, 83, 84, 86, 87, 92, 93, 95, 96, 111, 112, 114, 115, 120, 121, 123, 124]]
[252, 2.98551, [0, 1, 3, 4, 9, 10, 12, 13, 27, 28, 30, 31, 36, 37, 39, 40, 83, 84, 86, 87, 92, 93, 95, 96, 111, 112, 114, 115, 120, 121, 123, 208]]
[252, 2.98546, [0, 1, 3, 4, 9, 10, 12, 13, 27, 28, 30, 31, 36, 37, 39, 40, 83, 84, 86, 87, 92, 93, 95, 96, 111, 112, 114, 115, 120, 121, 124, 207]]
[252, 2.98106, [0, 1, 3, 4, 9, 10, 12, 13, 27, 28, 30, 31, 36, 37, 39, 40, 83, 84, 86, 87, 92, 93, 95, 96, 111, 112, 114, 115, 120, 121, 207, 208]]
[252, 2.98536, [0, 1, 3, 4, 9, 10, 12, 13, 27, 28, 30, 31, 36, 37, 39, 40, 83, 84, 86, 87, 92, 93, 95, 96, 111, 112, 114, 115, 120, 123, 124, 205]]
[252, 2.98095, [0, 1, 3, 4, 9, 10, 12, 13, 27, 28, 30, 31, 36, 37, 39, 40, 83, 84, 86, 87, 92, 93, 95, 96, 111, 112, 114, 115, 120, 123, 205, 208]]
[252, 2.9809, [0, 1, 3, 4, 9, 10, 12, 13, 27, 28, 30, 31, 36, 37, 39, 40, 83, 84, 86, 87, 92, 93, 95, 96, 111, 112, 114, 115, 120, 124, 205, 207]]
[252, 2.97649, [0, 1, 3, 4, 9, 10, 12, 13, 27, 28, 30, 31, 36, 37, 39, 40, 83, 84, 86, 87, 92, 93, 95, 96, 111, 112, 114, 115, 120, 205, 207, 208]]
[252, 2.98958, [0, 1, 3, 4, 9, 10, 12, 13, 27, 28, 30, 31, 36, 37, 39, 40, 83, 84, 86, 87, 92, 93, 95, 96, 111, 112, 114, 115, 121, 122, 124, 125]]
[252, 2.98531, [0, 1, 3, 4, 9, 10, 12, 13, 27, 28, 30, 31, 36, 37, 39, 40, 83, 84, 86, 87, 92, 93, 95, 96, 111, 112, 114, 115, 121, 123, 124, 204]]
[252, 2.9809, [0, 1, 3, 4, 9, 10, 12, 13, 27, 28, 30, 31, 36, 37, 39, 40, 83, 84, 86, 87, 92, 93, 95, 96, 111, 112, 114, 115, 121, 123, 204, 208]]
[252, 2.98085, [0, 1, 3, 4, 9, 10, 12, 13, 27, 28, 30, 31, 36, 37, 39, 40, 83, 84, 86, 87, 92, 93, 95, 96, 111, 112, 114, 115, 121, 124, 204, 207]]
[252, 2.97644, [0, 1, 3, 4, 9, 10, 12, 13, 27, 28, 30, 31, 36, 37, 39, 40, 83, 84, 86, 87, 92, 93, 95, 96, 111, 112, 114, 115, 121, 204, 207, 208]]
[252, 2.98074, [0, 1, 3, 4, 9, 10, 12, 13, 27, 28, 30, 31, 36, 37, 39, 40, 83, 84, 86, 87, 92, 93, 95, 96, 111, 112, 114, 115, 123, 124, 204, 205]]
[252, 2.97633, [0, 1, 3, 4, 9, 10, 12, 13, 27, 28, 30, 31, 36, 37, 39, 40, 83, 84, 86, 87, 92, 93, 95, 96, 111, 112, 114, 115, 123, 204, 205, 208]]
[252, 2.97628, [0, 1, 3, 4, 9, 10, 12, 13, 27, 28, 30, 31, 36, 37, 39, 40, 83, 84, 86, 87, 92, 93, 95, 96, 111, 112, 114, 115, 124, 204, 205, 207]]
[252, 2.98502, [0, 1, 3, 4, 9, 10, 12, 13, 27, 28, 30, 31, 36, 37, 39, 40, 83, 84, 86, 87, 92, 93, 95, 96, 111, 112, 114, 120, 121, 123, 124, 199]]
[252, 2.98061, [0, 1, 3, 4, 9, 10, 12, 13, 27, 28, 30, 31, 36, 37, 39, 40, 83, 84, 86, 87, 92, 93, 95, 96, 111, 112, 114, 120, 121, 123, 199, 208]]
[252, 2.98056, [0, 1, 3, 4, 9, 10, 12, 13, 27, 28, 30, 31, 36, 37, 39, 40, 83, 84, 86, 87, 92, 93, 95, 96, 111, 112, 114, 120, 121, 124, 199, 207]]
[252, 2.97615, [0, 1, 3, 4, 9, 10, 12, 13, 27, 28, 30, 31, 36, 37, 39, 40, 83, 84, 86, 87, 92, 93, 95, 96, 111, 112, 114, 120, 121, 199, 207, 208]]
[252, 2.98046, [0, 1, 3, 4, 9, 10, 12, 13, 27, 28, 30, 31, 36, 37, 39, 40, 83, 84, 86, 87, 92, 93, 95, 96, 111, 112, 114, 120, 123, 124, 199, 205]]
[252, 2.97605, [0, 1, 3, 4, 9, 10, 12, 13, 27, 28, 30, 31, 36, 37, 39, 40, 83, 84, 86, 87, 92, 93, 95, 96, 111, 112, 114, 120, 123, 199, 205, 208]]
[252, 2.976, [0, 1, 3, 4, 9, 10, 12, 13, 27, 28, 30, 31, 36, 37, 39, 40, 83, 84, 86, 87, 92, 93, 95, 96, 111, 112, 114, 120, 124, 199, 205, 207]]
[252, 2.98041, [0, 1, 3, 4, 9, 10, 12, 13, 27, 28, 30, 31, 36, 37, 39, 40, 83, 84, 86, 87, 92, 93, 95, 96, 111, 112, 114, 121, 123, 124, 199, 204]]
[252, 2.976, [0, 1, 3, 4, 9, 10, 12, 13, 27, 28, 30, 31, 36, 37, 39, 40, 83, 84, 86, 87, 92, 93, 95, 96, 111, 112, 114, 121, 123, 199, 204, 208]]
[252, 2.97595, [0, 1, 3, 4, 9, 10, 12, 13, 27, 28, 30, 31, 36, 37, 39, 40, 83, 84, 86, 87, 92, 93, 95, 96, 111, 112, 114, 121, 124, 199, 204, 207]]
[252, 2.97584, [0, 1, 3, 4, 9, 10, 12, 13, 27, 28, 30, 31, 36, 37, 39, 40, 83, 84, 86, 87, 92, 93, 95, 96, 111, 112, 114, 123, 124, 199, 204, 205]]
[252, 2.98496, [0, 1, 3, 4, 9, 10, 12, 13, 27, 28, 30, 31, 36, 37, 39, 40, 83, 84, 86, 87, 92, 93, 95, 96, 111, 112, 115, 120, 121, 123, 124, 198]]
[252, 2.98055, [0, 1, 3, 4, 9, 10, 12, 13, 27, 28, 30, 31, 36, 37, 39, 40, 83, 84, 86, 87, 92, 93, 95, 96, 111, 112, 115, 120, 121, 123, 198, 208]]
[252, 2.9805, [0, 1, 3, 4, 9, 10, 12, 13, 27, 28, 30, 31, 36, 37, 39, 40, 83, 84, 86, 87, 92, 93, 95, 96, 111, 112, 115, 120, 121, 124, 198, 207]]
[252, 2.97609, [0, 1, 3, 4, 9, 10, 12, 13, 27, 28, 30, 31, 36, 37, 39, 40, 83, 84, 86, 87, 92, 93, 95, 96, 111, 112, 115, 120, 121, 198, 207, 208]]
[252, 2.9804, [0, 1, 3, 4, 9, 10, 12, 13, 27, 28, 30, 31, 36, 37, 39, 40, 83, 84, 86, 87, 92, 93, 95, 96, 111, 112, 115, 120, 123, 124, 198, 205]]
[252, 2.97599, [0, 1, 3, 4, 9, 10, 12, 13, 27, 28, 30, 31, 36, 37, 39, 40, 83, 84, 86, 87, 92, 93, 95, 96, 111, 112, 115, 120, 123, 198, 205, 208]]
[252, 2.97594, [0, 1, 3, 4, 9, 10, 12, 13, 27, 28, 30, 31, 36, 37, 39, 40, 83, 84, 86, 87, 92, 93, 95, 96, 111, 112, 115, 120, 124, 198, 205, 207]]
[252, 2.98462, [0, 1, 3, 4, 9, 10, 12, 13, 27, 28, 30, 31, 36, 37, 39, 40, 83, 84, 86, 87, 92, 93, 95, 96, 111, 112, 115, 121, 122, 124, 125, 198]]
[252, 2.98035, [0, 1, 3, 4, 9, 10, 12, 13, 27, 28, 30, 31, 36, 37, 39, 40, 83, 84, 86, 87, 92, 93, 95, 96, 111, 112, 115, 121, 123, 124, 198, 204]]
[252, 2.97594, [0, 1, 3, 4, 9, 10, 12, 13, 27, 28, 30, 31, 36, 37, 39, 40, 83, 84, 86, 87, 92, 93, 95, 96, 111, 112, 115, 121, 123, 198, 204, 208]]
[252, 2.97589, [0, 1, 3, 4, 9, 10, 12, 13, 27, 28, 30, 31, 36, 37, 39, 40, 83, 84, 86, 87, 92, 93, 95, 96, 111, 112, 115, 121, 124, 198, 204, 207]]
[252, 2.97578, [0, 1, 3, 4, 9, 10, 12, 13, 27, 28, 30, 31, 36, 37, 39, 40, 83, 84, 86, 87, 92, 93, 95, 96, 111, 112, 115, 123, 124, 198, 204, 205]]
[252, 2.98006, [0, 1, 3, 4, 9, 10, 12, 13, 27, 28, 30, 31, 36, 37, 39, 40, 83, 84, 86, 87, 92, 93, 95, 96, 111, 112, 120, 121, 123, 124, 198, 199]]
[252, 2.97565, [0, 1, 3, 4, 9, 10, 12, 13, 27, 28, 30, 31, 36, 37, 39, 40, 83, 84, 86, 87, 92, 93, 95, 96, 111, 112, 120, 121, 123, 198, 199, 208]]
[252, 2.9756, [0, 1, 3, 4, 9, 10, 12, 13, 27, 28, 30, 31, 36, 37, 39, 40, 83, 84, 86, 87, 92, 93, 95, 96, 111, 112, 120, 121, 124, 198, 199, 207]]
[252, 2.9755, [0, 1, 3, 4, 9, 10, 12, 13, 27, 28, 30, 31, 36, 37, 39, 40, 83, 84, 86, 87, 92, 93, 95, 96, 111, 112, 120, 123, 124, 198, 199, 205]]
[252, 2.97544, [0, 1, 3, 4, 9, 10, 12, 13, 27, 28, 30, 31, 36, 37, 39, 40, 83, 84, 86, 87, 92, 93, 95, 96, 111, 112, 121, 123, 124, 198, 199, 204]]
[252, 2.98956, [0, 1, 3, 4, 9, 10, 12, 13, 27, 28, 30, 31, 36, 37, 39, 40, 83, 84, 86, 87, 92, 93, 95, 96, 111, 113, 114, 116, 120, 122, 123, 125]]
[252, 2.98484, [0, 1, 3, 4, 9, 10, 12, 13, 27, 28, 30, 31, 36, 37, 39, 40, 83, 84, 86, 87, 92, 93, 95, 96, 111, 114, 115, 120, 121, 123, 124, 196]]
[252, 2.98043, [0, 1, 3, 4, 9, 10, 12, 13, 27, 28, 30, 31, 36, 37, 39, 40, 83, 84, 86, 87, 92, 93, 95, 96, 111, 114, 115, 120, 121, 123, 196, 208]]
[252, 2.98038, [0, 1, 3, 4, 9, 10, 12, 13, 27, 28, 30, 31, 36, 37, 39, 40, 83, 84, 86, 87, 92, 93, 95, 96, 111, 114, 115, 120, 121, 124, 196, 207]]
[252, 2.97597, [0, 1, 3, 4, 9, 10, 12, 13, 27, 28, 30, 31, 36, 37, 39, 40, 83, 84, 86, 87, 92, 93, 95, 96, 111, 114, 115, 120, 121, 196, 207, 208]]
[252, 2.98027, [0, 1, 3, 4, 9, 10, 12, 13, 27, 28, 30, 31, 36, 37, 39, 40, 83, 84, 86, 87, 92, 93, 95, 96, 111, 114, 115, 120, 123, 124, 196, 205]]
[252, 2.97587, [0, 1, 3, 4, 9, 10, 12, 13, 27, 28, 30, 31, 36, 37, 39, 40, 83, 84, 86, 87, 92, 93, 95, 96, 111, 114, 115, 120, 123, 196, 205, 208]]
[252, 2.97582, [0, 1, 3, 4, 9, 10, 12, 13, 27, 28, 30, 31, 36, 37, 39, 40, 83, 84, 86, 87, 92, 93, 95, 96, 111, 114, 115, 120, 124, 196, 205, 207]]
[252, 2.9845, [0, 1, 3, 4, 9, 10, 12, 13, 27, 28, 30, 31, 36, 37, 39, 40, 83, 84, 86, 87, 92, 93, 95, 96, 111, 114, 115, 121, 122, 124, 125, 196]]
[252, 2.98022, [0, 1, 3, 4, 9, 10, 12, 13, 27, 28, 30, 31, 36, 37, 39, 40, 83, 84, 86, 87, 92, 93, 95, 96, 111, 114, 115, 121, 123, 124, 196, 204]]
[252, 2.97581, [0, 1, 3, 4, 9, 10, 12, 13, 27, 28, 30, 31, 36, 37, 39, 40, 83, 84, 86, 87, 92, 93, 95, 96, 111, 114, 115, 121, 123, 196, 204, 208]]
[252, 2.97576, [0, 1, 3, 4, 9, 10, 12, 13, 27, 28, 30, 31, 36, 37, 39, 40, 83, 84, 86, 87, 92, 93, 95, 96, 111, 114, 115, 121, 124, 196, 204, 207]]
[252, 2.97566, [0, 1, 3, 4, 9, 10, 12, 13, 27, 28, 30, 31, 36, 37, 39, 40, 83, 84, 86, 87, 92, 93, 95, 96, 111, 114, 115, 123, 124, 196, 204, 205]]
[252, 2.97994, [0, 1, 3, 4, 9, 10, 12, 13, 27, 28, 30, 31, 36, 37, 39, 40, 83, 84, 86, 87, 92, 93, 95, 96, 111, 114, 120, 121, 123, 124, 196, 199]]
[252, 2.97553, [0, 1, 3, 4, 9, 10, 12, 13, 27, 28, 30, 31, 36, 37, 39, 40, 83, 84, 86, 87, 92, 93, 95, 96, 111, 114, 120, 121, 123, 196, 199, 208]]
[252, 2.97548, [0, 1, 3, 4, 9, 10, 12, 13, 27, 28, 30, 31, 36, 37, 39, 40, 83, 84, 86, 87, 92, 93, 95, 96, 111, 114, 120, 121, 124, 196, 199, 207]]
[252, 2.97537, [0, 1, 3, 4, 9, 10, 12, 13, 27, 28, 30, 31, 36, 37, 39, 40, 83, 84, 86, 87, 92, 93, 95, 96, 111, 114, 120, 123, 124, 196, 199, 205]]
[252, 2.97532, [0, 1, 3, 4, 9, 10, 12, 13, 27, 28, 30, 31, 36, 37, 39, 40, 83, 84, 86, 87, 92, 93, 95, 96, 111, 114, 121, 123, 124, 196, 199, 204]]
[252, 2.97988, [0, 1, 3, 4, 9, 10, 12, 13, 27, 28, 30, 31, 36, 37, 39, 40, 83, 84, 86, 87, 92, 93, 95, 96, 111, 115, 120, 121, 123, 124, 196, 198]]
[252, 2.97547, [0, 1, 3, 4, 9, 10, 12, 13, 27, 28, 30, 31, 36, 37, 39, 40, 83, 84, 86, 87, 92, 93, 95, 96, 111, 115, 120, 121, 123, 196, 198, 208]]
[252, 2.97542, [0, 1, 3, 4, 9, 10, 12, 13, 27, 28, 30, 31, 36, 37, 39, 40, 83, 84, 86, 87, 92, 93, 95, 96, 111, 115, 120, 121, 124, 196, 198, 207]]
[252, 2.97531, [0, 1, 3, 4, 9, 10, 12, 13, 27, 28, 30, 31, 36, 37, 39, 40, 83, 84, 86, 87, 92, 93, 95, 96, 111, 115, 120, 123, 124, 196, 198, 205]]
[252, 2.97953, [0, 1, 3, 4, 9, 10, 12, 13, 27, 28, 30, 31, 36, 37, 39, 40, 83, 84, 86, 87, 92, 93, 95, 96, 111, 115, 121, 122, 124, 125, 196, 198]]
[252, 2.97526, [0, 1, 3, 4, 9, 10, 12, 13, 27, 28, 30, 31, 36, 37, 39, 40, 83, 84, 86, 87, 92, 93, 95, 96, 111, 115, 121, 123, 124, 196, 198, 204]]
[252, 2.98919, [0, 1, 3, 4, 9, 10, 12, 13, 27, 28, 30, 31, 36, 37, 39, 40, 83, 84, 86, 87, 92, 93, 95, 96, 112, 113, 115, 116, 121, 122, 124, 125]]
[252, 2.98864, [0, 1, 3, 4, 9, 10, 12, 13, 27, 28, 30, 31, 36, 37, 39, 40, 83, 84, 86, 87, 93, 94, 96, 97, 112, 113, 115, 116, 121, 122, 124, 125]]
[252, 2.98234, [0, 1, 3, 4, 9, 10, 12, 13, 27, 28, 30, 31, 36, 37, 39, 40, 83, 84, 86, 87, 93, 94, 97, 112, 113, 115, 116, 121, 122, 124, 125, 180]]
[252, 2.98215, [0, 1, 3, 4, 9, 10, 12, 13, 27, 28, 30, 31, 36, 37, 39, 40, 83, 84, 86, 87, 93, 96, 97, 112, 113, 115, 116, 121, 122, 124, 125, 178]]
[252, 2.97585, [0, 1, 3, 4, 9, 10, 12, 13, 27, 28, 30, 31, 36, 37, 39, 40, 83, 84, 86, 87, 93, 97, 112, 113, 115, 116, 121, 122, 124, 125, 178, 180]]
[252, 2.98925, [0, 1, 3, 4, 9, 10, 12, 13, 27, 28, 30, 31, 36, 37, 39, 40, 83, 84, 87, 89, 92, 93, 96, 98, 110, 111, 114, 116, 119, 120, 123, 125]]
[252, 2.9897, [0, 1, 3, 4, 9, 10, 12, 13, 27, 28, 30, 31, 36, 37, 39, 40, 83, 85, 86, 88, 92, 94, 95, 97, 110, 112, 113, 115, 119, 121, 122, 124]]
[252, 2.98859, [0, 1, 3, 4, 9, 10, 12, 13, 27, 28, 30, 31, 36, 37, 39, 40, 83, 85, 86, 88, 92, 94, 95, 97, 112, 113, 115, 116, 121, 122, 124, 125]]
[252, 2.98828, [0, 1, 3, 4, 9, 10, 12, 13, 27, 28, 30, 31, 36, 37, 39, 40, 83, 85, 88, 89, 92, 94, 97, 98, 110, 112, 115, 116, 119, 121, 124, 125]]
[252, 2.98871, [0, 1, 3, 4, 9, 10, 12, 13, 27, 28, 30, 31, 36, 37, 39, 40, 84, 85, 87, 88, 93, 94, 96, 97, 111, 112, 114, 115, 120, 121, 123, 124]]
[252, 2.9843, [0, 1, 3, 4, 9, 10, 12, 13, 27, 28, 30, 31, 36, 37, 39, 40, 84, 85, 87, 88, 93, 94, 96, 97, 111, 112, 114, 115, 120, 121, 123, 208]]
[252, 2.98425, [0, 1, 3, 4, 9, 10, 12, 13, 27, 28, 30, 31, 36, 37, 39, 40, 84, 85, 87, 88, 93, 94, 96, 97, 111, 112, 114, 115, 120, 121, 124, 207]]
[252, 2.97984, [0, 1, 3, 4, 9, 10, 12, 13, 27, 28, 30, 31, 36, 37, 39, 40, 84, 85, 87, 88, 93, 94, 96, 97, 111, 112, 114, 115, 120, 121, 207, 208]]
[252, 2.98415, [0, 1, 3, 4, 9, 10, 12, 13, 27, 28, 30, 31, 36, 37, 39, 40, 84, 85, 87, 88, 93, 94, 96, 97, 111, 112, 114, 115, 120, 123, 124, 205]]
[252, 2.97974, [0, 1, 3, 4, 9, 10, 12, 13, 27, 28, 30, 31, 36, 37, 39, 40, 84, 85, 87, 88, 93, 94, 96, 97, 111, 112, 114, 115, 120, 123, 205, 208]]
[252, 2.97969, [0, 1, 3, 4, 9, 10, 12, 13, 27, 28, 30, 31, 36, 37, 39, 40, 84, 85, 87, 88, 93, 94, 96, 97, 111, 112, 114, 115, 120, 124, 205, 207]]
[252, 2.97528, [0, 1, 3, 4, 9, 10, 12, 13, 27, 28, 30, 31, 36, 37, 39, 40, 84, 85, 87, 88, 93, 94, 96, 97, 111, 112, 114, 115, 120, 205, 207, 208]]
[252, 2.98409, [0, 1, 3, 4, 9, 10, 12, 13, 27, 28, 30, 31, 36, 37, 39, 40, 84, 85, 87, 88, 93, 94, 96, 97, 111, 112, 114, 115, 121, 123, 124, 204]]
[252, 2.97968, [0, 1, 3, 4, 9, 10, 12, 13, 27, 28, 30, 31, 36, 37, 39, 40, 84, 85, 87, 88, 93, 94, 96, 97, 111, 112, 114, 115, 121, 123, 204, 208]]
[252, 2.97963, [0, 1, 3, 4, 9, 10, 12, 13, 27, 28, 30, 31, 36, 37, 39, 40, 84, 85, 87, 88, 93, 94, 96, 97, 111, 112, 114, 115, 121, 124, 204, 207]]
[252, 2.97522, [0, 1, 3, 4, 9, 10, 12, 13, 27, 28, 30, 31, 36, 37, 39, 40, 84, 85, 87, 88, 93, 94, 96, 97, 111, 112, 114, 115, 121, 204, 207, 208]]
[252, 2.97953, [0, 1, 3, 4, 9, 10, 12, 13, 27, 28, 30, 31, 36, 37, 39, 40, 84, 85, 87, 88, 93, 94, 96, 97, 111, 112, 114, 115, 123, 124, 204, 205]]
[252, 2.98381, [0, 1, 3, 4, 9, 10, 12, 13, 27, 28, 30, 31, 36, 37, 39, 40, 84, 85, 87, 88, 93, 94, 96, 97, 111, 112, 114, 120, 121, 123, 124, 199]]
[252, 2.9794, [0, 1, 3, 4, 9, 10, 12, 13, 27, 28, 30, 31, 36, 37, 39, 40, 84, 85, 87, 88, 93, 94, 96, 97, 111, 112, 114, 120, 121, 123, 199, 208]]
[252, 2.97935, [0, 1, 3, 4, 9, 10, 12, 13, 27, 28, 30, 31, 36, 37, 39, 40, 84, 85, 87, 88, 93, 94, 96, 97, 111, 112, 114, 120, 121, 124, 199, 207]]
[252, 2.97924, [0, 1, 3, 4, 9, 10, 12, 13, 27, 28, 30, 31, 36, 37, 39, 40, 84, 85, 87, 88, 93, 94, 96, 97, 111, 112, 114, 120, 123, 124, 199, 205]]
[252, 2.97919, [0, 1, 3, 4, 9, 10, 12, 13, 27, 28, 30, 31, 36, 37, 39, 40, 84, 85, 87, 88, 93, 94, 96, 97, 111, 112, 114, 121, 123, 124, 199, 204]]
[252, 2.98375, [0, 1, 3, 4, 9, 10, 12, 13, 27, 28, 30, 31, 36, 37, 39, 40, 84, 85, 87, 88, 93, 94, 96, 97, 111, 112, 115, 120, 121, 123, 124, 198]]
[252, 2.97934, [0, 1, 3, 4, 9, 10, 12, 13, 27, 28, 30, 31, 36, 37, 39, 40, 84, 85, 87, 88, 93, 94, 96, 97, 111, 112, 115, 120, 121, 123, 198, 208]]
[252, 2.97929, [0, 1, 3, 4, 9, 10, 12, 13, 27, 28, 30, 31, 36, 37, 39, 40, 84, 85, 87, 88, 93, 94, 96, 97, 111, 112, 115, 120, 121, 124, 198, 207]]
[252, 2.97918, [0, 1, 3, 4, 9, 10, 12, 13, 27, 28, 30, 31, 36, 37, 39, 40, 84, 85, 87, 88, 93, 94, 96, 97, 111, 112, 115, 120, 123, 124, 198, 205]]
[252, 2.97913, [0, 1, 3, 4, 9, 10, 12, 13, 27, 28, 30, 31, 36, 37, 39, 40, 84, 85, 87, 88, 93, 94, 96, 97, 111, 112, 115, 121, 123, 124, 198, 204]]
[252, 2.97885, [0, 1, 3, 4, 9, 10, 12, 13, 27, 28, 30, 31, 36, 37, 39, 40, 84, 85, 87, 88, 93, 94, 96, 97, 111, 112, 120, 121, 123, 124, 198, 199]]
[252, 2.98362, [0, 1, 3, 4, 9, 10, 12, 13, 27, 28, 30, 31, 36, 37, 39, 40, 84, 85, 87, 88, 93, 94, 96, 97, 111, 114, 115, 120, 121, 123, 124, 196]]
[252, 2.97921, [0, 1, 3, 4, 9, 10, 12, 13, 27, 28, 30, 31, 36, 37, 39, 40, 84, 85, 87, 88, 93, 94, 96, 97, 111, 114, 115, 120, 121, 123, 196, 208]]
[252, 2.97916, [0, 1, 3, 4, 9, 10, 12, 13, 27, 28, 30, 31, 36, 37, 39, 40, 84, 85, 87, 88, 93, 94, 96, 97, 111, 114, 115, 120, 121, 124, 196, 207]]
[252, 2.97906, [0, 1, 3, 4, 9, 10, 12, 13, 27, 28, 30, 31, 36, 37, 39, 40, 84, 85, 87, 88, 93, 94, 96, 97, 111, 114, 115, 120, 123, 124, 196, 205]]
[252, 2.97901, [0, 1, 3, 4, 9, 10, 12, 13, 27, 28, 30, 31, 36, 37, 39, 40, 84, 85, 87, 88, 93, 94, 96, 97, 111, 114, 115, 121, 123, 124, 196, 204]]
[252, 2.97872, [0, 1, 3, 4, 9, 10, 12, 13, 27, 28, 30, 31, 36, 37, 39, 40, 84, 85, 87, 88, 93, 94, 96, 97, 111, 114, 120, 121, 123, 124, 196, 199]]
[252, 2.97866, [0, 1, 3, 4, 9, 10, 12, 13, 27, 28, 30, 31, 36, 37, 39, 40, 84, 85, 87, 88, 93, 94, 96, 97, 111, 115, 120, 121, 123, 124, 196, 198]]
[252, 2.98797, [0, 1, 3, 4, 9, 10, 12, 13, 27, 28, 30, 31, 36, 37, 39, 40, 84, 85, 87, 88, 93, 94, 96, 97, 112, 113, 115, 116, 121, 122, 124, 125]]
[252, 2.98356, [0, 1, 3, 4, 9, 10, 12, 13, 27, 28, 30, 31, 36, 37, 39, 40, 84, 85, 87, 88, 93, 94, 96, 97, 112, 114, 115, 120, 121, 123, 124, 195]]
[252, 2.97915, [0, 1, 3, 4, 9, 10, 12, 13, 27, 28, 30, 31, 36, 37, 39, 40, 84, 85, 87, 88, 93, 94, 96, 97, 112, 114, 115, 120, 121, 123, 195, 208]]
[252, 2.9791, [0, 1, 3, 4, 9, 10, 12, 13, 27, 28, 30, 31, 36, 37, 39, 40, 84, 85, 87, 88, 93, 94, 96, 97, 112, 114, 115, 120, 121, 124, 195, 207]]
[252, 2.979, [0, 1, 3, 4, 9, 10, 12, 13, 27, 28, 30, 31, 36, 37, 39, 40, 84, 85, 87, 88, 93, 94, 96, 97, 112, 114, 115, 120, 123, 124, 195, 205]]
[252, 2.97894, [0, 1, 3, 4, 9, 10, 12, 13, 27, 28, 30, 31, 36, 37, 39, 40, 84, 85, 87, 88, 93, 94, 96, 97, 112, 114, 115, 121, 123, 124, 195, 204]]
[252, 2.97866, [0, 1, 3, 4, 9, 10, 12, 13, 27, 28, 30, 31, 36, 37, 39, 40, 84, 85, 87, 88, 93, 94, 96, 97, 112, 114, 120, 121, 123, 124, 195, 199]]
[252, 2.9786, [0, 1, 3, 4, 9, 10, 12, 13, 27, 28, 30, 31, 36, 37, 39, 40, 84, 85, 87, 88, 93, 94, 96, 97, 112, 115, 120, 121, 123, 124, 195, 198]]
[252, 2.97847, [0, 1, 3, 4, 9, 10, 12, 13, 27, 28, 30, 31, 36, 37, 39, 40, 84, 85, 87, 88, 93, 94, 96, 97, 114, 115, 120, 121, 123, 124, 195, 196]]
[252, 2.9825, [0, 1, 3, 4, 9, 10, 12, 13, 27, 28, 30, 31, 36, 37, 39, 40, 84, 85, 87, 88, 93, 94, 96, 111, 112, 114, 115, 120, 121, 123, 124, 181]]
[252, 2.97809, [0, 1, 3, 4, 9, 10, 12, 13, 27, 28, 30, 31, 36, 37, 39, 40, 84, 85, 87, 88, 93, 94, 96, 111, 112, 114, 115, 120, 121, 123, 181, 208]]
[252, 2.97804, [0, 1, 3, 4, 9, 10, 12, 13, 27, 28, 30, 31, 36, 37, 39, 40, 84, 85, 87, 88, 93, 94, 96, 111, 112, 114, 115, 120, 121, 124, 181, 207]]
[252, 2.97794, [0, 1, 3, 4, 9, 10, 12, 13, 27, 28, 30, 31, 36, 37, 39, 40, 84, 85, 87, 88, 93, 94, 96, 111, 112, 114, 115, 120, 123, 124, 181, 205]]
[252, 2.97788, [0, 1, 3, 4, 9, 10, 12, 13, 27, 28, 30, 31, 36, 37, 39, 40, 84, 85, 87, 88, 93, 94, 96, 111, 112, 114, 115, 121, 123, 124, 181, 204]]
[252, 2.9776, [0, 1, 3, 4, 9, 10, 12, 13, 27, 28, 30, 31, 36, 37, 39, 40, 84, 85, 87, 88, 93, 94, 96, 111, 112, 114, 120, 121, 123, 124, 181, 199]]
[252, 2.97754, [0, 1, 3, 4, 9, 10, 12, 13, 27, 28, 30, 31, 36, 37, 39, 40, 84, 85, 87, 88, 93, 94, 96, 111, 112, 115, 120, 121, 123, 124, 181, 198]]
[252, 2.97741, [0, 1, 3, 4, 9, 10, 12, 13, 27, 28, 30, 31, 36, 37, 39, 40, 84, 85, 87, 88, 93, 94, 96, 111, 114, 115, 120, 121, 123, 124, 181, 196]]
[252, 2.97735, [0, 1, 3, 4, 9, 10, 12, 13, 27, 28, 30, 31, 36, 37, 39, 40, 84, 85, 87, 88, 93, 94, 96, 112, 114, 115, 120, 121, 123, 124, 181, 195]]
[252, 2.98241, [0, 1, 3, 4, 9, 10, 12, 13, 27, 28, 30, 31, 36, 37, 39, 40, 84, 85, 87, 88, 93, 94, 97, 111, 112, 114, 115, 120, 121, 123, 124, 180]]
[252, 2.978, [0, 1, 3, 4, 9, 10, 12, 13, 27, 28, 30, 31, 36, 37, 39, 40, 84, 85, 87, 88, 93, 94, 97, 111, 112, 114, 115, 120, 121, 123, 180, 208]]
[252, 2.97795, [0, 1, 3, 4, 9, 10, 12, 13, 27, 28, 30, 31, 36, 37, 39, 40, 84, 85, 87, 88, 93, 94, 97, 111, 112, 114, 115, 120, 121, 124, 180, 207]]
[252, 2.97785, [0, 1, 3, 4, 9, 10, 12, 13, 27, 28, 30, 31, 36, 37, 39, 40, 84, 85, 87, 88, 93, 94, 97, 111, 112, 114, 115, 120, 123, 124, 180, 205]]
[252, 2.97779, [0, 1, 3, 4, 9, 10, 12, 13, 27, 28, 30, 31, 36, 37, 39, 40, 84, 85, 87, 88, 93, 94, 97, 111, 112, 114, 115, 121, 123, 124, 180, 204]]
[252, 2.97751, [0, 1, 3, 4, 9, 10, 12, 13, 27, 28, 30, 31, 36, 37, 39, 40, 84, 85, 87, 88, 93, 94, 97, 111, 112, 114, 120, 121, 123, 124, 180, 199]]
[252, 2.97745, [0, 1, 3, 4, 9, 10, 12, 13, 27, 28, 30, 31, 36, 37, 39, 40, 84, 85, 87, 88, 93, 94, 97, 111, 112, 115, 120, 121, 123, 124, 180, 198]]
[252, 2.97732, [0, 1, 3, 4, 9, 10, 12, 13, 27, 28, 30, 31, 36, 37, 39, 40, 84, 85, 87, 88, 93, 94, 97, 111, 114, 115, 120, 121, 123, 124, 180, 196]]
[252, 2.98167, [0, 1, 3, 4, 9, 10, 12, 13, 27, 28, 30, 31, 36, 37, 39, 40, 84, 85, 87, 88, 93, 94, 97, 112, 113, 115, 116, 121, 122, 124, 125, 180]]
[252, 2.97726, [0, 1, 3, 4, 9, 10, 12, 13, 27, 28, 30, 31, 36, 37, 39, 40, 84, 85, 87, 88, 93, 94, 97, 112, 114, 115, 120, 121, 123, 124, 180, 195]]
[252, 2.9762, [0, 1, 3, 4, 9, 10, 12, 13, 27, 28, 30, 31, 36, 37, 39, 40, 84, 85, 87, 88, 93, 94, 111, 112, 114, 115, 120, 121, 123, 124, 180, 181]]
[252, 2.98222, [0, 1, 3, 4, 9, 10, 12, 13, 27, 28, 30, 31, 36, 37, 39, 40, 84, 85, 87, 88, 93, 96, 97, 111, 112, 114, 115, 120, 121, 123, 124, 178]]
[252, 2.97781, [0, 1, 3, 4, 9, 10, 12, 13, 27, 28, 30, 31, 36, 37, 39, 40, 84, 85, 87, 88, 93, 96, 97, 111, 112, 114, 115, 120, 121, 123, 178, 208]]
[252, 2.97776, [0, 1, 3, 4, 9, 10, 12, 13, 27, 28, 30, 31, 36, 37, 39, 40, 84, 85, 87, 88, 93, 96, 97, 111, 112, 114, 115, 120, 121, 124, 178, 207]]
[252, 2.97766, [0, 1, 3, 4, 9, 10, 12, 13, 27, 28, 30, 31, 36, 37, 39, 40, 84, 85, 87, 88, 93, 96, 97, 111, 112, 114, 115, 120, 123, 124, 178, 205]]
[252, 2.97761, [0, 1, 3, 4, 9, 10, 12, 13, 27, 28, 30, 31, 36, 37, 39, 40, 84, 85, 87, 88, 93, 96, 97, 111, 112, 114, 115, 121, 123, 124, 178, 204]]
[252, 2.97732, [0, 1, 3, 4, 9, 10, 12, 13, 27, 28, 30, 31, 36, 37, 39, 40, 84, 85, 87, 88, 93, 96, 97, 111, 112, 114, 120, 121, 123, 124, 178, 199]]
[252, 2.97726, [0, 1, 3, 4, 9, 10, 12, 13, 27, 28, 30, 31, 36, 37, 39, 40, 84, 85, 87, 88, 93, 96, 97, 111, 112, 115, 120, 121, 123, 124, 178, 198]]
[252, 2.97714, [0, 1, 3, 4, 9, 10, 12, 13, 27, 28, 30, 31, 36, 37, 39, 40, 84, 85, 87, 88, 93, 96, 97, 111, 114, 115, 120, 121, 123, 124, 178, 196]]
[252, 2.98149, [0, 1, 3, 4, 9, 10, 12, 13, 27, 28, 30, 31, 36, 37, 39, 40, 84, 85, 87, 88, 93, 96, 97, 112, 113, 115, 116, 121, 122, 124, 125, 178]]
[252, 2.97707, [0, 1, 3, 4, 9, 10, 12, 13, 27, 28, 30, 31, 36, 37, 39, 40, 84, 85, 87, 88, 93, 96, 97, 112, 114, 115, 120, 121, 123, 124, 178, 195]]
[252, 2.97601, [0, 1, 3, 4, 9, 10, 12, 13, 27, 28, 30, 31, 36, 37, 39, 40, 84, 85, 87, 88, 93, 96, 111, 112, 114, 115, 120, 121, 123, 124, 178, 181]]
[252, 2.97592, [0, 1, 3, 4, 9, 10, 12, 13, 27, 28, 30, 31, 36, 37, 39, 40, 84, 85, 87, 88, 93, 97, 111, 112, 114, 115, 120, 121, 123, 124, 178, 180]]
[252, 2.98213, [0, 1, 3, 4, 9, 10, 12, 13, 27, 28, 30, 31, 36, 37, 39, 40, 84, 85, 87, 88, 94, 96, 97, 111, 112, 114, 115, 120, 121, 123, 124, 177]]
[252, 2.97772, [0, 1, 3, 4, 9, 10, 12, 13, 27, 28, 30, 31, 36, 37, 39, 40, 84, 85, 87, 88, 94, 96, 97, 111, 112, 114, 115, 120, 121, 123, 177, 208]]
[252, 2.97767, [0, 1, 3, 4, 9, 10, 12, 13, 27, 28, 30, 31, 36, 37, 39, 40, 84, 85, 87, 88, 94, 96, 97, 111, 112, 114, 115, 120, 121, 124, 177, 207]]
[252, 2.97756, [0, 1, 3, 4, 9, 10, 12, 13, 27, 28, 30, 31, 36, 37, 39, 40, 84, 85, 87, 88, 94, 96, 97, 111, 112, 114, 115, 120, 123, 124, 177, 205]]
[252, 2.97751, [0, 1, 3, 4, 9, 10, 12, 13, 27, 28, 30, 31, 36, 37, 39, 40, 84, 85, 87, 88, 94, 96, 97, 111, 112, 114, 115, 121, 123, 124, 177, 204]]
[252, 2.97723, [0, 1, 3, 4, 9, 10, 12, 13, 27, 28, 30, 31, 36, 37, 39, 40, 84, 85, 87, 88, 94, 96, 97, 111, 112, 114, 120, 121, 123, 124, 177, 199]]
[252, 2.97717, [0, 1, 3, 4, 9, 10, 12, 13, 27, 28, 30, 31, 36, 37, 39, 40, 84, 85, 87, 88, 94, 96, 97, 111, 112, 115, 120, 121, 123, 124, 177, 198]]
[252, 2.97704, [0, 1, 3, 4, 9, 10, 12, 13, 27, 28, 30, 31, 36, 37, 39, 40, 84, 85, 87, 88, 94, 96, 97, 111, 114, 115, 120, 121, 123, 124, 177, 196]]
[252, 2.98139, [0, 1, 3, 4, 9, 10, 12, 13, 27, 28, 30, 31, 36, 37, 39, 40, 84, 85, 87, 88, 94, 96, 97, 112, 113, 115, 116, 121, 122, 124, 125, 177]]
[252, 2.97698, [0, 1, 3, 4, 9, 10, 12, 13, 27, 28, 30, 31, 36, 37, 39, 40, 84, 85, 87, 88, 94, 96, 97, 112, 114, 115, 120, 121, 123, 124, 177, 195]]
[252, 2.97592, [0, 1, 3, 4, 9, 10, 12, 13, 27, 28, 30, 31, 36, 37, 39, 40, 84, 85, 87, 88, 94, 96, 111, 112, 114, 115, 120, 121, 123, 124, 177, 181]]
[252, 2.97583, [0, 1, 3, 4, 9, 10, 12, 13, 27, 28, 30, 31, 36, 37, 39, 40, 84, 85, 87, 88, 94, 97, 111, 112, 114, 115, 120, 121, 123, 124, 177, 180]]
[252, 2.97564, [0, 1, 3, 4, 9, 10, 12, 13, 27, 28, 30, 31, 36, 37, 39, 40, 84, 85, 87, 88, 96, 97, 111, 112, 114, 115, 120, 121, 123, 124, 177, 178]]
[252, 2.98161, [0, 1, 3, 4, 9, 10, 12, 13, 27, 28, 30, 31, 36, 37, 39, 40, 84, 85, 87, 93, 94, 96, 97, 111, 112, 114, 115, 120, 121, 123, 124, 172]]
[252, 2.9772, [0, 1, 3, 4, 9, 10, 12, 13, 27, 28, 30, 31, 36, 37, 39, 40, 84, 85, 87, 93, 94, 96, 97, 111, 112, 114, 115, 120, 121, 123, 172, 208]]
[252, 2.97715, [0, 1, 3, 4, 9, 10, 12, 13, 27, 28, 30, 31, 36, 37, 39, 40, 84, 85, 87, 93, 94, 96, 97, 111, 112, 114, 115, 120, 121, 124, 172, 207]]
[252, 2.97705, [0, 1, 3, 4, 9, 10, 12, 13, 27, 28, 30, 31, 36, 37, 39, 40, 84, 85, 87, 93, 94, 96, 97, 111, 112, 114, 115, 120, 123, 124, 172, 205]]
[252, 2.97699, [0, 1, 3, 4, 9, 10, 12, 13, 27, 28, 30, 31, 36, 37, 39, 40, 84, 85, 87, 93, 94, 96, 97, 111, 112, 114, 115, 121, 123, 124, 172, 204]]
[252, 2.97671, [0, 1, 3, 4, 9, 10, 12, 13, 27, 28, 30, 31, 36, 37, 39, 40, 84, 85, 87, 93, 94, 96, 97, 111, 112, 114, 120, 121, 123, 124, 172, 199]]
[252, 2.97665, [0, 1, 3, 4, 9, 10, 12, 13, 27, 28, 30, 31, 36, 37, 39, 40, 84, 85, 87, 93, 94, 96, 97, 111, 112, 115, 120, 121, 123, 124, 172, 198]]
[252, 2.97652, [0, 1, 3, 4, 9, 10, 12, 13, 27, 28, 30, 31, 36, 37, 39, 40, 84, 85, 87, 93, 94, 96, 97, 111, 114, 115, 120, 121, 123, 124, 172, 196]]
[252, 2.98087, [0, 1, 3, 4, 9, 10, 12, 13, 27, 28, 30, 31, 36, 37, 39, 40, 84, 85, 87, 93, 94, 96, 97, 112, 113, 115, 116, 121, 122, 124, 125, 172]]
[252, 2.97646, [0, 1, 3, 4, 9, 10, 12, 13, 27, 28, 30, 31, 36, 37, 39, 40, 84, 85, 87, 93, 94, 96, 97, 112, 114, 115, 120, 121, 123, 124, 172, 195]]
[252, 2.9754, [0, 1, 3, 4, 9, 10, 12, 13, 27, 28, 30, 31, 36, 37, 39, 40, 84, 85, 87, 93, 94, 96, 111, 112, 114, 115, 120, 121, 123, 124, 172, 181]]
[252, 2.97531, [0, 1, 3, 4, 9, 10, 12, 13, 27, 28, 30, 31, 36, 37, 39, 40, 84, 85, 87, 93, 94, 97, 111, 112, 114, 115, 120, 121, 123, 124, 172, 180]]
[252, 2.9815, [0, 1, 3, 4, 9, 10, 12, 13, 27, 28, 30, 31, 36, 37, 39, 40, 84, 85, 88, 93, 94, 96, 97, 111, 112, 114, 115, 120, 121, 123, 124, 171]]
[252, 2.97709, [0, 1, 3, 4, 9, 10, 12, 13, 27, 28, 30, 31, 36, 37, 39, 40, 84, 85, 88, 93, 94, 96, 97, 111, 112, 114, 115, 120, 121, 123, 171, 208]]
[252, 2.97704, [0, 1, 3, 4, 9, 10, 12, 13, 27, 28, 30, 31, 36, 37, 39, 40, 84, 85, 88, 93, 94, 96, 97, 111, 112, 114, 115, 120, 121, 124, 171, 207]]
[252, 2.97693, [0, 1, 3, 4, 9, 10, 12, 13, 27, 28, 30, 31, 36, 37, 39, 40, 84, 85, 88, 93, 94, 96, 97, 111, 112, 114, 115, 120, 123, 124, 171, 205]]
[252, 2.97688, [0, 1, 3, 4, 9, 10, 12, 13, 27, 28, 30, 31, 36, 37, 39, 40, 84, 85, 88, 93, 94, 96, 97, 111, 112, 114, 115, 121, 123, 124, 171, 204]]
[252, 2.9766, [0, 1, 3, 4, 9, 10, 12, 13, 27, 28, 30, 31, 36, 37, 39, 40, 84, 85, 88, 93, 94, 96, 97, 111, 112, 114, 120, 121, 123, 124, 171, 199]]
[252, 2.97654, [0, 1, 3, 4, 9, 10, 12, 13, 27, 28, 30, 31, 36, 37, 39, 40, 84, 85, 88, 93, 94, 96, 97, 111, 112, 115, 120, 121, 123, 124, 171, 198]]
[252, 2.97641, [0, 1, 3, 4, 9, 10, 12, 13, 27, 28, 30, 31, 36, 37, 39, 40, 84, 85, 88, 93, 94, 96, 97, 111, 114, 115, 120, 121, 123, 124, 171, 196]]
[252, 2.98076, [0, 1, 3, 4, 9, 10, 12, 13, 27, 28, 30, 31, 36, 37, 39, 40, 84, 85, 88, 93, 94, 96, 97, 112, 113, 115, 116, 121, 122, 124, 125, 171]]
[252, 2.97635, [0, 1, 3, 4, 9, 10, 12, 13, 27, 28, 30, 31, 36, 37, 39, 40, 84, 85, 88, 93, 94, 96, 97, 112, 114, 115, 120, 121, 123, 124, 171, 195]]
[252, 2.97529, [0, 1, 3, 4, 9, 10, 12, 13, 27, 28, 30, 31, 36, 37, 39, 40, 84, 85, 88, 93, 94, 96, 111, 112, 114, 115, 120, 121, 123, 124, 171, 181]]
[252, 2.98776, [0, 1, 3, 4, 9, 10, 12, 13, 27, 28, 30, 31, 36, 37, 39, 40, 84, 86, 87, 89, 93, 95, 96, 98, 111, 113, 114, 116, 120, 122, 123, 125]]
[252, 2.98126, [0, 1, 3, 4, 9, 10, 12, 13, 27, 28, 30, 31, 36, 37, 39, 40, 84, 87, 88, 93, 94, 96, 97, 111, 112, 114, 115, 120, 121, 123, 124, 169]]
[252, 2.97686, [0, 1, 3, 4, 9, 10, 12, 13, 27, 28, 30, 31, 36, 37, 39, 40, 84, 87, 88, 93, 94, 96, 97, 111, 112, 114, 115, 120, 121, 123, 169, 208]]
[252, 2.9768, [0, 1, 3, 4, 9, 10, 12, 13, 27, 28, 30, 31, 36, 37, 39, 40, 84, 87, 88, 93, 94, 96, 97, 111, 112, 114, 115, 120, 121, 124, 169, 207]]
[252, 2.9767, [0, 1, 3, 4, 9, 10, 12, 13, 27, 28, 30, 31, 36, 37, 39, 40, 84, 87, 88, 93, 94, 96, 97, 111, 112, 114, 115, 120, 123, 124, 169, 205]]
[252, 2.97665, [0, 1, 3, 4, 9, 10, 12, 13, 27, 28, 30, 31, 36, 37, 39, 40, 84, 87, 88, 93, 94, 96, 97, 111, 112, 114, 115, 121, 123, 124, 169, 204]]
[252, 2.97636, [0, 1, 3, 4, 9, 10, 12, 13, 27, 28, 30, 31, 36, 37, 39, 40, 84, 87, 88, 93, 94, 96, 97, 111, 112, 114, 120, 121, 123, 124, 169, 199]]
[252, 2.9763, [0, 1, 3, 4, 9, 10, 12, 13, 27, 28, 30, 31, 36, 37, 39, 40, 84, 87, 88, 93, 94, 96, 97, 111, 112, 115, 120, 121, 123, 124, 169, 198]]
[252, 2.97618, [0, 1, 3, 4, 9, 10, 12, 13, 27, 28, 30, 31, 36, 37, 39, 40, 84, 87, 88, 93, 94, 96, 97, 111, 114, 115, 120, 121, 123, 124, 169, 196]]
[252, 2.98053, [0, 1, 3, 4, 9, 10, 12, 13, 27, 28, 30, 31, 36, 37, 39, 40, 84, 87, 88, 93, 94, 96, 97, 112, 113, 115, 116, 121, 122, 124, 125, 169]]
[252, 2.97611, [0, 1, 3, 4, 9, 10, 12, 13, 27, 28, 30, 31, 36, 37, 39, 40, 84, 87, 88, 93, 94, 96, 97, 112, 114, 115, 120, 121, 123, 124, 169, 195]]
[252, 2.98678, [0, 1, 3, 4, 9, 10, 12, 13, 27, 28, 30, 31, 36, 37, 39, 40, 85, 86, 88, 89, 94, 95, 97, 98, 112, 113, 115, 116, 121, 122, 124, 125]]
[252, 2.98114, [0, 1, 3, 4, 9, 10, 12, 13, 27, 28, 30, 31, 36, 37, 39, 40, 85, 87, 88, 93, 94, 96, 97, 111, 112, 114, 115, 120, 121, 123, 124, 168]]
[252, 2.97673, [0, 1, 3, 4, 9, 10, 12, 13, 27, 28, 30, 31, 36, 37, 39, 40, 85, 87, 88, 93, 94, 96, 97, 111, 112, 114, 115, 120, 121, 123, 168, 208]]
[252, 2.97668, [0, 1, 3, 4, 9, 10, 12, 13, 27, 28, 30, 31, 36, 37, 39, 40, 85, 87, 88, 93, 94, 96, 97, 111, 112, 114, 115, 120, 121, 124, 168, 207]]
[252, 2.97658, [0, 1, 3, 4, 9, 10, 12, 13, 27, 28, 30, 31, 36, 37, 39, 40, 85, 87, 88, 93, 94, 96, 97, 111, 112, 114, 115, 120, 123, 124, 168, 205]]
[252, 2.97653, [0, 1, 3, 4, 9, 10, 12, 13, 27, 28, 30, 31, 36, 37, 39, 40, 85, 87, 88, 93, 94, 96, 97, 111, 112, 114, 115, 121, 123, 124, 168, 204]]
[252, 2.97624, [0, 1, 3, 4, 9, 10, 12, 13, 27, 28, 30, 31, 36, 37, 39, 40, 85, 87, 88, 93, 94, 96, 97, 111, 112, 114, 120, 121, 123, 124, 168, 199]]
[252, 2.97618, [0, 1, 3, 4, 9, 10, 12, 13, 27, 28, 30, 31, 36, 37, 39, 40, 85, 87, 88, 93, 94, 96, 97, 111, 112, 115, 120, 121, 123, 124, 168, 198]]
[252, 2.97606, [0, 1, 3, 4, 9, 10, 12, 13, 27, 28, 30, 31, 36, 37, 39, 40, 85, 87, 88, 93, 94, 96, 97, 111, 114, 115, 120, 121, 123, 124, 168, 196]]
[252, 2.98041, [0, 1, 3, 4, 9, 10, 12, 13, 27, 28, 30, 31, 36, 37, 39, 40, 85, 87, 88, 93, 94, 96, 97, 112, 113, 115, 116, 121, 122, 124, 125, 168]]
[252, 2.97599, [0, 1, 3, 4, 9, 10, 12, 13, 27, 28, 30, 31, 36, 37, 39, 40, 85, 87, 88, 93, 94, 96, 97, 112, 114, 115, 120, 121, 123, 124, 168, 195]]
[252, 2.98256, [0, 1, 3, 4, 9, 10, 12, 13, 28, 29, 31, 32, 37, 38, 40, 41, 83, 84, 86, 87, 92, 93, 95, 96, 110, 111, 113, 114, 119, 120, 122, 123]]
[252, 2.98181, [0, 1, 3, 4, 9, 10, 12, 13, 28, 29, 31, 32, 37, 38, 40, 41, 83, 84, 86, 87, 92, 93, 95, 96, 111, 112, 114, 115, 120, 121, 123, 124]]
[252, 2.98159, [0, 1, 3, 4, 9, 10, 12, 13, 28, 29, 31, 32, 37, 38, 40, 41, 83, 85, 86, 88, 92, 94, 95, 97, 110, 112, 113, 115, 119, 121, 122, 124]]
[252, 2.97702, [0, 1, 3, 4, 9, 10, 12, 13, 28, 29, 31, 32, 37, 38, 40, 41, 83, 85, 86, 88, 92, 94, 95, 97, 110, 112, 113, 115, 119, 122, 124, 205]]
[252, 2.97669, [0, 1, 3, 4, 9, 10, 12, 13, 28, 29, 31, 32, 37, 38, 40, 41, 83, 85, 86, 88, 92, 94, 95, 97, 110, 112, 113, 119, 121, 122, 124, 199]]
[252, 2.9765, [0, 1, 3, 4, 9, 10, 12, 13, 28, 29, 31, 32, 37, 38, 40, 41, 83, 85, 86, 88, 92, 94, 95, 97, 110, 113, 115, 119, 121, 122, 124, 196]]
[252, 2.9806, [0, 1, 3, 4, 9, 10, 12, 13, 28, 29, 31, 32, 37, 38, 40, 41, 84, 85, 87, 88, 93, 94, 96, 97, 111, 112, 114, 115, 120, 121, 123, 124]]
[252, 2.97986, [0, 1, 3, 4, 9, 10, 12, 13, 28, 29, 31, 32, 37, 38, 40, 41, 84, 85, 87, 88, 93, 94, 96, 97, 112, 113, 115, 116, 121, 122, 124, 125]]
[252, 2.9755, [0, 1, 3, 4, 9, 10, 12, 13, 28, 29, 31, 32, 37, 38, 40, 41, 84, 85, 87, 88, 93, 94, 96, 97, 112, 113, 115, 116, 121, 122, 124, 209]]
[252, 2.97545, [0, 1, 3, 4, 9, 10, 12, 13, 28, 29, 31, 32, 37, 38, 40, 41, 84, 85, 87, 88, 93, 94, 96, 97, 112, 113, 115, 116, 121, 122, 125, 208]]
[252, 2.97535, [0, 1, 3, 4, 9, 10, 12, 13, 28, 29, 31, 32, 37, 38, 40, 41, 84, 85, 87, 88, 93, 94, 96, 97, 112, 113, 115, 116, 121, 124, 125, 206]]
[252, 2.9753, [0, 1, 3, 4, 9, 10, 12, 13, 28, 29, 31, 32, 37, 38, 40, 41, 84, 85, 87, 88, 93, 94, 96, 97, 112, 113, 115, 116, 122, 124, 125, 205]]
[252, 2.97964, [0, 1, 3, 4, 9, 10, 12, 13, 28, 29, 31, 32, 37, 38, 40, 41, 84, 86, 87, 89, 93, 95, 96, 98, 111, 113, 114, 116, 120, 122, 123, 125]]
[252, 2.97867, [0, 1, 3, 4, 9, 10, 12, 13, 28, 29, 31, 32, 37, 38, 40, 41, 85, 86, 88, 89, 94, 95, 97, 98, 112, 113, 115, 116, 121, 122, 124, 125]]
[252, 2.97578, [0, 1, 3, 4, 9, 10, 12, 13, 28, 29, 31, 32, 38, 39, 41, 42, 85, 86, 88, 89, 94, 95, 97, 98, 112, 113, 115, 116, 121, 122, 124, 125]]

Search completed in 27 hours, 45 minutes, and 39.146 seconds.  Enter a string to quit.