Enter an integer k for which our Kempner sets are k-free: 3
Enter a positive integer modulus b: 165
Enter estimation parameters, or * for pre-computed parameters ([0.0753, 1.0584, 1.3878]): *
Enter a threshold (e.g. 4.2) to determine printed output: 2.87
Enter a root for the search space (e.g. [0, 1, 2]) [or * for the root [0]]: *
Enter an upper bound for the size of allowable digit sets [or * to ignore]: 28
Enter a maximal number of deviations from a greedy search [or * to ignore]: *
Searching for k-free sets mod b...

[165, 2.87489, [0, 1, 3, 4, 9, 10, 12, 13, 27, 28, 30, 31, 36, 37, 75, 76, 78, 79, 117, 118, 132, 133]]
[165, 2.87674, [0, 1, 3, 4, 9, 10, 12, 13, 27, 28, 30, 31, 38, 65, 68, 70, 74, 79, 81, 82, 114, 116]]
[165, 2.87586, [0, 1, 3, 4, 9, 10, 12, 13, 27, 28, 30, 31, 38, 65, 68, 70, 78, 79, 81, 82, 114, 116]]
[165, 2.87152, [0, 1, 3, 4, 9, 10, 12, 13, 27, 28, 30, 34, 35, 39, 49, 62, 73, 76, 81, 82, 147]]
[165, 2.87088, [0, 1, 3, 4, 9, 10, 12, 13, 27, 28, 30, 34, 35, 39, 49, 62, 73, 79, 81, 82, 147]]
[165, 2.87535, [0, 1, 3, 4, 9, 10, 12, 13, 27, 28, 30, 36, 37, 49, 58, 75, 76, 78, 82, 100, 117, 132]]
[165, 2.87327, [0, 1, 3, 4, 9, 10, 12, 13, 27, 28, 31, 33, 36, 40, 48, 64, 74, 75, 81, 82, 106]]
[165, 2.87495, [0, 1, 3, 4, 9, 10, 12, 13, 27, 28, 31, 36, 37, 48, 57, 75, 76, 79, 81, 99, 118, 133]]
[165, 2.88019, [0, 1, 3, 4, 9, 10, 12, 13, 27, 28, 32, 33, 35, 40, 49, 59, 72, 73, 75, 81, 82]]
[165, 2.87995, [0, 1, 3, 4, 9, 10, 12, 13, 27, 28, 32, 33, 35, 40, 49, 59, 72, 74, 75, 81, 82]]
[165, 2.9055, [0, 1, 3, 4, 9, 10, 12, 13, 27, 28, 32, 33, 35, 48, 49, 59, 72, 73, 75, 76, 81, 82]]
[165, 2.87636, [0, 1, 3, 4, 9, 10, 12, 13, 27, 28, 32, 33, 35, 48, 49, 59, 72, 73, 75, 76, 82]]
[165, 2.87037, [0, 1, 3, 4, 9, 10, 12, 13, 27, 28, 32, 33, 35, 48, 49, 59, 72, 73, 75, 76, 129]]
[165, 2.90505, [0, 1, 3, 4, 9, 10, 12, 13, 27, 28, 32, 33, 35, 48, 49, 59, 72, 73, 75, 79, 80, 82]]
[165, 2.90486, [0, 1, 3, 4, 9, 10, 12, 13, 27, 28, 32, 33, 35, 48, 49, 59, 72, 73, 75, 79, 81, 82]]
[165, 2.87572, [0, 1, 3, 4, 9, 10, 12, 13, 27, 28, 32, 33, 35, 48, 49, 59, 72, 73, 75, 79, 82]]
[165, 2.87571, [0, 1, 3, 4, 9, 10, 12, 13, 27, 28, 32, 33, 35, 48, 49, 59, 72, 73, 75, 80, 81]]
[165, 2.87552, [0, 1, 3, 4, 9, 10, 12, 13, 27, 28, 32, 33, 35, 48, 49, 59, 72, 73, 75, 80, 82]]
[165, 2.87532, [0, 1, 3, 4, 9, 10, 12, 13, 27, 28, 32, 33, 35, 48, 49, 59, 72, 73, 75, 81, 82]]
[165, 2.90484, [0, 1, 3, 4, 9, 10, 12, 13, 27, 28, 32, 33, 35, 48, 49, 59, 72, 73, 76, 78, 81, 82]]
[165, 2.87571, [0, 1, 3, 4, 9, 10, 12, 13, 27, 28, 32, 33, 35, 48, 49, 59, 72, 73, 76, 78, 82]]
[165, 2.8751, [0, 1, 3, 4, 9, 10, 12, 13, 27, 28, 32, 33, 35, 48, 49, 59, 72, 73, 76, 81, 82]]
[165, 2.87588, [0, 1, 3, 4, 9, 10, 12, 13, 27, 28, 32, 33, 35, 48, 49, 59, 72, 73, 77, 78, 80]]
[165, 2.87567, [0, 1, 3, 4, 9, 10, 12, 13, 27, 28, 32, 33, 35, 48, 49, 59, 72, 73, 77, 79, 80]]
[165, 2.9042, [0, 1, 3, 4, 9, 10, 12, 13, 27, 28, 32, 33, 35, 48, 49, 59, 72, 73, 78, 79, 81, 82]]
[165, 2.87507, [0, 1, 3, 4, 9, 10, 12, 13, 27, 28, 32, 33, 35, 48, 49, 59, 72, 73, 78, 79, 82]]
[165, 2.87506, [0, 1, 3, 4, 9, 10, 12, 13, 27, 28, 32, 33, 35, 48, 49, 59, 72, 73, 78, 80, 81]]
[165, 2.87467, [0, 1, 3, 4, 9, 10, 12, 13, 27, 28, 32, 33, 35, 48, 49, 59, 72, 73, 78, 81, 82]]
[165, 2.87466, [0, 1, 3, 4, 9, 10, 12, 13, 27, 28, 32, 33, 35, 48, 49, 59, 72, 73, 79, 80, 82]]
[165, 2.87446, [0, 1, 3, 4, 9, 10, 12, 13, 27, 28, 32, 33, 35, 48, 49, 59, 72, 73, 79, 81, 82]]
[165, 2.8761, [0, 1, 3, 4, 9, 10, 12, 13, 27, 28, 32, 33, 35, 48, 49, 59, 72, 74, 75, 77, 81]]
[165, 2.90482, [0, 1, 3, 4, 9, 10, 12, 13, 27, 28, 32, 33, 35, 48, 49, 59, 72, 74, 75, 79, 80, 82]]
[165, 2.90462, [0, 1, 3, 4, 9, 10, 12, 13, 27, 28, 32, 33, 35, 48, 49, 59, 72, 74, 75, 79, 81, 82]]
[165, 2.87549, [0, 1, 3, 4, 9, 10, 12, 13, 27, 28, 32, 33, 35, 48, 49, 59, 72, 74, 75, 79, 82]]
[165, 2.87548, [0, 1, 3, 4, 9, 10, 12, 13, 27, 28, 32, 33, 35, 48, 49, 59, 72, 74, 75, 80, 81]]
[165, 2.87529, [0, 1, 3, 4, 9, 10, 12, 13, 27, 28, 32, 33, 35, 48, 49, 59, 72, 74, 75, 80, 82]]
[165, 2.87509, [0, 1, 3, 4, 9, 10, 12, 13, 27, 28, 32, 33, 35, 48, 49, 59, 72, 74, 75, 81, 82]]
[165, 2.87545, [0, 1, 3, 4, 9, 10, 12, 13, 27, 28, 32, 33, 35, 48, 49, 59, 72, 74, 77, 78, 81]]
[165, 2.87503, [0, 1, 3, 4, 9, 10, 12, 13, 27, 28, 32, 33, 35, 48, 49, 59, 72, 74, 78, 79, 81]]
[165, 2.87483, [0, 1, 3, 4, 9, 10, 12, 13, 27, 28, 32, 33, 35, 48, 49, 59, 72, 74, 78, 80, 81]]
[165, 2.87443, [0, 1, 3, 4, 9, 10, 12, 13, 27, 28, 32, 33, 35, 48, 49, 59, 72, 74, 79, 80, 82]]
[165, 2.87423, [0, 1, 3, 4, 9, 10, 12, 13, 27, 28, 32, 33, 35, 48, 49, 59, 72, 74, 79, 81, 82]]
[165, 2.87523, [0, 1, 3, 4, 9, 10, 12, 13, 27, 28, 32, 33, 35, 48, 49, 59, 72, 75, 76, 79, 81]]
[165, 2.87464, [0, 1, 3, 4, 9, 10, 12, 13, 27, 28, 32, 33, 35, 48, 49, 59, 72, 75, 76, 81, 82]]
[165, 2.87481, [0, 1, 3, 4, 9, 10, 12, 13, 27, 28, 32, 33, 35, 48, 49, 59, 72, 75, 77, 80, 81]]
[165, 2.8742, [0, 1, 3, 4, 9, 10, 12, 13, 27, 28, 32, 33, 35, 48, 49, 59, 72, 75, 79, 80, 82]]
[165, 2.874, [0, 1, 3, 4, 9, 10, 12, 13, 27, 28, 32, 33, 35, 48, 49, 59, 72, 75, 79, 81, 82]]
[165, 2.87458, [0, 1, 3, 4, 9, 10, 12, 13, 27, 28, 32, 33, 35, 48, 49, 59, 72, 76, 78, 79, 81]]
[165, 2.87399, [0, 1, 3, 4, 9, 10, 12, 13, 27, 28, 32, 33, 35, 48, 49, 59, 72, 76, 78, 81, 82]]
[165, 2.87416, [0, 1, 3, 4, 9, 10, 12, 13, 27, 28, 32, 33, 35, 48, 49, 59, 72, 77, 78, 80, 81]]
[165, 2.87335, [0, 1, 3, 4, 9, 10, 12, 13, 27, 28, 32, 33, 35, 48, 49, 59, 72, 78, 79, 81, 82]]
[165, 2.87545, [0, 1, 3, 4, 9, 10, 12, 13, 27, 28, 32, 33, 35, 48, 49, 59, 73, 74, 76, 77, 82]]
[165, 2.87502, [0, 1, 3, 4, 9, 10, 12, 13, 27, 28, 32, 33, 35, 48, 49, 59, 73, 74, 76, 80, 81]]
[165, 2.87483, [0, 1, 3, 4, 9, 10, 12, 13, 27, 28, 32, 33, 35, 48, 49, 59, 73, 74, 76, 80, 82]]
[165, 2.87463, [0, 1, 3, 4, 9, 10, 12, 13, 27, 28, 32, 33, 35, 48, 49, 59, 73, 74, 76, 81, 82]]
[165, 2.87481, [0, 1, 3, 4, 9, 10, 12, 13, 27, 28, 32, 33, 35, 48, 49, 59, 73, 74, 77, 79, 82]]
[165, 2.87479, [0, 1, 3, 4, 9, 10, 12, 13, 27, 28, 32, 33, 35, 48, 49, 59, 73, 74, 78, 79, 81]]
[165, 2.87459, [0, 1, 3, 4, 9, 10, 12, 13, 27, 28, 32, 33, 35, 48, 49, 59, 73, 74, 78, 80, 81]]
[165, 2.87419, [0, 1, 3, 4, 9, 10, 12, 13, 27, 28, 32, 33, 35, 48, 49, 59, 73, 74, 79, 80, 82]]
[165, 2.87399, [0, 1, 3, 4, 9, 10, 12, 13, 27, 28, 32, 33, 35, 48, 49, 59, 73, 74, 79, 81, 82]]
[165, 2.87501, [0, 1, 3, 4, 9, 10, 12, 13, 27, 28, 32, 33, 35, 48, 49, 59, 73, 75, 76, 78, 82]]
[165, 2.87479, [0, 1, 3, 4, 9, 10, 12, 13, 27, 28, 32, 33, 35, 48, 49, 59, 73, 75, 76, 80, 81]]
[165, 2.8746, [0, 1, 3, 4, 9, 10, 12, 13, 27, 28, 32, 33, 35, 48, 49, 59, 73, 75, 76, 80, 82]]
[165, 2.8744, [0, 1, 3, 4, 9, 10, 12, 13, 27, 28, 32, 33, 35, 48, 49, 59, 73, 75, 76, 81, 82]]
[165, 2.87437, [0, 1, 3, 4, 9, 10, 12, 13, 27, 28, 32, 33, 35, 48, 49, 59, 73, 75, 78, 79, 82]]
[165, 2.87396, [0, 1, 3, 4, 9, 10, 12, 13, 27, 28, 32, 33, 35, 48, 49, 59, 73, 75, 79, 80, 82]]
[165, 2.87376, [0, 1, 3, 4, 9, 10, 12, 13, 27, 28, 32, 33, 35, 48, 49, 59, 73, 75, 79, 81, 82]]
[165, 2.87416, [0, 1, 3, 4, 9, 10, 12, 13, 27, 28, 32, 33, 35, 48, 49, 59, 73, 76, 77, 80, 82]]
[165, 2.87375, [0, 1, 3, 4, 9, 10, 12, 13, 27, 28, 32, 33, 35, 48, 49, 59, 73, 76, 78, 81, 82]]
[165, 2.87352, [0, 1, 3, 4, 9, 10, 12, 13, 27, 28, 32, 33, 35, 48, 49, 59, 73, 77, 79, 80, 82]]
[165, 2.87311, [0, 1, 3, 4, 9, 10, 12, 13, 27, 28, 32, 33, 35, 48, 49, 59, 73, 78, 79, 81, 82]]
[165, 2.87395, [0, 1, 3, 4, 9, 10, 12, 13, 27, 28, 32, 33, 35, 48, 49, 59, 74, 75, 77, 81, 82]]
[165, 2.87373, [0, 1, 3, 4, 9, 10, 12, 13, 27, 28, 32, 33, 35, 48, 49, 59, 74, 75, 79, 80, 82]]
[165, 2.87353, [0, 1, 3, 4, 9, 10, 12, 13, 27, 28, 32, 33, 35, 48, 49, 59, 74, 75, 79, 81, 82]]
[165, 2.87373, [0, 1, 3, 4, 9, 10, 12, 13, 27, 28, 32, 33, 35, 48, 49, 59, 74, 76, 77, 81, 82]]
[165, 2.87063, [0, 1, 3, 4, 9, 10, 12, 13, 27, 28, 32, 33, 35, 48, 49, 72, 73, 75, 76, 81, 82]]
[165, 2.8896, [0, 1, 3, 4, 9, 10, 12, 13, 27, 28, 32, 33, 35, 48, 59, 71, 73, 74, 78, 80, 81, 131]]
[165, 2.88341, [0, 1, 3, 4, 9, 10, 12, 13, 27, 28, 32, 33, 35, 48, 59, 71, 73, 74, 80, 81, 122, 131]]
[165, 2.89007, [0, 1, 3, 4, 9, 10, 12, 13, 27, 28, 32, 33, 35, 49, 59, 68, 73, 75, 76, 80, 81, 131]]
[165, 2.88237, [0, 1, 3, 4, 9, 10, 12, 13, 27, 28, 32, 33, 35, 49, 59, 68, 78, 79, 81, 82, 119, 120]]
[165, 2.87597, [0, 1, 3, 4, 9, 10, 12, 13, 27, 28, 32, 33, 35, 49, 59, 68, 78, 80, 81, 119, 120, 131]]
[165, 2.87281, [0, 1, 3, 4, 9, 10, 12, 13, 27, 28, 32, 33, 35, 49, 68, 73, 74, 76, 77, 128, 129, 131]]
[165, 2.89215, [0, 1, 3, 4, 9, 10, 12, 13, 27, 28, 32, 33, 48, 49, 58, 59, 72, 73, 75, 76, 81, 82]]
[165, 2.88593, [0, 1, 3, 4, 9, 10, 12, 13, 27, 28, 32, 33, 48, 49, 58, 59, 72, 73, 75, 76, 82, 129]]
[165, 2.89171, [0, 1, 3, 4, 9, 10, 12, 13, 27, 28, 32, 33, 48, 49, 58, 59, 72, 73, 75, 79, 80, 82]]
[165, 2.89151, [0, 1, 3, 4, 9, 10, 12, 13, 27, 28, 32, 33, 48, 49, 58, 59, 72, 73, 75, 79, 81, 82]]
[165, 2.88529, [0, 1, 3, 4, 9, 10, 12, 13, 27, 28, 32, 33, 48, 49, 58, 59, 72, 73, 75, 79, 82, 129]]
[165, 2.8915, [0, 1, 3, 4, 9, 10, 12, 13, 27, 28, 32, 33, 48, 49, 58, 59, 72, 73, 76, 78, 81, 82]]
[165, 2.89086, [0, 1, 3, 4, 9, 10, 12, 13, 27, 28, 32, 33, 48, 49, 58, 59, 72, 73, 78, 79, 81, 82]]
[165, 2.89147, [0, 1, 3, 4, 9, 10, 12, 13, 27, 28, 32, 33, 48, 49, 58, 59, 72, 74, 75, 79, 80, 82]]
[165, 2.89128, [0, 1, 3, 4, 9, 10, 12, 13, 27, 28, 32, 33, 48, 49, 58, 59, 72, 74, 75, 79, 81, 82]]
[165, 2.88506, [0, 1, 3, 4, 9, 10, 12, 13, 27, 28, 32, 33, 48, 49, 58, 59, 72, 74, 75, 79, 82, 129]]
[165, 2.88502, [0, 1, 3, 4, 9, 10, 12, 13, 27, 28, 32, 33, 48, 49, 58, 59, 73, 74, 76, 77, 82, 129]]
[165, 2.88438, [0, 1, 3, 4, 9, 10, 12, 13, 27, 28, 32, 33, 48, 49, 58, 59, 73, 74, 77, 79, 82, 129]]
[165, 2.88864, [0, 1, 3, 4, 9, 10, 12, 13, 27, 28, 32, 33, 48, 49, 59, 67, 72, 73, 76, 78, 81, 82]]
[165, 2.88155, [0, 1, 3, 4, 9, 10, 12, 13, 27, 28, 32, 33, 48, 49, 59, 67, 72, 73, 78, 81, 82, 127]]
[165, 2.88216, [0, 1, 3, 4, 9, 10, 12, 13, 27, 28, 32, 33, 48, 49, 59, 67, 73, 74, 76, 77, 82, 129]]
[165, 2.88575, [0, 1, 3, 4, 9, 10, 12, 13, 27, 28, 32, 33, 48, 58, 59, 67, 71, 72, 74, 79, 80, 82]]
[165, 2.88467, [0, 1, 3, 4, 9, 10, 12, 13, 27, 28, 32, 33, 48, 58, 59, 67, 71, 72, 78, 79, 81, 82]]
[165, 2.87591, [0, 1, 3, 4, 9, 10, 12, 13, 27, 28, 32, 33, 48, 58, 59, 71, 72, 78, 79, 81, 82, 121]]
[165, 2.88434, [0, 1, 3, 4, 9, 10, 12, 13, 27, 28, 32, 34, 35, 39, 48, 49, 72, 73, 76, 81, 82]]
[165, 2.8839, [0, 1, 3, 4, 9, 10, 12, 13, 27, 28, 32, 34, 35, 39, 48, 49, 72, 73, 79, 80, 82]]
[165, 2.87925, [0, 1, 3, 4, 9, 10, 12, 13, 27, 28, 32, 34, 35, 39, 48, 49, 72, 73, 79, 80, 115]]
[165, 2.88371, [0, 1, 3, 4, 9, 10, 12, 13, 27, 28, 32, 34, 35, 39, 48, 49, 72, 73, 79, 81, 82]]
[165, 2.87905, [0, 1, 3, 4, 9, 10, 12, 13, 27, 28, 32, 34, 35, 39, 48, 49, 72, 73, 79, 81, 115]]
[165, 2.87287, [0, 1, 3, 4, 9, 10, 12, 13, 27, 28, 32, 34, 35, 39, 48, 49, 72, 73, 79, 115, 129]]
[165, 2.87885, [0, 1, 3, 4, 9, 10, 12, 13, 27, 28, 32, 34, 35, 39, 48, 49, 72, 73, 80, 81, 115]]
[165, 2.88471, [0, 1, 3, 4, 9, 10, 12, 13, 27, 28, 32, 35, 48, 49, 59, 62, 72, 73, 77, 78, 80, 104]]
[165, 2.88379, [0, 1, 3, 4, 9, 10, 12, 13, 27, 28, 32, 35, 48, 49, 59, 65, 72, 73, 77, 78, 80, 104]]
[165, 2.88279, [0, 1, 3, 4, 9, 10, 12, 13, 27, 28, 32, 35, 48, 49, 62, 65, 72, 73, 77, 78, 80, 104]]
[165, 2.87437, [0, 1, 3, 4, 9, 10, 12, 13, 27, 28, 32, 35, 48, 49, 62, 65, 73, 74, 77, 78, 104, 149]]
[165, 2.88408, [0, 1, 3, 4, 9, 10, 12, 13, 27, 28, 33, 35, 36, 40, 48, 49, 64, 73, 74, 78, 81]]
[165, 2.88282, [0, 1, 3, 4, 9, 10, 12, 13, 27, 28, 33, 35, 36, 40, 48, 49, 64, 74, 75, 81, 82]]
[165, 2.8725, [0, 1, 3, 4, 9, 10, 12, 13, 27, 28, 33, 35, 40, 48, 49, 59, 64, 72, 73, 75, 81]]
[165, 2.90118, [0, 1, 3, 4, 9, 10, 12, 13, 27, 28, 33, 35, 40, 48, 49, 59, 64, 72, 74, 75, 81, 82]]
[165, 2.87208, [0, 1, 3, 4, 9, 10, 12, 13, 27, 28, 33, 35, 40, 48, 49, 59, 64, 72, 74, 75, 82]]
[165, 2.87082, [0, 1, 3, 4, 9, 10, 12, 13, 27, 28, 33, 35, 40, 48, 49, 59, 64, 72, 74, 81, 82]]
[165, 2.87059, [0, 1, 3, 4, 9, 10, 12, 13, 27, 28, 33, 35, 40, 48, 49, 59, 64, 72, 75, 81, 82]]
[165, 2.88398, [0, 1, 3, 4, 9, 10, 12, 13, 27, 28, 33, 35, 40, 48, 59, 64, 72, 74, 75, 81, 82, 142]]
[165, 2.87882, [0, 1, 3, 4, 9, 10, 12, 13, 27, 28, 33, 35, 48, 49, 59, 64, 72, 75, 76, 81, 82, 133]]
[165, 2.87817, [0, 1, 3, 4, 9, 10, 12, 13, 27, 28, 33, 35, 48, 49, 59, 64, 72, 76, 78, 81, 82, 133]]
[165, 2.87064, [0, 1, 3, 4, 9, 10, 12, 13, 27, 28, 33, 40, 48, 58, 59, 64, 72, 74, 75, 81, 82, 142]]
[165, 2.87541, [0, 1, 3, 4, 9, 10, 12, 13, 27, 28, 36, 37, 48, 49, 57, 58, 75, 76, 81, 82, 99, 100]]
[165, 2.87065, [0, 1, 3, 4, 9, 10, 12, 13, 27, 29, 30, 34, 36, 40, 52, 61, 66, 73, 78, 81, 148]]
[165, 2.88512, [0, 1, 3, 4, 9, 10, 12, 13, 27, 29, 30, 34, 40, 52, 62, 63, 66, 73, 78, 81, 82, 148]]
[165, 2.88122, [0, 1, 3, 4, 9, 10, 12, 13, 27, 29, 30, 34, 52, 61, 62, 66, 69, 73, 78, 79, 81, 82]]
[165, 2.873, [0, 1, 3, 4, 9, 10, 12, 13, 27, 29, 30, 34, 52, 61, 62, 66, 69, 73, 79, 81, 82, 147]]
[165, 2.88294, [0, 1, 3, 4, 9, 10, 12, 13, 27, 29, 33, 34, 38, 40, 52, 60, 69, 74, 81, 112, 130, 141]]
[165, 2.87897, [0, 1, 3, 4, 9, 10, 12, 13, 27, 29, 34, 38, 40, 52, 60, 69, 74, 81, 112, 118, 130, 132, 141]]
[165, 2.87619, [0, 1, 3, 4, 9, 10, 12, 13, 27, 31, 32, 34, 38, 43, 47, 71, 79, 80, 97, 107, 116, 119]]
[165, 2.87151, [0, 1, 3, 4, 9, 10, 12, 13, 27, 31, 32, 34, 38, 46, 48, 57, 70, 71, 77, 78, 81]]
[165, 2.87196, [0, 1, 3, 4, 9, 10, 12, 13, 27, 31, 32, 34, 43, 48, 66, 71, 72, 75, 80, 81, 97, 145]]
[165, 2.87405, [0, 1, 3, 4, 9, 10, 12, 13, 27, 31, 32, 34, 46, 48, 66, 71, 72, 75, 77, 81, 97, 109]]
[165, 2.88408, [0, 1, 3, 4, 9, 10, 12, 13, 27, 31, 32, 36, 38, 43, 47, 57, 65, 79, 80, 97, 119, 143]]
[165, 2.88655, [0, 1, 3, 4, 9, 10, 12, 13, 27, 31, 32, 36, 43, 47, 48, 56, 66, 75, 78, 79, 97, 121]]
[165, 2.87459, [0, 1, 3, 4, 9, 10, 12, 13, 27, 31, 32, 36, 43, 47, 48, 66, 75, 78, 80, 97, 115, 121]]
[165, 2.87408, [0, 1, 3, 4, 9, 10, 12, 13, 27, 33, 36, 43, 47, 48, 52, 55, 64, 70, 75, 78, 79, 151]]
[165, 2.87755, [0, 1, 3, 4, 9, 10, 12, 13, 27, 34, 35, 38, 39, 47, 48, 52, 71, 79, 80, 97, 99, 116]]
[165, 2.87449, [0, 1, 3, 4, 9, 10, 12, 13, 28, 29, 31, 36, 37, 39, 51, 76, 79, 80, 96, 117, 118, 133]]
[165, 2.8784, [0, 1, 3, 4, 9, 10, 12, 13, 28, 29, 32, 38, 42, 50, 59, 65, 69, 70, 77, 78, 82, 148]]
[165, 2.87285, [0, 1, 3, 4, 9, 10, 12, 13, 28, 30, 36, 38, 45, 49, 58, 61, 65, 74, 79, 82, 96, 114]]
[165, 2.88345, [0, 1, 3, 4, 9, 10, 12, 13, 28, 32, 33, 35, 45, 48, 49, 59, 71, 72, 74, 75, 82, 127]]
[165, 2.87267, [0, 1, 3, 4, 9, 10, 12, 13, 29, 32, 39, 40, 42, 43, 50, 53, 59, 62, 98, 101, 116, 119]]
[165, 2.87485, [0, 1, 3, 4, 9, 10, 12, 22, 25, 26, 29, 31, 56, 63, 64, 67, 68, 74, 77, 79, 82, 113, 137]]
[165, 2.87404, [0, 1, 3, 4, 9, 10, 12, 22, 26, 27, 31, 33, 38, 46, 47, 55, 69, 71, 74, 78, 81, 113]]

Search completed in 0 hours, 29 minutes, and 32.688 seconds.  Enter a string to quit.