Enter an integer k for which our Kempner sets are k-free: 3
Enter a positive integer modulus b: 147
Enter estimation parameters, or * for pre-computed parameters ([0.0735, 1.0784, 1.3505]): *
Enter a threshold (e.g. 4.2) to determine printed output: 2.85
Enter a root for the search space (e.g. [0, 1, 2]) [or * for the root [0]]: *
Enter an upper bound for the size of allowable digit sets [or * to ignore]: *
Enter a maximal number of deviations from a greedy search [or * to ignore]: *
Searching for k-free sets mod b...

[147, 2.85081, [0, 1, 3, 4, 9, 10, 12, 13, 27, 28, 30, 36, 40, 61, 64, 65, 73, 97, 99, 114]]
[147, 2.85143, [0, 1, 3, 4, 9, 10, 12, 13, 27, 28, 30, 36, 40, 61, 65, 66, 73, 91, 97, 114]]
[147, 2.85246, [0, 1, 3, 4, 9, 10, 12, 13, 27, 28, 32, 33, 35, 40, 49, 59, 72, 73, 102]]
[147, 2.85117, [0, 1, 3, 4, 9, 10, 12, 13, 27, 28, 32, 34, 35, 39, 49, 62, 72, 73, 102]]
[147, 2.85974, [0, 1, 3, 4, 9, 10, 12, 13, 27, 28, 32, 35, 39, 48, 59, 62, 71, 73, 113, 131]]
[147, 2.85108, [0, 1, 3, 4, 9, 10, 12, 13, 27, 28, 32, 35, 39, 48, 59, 62, 73, 113, 129, 131]]
[147, 2.85182, [0, 1, 3, 4, 9, 10, 12, 13, 27, 28, 35, 36, 39, 40, 48, 49, 64, 73, 90]]
[147, 2.87042, [0, 1, 3, 4, 9, 10, 12, 13, 27, 28, 35, 39, 40, 48, 49, 62, 64, 72, 73, 90]]
[147, 2.85633, [0, 1, 3, 4, 9, 10, 12, 13, 27, 28, 35, 39, 40, 49, 62, 64, 72, 73, 90, 102]]
[147, 2.85553, [0, 1, 3, 4, 9, 10, 12, 13, 27, 29, 30, 32, 38, 40, 43, 62, 65, 69, 116]]
[147, 2.86623, [0, 1, 3, 4, 9, 10, 12, 13, 27, 29, 30, 32, 38, 43, 62, 65, 69, 71, 116, 131]]
[147, 2.86536, [0, 1, 3, 4, 9, 10, 12, 13, 27, 29, 30, 32, 38, 43, 62, 68, 69, 71, 116, 131]]
[147, 2.85241, [0, 1, 3, 4, 9, 10, 12, 13, 27, 29, 30, 32, 38, 43, 62, 71, 98, 108, 116, 131]]
[147, 2.85207, [0, 1, 3, 4, 9, 10, 12, 13, 27, 29, 30, 38, 43, 52, 62, 65, 69, 71, 116, 131]]
[147, 2.85549, [0, 1, 3, 4, 9, 10, 12, 13, 27, 29, 30, 38, 43, 52, 62, 65, 70, 71, 98, 116]]
[147, 2.85062, [0, 1, 3, 4, 9, 10, 12, 13, 27, 29, 30, 38, 43, 52, 62, 65, 70, 96, 98, 116]]
[147, 2.85121, [0, 1, 3, 4, 9, 10, 12, 13, 27, 29, 30, 38, 43, 52, 62, 68, 69, 71, 116, 131]]
[147, 2.85198, [0, 1, 3, 4, 9, 10, 12, 13, 27, 29, 30, 38, 43, 61, 62, 65, 70, 71, 98, 116]]
[147, 2.85607, [0, 1, 3, 4, 9, 10, 12, 13, 27, 29, 34, 40, 47, 52, 61, 63, 66, 72, 73, 96]]
[147, 2.85268, [0, 1, 3, 4, 9, 10, 12, 13, 27, 30, 34, 39, 43, 49, 61, 62, 70, 72, 96, 107]]
[147, 2.8613, [0, 1, 3, 4, 9, 10, 12, 13, 27, 31, 32, 34, 38, 40, 43, 47, 57, 69, 88]]
[147, 2.85191, [0, 1, 3, 4, 9, 10, 12, 13, 27, 31, 32, 34, 38, 40, 43, 47, 57, 88, 132]]
[147, 2.86126, [0, 1, 3, 4, 9, 10, 12, 13, 27, 31, 32, 34, 38, 43, 46, 47, 57, 69, 70]]
[147, 2.86474, [0, 1, 3, 4, 9, 10, 12, 13, 27, 31, 32, 34, 38, 43, 47, 70, 71, 88, 98, 107]]
[147, 2.87076, [0, 1, 3, 4, 9, 10, 12, 13, 27, 31, 32, 34, 38, 47, 48, 57, 70, 71, 88, 112]]
[147, 2.88035, [0, 1, 3, 4, 9, 10, 12, 13, 27, 31, 32, 36, 38, 39, 43, 56, 57, 70, 88, 125]]
[147, 2.85109, [0, 1, 3, 4, 9, 10, 12, 13, 27, 31, 32, 36, 38, 39, 43, 56, 57, 70, 125]]
[147, 2.85733, [0, 1, 3, 4, 9, 10, 12, 13, 27, 31, 32, 36, 38, 43, 56, 57, 70, 88, 125, 132]]
[147, 2.86679, [0, 1, 3, 4, 9, 10, 12, 13, 27, 31, 32, 36, 43, 47, 48, 56, 66, 70, 88, 114]]
[147, 2.85232, [0, 1, 3, 4, 9, 10, 12, 13, 27, 31, 33, 34, 38, 40, 60, 69, 88, 101, 103, 123]]
[147, 2.85162, [0, 1, 3, 4, 9, 10, 12, 13, 27, 31, 33, 34, 43, 46, 47, 70, 71, 105, 117, 123]]
[147, 2.85403, [0, 1, 3, 4, 9, 10, 12, 13, 27, 31, 34, 38, 40, 43, 57, 60, 69, 88, 103, 123]]
[147, 2.85226, [0, 1, 3, 4, 9, 10, 12, 13, 27, 31, 34, 39, 40, 43, 48, 60, 88, 90, 103, 129]]
[147, 2.85362, [0, 1, 3, 4, 9, 10, 12, 13, 27, 31, 34, 39, 40, 43, 60, 63, 72, 88, 96, 103]]
[147, 2.85408, [0, 1, 3, 4, 9, 10, 12, 13, 27, 31, 39, 43, 46, 48, 56, 60, 67, 70, 71, 90]]
[147, 2.86877, [0, 1, 3, 4, 9, 10, 12, 13, 27, 34, 35, 39, 40, 47, 48, 52, 63, 72, 73, 88]]
[147, 2.85124, [0, 1, 3, 4, 9, 10, 12, 13, 27, 34, 39, 46, 47, 49, 57, 62, 63, 70, 72, 73]]
[147, 2.85422, [0, 1, 3, 4, 9, 10, 12, 13, 27, 35, 39, 40, 46, 48, 49, 62, 64, 72, 73, 90]]
[147, 2.85167, [0, 1, 3, 4, 9, 10, 12, 13, 28, 29, 32, 40, 42, 50, 59, 62, 66, 69, 116, 130]]
[147, 2.85975, [0, 1, 3, 4, 9, 10, 12, 13, 28, 29, 33, 39, 41, 42, 59, 61, 67, 87, 91, 97]]
[147, 2.851, [0, 1, 3, 4, 9, 10, 12, 13, 28, 29, 36, 38, 41, 42, 51, 65, 87, 91, 103, 110]]
[147, 2.85489, [0, 1, 3, 4, 9, 10, 12, 13, 28, 30, 31, 35, 37, 45, 54, 68, 72, 100, 115, 129]]
[147, 2.85161, [0, 1, 3, 4, 9, 10, 12, 13, 28, 30, 31, 35, 37, 45, 63, 68, 72, 100, 115, 129]]
[147, 2.85288, [0, 1, 3, 4, 9, 10, 12, 13, 28, 30, 33, 39, 40, 42, 49, 61, 87, 91, 102, 130]]
[147, 2.8543, [0, 1, 3, 4, 9, 10, 12, 13, 28, 30, 33, 39, 40, 42, 61, 64, 73, 87, 97, 102]]
[147, 2.86304, [0, 1, 3, 4, 9, 10, 12, 13, 28, 30, 36, 38, 39, 41, 49, 58, 61, 87, 101, 105]]
[147, 2.85497, [0, 1, 3, 4, 9, 10, 12, 13, 28, 30, 36, 38, 39, 41, 49, 61, 87, 91, 101, 105]]
[147, 2.85061, [0, 1, 3, 4, 9, 10, 12, 13, 28, 30, 36, 38, 41, 49, 58, 61, 65, 87, 101, 105]]
[147, 2.86915, [0, 1, 3, 4, 9, 10, 12, 13, 28, 30, 36, 38, 41, 49, 61, 65, 87, 91, 101, 105, 107]]
[147, 2.85943, [0, 1, 3, 4, 9, 10, 12, 13, 28, 30, 36, 38, 41, 49, 65, 87, 91, 101, 105, 107, 110]]
[147, 2.8505, [0, 1, 3, 4, 9, 10, 12, 13, 28, 31, 32, 41, 42, 45, 57, 65, 66, 93, 97, 109]]
[147, 2.85185, [0, 1, 3, 4, 9, 10, 12, 13, 28, 33, 35, 40, 48, 49, 51, 59, 64, 72, 73, 129]]
[147, 2.86456, [0, 1, 3, 4, 9, 10, 12, 13, 29, 30, 32, 38, 42, 43, 53, 62, 65, 69, 70, 132]]
[147, 2.85291, [0, 1, 3, 4, 9, 10, 12, 13, 29, 30, 33, 39, 40, 42, 61, 64, 73, 87, 97, 102]]
[147, 2.85111, [0, 1, 3, 4, 9, 10, 12, 13, 29, 30, 33, 39, 42, 43, 52, 64, 70, 87, 102, 133]]
[147, 2.8521, [0, 1, 3, 4, 9, 10, 12, 13, 29, 31, 36, 42, 44, 47, 56, 64, 66, 67, 73, 114]]
[147, 2.85208, [0, 1, 3, 4, 9, 10, 12, 13, 29, 32, 36, 37, 39, 47, 50, 56, 67, 89, 101, 127]]
[147, 2.85449, [0, 1, 3, 4, 9, 10, 12, 13, 29, 32, 37, 43, 47, 50, 56, 67, 72, 89, 119, 127, 129]]
[147, 2.8531, [0, 1, 3, 4, 9, 10, 12, 13, 29, 32, 37, 43, 47, 53, 56, 67, 72, 89, 119, 127, 129]]
[147, 2.85738, [0, 1, 3, 4, 9, 10, 12, 13, 29, 32, 43, 44, 50, 53, 65, 69, 70, 72, 89, 92, 107]]
[147, 2.8539, [0, 1, 3, 4, 9, 10, 12, 13, 29, 32, 43, 44, 50, 53, 65, 69, 70, 72, 89, 107, 119]]
[147, 2.85135, [0, 1, 3, 4, 9, 10, 12, 13, 29, 35, 36, 40, 42, 52, 53, 56, 65, 73, 87, 89]]
[147, 2.87133, [0, 1, 3, 4, 9, 10, 12, 13, 30, 31, 33, 34, 39, 40, 42, 43, 87, 88, 102, 103]]
[147, 2.85139, [0, 1, 3, 4, 9, 10, 12, 13, 30, 31, 33, 34, 39, 42, 43, 87, 88, 102, 103, 109]]
[147, 2.85076, [0, 1, 3, 4, 9, 10, 12, 13, 30, 31, 33, 34, 40, 42, 43, 87, 88, 102, 103, 108]]
[147, 2.85161, [0, 1, 3, 4, 9, 10, 12, 13, 30, 31, 33, 39, 42, 43, 46, 64, 70, 87, 102, 133]]
[147, 2.85077, [0, 1, 3, 4, 9, 10, 12, 13, 30, 31, 34, 40, 42, 43, 45, 63, 69, 88, 103, 132]]
[147, 2.85387, [0, 1, 3, 4, 9, 10, 12, 13, 30, 31, 35, 41, 43, 46, 54, 63, 64, 68, 71, 131]]
[147, 2.85964, [0, 1, 3, 4, 9, 10, 12, 13, 30, 31, 35, 41, 44, 46, 54, 55, 63, 65, 68, 115]]
[147, 2.85808, [0, 1, 3, 4, 9, 10, 12, 13, 30, 31, 35, 41, 44, 46, 54, 55, 63, 65, 68, 131]]
[147, 2.8522, [0, 1, 3, 4, 9, 10, 12, 13, 30, 32, 38, 42, 43, 45, 49, 62, 65, 69, 70, 132]]
[147, 2.85033, [0, 1, 3, 4, 9, 10, 12, 13, 30, 32, 38, 42, 43, 45, 53, 62, 65, 69, 70, 132]]
[147, 2.88521, [0, 1, 3, 4, 9, 10, 12, 13, 30, 32, 38, 42, 43, 49, 53, 58, 62, 65, 69, 70, 132]]
[147, 2.85187, [0, 1, 3, 4, 9, 10, 12, 13, 30, 32, 38, 42, 43, 49, 53, 58, 62, 65, 69, 132]]
[147, 2.85161, [0, 1, 3, 4, 9, 10, 12, 13, 30, 32, 38, 42, 43, 49, 53, 58, 62, 65, 70, 132]]
[147, 2.85047, [0, 1, 3, 4, 9, 10, 12, 13, 30, 32, 38, 42, 43, 49, 53, 58, 62, 69, 70, 132]]
[147, 2.85493, [0, 1, 3, 4, 9, 10, 12, 13, 30, 35, 37, 38, 42, 43, 52, 53, 55, 87, 88, 108]]
[147, 2.85711, [0, 1, 3, 4, 9, 10, 12, 13, 30, 38, 42, 43, 45, 53, 58, 62, 69, 70, 88, 92, 132]]
[147, 2.85473, [0, 1, 3, 4, 9, 10, 12, 13, 31, 32, 34, 38, 40, 43, 47, 57, 69, 87, 88, 132]]
[147, 2.85171, [0, 1, 3, 4, 9, 10, 12, 13, 31, 32, 34, 39, 40, 42, 43, 57, 87, 88, 103, 120]]
[147, 2.85583, [0, 1, 3, 4, 9, 10, 12, 13, 31, 32, 34, 40, 42, 43, 45, 57, 66, 88, 93, 103]]
[147, 2.8566, [0, 1, 3, 4, 9, 10, 12, 13, 31, 32, 36, 42, 43, 45, 46, 57, 65, 67, 70, 132]]
[147, 2.86263, [0, 1, 3, 4, 9, 10, 12, 13, 31, 35, 36, 40, 42, 46, 47, 51, 64, 65, 73, 87]]
[147, 2.8686, [0, 1, 3, 4, 9, 10, 12, 13, 32, 35, 37, 41, 46, 48, 49, 53, 56, 68, 113, 129, 131]]
[147, 2.85234, [0, 1, 3, 4, 9, 10, 12, 13, 32, 35, 43, 45, 46, 48, 56, 62, 65, 71, 113, 116, 131]]
[147, 2.85033, [0, 1, 3, 4, 9, 10, 12, 13, 32, 35, 43, 45, 46, 48, 59, 62, 68, 71, 113, 116, 131]]
[147, 2.85584, [0, 1, 3, 4, 9, 10, 12, 13, 32, 35, 45, 46, 48, 49, 56, 62, 65, 71, 73, 113, 131]]
[147, 2.86655, [0, 1, 3, 4, 9, 10, 12, 13, 32, 36, 37, 43, 44, 46, 53, 57, 58, 67, 99, 126, 132]]
[147, 2.8517, [0, 1, 3, 4, 9, 10, 12, 22, 25, 26, 29, 31, 39, 45, 60, 63, 70, 72, 73, 103]]
[147, 2.87579, [0, 1, 3, 4, 9, 10, 12, 22, 25, 26, 29, 31, 39, 45, 60, 63, 70, 72, 82, 103, 112]]
[147, 2.86863, [0, 1, 3, 4, 9, 10, 12, 22, 25, 26, 29, 31, 39, 60, 63, 64, 70, 72, 82, 96, 112]]
[147, 2.85082, [0, 1, 3, 4, 9, 10, 12, 22, 26, 27, 31, 38, 46, 55, 56, 60, 63, 68, 96, 130, 142]]
[147, 2.85289, [0, 1, 3, 4, 9, 10, 12, 22, 26, 27, 33, 37, 46, 58, 60, 61, 67, 68, 72, 102, 142]]
[147, 2.85658, [0, 1, 3, 4, 9, 10, 12, 22, 26, 28, 33, 37, 45, 50, 58, 59, 61, 69, 82, 111, 124]]
[147, 2.85162, [0, 1, 3, 4, 9, 10, 12, 22, 26, 28, 33, 37, 45, 50, 58, 59, 61, 82, 93, 111, 124]]
[147, 2.85075, [0, 1, 3, 4, 9, 11, 12, 16, 25, 30, 43, 45, 52, 54, 62, 64, 67, 68, 71, 73, 114]]
[147, 2.85141, [0, 1, 3, 4, 9, 11, 12, 16, 25, 36, 40, 43, 48, 52, 54, 59, 62, 67, 73, 89, 132]]
[147, 2.85576, [0, 1, 3, 4, 9, 11, 12, 16, 26, 27, 33, 34, 44, 46, 60, 69, 71, 99, 106, 118, 124]]
[147, 2.85024, [0, 1, 3, 4, 9, 11, 12, 16, 26, 27, 33, 34, 44, 58, 60, 69, 71, 99, 106, 118, 124]]
[147, 2.85819, [0, 1, 3, 4, 9, 11, 12, 16, 27, 34, 35, 39, 40, 49, 55, 60, 72, 73, 88, 90, 102]]
[147, 2.86539, [0, 1, 3, 4, 10, 11, 13, 14, 29, 34, 35, 38, 40, 43, 49, 50, 53, 61, 78, 101, 128]]
[147, 2.85301, [0, 1, 3, 4, 10, 11, 13, 14, 29, 34, 35, 40, 43, 49, 50, 53, 61, 62, 78, 101, 128]]
[147, 2.85106, [0, 1, 3, 4, 10, 11, 13, 14, 29, 34, 35, 40, 49, 50, 52, 53, 61, 62, 78, 83, 128]]

Search completed in 10 hours, 30 minutes, and 21.732 seconds.  Enter a string to quit.