Enter an integer k for which our Kempner sets are k-free: 3
Enter a positive integer modulus b: 138
Enter estimation parameters, or * for pre-computed parameters ([0.0804, 1.0611, 1.4142]): *
Enter a threshold (e.g. 4.2) to determine printed output: 2.84
Enter a root for the search space (e.g. [0, 1, 2]) [or * for the root [0]]: *
Enter an upper bound for the size of allowable digit sets [or * to ignore]: *
Enter a maximal number of deviations from a greedy search [or * to ignore]: *
Searching for k-free sets mod b...

[138, 2.8406, [0, 1, 3, 4, 9, 10, 12, 13, 27, 29, 32, 39, 40, 47, 56, 59, 110, 120, 121]]
[138, 2.84559, [0, 1, 3, 4, 9, 10, 12, 13, 27, 31, 32, 34, 38, 40, 43, 47, 57, 123]]
[138, 2.84172, [0, 1, 3, 4, 9, 10, 12, 13, 27, 31, 32, 34, 38, 43, 46, 47, 57, 123]]
[138, 2.84371, [0, 1, 3, 4, 9, 10, 12, 13, 27, 31, 32, 34, 43, 47, 48, 57, 118, 120, 123]]
[138, 2.85455, [0, 1, 3, 4, 9, 10, 12, 13, 27, 31, 32, 36, 43, 47, 48, 56, 57, 118, 123]]
[138, 2.84972, [0, 1, 3, 4, 9, 10, 12, 13, 27, 31, 32, 36, 43, 48, 56, 57, 67, 94, 123]]
[138, 2.84128, [0, 1, 3, 4, 9, 10, 12, 13, 27, 31, 32, 36, 43, 48, 57, 67, 88, 94, 123]]
[138, 2.84543, [0, 1, 3, 4, 9, 10, 12, 13, 27, 31, 33, 38, 46, 47, 55, 60, 68, 95, 114]]
[138, 2.84218, [0, 1, 3, 4, 9, 10, 12, 13, 27, 31, 33, 38, 46, 47, 55, 60, 68, 114, 121]]
[138, 2.84398, [0, 1, 3, 4, 9, 10, 12, 13, 27, 39, 40, 46, 47, 49, 56, 57, 61, 62, 64]]
[138, 2.84047, [0, 1, 3, 4, 9, 10, 12, 13, 28, 29, 31, 37, 38, 41, 42, 60, 68, 87]]
[138, 2.86262, [0, 1, 3, 4, 9, 10, 12, 13, 28, 29, 31, 37, 41, 42, 60, 63, 67, 68, 87]]
[138, 2.85613, [0, 1, 3, 4, 9, 10, 12, 13, 28, 29, 31, 37, 41, 42, 60, 66, 68, 87, 93]]
[138, 2.84698, [0, 1, 3, 4, 9, 10, 12, 13, 28, 29, 31, 37, 41, 42, 60, 66, 87, 93, 124]]
[138, 2.84494, [0, 1, 3, 4, 9, 10, 12, 13, 28, 29, 32, 40, 42, 50, 62, 65, 66, 86, 113]]
[138, 2.85284, [0, 1, 3, 4, 9, 10, 12, 13, 28, 29, 36, 37, 41, 42, 50, 66, 67, 86, 113]]
[138, 2.84847, [0, 1, 3, 4, 9, 10, 12, 13, 28, 29, 37, 41, 42, 51, 59, 63, 66, 68, 86]]
[138, 2.84131, [0, 1, 3, 4, 9, 10, 12, 13, 28, 30, 31, 33, 41, 42, 45, 64, 67, 68]]
[138, 2.84508, [0, 1, 3, 4, 9, 10, 12, 13, 28, 30, 34, 41, 42, 49, 61, 62, 66, 87, 93]]
[138, 2.86283, [0, 1, 3, 4, 9, 10, 12, 13, 28, 30, 38, 39, 41, 42, 49, 58, 61, 62, 87]]
[138, 2.85027, [0, 1, 3, 4, 9, 10, 12, 13, 28, 30, 38, 41, 42, 49, 58, 61, 62, 65, 87]]
[138, 2.84164, [0, 1, 3, 4, 9, 10, 12, 13, 28, 30, 38, 41, 42, 49, 58, 62, 65, 87, 101]]
[138, 2.84392, [0, 1, 3, 4, 9, 10, 12, 13, 29, 31, 35, 36, 38, 42, 44, 51, 56, 65]]
[138, 2.84092, [0, 1, 3, 4, 9, 10, 12, 13, 29, 31, 35, 37, 38, 68, 83, 95, 97, 110, 114, 116]]
[138, 2.84152, [0, 1, 3, 4, 9, 10, 12, 13, 29, 31, 37, 41, 42, 56, 60, 63, 67, 68, 87]]
[138, 2.84577, [0, 1, 3, 4, 9, 10, 12, 13, 29, 32, 36, 37, 44, 47, 53, 66, 67, 83, 86]]
[138, 2.84421, [0, 1, 3, 4, 9, 10, 12, 13, 29, 32, 36, 37, 44, 50, 53, 66, 67, 83, 86]]
[138, 2.84136, [0, 1, 3, 4, 9, 10, 12, 13, 29, 33, 38, 39, 41, 51, 52, 59, 60, 83, 122]]
[138, 2.84547, [0, 1, 3, 4, 9, 10, 12, 13, 29, 33, 39, 41, 47, 51, 52, 59, 60, 64, 83]]
[138, 2.84315, [0, 1, 3, 4, 9, 10, 12, 13, 29, 37, 38, 42, 43, 50, 52, 53, 59, 60, 123]]
[138, 2.84485, [0, 1, 3, 4, 9, 10, 12, 13, 30, 31, 35, 41, 43, 46, 54, 63, 64, 68, 120]]
[138, 2.85706, [0, 1, 3, 4, 9, 10, 12, 13, 30, 31, 35, 41, 44, 46, 54, 55, 63, 65, 68]]
[138, 2.84315, [0, 1, 3, 4, 9, 10, 12, 13, 30, 32, 37, 41, 43, 46, 53, 58, 67, 68, 120]]
[138, 2.87164, [0, 1, 3, 4, 9, 10, 12, 13, 30, 34, 40, 41, 43, 49, 54, 61, 62, 66, 87, 93]]
[138, 2.84108, [0, 1, 3, 4, 9, 10, 12, 13, 30, 34, 40, 41, 43, 49, 54, 61, 62, 66, 93]]
[138, 2.84178, [0, 1, 3, 4, 9, 10, 12, 13, 30, 34, 40, 41, 43, 49, 54, 61, 63, 66, 87]]
[138, 2.84144, [0, 1, 3, 4, 9, 10, 12, 13, 30, 34, 40, 41, 43, 49, 54, 62, 63, 66, 87]]
[138, 2.84639, [0, 1, 3, 4, 9, 10, 12, 13, 30, 40, 41, 43, 54, 55, 61, 62, 66, 87, 88, 93]]
[138, 2.84461, [0, 1, 3, 4, 9, 10, 12, 13, 31, 35, 41, 42, 45, 46, 54, 56, 64, 65, 68]]
[138, 2.8456, [0, 1, 3, 4, 9, 10, 12, 13, 31, 37, 39, 42, 44, 48, 55, 56, 60, 63, 67]]
[138, 2.84249, [0, 1, 3, 4, 9, 10, 12, 13, 32, 33, 36, 37, 43, 44, 46, 58, 67, 99, 117]]
[138, 2.85381, [0, 1, 3, 4, 9, 10, 12, 13, 32, 35, 43, 45, 46, 48, 56, 59, 65, 68, 107, 122]]
[138, 2.85084, [0, 1, 3, 4, 9, 10, 12, 13, 32, 36, 37, 41, 43, 44, 53, 57, 58, 66, 67]]
[138, 2.84766, [0, 1, 3, 4, 9, 10, 12, 13, 32, 36, 37, 43, 44, 46, 53, 57, 58, 66, 67]]
[138, 2.84366, [0, 1, 3, 4, 9, 10, 12, 13, 32, 37, 41, 43, 44, 46, 53, 57, 58, 66, 67]]
[138, 2.84329, [0, 1, 3, 4, 9, 10, 12, 13, 32, 37, 41, 43, 44, 46, 53, 57, 59, 66, 67]]
[138, 2.84291, [0, 1, 3, 4, 9, 10, 12, 13, 32, 37, 41, 43, 44, 46, 53, 58, 59, 66, 67]]
[138, 2.84263, [0, 1, 3, 4, 9, 10, 12, 13, 32, 37, 41, 43, 44, 46, 53, 58, 59, 66, 68]]
[138, 2.84233, [0, 1, 3, 4, 9, 10, 12, 13, 32, 37, 41, 43, 44, 46, 53, 58, 59, 67, 68]]
[138, 2.84318, [0, 1, 3, 4, 9, 10, 12, 13, 34, 36, 37, 39, 45, 46, 50, 52, 57, 84, 85]]
[138, 2.84154, [0, 1, 3, 4, 9, 10, 12, 13, 34, 39, 40, 42, 48, 49, 52, 53, 60, 61, 63]]
[138, 2.84513, [0, 1, 3, 4, 9, 11, 12, 16, 25, 26, 30, 42, 45, 53, 55, 62, 63, 66, 67]]
[138, 2.84307, [0, 1, 3, 4, 9, 11, 12, 16, 25, 26, 37, 42, 44, 45, 57, 60, 61, 66, 67]]
[138, 2.84735, [0, 1, 3, 4, 9, 11, 12, 16, 25, 30, 36, 40, 43, 45, 52, 53, 58, 62, 67]]
[138, 2.86588, [0, 1, 3, 4, 9, 11, 12, 16, 25, 30, 36, 40, 43, 52, 53, 58, 62, 65, 67, 111]]
[138, 2.84317, [0, 1, 3, 4, 9, 11, 12, 16, 30, 34, 40, 42, 43, 47, 55, 61, 62, 66, 87, 125]]
[138, 2.84186, [0, 1, 3, 4, 9, 11, 12, 16, 36, 40, 41, 47, 49, 55, 59, 65, 67, 84, 88, 96, 112]]
[138, 2.84117, [0, 1, 3, 4, 9, 11, 12, 16, 36, 40, 41, 47, 49, 55, 59, 65, 67, 84, 92, 96, 112]]
[138, 2.84223, [0, 1, 3, 4, 9, 11, 12, 25, 29, 31, 34, 35, 40, 42, 48, 52, 60, 63, 124, 130]]

Search completed in 2 hours, 34 minutes, and 16.48 seconds.  Enter a string to quit.