Enter an integer k for which our Kempner sets are k-free: 3
Enter a positive integer modulus b: 276
Enter estimation parameters, or * for pre-computed parameters ([0.0773, 1.5608, 1.2087]): *
Enter a threshold (e.g. 4.2) to determine printed output: 2.955
Enter a root for the search space (e.g. [0, 1, 2]) [or * for the root [0]]: *
Enter an upper bound for the size of allowable digit sets [or * to ignore]: 36
Enter a maximal number of deviations from a greedy search [or * to ignore]: *
Searching for k-free sets mod b...

[276, 2.96611, [0, 1, 3, 4, 9, 10, 12, 13, 27, 28, 30, 31, 36, 37, 39, 40, 81, 82, 84, 85, 90, 91, 93, 94, 108, 109, 111, 112, 117, 118, 120, 121]]
[276, 2.96211, [0, 1, 3, 4, 9, 10, 12, 13, 27, 28, 30, 31, 36, 37, 39, 40, 81, 82, 84, 90, 91, 93, 94, 103, 108, 109, 111, 117, 118, 120, 121, 130]]
[276, 2.96203, [0, 1, 3, 4, 9, 10, 12, 13, 27, 28, 30, 31, 36, 37, 39, 40, 81, 82, 85, 90, 91, 93, 94, 102, 108, 109, 112, 117, 118, 120, 121, 129]]
[276, 2.95803, [0, 1, 3, 4, 9, 10, 12, 13, 27, 28, 30, 31, 36, 37, 39, 40, 81, 82, 90, 91, 93, 94, 102, 103, 108, 109, 117, 118, 120, 121, 129, 130]]
[276, 2.96321, [0, 1, 3, 4, 9, 10, 12, 13, 27, 28, 30, 31, 36, 37, 39, 40, 81, 84, 85, 88, 90, 93, 94, 97, 108, 111, 112, 115, 117, 120, 121, 124]]
[276, 2.96216, [0, 1, 3, 4, 9, 10, 12, 13, 27, 28, 30, 31, 36, 37, 39, 40, 81, 84, 85, 88, 90, 93, 94, 97, 108, 111, 115, 117, 118, 120, 124, 127]]
[276, 2.96188, [0, 1, 3, 4, 9, 10, 12, 13, 27, 28, 30, 31, 36, 37, 39, 40, 81, 84, 85, 90, 91, 93, 94, 100, 108, 111, 112, 117, 118, 120, 121, 127]]
[276, 2.96047, [0, 1, 3, 4, 9, 10, 12, 13, 27, 28, 30, 31, 36, 37, 39, 40, 81, 84, 85, 90, 91, 93, 94, 100, 108, 111, 112, 117, 120, 121, 127, 136]]
[276, 2.96022, [0, 1, 3, 4, 9, 10, 12, 13, 27, 28, 30, 31, 36, 37, 39, 40, 81, 84, 85, 90, 91, 93, 94, 108, 109, 111, 112, 117, 118, 120, 121, 136]]
[276, 2.95828, [0, 1, 3, 4, 9, 10, 12, 13, 27, 28, 30, 31, 36, 37, 39, 40, 81, 84, 85, 90, 93, 94, 100, 108, 109, 111, 112, 117, 120, 121, 127, 136]]
[276, 2.96047, [0, 1, 3, 4, 9, 10, 12, 13, 27, 28, 30, 31, 36, 37, 39, 40, 81, 84, 88, 90, 91, 93, 97, 100, 108, 111, 115, 117, 118, 120, 124, 127]]
[276, 2.95947, [0, 1, 3, 4, 9, 10, 12, 13, 27, 28, 30, 31, 36, 37, 39, 40, 81, 84, 88, 90, 91, 93, 97, 100, 108, 111, 117, 118, 120, 121, 127, 130]]
[276, 2.95902, [0, 1, 3, 4, 9, 10, 12, 13, 27, 28, 30, 31, 36, 37, 39, 40, 81, 84, 88, 90, 91, 93, 97, 100, 108, 111, 117, 118, 120, 121, 130, 133]]
[276, 2.959, [0, 1, 3, 4, 9, 10, 12, 13, 27, 28, 30, 31, 36, 37, 39, 40, 81, 84, 88, 90, 91, 93, 97, 100, 108, 111, 117, 118, 120, 124, 127, 133]]
[276, 2.95851, [0, 1, 3, 4, 9, 10, 12, 13, 27, 28, 30, 31, 36, 37, 39, 40, 81, 84, 88, 90, 91, 93, 97, 100, 108, 111, 117, 120, 121, 124, 130, 133]]
[276, 2.95778, [0, 1, 3, 4, 9, 10, 12, 13, 27, 28, 30, 31, 36, 37, 39, 40, 81, 84, 88, 90, 91, 93, 100, 103, 108, 111, 117, 120, 121, 124, 130, 133]]
[276, 2.95872, [0, 1, 3, 4, 9, 10, 12, 13, 27, 28, 30, 31, 36, 37, 39, 40, 81, 84, 88, 90, 91, 93, 100, 106, 108, 111, 115, 117, 118, 120, 127, 133]]
[276, 2.95921, [0, 1, 3, 4, 9, 10, 12, 13, 27, 28, 30, 31, 36, 37, 39, 40, 81, 84, 88, 90, 93, 94, 97, 103, 108, 111, 115, 117, 120, 121, 124, 130]]
[276, 2.95774, [0, 1, 3, 4, 9, 10, 12, 13, 27, 28, 30, 31, 36, 37, 39, 40, 81, 84, 88, 90, 93, 94, 97, 103, 108, 111, 117, 120, 121, 124, 130, 133]]
[276, 2.95746, [0, 1, 3, 4, 9, 10, 12, 13, 27, 28, 30, 31, 36, 37, 39, 40, 81, 84, 88, 90, 93, 94, 103, 106, 108, 111, 115, 117, 120, 121, 130, 133]]
[276, 2.95788, [0, 1, 3, 4, 9, 10, 12, 13, 27, 28, 30, 31, 36, 37, 39, 40, 81, 84, 90, 91, 93, 94, 100, 103, 108, 111, 117, 118, 120, 121, 127, 130]]
[276, 2.95692, [0, 1, 3, 4, 9, 10, 12, 13, 27, 28, 30, 31, 36, 37, 39, 40, 81, 84, 90, 91, 93, 94, 100, 103, 108, 111, 117, 120, 121, 124, 130, 133]]
[276, 2.95649, [0, 1, 3, 4, 9, 10, 12, 13, 27, 28, 30, 31, 36, 37, 39, 40, 81, 84, 90, 91, 93, 94, 100, 103, 108, 111, 117, 120, 121, 124, 133, 136]]
[276, 2.95647, [0, 1, 3, 4, 9, 10, 12, 13, 27, 28, 30, 31, 36, 37, 39, 40, 81, 84, 90, 91, 93, 94, 100, 103, 108, 111, 117, 120, 121, 127, 130, 136]]
[276, 2.956, [0, 1, 3, 4, 9, 10, 12, 13, 27, 28, 30, 31, 36, 37, 39, 40, 81, 84, 90, 91, 93, 94, 100, 103, 108, 111, 117, 120, 124, 127, 133, 136]]
[276, 2.95531, [0, 1, 3, 4, 9, 10, 12, 13, 27, 28, 30, 31, 36, 37, 39, 40, 81, 84, 90, 91, 93, 94, 103, 106, 108, 111, 117, 120, 124, 127, 133, 136]]
[276, 2.95621, [0, 1, 3, 4, 9, 10, 12, 13, 27, 28, 30, 31, 36, 37, 39, 40, 81, 84, 90, 91, 93, 94, 103, 108, 109, 111, 117, 118, 120, 121, 130, 136]]
[276, 2.95668, [0, 1, 3, 4, 9, 10, 12, 13, 27, 28, 30, 31, 36, 37, 39, 40, 81, 84, 90, 91, 93, 97, 100, 106, 108, 111, 117, 118, 120, 124, 127, 133]]
[276, 2.95527, [0, 1, 3, 4, 9, 10, 12, 13, 27, 28, 30, 31, 36, 37, 39, 40, 81, 84, 90, 91, 93, 97, 100, 106, 108, 111, 117, 120, 124, 127, 133, 136]]
[276, 2.95542, [0, 1, 3, 4, 9, 10, 12, 13, 27, 28, 30, 31, 36, 37, 39, 40, 81, 84, 90, 93, 94, 97, 103, 106, 108, 111, 117, 120, 121, 124, 130, 133]]
[276, 2.95914, [0, 1, 3, 4, 9, 10, 12, 13, 27, 28, 30, 31, 36, 37, 39, 40, 81, 85, 88, 90, 93, 94, 97, 102, 108, 112, 115, 117, 120, 121, 124, 129]]
[276, 2.95809, [0, 1, 3, 4, 9, 10, 12, 13, 27, 28, 30, 31, 36, 37, 39, 40, 81, 85, 88, 90, 93, 94, 97, 102, 108, 115, 117, 118, 120, 124, 127, 129]]
[276, 2.9578, [0, 1, 3, 4, 9, 10, 12, 13, 27, 28, 30, 31, 36, 37, 39, 40, 81, 85, 90, 91, 93, 94, 100, 102, 108, 112, 117, 118, 120, 121, 127, 129]]
[276, 2.9564, [0, 1, 3, 4, 9, 10, 12, 13, 27, 28, 30, 31, 36, 37, 39, 40, 81, 85, 90, 91, 93, 94, 100, 102, 108, 112, 117, 120, 121, 127, 129, 136]]
[276, 2.95614, [0, 1, 3, 4, 9, 10, 12, 13, 27, 28, 30, 31, 36, 37, 39, 40, 81, 85, 90, 91, 93, 94, 102, 108, 109, 112, 117, 118, 120, 121, 129, 136]]
[276, 2.95582, [0, 1, 3, 4, 9, 10, 12, 13, 27, 28, 30, 31, 36, 37, 39, 40, 81, 87, 88, 90, 91, 96, 97, 100, 114, 116, 117, 121, 124, 129, 130, 133]]
[276, 2.95653, [0, 1, 3, 4, 9, 10, 12, 13, 27, 28, 30, 31, 36, 37, 39, 40, 81, 87, 88, 90, 91, 97, 98, 100, 111, 117, 118, 120, 121, 127, 128, 130]]
[276, 2.95608, [0, 1, 3, 4, 9, 10, 12, 13, 27, 28, 30, 31, 36, 37, 39, 40, 81, 87, 88, 90, 91, 97, 98, 100, 111, 117, 118, 120, 121, 128, 130, 133]]
[276, 2.9564, [0, 1, 3, 4, 9, 10, 12, 13, 27, 28, 30, 31, 36, 37, 39, 40, 81, 88, 90, 91, 93, 97, 100, 102, 108, 115, 117, 118, 120, 124, 127, 129]]
[276, 2.95539, [0, 1, 3, 4, 9, 10, 12, 13, 27, 28, 30, 31, 36, 37, 39, 40, 81, 88, 90, 91, 93, 97, 100, 102, 108, 117, 118, 120, 121, 127, 129, 130]]
[276, 2.96412, [0, 1, 3, 4, 9, 10, 12, 13, 27, 28, 30, 31, 36, 37, 39, 40, 82, 83, 85, 86, 91, 92, 94, 95, 109, 110, 112, 113, 118, 119, 121, 122]]
[276, 2.96338, [0, 1, 3, 4, 9, 10, 12, 13, 27, 28, 30, 31, 36, 37, 39, 40, 82, 83, 85, 86, 91, 92, 94, 95, 110, 111, 113, 114, 119, 120, 122, 123]]
[276, 2.96316, [0, 1, 3, 4, 9, 10, 12, 13, 27, 28, 30, 31, 36, 37, 39, 40, 82, 84, 85, 87, 91, 93, 94, 96, 109, 111, 112, 114, 118, 120, 121, 123]]
[276, 2.96209, [0, 1, 3, 4, 9, 10, 12, 13, 27, 28, 30, 31, 36, 37, 39, 40, 82, 84, 85, 87, 91, 93, 94, 96, 109, 112, 114, 117, 118, 121, 123, 126]]
[276, 2.9591, [0, 1, 3, 4, 9, 10, 12, 13, 27, 28, 30, 31, 36, 37, 39, 40, 82, 84, 85, 89, 90, 92, 97, 106, 111, 113, 114, 118, 119, 121, 126, 135]]
[276, 2.9618, [0, 1, 3, 4, 9, 10, 12, 13, 27, 28, 30, 31, 36, 37, 39, 40, 82, 84, 85, 90, 91, 93, 94, 99, 109, 111, 112, 117, 118, 120, 121, 126]]
[276, 2.96037, [0, 1, 3, 4, 9, 10, 12, 13, 27, 28, 30, 31, 36, 37, 39, 40, 82, 84, 85, 90, 91, 93, 94, 99, 109, 111, 112, 118, 120, 121, 126, 135]]
[276, 2.96011, [0, 1, 3, 4, 9, 10, 12, 13, 27, 28, 30, 31, 36, 37, 39, 40, 82, 84, 85, 90, 91, 93, 94, 108, 109, 111, 112, 117, 118, 120, 121, 135]]
[276, 2.95814, [0, 1, 3, 4, 9, 10, 12, 13, 27, 28, 30, 31, 36, 37, 39, 40, 82, 84, 85, 91, 93, 94, 99, 108, 109, 111, 112, 118, 120, 121, 126, 135]]
[276, 2.95915, [0, 1, 3, 4, 9, 10, 12, 13, 27, 28, 30, 31, 36, 37, 39, 40, 82, 84, 87, 91, 93, 94, 96, 103, 109, 111, 114, 118, 120, 121, 123, 130]]
[276, 2.95809, [0, 1, 3, 4, 9, 10, 12, 13, 27, 28, 30, 31, 36, 37, 39, 40, 82, 84, 87, 91, 93, 94, 96, 103, 109, 114, 117, 118, 121, 123, 126, 130]]
[276, 2.9578, [0, 1, 3, 4, 9, 10, 12, 13, 27, 28, 30, 31, 36, 37, 39, 40, 82, 84, 90, 91, 93, 94, 99, 103, 109, 111, 117, 118, 120, 121, 126, 130]]
[276, 2.95637, [0, 1, 3, 4, 9, 10, 12, 13, 27, 28, 30, 31, 36, 37, 39, 40, 82, 84, 90, 91, 93, 94, 99, 103, 109, 111, 118, 120, 121, 126, 130, 135]]
[276, 2.95611, [0, 1, 3, 4, 9, 10, 12, 13, 27, 28, 30, 31, 36, 37, 39, 40, 82, 84, 90, 91, 93, 94, 103, 108, 109, 111, 117, 118, 120, 121, 130, 135]]
[276, 2.96036, [0, 1, 3, 4, 9, 10, 12, 13, 27, 28, 30, 31, 36, 37, 39, 40, 82, 85, 87, 90, 91, 94, 96, 99, 109, 112, 114, 117, 118, 121, 123, 126]]
[276, 2.95935, [0, 1, 3, 4, 9, 10, 12, 13, 27, 28, 30, 31, 36, 37, 39, 40, 82, 85, 87, 90, 91, 94, 96, 99, 109, 112, 117, 118, 120, 121, 126, 129]]
[276, 2.95889, [0, 1, 3, 4, 9, 10, 12, 13, 27, 28, 30, 31, 36, 37, 39, 40, 82, 85, 87, 90, 91, 94, 96, 99, 109, 112, 117, 118, 120, 121, 129, 132]]
[276, 2.95887, [0, 1, 3, 4, 9, 10, 12, 13, 27, 28, 30, 31, 36, 37, 39, 40, 82, 85, 87, 90, 91, 94, 96, 99, 109, 112, 117, 118, 121, 123, 126, 132]]
[276, 2.95837, [0, 1, 3, 4, 9, 10, 12, 13, 27, 28, 30, 31, 36, 37, 39, 40, 82, 85, 87, 90, 91, 94, 96, 99, 109, 112, 118, 120, 121, 123, 129, 132]]
[276, 2.95763, [0, 1, 3, 4, 9, 10, 12, 13, 27, 28, 30, 31, 36, 37, 39, 40, 82, 85, 87, 90, 91, 94, 99, 102, 109, 112, 118, 120, 121, 123, 129, 132]]
[276, 2.95859, [0, 1, 3, 4, 9, 10, 12, 13, 27, 28, 30, 31, 36, 37, 39, 40, 82, 85, 87, 90, 91, 94, 99, 105, 109, 112, 114, 117, 118, 121, 126, 132]]
[276, 2.95908, [0, 1, 3, 4, 9, 10, 12, 13, 27, 28, 30, 31, 36, 37, 39, 40, 82, 85, 87, 91, 93, 94, 96, 102, 109, 112, 114, 118, 120, 121, 123, 129]]
[276, 2.95759, [0, 1, 3, 4, 9, 10, 12, 13, 27, 28, 30, 31, 36, 37, 39, 40, 82, 85, 87, 91, 93, 94, 96, 102, 109, 112, 118, 120, 121, 123, 129, 132]]
[276, 2.9573, [0, 1, 3, 4, 9, 10, 12, 13, 27, 28, 30, 31, 36, 37, 39, 40, 82, 85, 87, 91, 93, 94, 102, 105, 109, 112, 114, 118, 120, 121, 129, 132]]
[276, 2.95772, [0, 1, 3, 4, 9, 10, 12, 13, 27, 28, 30, 31, 36, 37, 39, 40, 82, 85, 90, 91, 93, 94, 99, 102, 109, 112, 117, 118, 120, 121, 126, 129]]
[276, 2.95675, [0, 1, 3, 4, 9, 10, 12, 13, 27, 28, 30, 31, 36, 37, 39, 40, 82, 85, 90, 91, 93, 94, 99, 102, 109, 112, 118, 120, 121, 123, 129, 132]]
[276, 2.95631, [0, 1, 3, 4, 9, 10, 12, 13, 27, 28, 30, 31, 36, 37, 39, 40, 82, 85, 90, 91, 93, 94, 99, 102, 109, 112, 118, 120, 121, 123, 132, 135]]
[276, 2.95629, [0, 1, 3, 4, 9, 10, 12, 13, 27, 28, 30, 31, 36, 37, 39, 40, 82, 85, 90, 91, 93, 94, 99, 102, 109, 112, 118, 120, 121, 126, 129, 135]]
[276, 2.95582, [0, 1, 3, 4, 9, 10, 12, 13, 27, 28, 30, 31, 36, 37, 39, 40, 82, 85, 90, 91, 93, 94, 99, 102, 109, 112, 118, 121, 123, 126, 132, 135]]
[276, 2.95603, [0, 1, 3, 4, 9, 10, 12, 13, 27, 28, 30, 31, 36, 37, 39, 40, 82, 85, 90, 91, 93, 94, 102, 108, 109, 112, 117, 118, 120, 121, 129, 135]]
[276, 2.9565, [0, 1, 3, 4, 9, 10, 12, 13, 27, 28, 30, 31, 36, 37, 39, 40, 82, 85, 90, 91, 94, 96, 99, 105, 109, 112, 117, 118, 121, 123, 126, 132]]
[276, 2.95522, [0, 1, 3, 4, 9, 10, 12, 13, 27, 28, 30, 31, 36, 37, 39, 40, 82, 85, 91, 93, 94, 96, 102, 105, 109, 112, 118, 120, 121, 123, 129, 132]]
[276, 2.95742, [0, 1, 3, 4, 9, 10, 12, 13, 27, 28, 30, 31, 36, 37, 39, 40, 82, 86, 87, 89, 94, 95, 97, 98, 111, 115, 117, 118, 120, 126, 130, 131]]
[276, 2.95724, [0, 1, 3, 4, 9, 10, 12, 13, 27, 28, 30, 31, 36, 37, 39, 40, 82, 86, 87, 89, 94, 95, 97, 98, 111, 116, 117, 119, 120, 126, 130, 131]]
[276, 2.95636, [0, 1, 3, 4, 9, 10, 12, 13, 27, 28, 30, 31, 36, 37, 39, 40, 82, 87, 90, 91, 94, 96, 99, 103, 109, 114, 117, 118, 121, 123, 126, 130]]
[276, 2.95534, [0, 1, 3, 4, 9, 10, 12, 13, 27, 28, 30, 31, 36, 37, 39, 40, 82, 87, 90, 91, 94, 96, 99, 103, 109, 117, 118, 120, 121, 126, 129, 130]]
[276, 2.96217, [0, 1, 3, 4, 9, 10, 12, 13, 27, 28, 30, 31, 36, 37, 39, 40, 83, 84, 86, 87, 92, 93, 95, 96, 110, 111, 113, 114, 119, 120, 122, 123]]
[276, 2.96144, [0, 1, 3, 4, 9, 10, 12, 13, 27, 28, 30, 31, 36, 37, 39, 40, 83, 84, 86, 87, 92, 93, 95, 96, 111, 112, 114, 115, 120, 121, 123, 124]]
[276, 2.96111, [0, 1, 3, 4, 9, 10, 12, 13, 27, 28, 30, 31, 36, 37, 39, 40, 83, 84, 86, 87, 92, 93, 95, 96, 111, 112, 114, 115, 121, 122, 124, 125]]
[276, 2.96109, [0, 1, 3, 4, 9, 10, 12, 13, 27, 28, 30, 31, 36, 37, 39, 40, 83, 84, 86, 87, 92, 93, 95, 96, 111, 113, 114, 116, 120, 122, 123, 125]]
[276, 2.95626, [0, 1, 3, 4, 9, 10, 12, 13, 27, 28, 30, 31, 36, 37, 39, 40, 83, 84, 86, 87, 92, 93, 95, 96, 111, 113, 114, 119, 120, 122, 123, 220]]
[276, 2.96073, [0, 1, 3, 4, 9, 10, 12, 13, 27, 28, 30, 31, 36, 37, 39, 40, 83, 84, 86, 87, 92, 93, 95, 96, 112, 113, 115, 116, 121, 122, 124, 125]]
[276, 2.96019, [0, 1, 3, 4, 9, 10, 12, 13, 27, 28, 30, 31, 36, 37, 39, 40, 83, 84, 86, 87, 93, 94, 96, 97, 112, 113, 115, 116, 121, 122, 124, 125]]
[276, 2.96079, [0, 1, 3, 4, 9, 10, 12, 13, 27, 28, 30, 31, 36, 37, 39, 40, 83, 84, 87, 89, 92, 93, 96, 98, 110, 111, 114, 116, 119, 120, 123, 125]]
[276, 2.95665, [0, 1, 3, 4, 9, 10, 12, 13, 27, 28, 30, 31, 36, 37, 39, 40, 83, 84, 88, 89, 91, 96, 97, 100, 113, 114, 118, 120, 121, 125, 133, 134]]
[276, 2.96122, [0, 1, 3, 4, 9, 10, 12, 13, 27, 28, 30, 31, 36, 37, 39, 40, 83, 85, 86, 88, 92, 94, 95, 97, 110, 112, 113, 115, 119, 121, 122, 124]]
[276, 2.96014, [0, 1, 3, 4, 9, 10, 12, 13, 27, 28, 30, 31, 36, 37, 39, 40, 83, 85, 86, 88, 92, 94, 95, 97, 112, 113, 115, 116, 121, 122, 124, 125]]
[276, 2.95982, [0, 1, 3, 4, 9, 10, 12, 13, 27, 28, 30, 31, 36, 37, 39, 40, 83, 85, 86, 88, 92, 94, 95, 97, 112, 113, 115, 116, 121, 123, 124, 128]]
[276, 2.95966, [0, 1, 3, 4, 9, 10, 12, 13, 27, 28, 30, 31, 36, 37, 39, 40, 83, 85, 86, 88, 92, 94, 95, 97, 112, 113, 115, 116, 121, 124, 125, 128]]
[276, 2.95964, [0, 1, 3, 4, 9, 10, 12, 13, 27, 28, 30, 31, 36, 37, 39, 40, 83, 85, 86, 88, 92, 94, 95, 97, 112, 113, 115, 119, 121, 122, 124, 128]]
[276, 2.95911, [0, 1, 3, 4, 9, 10, 12, 13, 27, 28, 30, 31, 36, 37, 39, 40, 83, 85, 86, 88, 92, 94, 95, 97, 112, 115, 116, 119, 121, 124, 125, 128]]
[276, 2.95831, [0, 1, 3, 4, 9, 10, 12, 13, 27, 28, 30, 31, 36, 37, 39, 40, 83, 85, 86, 88, 94, 95, 97, 98, 112, 115, 116, 119, 121, 124, 125, 128]]
[276, 2.95932, [0, 1, 3, 4, 9, 10, 12, 13, 27, 28, 30, 31, 36, 37, 39, 40, 83, 85, 86, 88, 94, 95, 97, 101, 110, 112, 113, 115, 121, 122, 124, 128]]
[276, 2.95984, [0, 1, 3, 4, 9, 10, 12, 13, 27, 28, 30, 31, 36, 37, 39, 40, 83, 85, 88, 89, 92, 94, 97, 98, 110, 112, 115, 116, 119, 121, 124, 125]]
[276, 2.95825, [0, 1, 3, 4, 9, 10, 12, 13, 27, 28, 30, 31, 36, 37, 39, 40, 83, 85, 88, 89, 92, 94, 97, 98, 112, 115, 116, 119, 121, 124, 125, 128]]
[276, 2.95794, [0, 1, 3, 4, 9, 10, 12, 13, 27, 28, 30, 31, 36, 37, 39, 40, 83, 85, 88, 89, 94, 97, 98, 101, 110, 112, 115, 116, 121, 124, 125, 128]]
[276, 2.95646, [0, 1, 3, 4, 9, 10, 12, 13, 27, 28, 30, 31, 36, 37, 39, 40, 83, 87, 89, 90, 92, 96, 98, 99, 112, 114, 117, 118, 121, 123, 131, 133]]
[276, 2.95619, [0, 1, 3, 4, 9, 10, 12, 13, 27, 28, 30, 31, 36, 37, 39, 40, 83, 87, 89, 90, 92, 96, 98, 99, 112, 114, 118, 120, 121, 123, 131, 133]]
[276, 2.95602, [0, 1, 3, 4, 9, 10, 12, 13, 27, 28, 30, 31, 36, 37, 39, 40, 83, 87, 89, 90, 92, 96, 98, 99, 112, 114, 119, 120, 122, 123, 131, 133]]
[276, 2.95568, [0, 1, 3, 4, 9, 10, 12, 13, 27, 28, 30, 31, 36, 37, 39, 40, 83, 87, 89, 90, 92, 96, 98, 99, 112, 114, 120, 121, 123, 124, 131, 133]]
[276, 2.96026, [0, 1, 3, 4, 9, 10, 12, 13, 27, 28, 30, 31, 36, 37, 39, 40, 84, 85, 87, 88, 93, 94, 96, 97, 111, 112, 114, 115, 120, 121, 123, 124]]
[276, 2.95921, [0, 1, 3, 4, 9, 10, 12, 13, 27, 28, 30, 31, 36, 37, 39, 40, 84, 85, 87, 88, 93, 94, 96, 97, 111, 114, 115, 118, 120, 123, 124, 127]]
[276, 2.95954, [0, 1, 3, 4, 9, 10, 12, 13, 27, 28, 30, 31, 36, 37, 39, 40, 84, 85, 87, 88, 93, 94, 96, 97, 112, 113, 115, 116, 121, 122, 124, 125]]
[276, 2.95921, [0, 1, 3, 4, 9, 10, 12, 13, 27, 28, 30, 31, 36, 37, 39, 40, 84, 85, 87, 88, 93, 94, 96, 97, 112, 113, 115, 116, 122, 123, 125, 126]]
[276, 2.95919, [0, 1, 3, 4, 9, 10, 12, 13, 27, 28, 30, 31, 36, 37, 39, 40, 84, 85, 87, 88, 93, 94, 96, 97, 112, 114, 115, 117, 121, 123, 124, 126]]
[276, 2.95884, [0, 1, 3, 4, 9, 10, 12, 13, 27, 28, 30, 31, 36, 37, 39, 40, 84, 85, 87, 88, 93, 94, 96, 97, 113, 114, 116, 117, 122, 123, 125, 126]]
[276, 2.95851, [0, 1, 3, 4, 9, 10, 12, 13, 27, 28, 30, 31, 36, 37, 39, 40, 84, 85, 87, 88, 93, 94, 96, 97, 113, 114, 116, 117, 123, 124, 126, 127]]
[276, 2.95849, [0, 1, 3, 4, 9, 10, 12, 13, 27, 28, 30, 31, 36, 37, 39, 40, 84, 85, 87, 88, 93, 94, 96, 97, 113, 115, 116, 118, 122, 124, 125, 127]]
[276, 2.95814, [0, 1, 3, 4, 9, 10, 12, 13, 27, 28, 30, 31, 36, 37, 39, 40, 84, 85, 87, 88, 93, 94, 96, 97, 114, 115, 117, 118, 123, 124, 126, 127]]
[276, 2.95831, [0, 1, 3, 4, 9, 10, 12, 13, 27, 28, 30, 31, 36, 37, 39, 40, 84, 85, 87, 88, 94, 95, 97, 98, 113, 114, 116, 117, 122, 123, 125, 126]]
[276, 2.95799, [0, 1, 3, 4, 9, 10, 12, 13, 27, 28, 30, 31, 36, 37, 39, 40, 84, 85, 87, 88, 94, 95, 97, 98, 113, 114, 116, 117, 123, 124, 126, 127]]
[276, 2.95796, [0, 1, 3, 4, 9, 10, 12, 13, 27, 28, 30, 31, 36, 37, 39, 40, 84, 85, 87, 88, 94, 95, 97, 98, 113, 115, 116, 118, 122, 124, 125, 127]]
[276, 2.95761, [0, 1, 3, 4, 9, 10, 12, 13, 27, 28, 30, 31, 36, 37, 39, 40, 84, 85, 87, 88, 94, 95, 97, 98, 114, 115, 117, 118, 123, 124, 126, 127]]
[276, 2.95892, [0, 1, 3, 4, 9, 10, 12, 13, 27, 28, 30, 31, 36, 37, 39, 40, 84, 85, 87, 91, 93, 94, 96, 100, 111, 112, 114, 118, 120, 121, 123, 127]]
[276, 2.95752, [0, 1, 3, 4, 9, 10, 12, 13, 27, 28, 30, 31, 36, 37, 39, 40, 84, 85, 87, 91, 93, 94, 96, 100, 111, 112, 114, 120, 121, 123, 127, 136]]
[276, 2.95786, [0, 1, 3, 4, 9, 10, 12, 13, 27, 28, 30, 31, 36, 37, 39, 40, 84, 85, 87, 91, 93, 94, 96, 100, 112, 114, 117, 118, 121, 123, 126, 127]]
[276, 2.95645, [0, 1, 3, 4, 9, 10, 12, 13, 27, 28, 30, 31, 36, 37, 39, 40, 84, 85, 87, 91, 93, 94, 96, 100, 112, 114, 117, 121, 123, 126, 127, 136]]
[276, 2.95726, [0, 1, 3, 4, 9, 10, 12, 13, 27, 28, 30, 31, 36, 37, 39, 40, 84, 85, 87, 91, 93, 94, 96, 109, 111, 112, 114, 118, 120, 121, 123, 136]]
[276, 2.9562, [0, 1, 3, 4, 9, 10, 12, 13, 27, 28, 30, 31, 36, 37, 39, 40, 84, 85, 87, 91, 93, 94, 96, 109, 112, 114, 117, 118, 121, 123, 126, 136]]
[276, 2.95532, [0, 1, 3, 4, 9, 10, 12, 13, 27, 28, 30, 31, 36, 37, 39, 40, 84, 85, 87, 93, 94, 96, 100, 109, 111, 112, 114, 120, 121, 123, 127, 136]]
[276, 2.9589, [0, 1, 3, 4, 9, 10, 12, 13, 27, 28, 30, 31, 36, 37, 39, 40, 84, 85, 88, 90, 93, 94, 97, 99, 111, 112, 115, 117, 120, 121, 124, 126]]
[276, 2.95747, [0, 1, 3, 4, 9, 10, 12, 13, 27, 28, 30, 31, 36, 37, 39, 40, 84, 85, 88, 90, 93, 94, 97, 99, 111, 112, 115, 120, 121, 124, 126, 135]]
[276, 2.95785, [0, 1, 3, 4, 9, 10, 12, 13, 27, 28, 30, 31, 36, 37, 39, 40, 84, 85, 88, 90, 93, 94, 97, 99, 111, 115, 117, 118, 120, 124, 126, 127]]
[276, 2.95642, [0, 1, 3, 4, 9, 10, 12, 13, 27, 28, 30, 31, 36, 37, 39, 40, 84, 85, 88, 90, 93, 94, 97, 99, 111, 115, 118, 120, 124, 126, 127, 135]]
[276, 2.95721, [0, 1, 3, 4, 9, 10, 12, 13, 27, 28, 30, 31, 36, 37, 39, 40, 84, 85, 88, 90, 93, 94, 97, 108, 111, 112, 115, 117, 120, 121, 124, 135]]
[276, 2.95616, [0, 1, 3, 4, 9, 10, 12, 13, 27, 28, 30, 31, 36, 37, 39, 40, 84, 85, 88, 90, 93, 94, 97, 108, 111, 115, 117, 118, 120, 124, 127, 135]]
[276, 2.95524, [0, 1, 3, 4, 9, 10, 12, 13, 27, 28, 30, 31, 36, 37, 39, 40, 84, 85, 88, 93, 94, 97, 99, 108, 111, 112, 115, 120, 121, 124, 126, 135]]
[276, 2.95757, [0, 1, 3, 4, 9, 10, 12, 13, 27, 28, 30, 31, 36, 37, 39, 40, 84, 85, 90, 91, 93, 94, 99, 100, 111, 112, 117, 118, 120, 121, 126, 127]]
[276, 2.95616, [0, 1, 3, 4, 9, 10, 12, 13, 27, 28, 30, 31, 36, 37, 39, 40, 84, 85, 90, 91, 93, 94, 99, 100, 111, 112, 117, 120, 121, 126, 127, 136]]
[276, 2.95614, [0, 1, 3, 4, 9, 10, 12, 13, 27, 28, 30, 31, 36, 37, 39, 40, 84, 85, 90, 91, 93, 94, 99, 100, 111, 112, 118, 120, 121, 126, 127, 135]]
[276, 2.9559, [0, 1, 3, 4, 9, 10, 12, 13, 27, 28, 30, 31, 36, 37, 39, 40, 84, 85, 90, 91, 93, 94, 99, 109, 111, 112, 117, 118, 120, 121, 126, 136]]
[276, 2.95588, [0, 1, 3, 4, 9, 10, 12, 13, 27, 28, 30, 31, 36, 37, 39, 40, 84, 85, 90, 91, 93, 94, 100, 108, 111, 112, 117, 118, 120, 121, 127, 135]]
[276, 2.95933, [0, 1, 3, 4, 9, 10, 12, 13, 27, 28, 30, 31, 36, 37, 39, 40, 84, 86, 87, 89, 93, 95, 96, 98, 111, 113, 114, 116, 120, 122, 123, 125]]
[276, 2.95826, [0, 1, 3, 4, 9, 10, 12, 13, 27, 28, 30, 31, 36, 37, 39, 40, 84, 86, 87, 89, 93, 95, 96, 98, 113, 114, 116, 117, 122, 123, 125, 126]]
[276, 2.95794, [0, 1, 3, 4, 9, 10, 12, 13, 27, 28, 30, 31, 36, 37, 39, 40, 84, 86, 87, 89, 93, 95, 96, 98, 113, 114, 116, 117, 123, 124, 126, 127]]
[276, 2.95792, [0, 1, 3, 4, 9, 10, 12, 13, 27, 28, 30, 31, 36, 37, 39, 40, 84, 86, 87, 89, 93, 95, 96, 98, 113, 115, 116, 118, 122, 124, 125, 127]]
[276, 2.95757, [0, 1, 3, 4, 9, 10, 12, 13, 27, 28, 30, 31, 36, 37, 39, 40, 84, 86, 87, 89, 93, 95, 96, 98, 114, 115, 117, 118, 123, 124, 126, 127]]
[276, 2.9555, [0, 1, 3, 4, 9, 10, 12, 13, 27, 28, 30, 31, 36, 37, 39, 40, 84, 86, 87, 93, 94, 96, 97, 103, 114, 115, 117, 121, 123, 124, 126, 130]]
[276, 2.95797, [0, 1, 3, 4, 9, 10, 12, 13, 27, 28, 30, 31, 36, 37, 39, 40, 84, 86, 89, 90, 93, 95, 98, 99, 111, 113, 116, 117, 120, 122, 125, 126]]
[276, 2.95702, [0, 1, 3, 4, 9, 10, 12, 13, 27, 28, 30, 31, 36, 37, 39, 40, 84, 86, 89, 90, 93, 95, 98, 99, 111, 113, 117, 119, 120, 122, 126, 134]]
[276, 2.95672, [0, 1, 3, 4, 9, 10, 12, 13, 27, 28, 30, 31, 36, 37, 39, 40, 84, 86, 89, 90, 93, 95, 98, 99, 111, 113, 117, 119, 120, 122, 130, 134]]
[276, 2.95652, [0, 1, 3, 4, 9, 10, 12, 13, 27, 28, 30, 31, 36, 37, 39, 40, 84, 86, 89, 90, 93, 95, 98, 99, 111, 113, 117, 120, 122, 125, 126, 134]]
[276, 2.95654, [0, 1, 3, 4, 9, 10, 12, 13, 27, 28, 30, 31, 36, 37, 39, 40, 84, 86, 89, 90, 93, 95, 98, 99, 111, 113, 118, 119, 121, 122, 130, 134]]
[276, 2.95659, [0, 1, 3, 4, 9, 10, 12, 13, 27, 28, 30, 31, 36, 37, 39, 40, 84, 86, 89, 90, 93, 95, 98, 99, 113, 115, 116, 121, 122, 124, 125, 130]]
[276, 2.95564, [0, 1, 3, 4, 9, 10, 12, 13, 27, 28, 30, 31, 36, 37, 39, 40, 84, 86, 89, 90, 93, 95, 98, 99, 113, 115, 119, 121, 122, 124, 130, 134]]
[276, 2.95547, [0, 1, 3, 4, 9, 10, 12, 13, 27, 28, 30, 31, 36, 37, 39, 40, 84, 86, 89, 90, 93, 95, 98, 99, 113, 115, 120, 121, 123, 124, 130, 134]]
[276, 2.95625, [0, 1, 3, 4, 9, 10, 12, 13, 27, 28, 30, 31, 36, 37, 39, 40, 84, 86, 89, 90, 93, 95, 99, 107, 111, 113, 116, 117, 120, 122, 126, 134]]
[276, 2.95752, [0, 1, 3, 4, 9, 10, 12, 13, 27, 28, 30, 31, 36, 37, 39, 40, 84, 87, 88, 91, 93, 96, 97, 100, 111, 114, 115, 118, 120, 123, 124, 127]]
[276, 2.95651, [0, 1, 3, 4, 9, 10, 12, 13, 27, 28, 30, 31, 36, 37, 39, 40, 84, 87, 88, 91, 93, 96, 97, 100, 111, 114, 118, 120, 121, 123, 127, 130]]
[276, 2.95607, [0, 1, 3, 4, 9, 10, 12, 13, 27, 28, 30, 31, 36, 37, 39, 40, 84, 87, 88, 91, 93, 96, 97, 100, 111, 114, 118, 120, 121, 123, 130, 133]]
[276, 2.95605, [0, 1, 3, 4, 9, 10, 12, 13, 27, 28, 30, 31, 36, 37, 39, 40, 84, 87, 88, 91, 93, 96, 97, 100, 111, 114, 118, 120, 123, 124, 127, 133]]
[276, 2.95556, [0, 1, 3, 4, 9, 10, 12, 13, 27, 28, 30, 31, 36, 37, 39, 40, 84, 87, 88, 91, 93, 96, 97, 100, 111, 114, 120, 121, 123, 124, 130, 133]]
[276, 2.95645, [0, 1, 3, 4, 9, 10, 12, 13, 27, 28, 30, 31, 36, 37, 39, 40, 84, 87, 88, 91, 93, 96, 97, 100, 114, 115, 117, 118, 123, 124, 126, 127]]
[276, 2.95545, [0, 1, 3, 4, 9, 10, 12, 13, 27, 28, 30, 31, 36, 37, 39, 40, 84, 87, 88, 91, 93, 96, 97, 100, 114, 117, 118, 121, 123, 126, 127, 130]]
[276, 2.95577, [0, 1, 3, 4, 9, 10, 12, 13, 27, 28, 30, 31, 36, 37, 39, 40, 84, 87, 88, 91, 93, 96, 100, 106, 111, 114, 115, 118, 120, 123, 127, 133]]
[276, 2.95625, [0, 1, 3, 4, 9, 10, 12, 13, 27, 28, 30, 31, 36, 37, 39, 40, 84, 87, 88, 93, 94, 96, 97, 103, 111, 114, 115, 120, 121, 123, 124, 130]]
[276, 2.95616, [0, 1, 3, 4, 9, 10, 12, 13, 27, 28, 30, 31, 36, 37, 39, 40, 84, 88, 90, 91, 93, 97, 99, 100, 111, 115, 117, 118, 120, 124, 126, 127]]
[276, 2.95838, [0, 1, 3, 4, 9, 10, 12, 13, 27, 28, 30, 31, 36, 37, 39, 40, 85, 86, 88, 89, 94, 95, 97, 98, 112, 113, 115, 116, 121, 122, 124, 125]]
[276, 2.95735, [0, 1, 3, 4, 9, 10, 12, 13, 27, 28, 30, 31, 36, 37, 39, 40, 85, 86, 88, 89, 94, 95, 97, 98, 112, 115, 116, 119, 121, 124, 125, 128]]
[276, 2.95767, [0, 1, 3, 4, 9, 10, 12, 13, 27, 28, 30, 31, 36, 37, 39, 40, 85, 86, 88, 89, 94, 95, 97, 98, 113, 114, 116, 117, 122, 123, 125, 126]]
[276, 2.95735, [0, 1, 3, 4, 9, 10, 12, 13, 27, 28, 30, 31, 36, 37, 39, 40, 85, 86, 88, 89, 94, 95, 97, 98, 113, 114, 116, 117, 123, 124, 126, 127]]
[276, 2.95733, [0, 1, 3, 4, 9, 10, 12, 13, 27, 28, 30, 31, 36, 37, 39, 40, 85, 86, 88, 89, 94, 95, 97, 98, 113, 115, 116, 118, 122, 124, 125, 127]]
[276, 2.95698, [0, 1, 3, 4, 9, 10, 12, 13, 27, 28, 30, 31, 36, 37, 39, 40, 85, 86, 88, 89, 94, 95, 97, 98, 114, 115, 117, 118, 123, 124, 126, 127]]
[276, 2.95666, [0, 1, 3, 4, 9, 10, 12, 13, 27, 28, 30, 31, 36, 37, 39, 40, 85, 86, 88, 89, 94, 95, 97, 98, 114, 115, 117, 118, 124, 125, 127, 128]]
[276, 2.95651, [0, 1, 3, 4, 9, 10, 12, 13, 27, 28, 30, 31, 36, 37, 39, 40, 85, 86, 88, 89, 94, 95, 97, 98, 114, 115, 117, 118, 124, 125, 128, 129]]
[276, 2.95651, [0, 1, 3, 4, 9, 10, 12, 13, 27, 28, 30, 31, 36, 37, 39, 40, 85, 86, 88, 89, 94, 95, 97, 98, 114, 115, 117, 118, 124, 126, 127, 129]]
[276, 2.95635, [0, 1, 3, 4, 9, 10, 12, 13, 27, 28, 30, 31, 36, 37, 39, 40, 85, 86, 88, 89, 94, 95, 97, 98, 114, 115, 117, 118, 125, 126, 128, 129]]
[276, 2.95617, [0, 1, 3, 4, 9, 10, 12, 13, 27, 28, 30, 31, 36, 37, 39, 40, 85, 86, 88, 89, 94, 95, 97, 98, 114, 115, 118, 119, 125, 126, 128, 129]]
[276, 2.95648, [0, 1, 3, 4, 9, 10, 12, 13, 27, 28, 30, 31, 36, 37, 39, 40, 85, 86, 88, 89, 94, 95, 97, 98, 114, 115, 118, 120, 123, 124, 127, 129]]
[276, 2.95664, [0, 1, 3, 4, 9, 10, 12, 13, 27, 28, 30, 31, 36, 37, 39, 40, 85, 86, 88, 89, 94, 95, 97, 98, 114, 116, 117, 119, 123, 125, 126, 128]]
[276, 2.95617, [0, 1, 3, 4, 9, 10, 12, 13, 27, 28, 30, 31, 36, 37, 39, 40, 85, 86, 88, 89, 94, 95, 97, 98, 114, 116, 117, 119, 125, 126, 128, 129]]
[276, 2.95614, [0, 1, 3, 4, 9, 10, 12, 13, 27, 28, 30, 31, 36, 37, 39, 40, 85, 86, 88, 89, 94, 95, 97, 98, 114, 116, 119, 120, 123, 125, 128, 129]]
[276, 2.9563, [0, 1, 3, 4, 9, 10, 12, 13, 27, 28, 30, 31, 36, 37, 39, 40, 85, 86, 88, 89, 94, 95, 97, 98, 115, 116, 118, 119, 124, 125, 127, 128]]
[276, 2.95598, [0, 1, 3, 4, 9, 10, 12, 13, 27, 28, 30, 31, 36, 37, 39, 40, 85, 86, 88, 89, 94, 95, 97, 98, 115, 116, 118, 119, 125, 126, 128, 129]]
[276, 2.95596, [0, 1, 3, 4, 9, 10, 12, 13, 27, 28, 30, 31, 36, 37, 39, 40, 85, 86, 88, 89, 94, 95, 97, 98, 115, 117, 118, 120, 124, 126, 127, 129]]
[276, 2.95562, [0, 1, 3, 4, 9, 10, 12, 13, 27, 28, 30, 31, 36, 37, 39, 40, 85, 86, 88, 89, 94, 95, 97, 98, 116, 117, 119, 120, 125, 126, 128, 129]]
[276, 2.95646, [0, 1, 3, 4, 9, 10, 12, 13, 27, 28, 30, 31, 36, 37, 39, 40, 85, 86, 88, 89, 95, 96, 98, 99, 114, 115, 117, 118, 123, 124, 126, 127]]
[276, 2.95614, [0, 1, 3, 4, 9, 10, 12, 13, 27, 28, 30, 31, 36, 37, 39, 40, 85, 86, 88, 89, 95, 96, 98, 99, 114, 115, 117, 118, 124, 125, 127, 128]]
[276, 2.95612, [0, 1, 3, 4, 9, 10, 12, 13, 27, 28, 30, 31, 36, 37, 39, 40, 85, 86, 88, 89, 95, 96, 98, 99, 114, 116, 117, 119, 123, 125, 126, 128]]
[276, 2.95578, [0, 1, 3, 4, 9, 10, 12, 13, 27, 28, 30, 31, 36, 37, 39, 40, 85, 86, 88, 89, 95, 96, 98, 99, 115, 116, 118, 119, 124, 125, 127, 128]]
[276, 2.95547, [0, 1, 3, 4, 9, 10, 12, 13, 27, 28, 30, 31, 36, 37, 39, 40, 85, 86, 88, 89, 95, 96, 98, 99, 115, 116, 118, 119, 125, 126, 128, 129]]
[276, 2.95544, [0, 1, 3, 4, 9, 10, 12, 13, 27, 28, 30, 31, 36, 37, 39, 40, 85, 86, 88, 89, 95, 96, 98, 99, 115, 117, 118, 120, 124, 126, 127, 129]]
[276, 2.95707, [0, 1, 3, 4, 9, 10, 12, 13, 27, 28, 30, 31, 36, 37, 39, 40, 85, 86, 88, 92, 94, 95, 97, 101, 112, 113, 115, 119, 121, 122, 124, 128]]
[276, 2.95602, [0, 1, 3, 4, 9, 10, 12, 13, 27, 28, 30, 31, 36, 37, 39, 40, 85, 86, 88, 92, 94, 95, 97, 101, 113, 115, 118, 119, 122, 124, 127, 128]]
[276, 2.95705, [0, 1, 3, 4, 9, 10, 12, 13, 27, 28, 30, 31, 36, 37, 39, 40, 85, 86, 89, 91, 94, 95, 98, 100, 112, 113, 116, 118, 121, 122, 125, 127]]
[276, 2.95601, [0, 1, 3, 4, 9, 10, 12, 13, 27, 28, 30, 31, 36, 37, 39, 40, 85, 86, 89, 91, 94, 95, 98, 100, 112, 116, 118, 119, 121, 125, 127, 128]]
[276, 2.95574, [0, 1, 3, 4, 9, 10, 12, 13, 27, 28, 30, 31, 36, 37, 39, 40, 85, 86, 91, 92, 94, 95, 100, 101, 112, 113, 118, 119, 121, 122, 127, 128]]
[276, 2.95747, [0, 1, 3, 4, 9, 10, 12, 13, 27, 28, 30, 31, 36, 37, 39, 40, 85, 87, 88, 90, 94, 96, 97, 99, 112, 114, 115, 117, 121, 123, 124, 126]]
[276, 2.95645, [0, 1, 3, 4, 9, 10, 12, 13, 27, 28, 30, 31, 36, 37, 39, 40, 85, 87, 88, 90, 94, 96, 97, 99, 112, 115, 117, 120, 121, 124, 126, 129]]
[276, 2.95599, [0, 1, 3, 4, 9, 10, 12, 13, 27, 28, 30, 31, 36, 37, 39, 40, 85, 87, 88, 90, 94, 96, 97, 99, 112, 115, 117, 120, 121, 124, 129, 132]]
[276, 2.95597, [0, 1, 3, 4, 9, 10, 12, 13, 27, 28, 30, 31, 36, 37, 39, 40, 85, 87, 88, 90, 94, 96, 97, 99, 112, 115, 117, 121, 123, 124, 126, 132]]
[276, 2.95547, [0, 1, 3, 4, 9, 10, 12, 13, 27, 28, 30, 31, 36, 37, 39, 40, 85, 87, 88, 90, 94, 96, 97, 99, 112, 115, 120, 121, 123, 124, 129, 132]]
[276, 2.95642, [0, 1, 3, 4, 9, 10, 12, 13, 27, 28, 30, 31, 36, 37, 39, 40, 85, 87, 88, 90, 94, 96, 97, 99, 114, 115, 117, 118, 123, 124, 126, 127]]
[276, 2.9561, [0, 1, 3, 4, 9, 10, 12, 13, 27, 28, 30, 31, 36, 37, 39, 40, 85, 87, 88, 90, 94, 96, 97, 99, 114, 115, 117, 118, 124, 125, 127, 128]]
[276, 2.95608, [0, 1, 3, 4, 9, 10, 12, 13, 27, 28, 30, 31, 36, 37, 39, 40, 85, 87, 88, 90, 94, 96, 97, 99, 114, 116, 117, 119, 123, 125, 126, 128]]
[276, 2.95573, [0, 1, 3, 4, 9, 10, 12, 13, 27, 28, 30, 31, 36, 37, 39, 40, 85, 87, 88, 90, 94, 96, 97, 99, 115, 116, 118, 119, 124, 125, 127, 128]]
[276, 2.95542, [0, 1, 3, 4, 9, 10, 12, 13, 27, 28, 30, 31, 36, 37, 39, 40, 85, 87, 88, 90, 94, 96, 97, 99, 115, 116, 118, 119, 125, 126, 128, 129]]
[276, 2.9554, [0, 1, 3, 4, 9, 10, 12, 13, 27, 28, 30, 31, 36, 37, 39, 40, 85, 87, 88, 90, 94, 96, 97, 99, 115, 117, 118, 120, 124, 126, 127, 129]]
[276, 2.95569, [0, 1, 3, 4, 9, 10, 12, 13, 27, 28, 30, 31, 36, 37, 39, 40, 85, 87, 88, 90, 94, 97, 99, 105, 112, 114, 115, 117, 121, 124, 126, 132]]
[276, 2.95618, [0, 1, 3, 4, 9, 10, 12, 13, 27, 28, 30, 31, 36, 37, 39, 40, 85, 87, 88, 93, 94, 96, 97, 102, 112, 114, 115, 120, 121, 123, 124, 129]]
[276, 2.95613, [0, 1, 3, 4, 9, 10, 12, 13, 27, 28, 30, 31, 36, 37, 39, 40, 85, 87, 90, 91, 94, 96, 99, 100, 112, 114, 117, 118, 121, 123, 126, 127]]
[276, 2.95569, [0, 1, 3, 4, 9, 10, 12, 13, 27, 28, 30, 31, 36, 37, 39, 40, 85, 88, 89, 92, 94, 97, 98, 101, 112, 115, 116, 119, 121, 124, 125, 128]]
[276, 2.96314, [0, 1, 3, 4, 9, 10, 12, 13, 27, 28, 30, 31, 36, 37, 39, 40, 85, 89, 91, 94, 101, 102, 104, 109, 112, 118, 121, 125, 126, 128, 136, 137, 186]]
[276, 2.95653, [0, 1, 3, 4, 9, 10, 12, 13, 27, 28, 30, 31, 36, 37, 39, 40, 86, 87, 89, 90, 95, 96, 98, 99, 113, 114, 116, 117, 122, 123, 125, 126]]
[276, 2.95552, [0, 1, 3, 4, 9, 10, 12, 13, 27, 28, 30, 31, 36, 37, 39, 40, 86, 87, 89, 90, 95, 96, 98, 99, 113, 116, 117, 120, 122, 125, 126, 129]]
[276, 2.95584, [0, 1, 3, 4, 9, 10, 12, 13, 27, 28, 30, 31, 36, 37, 39, 40, 86, 87, 89, 90, 95, 96, 98, 99, 114, 115, 117, 118, 123, 124, 126, 127]]
[276, 2.95552, [0, 1, 3, 4, 9, 10, 12, 13, 27, 28, 30, 31, 36, 37, 39, 40, 86, 87, 89, 90, 95, 96, 98, 99, 114, 115, 117, 118, 124, 125, 127, 128]]
[276, 2.9555, [0, 1, 3, 4, 9, 10, 12, 13, 27, 28, 30, 31, 36, 37, 39, 40, 86, 87, 89, 90, 95, 96, 98, 99, 114, 116, 117, 119, 123, 125, 126, 128]]
[276, 2.95525, [0, 1, 3, 4, 9, 10, 12, 13, 27, 28, 30, 31, 36, 37, 39, 40, 86, 87, 89, 93, 95, 96, 98, 102, 113, 114, 116, 120, 122, 123, 125, 129]]
[276, 2.95523, [0, 1, 3, 4, 9, 10, 12, 13, 27, 28, 30, 31, 36, 37, 39, 40, 86, 87, 90, 92, 95, 96, 99, 101, 113, 114, 117, 119, 122, 123, 126, 128]]
[276, 2.95564, [0, 1, 3, 4, 9, 10, 12, 13, 27, 28, 30, 31, 36, 37, 39, 40, 86, 88, 89, 91, 95, 97, 98, 100, 113, 115, 116, 118, 122, 124, 125, 127]]
[276, 2.95753, [0, 1, 3, 4, 9, 10, 12, 13, 27, 28, 30, 31, 36, 37, 39, 40, 87, 90, 95, 96, 99, 101, 104, 114, 117, 119, 122, 123, 126, 128, 136, 184, 223]]
[276, 2.95831, [0, 1, 3, 4, 9, 10, 12, 13, 27, 28, 30, 31, 36, 37, 39, 40, 89, 92, 93, 98, 101, 102, 105, 116, 120, 122, 123, 125, 132, 133, 136, 137, 188]]
[276, 2.95836, [0, 1, 3, 4, 9, 10, 12, 13, 27, 28, 30, 31, 36, 37, 39, 40, 89, 93, 94, 96, 101, 104, 105, 110, 120, 123, 125, 128, 129, 132, 134, 137, 194]]

Search completed in 32 hours, 11 minutes, and 46.591 seconds.  Enter a string to quit.