Enter an integer k for which our Kempner sets are k-free: 3
Enter a positive integer modulus b: 45
Enter estimation parameters, or * for pre-computed parameters ([0.1094, 1.1161, 1.4639]): *
Enter a threshold (e.g. 4.2) to determine printed output: 2.65
Enter a root for the search space (e.g. [0, 1, 2]) [or * for the root [0]]: *
Enter an upper bound for the size of allowable digit sets [or * to ignore]: *
Enter a maximal number of deviations from a greedy search [or * to ignore]: *
Searching for k-free sets mod b...

[45, 2.68695, [0, 1, 3, 4, 9, 10, 12, 13]]
[45, 2.65996, [0, 1, 3, 4, 9, 11, 12, 16]]
[45, 2.70137, [0, 1, 3, 4, 9, 11, 12, 31, 37]]
[45, 2.71316, [0, 1, 3, 4, 9, 13, 16, 20, 21]]
[45, 2.69362, [0, 1, 3, 4, 9, 13, 16, 20, 30]]
[45, 2.68118, [0, 1, 3, 4, 9, 13, 19, 20, 30]]
[45, 2.67806, [0, 1, 3, 4, 9, 13, 20, 21, 28]]
[45, 2.65853, [0, 1, 3, 4, 9, 13, 20, 28, 30]]
[45, 2.66374, [0, 1, 3, 4, 9, 16, 19, 20, 30]]
[45, 2.65438, [0, 1, 3, 4, 9, 16, 20, 22, 30]]
[45, 2.65126, [0, 1, 3, 4, 10, 11, 13, 14]]
[45, 2.6862, [0, 1, 3, 4, 10, 11, 13, 27, 39]]
[45, 2.67243, [0, 1, 3, 4, 10, 11, 14, 32, 38]]
[45, 2.66709, [0, 1, 3, 4, 10, 11, 15, 31, 39]]
[45, 2.6638, [0, 1, 3, 4, 10, 12, 18, 22, 38]]
[45, 2.69343, [0, 1, 3, 4, 10, 14, 15, 21, 22]]
[45, 2.67104, [0, 1, 3, 4, 10, 14, 15, 21, 34]]
[45, 2.70043, [0, 1, 3, 4, 10, 14, 22, 32, 36, 38]]
[45, 2.65342, [0, 1, 3, 4, 11, 12, 14, 32, 38]]
[45, 2.6502, [0, 1, 3, 4, 11, 12, 15, 31, 37]]
[45, 2.69503, [0, 1, 3, 4, 11, 12, 16, 17, 27]]
[45, 2.67941, [0, 1, 3, 4, 11, 12, 16, 17, 38]]
[45, 2.65356, [0, 1, 3, 4, 11, 12, 17, 27, 32]]
[45, 2.72038, [0, 1, 3, 4, 11, 13, 14, 16, 20]]
[45, 2.7049, [0, 1, 3, 4, 11, 13, 16, 17, 20]]
[45, 2.68749, [0, 1, 3, 4, 11, 13, 16, 17, 27]]
[45, 2.65947, [0, 1, 3, 4, 11, 13, 17, 20, 35]]
[45, 2.7229, [0, 1, 3, 4, 11, 13, 17, 27, 35, 39]]
[45, 2.67874, [0, 1, 3, 4, 12, 13, 16, 17, 27]]
[45, 2.66632, [0, 1, 3, 4, 12, 13, 17, 19, 27]]
[45, 2.65968, [0, 1, 3, 4, 12, 14, 15, 17, 40]]
[45, 2.68089, [0, 1, 3, 4, 12, 14, 15, 19, 22]]
[45, 2.65183, [0, 1, 3, 4, 12, 14, 15, 19, 40]]
[45, 2.66769, [0, 1, 3, 4, 13, 14, 16, 20, 21]]
[45, 2.66239, [0, 1, 3, 4, 13, 14, 18, 19, 21]]
[45, 2.659, [0, 1, 3, 4, 13, 14, 18, 20, 21]]
[45, 2.66192, [0, 1, 3, 4, 13, 15, 16, 20, 21]]

Search completed in 0 hours, 0 minutes, and 0.048 seconds.  Enter a string to quit.