Enter an integer k for which our Kempner sets are k-free: 3
Enter a positive integer modulus b: 292
Enter estimation parameters, or * for pre-computed parameters ([0.0788, 1.5906, 1.2017]): *
Enter a threshold (e.g. 4.2) to determine printed output: 2.945
Enter a root for the search space (e.g. [0, 1, 2]) [or * for the root [0]]: *
Enter an upper bound for the size of allowable digit sets [or * to ignore]: 36
Enter a maximal number of deviations from a greedy search [or * to ignore]: *
Searching for k-free sets mod b...

[292, 2.94986, [0, 1, 3, 4, 9, 10, 12, 13, 27, 28, 30, 31, 36, 37, 39, 40, 81, 82, 84, 85, 90, 91, 93, 94, 108, 109, 111, 112, 117, 118, 120, 121]]
[292, 2.94673, [0, 1, 3, 4, 9, 10, 12, 13, 27, 28, 30, 31, 36, 37, 39, 40, 81, 82, 84, 85, 90, 93, 94, 100, 108, 109, 111, 112, 117, 120, 121, 145]]
[292, 2.94667, [0, 1, 3, 4, 9, 10, 12, 13, 27, 28, 30, 31, 36, 37, 39, 40, 81, 82, 84, 85, 91, 93, 94, 99, 108, 109, 111, 112, 118, 120, 121, 144]]
[292, 2.94591, [0, 1, 3, 4, 9, 10, 12, 13, 27, 28, 30, 31, 36, 37, 39, 40, 81, 82, 84, 90, 91, 93, 94, 103, 108, 109, 111, 117, 118, 120, 121, 130]]
[292, 2.94584, [0, 1, 3, 4, 9, 10, 12, 13, 27, 28, 30, 31, 36, 37, 39, 40, 81, 82, 85, 90, 91, 93, 94, 102, 108, 109, 112, 117, 118, 120, 121, 129]]
[292, 2.95007, [0, 1, 3, 4, 9, 10, 12, 13, 27, 28, 30, 31, 36, 37, 39, 40, 81, 82, 93, 94, 96, 100, 103, 108, 109, 114, 121, 129, 130, 138, 140, 141, 143]]
[292, 2.94995, [0, 1, 3, 4, 9, 10, 12, 13, 27, 28, 30, 31, 36, 37, 39, 40, 81, 82, 93, 94, 96, 100, 103, 108, 109, 114, 121, 129, 130, 138, 140, 141, 145]]
[292, 2.94983, [0, 1, 3, 4, 9, 10, 12, 13, 27, 28, 30, 31, 36, 37, 39, 40, 81, 82, 93, 94, 96, 100, 103, 108, 109, 114, 121, 129, 130, 138, 140, 143, 145]]
[292, 2.95686, [0, 1, 3, 4, 9, 10, 12, 13, 27, 28, 30, 31, 36, 37, 39, 40, 81, 83, 94, 97, 98, 101, 103, 106, 110, 116, 124, 128, 133, 141, 143, 144, 234, 241]]
[292, 2.947, [0, 1, 3, 4, 9, 10, 12, 13, 27, 28, 30, 31, 36, 37, 39, 40, 81, 84, 85, 88, 90, 93, 94, 97, 108, 111, 112, 115, 117, 120, 121, 124]]
[292, 2.94597, [0, 1, 3, 4, 9, 10, 12, 13, 27, 28, 30, 31, 36, 37, 39, 40, 81, 84, 85, 88, 90, 93, 94, 97, 108, 111, 115, 117, 118, 120, 124, 127]]
[292, 2.94569, [0, 1, 3, 4, 9, 10, 12, 13, 27, 28, 30, 31, 36, 37, 39, 40, 81, 84, 85, 90, 91, 93, 94, 100, 108, 111, 112, 117, 118, 120, 121, 127]]
[292, 2.94979, [0, 1, 3, 4, 9, 10, 12, 13, 27, 28, 30, 31, 36, 37, 39, 40, 81, 85, 93, 94, 99, 100, 102, 108, 109, 112, 121, 128, 129, 136, 138, 141, 145]]
[292, 2.94816, [0, 1, 3, 4, 9, 10, 12, 13, 27, 28, 30, 31, 36, 37, 39, 40, 81, 91, 93, 97, 99, 100, 102, 106, 108, 120, 124, 127, 129, 136, 137, 139, 144]]
[292, 2.94537, [0, 1, 3, 4, 9, 10, 12, 13, 27, 28, 30, 31, 36, 37, 39, 40, 81, 93, 94, 96, 97, 102, 103, 106, 114, 124, 128, 130, 133, 139, 140, 143, 144]]
[292, 2.94755, [0, 1, 3, 4, 9, 10, 12, 13, 27, 28, 30, 31, 36, 37, 39, 40, 81, 93, 94, 97, 99, 102, 103, 106, 108, 116, 121, 127, 128, 137, 141, 142, 144]]
[292, 2.94678, [0, 1, 3, 4, 9, 10, 12, 13, 27, 28, 30, 31, 36, 37, 39, 40, 81, 93, 94, 97, 99, 102, 103, 106, 108, 121, 127, 128, 130, 137, 138, 141, 142]]
[292, 2.94716, [0, 1, 3, 4, 9, 10, 12, 13, 27, 28, 30, 31, 36, 37, 39, 40, 81, 93, 94, 97, 99, 102, 103, 106, 114, 116, 124, 127, 128, 136, 137, 141, 143]]
[292, 2.94665, [0, 1, 3, 4, 9, 10, 12, 13, 27, 28, 30, 31, 36, 37, 39, 40, 81, 93, 94, 97, 99, 102, 103, 106, 114, 116, 124, 127, 128, 137, 141, 143, 144]]
[292, 2.94607, [0, 1, 3, 4, 9, 10, 12, 13, 27, 28, 30, 31, 36, 37, 39, 40, 81, 93, 94, 97, 99, 102, 103, 106, 114, 116, 124, 127, 136, 137, 141, 143, 144]]
[292, 2.94604, [0, 1, 3, 4, 9, 10, 12, 13, 27, 28, 30, 31, 36, 37, 39, 40, 81, 93, 94, 97, 99, 103, 106, 108, 114, 116, 127, 128, 130, 136, 137, 141, 143]]
[292, 2.94584, [0, 1, 3, 4, 9, 10, 12, 13, 27, 28, 30, 31, 36, 37, 39, 40, 81, 94, 95, 97, 98, 103, 105, 106, 110, 121, 127, 128, 130, 138, 140, 141, 143]]
[292, 2.9479, [0, 1, 3, 4, 9, 10, 12, 13, 27, 28, 30, 31, 36, 37, 39, 40, 82, 83, 85, 86, 91, 92, 94, 95, 109, 110, 112, 113, 118, 119, 121, 122]]
[292, 2.94717, [0, 1, 3, 4, 9, 10, 12, 13, 27, 28, 30, 31, 36, 37, 39, 40, 82, 83, 85, 86, 91, 92, 94, 95, 110, 111, 113, 114, 119, 120, 122, 123]]
[292, 2.94694, [0, 1, 3, 4, 9, 10, 12, 13, 27, 28, 30, 31, 36, 37, 39, 40, 82, 84, 85, 87, 91, 93, 94, 96, 109, 111, 112, 114, 118, 120, 121, 123]]
[292, 2.94589, [0, 1, 3, 4, 9, 10, 12, 13, 27, 28, 30, 31, 36, 37, 39, 40, 82, 84, 85, 87, 91, 93, 94, 96, 109, 112, 114, 117, 118, 121, 123, 126]]
[292, 2.94561, [0, 1, 3, 4, 9, 10, 12, 13, 27, 28, 30, 31, 36, 37, 39, 40, 82, 84, 85, 90, 91, 93, 94, 99, 109, 111, 112, 117, 118, 120, 121, 126]]
[292, 2.94592, [0, 1, 3, 4, 9, 10, 12, 13, 27, 28, 30, 31, 36, 37, 39, 40, 82, 85, 90, 94, 96, 99, 105, 109, 112, 118, 121, 123, 129, 132, 138, 145, 244]]
[292, 2.94743, [0, 1, 3, 4, 9, 10, 12, 13, 27, 28, 30, 31, 36, 37, 39, 40, 82, 92, 93, 96, 97, 103, 105, 106, 108, 121, 122, 126, 129, 135, 140, 142, 143]]
[292, 2.94558, [0, 1, 3, 4, 9, 10, 12, 13, 27, 28, 30, 31, 36, 37, 39, 40, 82, 93, 94, 96, 100, 103, 105, 108, 109, 121, 126, 129, 130, 138, 140, 141, 145]]
[292, 2.94527, [0, 1, 3, 4, 9, 10, 12, 13, 27, 28, 30, 31, 36, 37, 39, 40, 82, 94, 96, 99, 100, 103, 105, 108, 109, 121, 123, 129, 130, 132, 140, 144, 145]]
[292, 2.94597, [0, 1, 3, 4, 9, 10, 12, 13, 27, 28, 30, 31, 36, 37, 39, 40, 83, 84, 86, 87, 92, 93, 95, 96, 110, 111, 113, 114, 119, 120, 122, 123]]
[292, 2.94526, [0, 1, 3, 4, 9, 10, 12, 13, 27, 28, 30, 31, 36, 37, 39, 40, 83, 84, 86, 87, 92, 93, 95, 96, 111, 112, 114, 115, 120, 121, 123, 124]]
[292, 2.94929, [0, 1, 3, 4, 9, 10, 12, 13, 27, 28, 30, 31, 36, 37, 39, 40, 83, 89, 93, 96, 98, 101, 102, 105, 116, 120, 122, 123, 125, 132, 133, 137, 140]]
[292, 2.94524, [0, 1, 3, 4, 9, 10, 12, 13, 27, 28, 30, 31, 36, 37, 39, 40, 83, 93, 94, 98, 99, 101, 106, 107, 110, 112, 128, 132, 133, 140, 142, 143, 145]]
[292, 2.94737, [0, 1, 3, 4, 9, 10, 12, 13, 27, 28, 30, 31, 36, 37, 39, 40, 84, 90, 93, 94, 97, 103, 108, 111, 115, 117, 120, 124, 130, 134, 135, 139, 142]]
[292, 2.94794, [0, 1, 3, 4, 9, 10, 12, 13, 27, 28, 30, 31, 36, 37, 39, 40, 84, 92, 94, 97, 98, 101, 103, 106, 107, 119, 124, 126, 127, 134, 136, 139, 143]]
[292, 2.94894, [0, 1, 3, 4, 9, 10, 12, 13, 27, 28, 30, 31, 36, 37, 39, 40, 86, 91, 92, 94, 95, 100, 103, 107, 110, 118, 121, 127, 130, 131, 137, 138, 140]]
[292, 2.95062, [0, 1, 3, 4, 9, 10, 12, 13, 27, 28, 30, 31, 36, 37, 39, 40, 87, 88, 91, 92, 98, 99, 101, 102, 118, 119, 122, 124, 127, 128, 131, 133, 141]]
[292, 2.94992, [0, 1, 3, 4, 9, 10, 12, 13, 27, 28, 30, 31, 36, 37, 39, 40, 87, 88, 91, 92, 99, 101, 102, 104, 118, 119, 122, 124, 127, 128, 131, 133, 141]]
[292, 2.94697, [0, 1, 3, 4, 9, 10, 12, 13, 27, 28, 30, 31, 36, 37, 39, 40, 87, 88, 91, 92, 99, 101, 102, 104, 118, 119, 122, 124, 127, 128, 133, 141, 187]]
[292, 2.94881, [0, 1, 3, 4, 9, 10, 12, 13, 27, 28, 30, 31, 36, 37, 39, 40, 87, 91, 93, 94, 96, 102, 103, 106, 107, 114, 124, 128, 129, 131, 136, 139, 140]]
[292, 2.94895, [0, 1, 3, 4, 9, 10, 12, 13, 27, 28, 30, 31, 36, 37, 39, 40, 87, 91, 93, 94, 96, 102, 103, 106, 107, 114, 124, 128, 130, 131, 133, 139, 140]]
[292, 2.946, [0, 1, 3, 4, 9, 10, 12, 13, 27, 28, 30, 31, 36, 37, 39, 40, 88, 90, 91, 93, 99, 101, 102, 104, 119, 121, 122, 124, 130, 132, 133, 135, 187]]
[292, 2.94882, [0, 1, 3, 4, 9, 10, 12, 13, 27, 28, 30, 31, 36, 37, 39, 40, 88, 90, 93, 94, 97, 99, 102, 103, 119, 120, 123, 125, 128, 129, 132, 134, 142]]
[292, 2.94559, [0, 1, 3, 4, 9, 10, 12, 13, 27, 28, 30, 31, 36, 37, 39, 40, 89, 90, 93, 94, 100, 102, 103, 105, 122, 123, 126, 128, 131, 132, 135, 137, 145]]
[292, 2.94558, [0, 1, 3, 4, 9, 10, 12, 13, 27, 28, 30, 31, 36, 37, 39, 40, 89, 90, 93, 95, 98, 102, 104, 105, 122, 123, 126, 128, 131, 132, 135, 137, 145]]
[292, 2.94687, [0, 1, 3, 4, 9, 10, 12, 13, 27, 28, 30, 31, 36, 37, 39, 40, 90, 92, 93, 97, 98, 100, 105, 109, 115, 119, 122, 124, 127, 131, 134, 136, 142]]
[292, 2.95427, [0, 1, 3, 4, 9, 10, 12, 13, 27, 28, 30, 31, 36, 37, 39, 40, 93, 94, 96, 97, 102, 103, 105, 106, 121, 126, 128, 129, 133, 134, 141, 143, 144, 234]]

Search completed in 43 hours, 0 minutes, and 3.47 seconds.  Enter a string to quit.