Enter an integer k for which our Kempner sets are k-free: 3
Enter a positive integer modulus b: 307
Enter estimation parameters, or * for pre-computed parameters ([0.0815, 1.6177, 1.2009]): *
Enter a threshold (e.g. 4.2) to determine printed output: 2.94
Enter a root for the search space (e.g. [0, 1, 2]) [or * for the root [0]]: *
Enter an upper bound for the size of allowable digit sets [or * to ignore]: 36
Enter a maximal number of deviations from a greedy search [or * to ignore]: *
Searching for k-free sets mod b...

[307, 2.94073, [0, 1, 3, 4, 9, 10, 12, 13, 27, 28, 30, 31, 36, 37, 39, 40, 81, 82, 84, 90, 94, 100, 102, 103, 108, 109, 111, 117, 130, 139, 142, 146, 147]]
[307, 2.94025, [0, 1, 3, 4, 9, 10, 12, 13, 27, 28, 30, 31, 36, 37, 39, 40, 81, 83, 84, 86, 97, 98, 103, 104, 106, 107, 118, 119, 121, 143, 146, 148, 151]]
[307, 2.94497, [0, 1, 3, 4, 9, 10, 12, 13, 27, 28, 30, 31, 36, 37, 39, 40, 81, 85, 86, 90, 98, 104, 108, 113, 117, 119, 120, 124, 137, 138, 146, 147, 151, 251]]
[307, 2.94857, [0, 1, 3, 4, 9, 10, 12, 13, 27, 28, 30, 31, 36, 37, 39, 40, 82, 83, 85, 91, 98, 104, 106, 107, 109, 115, 118, 119, 122, 141, 144, 149, 150, 253]]
[307, 2.94233, [0, 1, 3, 4, 9, 10, 12, 13, 27, 28, 30, 31, 36, 37, 39, 40, 82, 83, 85, 91, 98, 104, 106, 107, 109, 118, 119, 122, 141, 144, 148, 149, 253, 264]]
[307, 2.94243, [0, 1, 3, 4, 9, 10, 12, 13, 27, 28, 30, 31, 36, 37, 39, 40, 82, 84, 96, 98, 102, 104, 105, 109, 111, 119, 121, 130, 135, 143, 147, 148, 150, 253]]
[307, 2.94178, [0, 1, 3, 4, 9, 10, 12, 13, 27, 28, 30, 31, 36, 37, 39, 40, 82, 84, 96, 98, 102, 104, 105, 109, 118, 119, 121, 130, 135, 143, 147, 148, 150, 253]]
[307, 2.94106, [0, 1, 3, 4, 9, 10, 12, 13, 27, 28, 30, 31, 36, 37, 39, 40, 82, 84, 96, 98, 102, 105, 109, 111, 118, 119, 121, 130, 135, 143, 147, 148, 150, 253]]
[307, 2.94518, [0, 1, 3, 4, 9, 10, 12, 13, 27, 28, 30, 31, 36, 37, 39, 40, 82, 84, 97, 98, 102, 104, 105, 109, 118, 119, 123, 130, 135, 143, 145, 146, 150, 153]]
[307, 2.94541, [0, 1, 3, 4, 9, 10, 12, 13, 27, 28, 30, 31, 36, 37, 39, 40, 82, 85, 91, 96, 98, 99, 104, 106, 115, 118, 119, 122, 135, 141, 144, 149, 150, 253]]
[307, 2.94314, [0, 1, 3, 4, 9, 10, 12, 13, 27, 28, 30, 31, 36, 37, 39, 40, 82, 86, 98, 100, 105, 106, 108, 115, 117, 120, 121, 131, 138, 139, 143, 149, 150, 153]]
[307, 2.94303, [0, 1, 3, 4, 9, 10, 12, 13, 27, 28, 30, 31, 36, 37, 39, 40, 82, 86, 98, 100, 105, 107, 108, 115, 117, 120, 121, 131, 138, 139, 143, 149, 150, 153]]
[307, 2.94605, [0, 1, 3, 4, 9, 10, 12, 13, 27, 28, 30, 31, 36, 37, 39, 40, 82, 87, 93, 94, 97, 102, 103, 108, 115, 116, 118, 126, 131, 132, 140, 141, 153, 257]]
[307, 2.94393, [0, 1, 3, 4, 9, 10, 12, 13, 27, 28, 30, 31, 36, 37, 39, 40, 82, 87, 93, 94, 97, 102, 103, 108, 115, 118, 126, 131, 132, 140, 141, 145, 153, 257]]
[307, 2.94202, [0, 1, 3, 4, 9, 10, 12, 13, 27, 28, 30, 31, 36, 37, 39, 40, 82, 87, 93, 97, 100, 109, 110, 114, 115, 117, 122, 126, 132, 139, 140, 145, 153, 256]]
[307, 2.9462, [0, 1, 3, 4, 9, 10, 12, 13, 27, 28, 30, 31, 36, 37, 39, 40, 82, 92, 94, 97, 98, 103, 107, 113, 115, 118, 126, 130, 131, 135, 141, 143, 146, 150]]
[307, 2.94051, [0, 1, 3, 4, 9, 10, 12, 13, 27, 28, 30, 31, 36, 37, 39, 40, 82, 93, 94, 97, 102, 103, 108, 115, 116, 118, 126, 131, 132, 140, 141, 145, 153, 257]]
[307, 2.94419, [0, 1, 3, 4, 9, 10, 12, 13, 27, 28, 30, 31, 36, 37, 39, 40, 82, 94, 96, 97, 101, 102, 104, 109, 113, 115, 119, 131, 135, 138, 140, 146, 150, 197]]
[307, 2.94334, [0, 1, 3, 4, 9, 10, 12, 13, 27, 28, 30, 31, 36, 37, 39, 40, 82, 94, 96, 97, 101, 102, 104, 109, 113, 115, 119, 135, 138, 139, 145, 146, 150, 197]]
[307, 2.94309, [0, 1, 3, 4, 9, 10, 12, 13, 27, 28, 30, 31, 36, 37, 39, 40, 82, 94, 96, 97, 101, 102, 104, 109, 113, 115, 119, 135, 138, 143, 145, 146, 150, 197]]
[307, 2.94282, [0, 1, 3, 4, 9, 10, 12, 13, 27, 28, 30, 31, 36, 37, 39, 40, 82, 94, 96, 97, 101, 102, 104, 109, 113, 115, 119, 138, 139, 143, 145, 146, 150, 197]]
[307, 2.94286, [0, 1, 3, 4, 9, 10, 12, 13, 27, 28, 30, 31, 36, 37, 39, 40, 83, 84, 86, 87, 100, 101, 106, 107, 109, 120, 122, 123, 148, 149, 151, 152, 194, 253]]
[307, 2.94149, [0, 1, 3, 4, 9, 10, 12, 13, 27, 28, 30, 31, 36, 37, 39, 40, 83, 84, 86, 97, 98, 103, 104, 106, 107, 118, 119, 121, 143, 148, 149, 151, 252, 253]]
[307, 2.94427, [0, 1, 3, 4, 9, 10, 12, 13, 27, 28, 30, 31, 36, 37, 39, 40, 83, 84, 86, 98, 100, 101, 105, 106, 108, 120, 121, 123, 143, 147, 149, 150, 152, 251]]
[307, 2.94425, [0, 1, 3, 4, 9, 10, 12, 13, 27, 28, 30, 31, 36, 37, 39, 40, 83, 84, 86, 98, 100, 101, 105, 106, 108, 120, 121, 123, 143, 147, 149, 150, 152, 252]]
[307, 2.94416, [0, 1, 3, 4, 9, 10, 12, 13, 27, 28, 30, 31, 36, 37, 39, 40, 83, 84, 86, 98, 100, 101, 105, 107, 108, 120, 121, 123, 143, 147, 149, 150, 152, 251]]
[307, 2.94414, [0, 1, 3, 4, 9, 10, 12, 13, 27, 28, 30, 31, 36, 37, 39, 40, 83, 84, 86, 98, 100, 101, 105, 107, 108, 120, 121, 123, 143, 147, 149, 150, 152, 252]]
[307, 2.94464, [0, 1, 3, 4, 9, 10, 12, 13, 27, 28, 30, 31, 36, 37, 39, 40, 83, 84, 86, 98, 100, 101, 105, 107, 108, 120, 122, 123, 134, 147, 149, 150, 152, 252]]
[307, 2.94348, [0, 1, 3, 4, 9, 10, 12, 13, 27, 28, 30, 31, 36, 37, 39, 40, 83, 84, 86, 98, 100, 104, 105, 107, 111, 120, 121, 123, 143, 147, 149, 150, 152, 253]]
[307, 2.94337, [0, 1, 3, 4, 9, 10, 12, 13, 27, 28, 30, 31, 36, 37, 39, 40, 83, 84, 86, 98, 100, 104, 106, 107, 111, 120, 121, 123, 143, 147, 149, 150, 152, 253]]
[307, 2.94548, [0, 1, 3, 4, 9, 10, 12, 13, 27, 28, 30, 31, 36, 37, 39, 40, 83, 84, 97, 98, 100, 104, 106, 107, 109, 119, 122, 133, 142, 143, 145, 149, 150, 152]]
[307, 2.94043, [0, 1, 3, 4, 9, 10, 12, 13, 27, 28, 30, 31, 36, 37, 39, 40, 83, 84, 98, 99, 104, 106, 107, 111, 117, 119, 120, 122, 143, 144, 147, 149, 152, 253]]
[307, 2.94355, [0, 1, 3, 4, 9, 10, 12, 13, 27, 28, 30, 31, 36, 37, 39, 40, 83, 84, 98, 100, 104, 106, 107, 109, 115, 119, 122, 133, 142, 143, 145, 149, 150, 152]]
[307, 2.94851, [0, 1, 3, 4, 9, 10, 12, 13, 27, 28, 30, 31, 36, 37, 39, 40, 83, 84, 99, 100, 105, 106, 108, 119, 120, 122, 123, 142, 143, 148, 149, 151, 152, 251, 252]]
[307, 2.94841, [0, 1, 3, 4, 9, 10, 12, 13, 27, 28, 30, 31, 36, 37, 39, 40, 83, 84, 99, 100, 105, 107, 108, 119, 120, 122, 123, 142, 143, 148, 149, 151, 152, 251, 252]]
[307, 2.94121, [0, 1, 3, 4, 9, 10, 12, 13, 27, 28, 30, 31, 36, 37, 39, 40, 83, 85, 86, 91, 100, 101, 105, 108, 113, 120, 122, 123, 137, 147, 148, 150, 251, 252]]
[307, 2.94684, [0, 1, 3, 4, 9, 10, 12, 13, 27, 28, 30, 31, 36, 37, 39, 40, 83, 85, 97, 98, 101, 103, 106, 107, 110, 118, 120, 128, 132, 141, 145, 147, 148, 152]]
[307, 2.94887, [0, 1, 3, 4, 9, 10, 12, 13, 27, 28, 30, 31, 36, 37, 39, 40, 83, 86, 87, 99, 101, 102, 107, 109, 110, 114, 120, 122, 123, 140, 148, 149, 151, 152]]
[307, 2.94689, [0, 1, 3, 4, 9, 10, 12, 13, 27, 28, 30, 31, 36, 37, 39, 40, 83, 86, 87, 99, 101, 102, 107, 109, 110, 114, 120, 122, 123, 140, 148, 150, 151, 196]]
[307, 2.94678, [0, 1, 3, 4, 9, 10, 12, 13, 27, 28, 30, 31, 36, 37, 39, 40, 83, 86, 87, 99, 101, 102, 107, 109, 110, 114, 120, 122, 123, 140, 148, 151, 152, 196]]
[307, 2.94673, [0, 1, 3, 4, 9, 10, 12, 13, 27, 28, 30, 31, 36, 37, 39, 40, 83, 86, 87, 99, 101, 102, 107, 109, 110, 114, 120, 123, 124, 140, 148, 150, 151, 196]]
[307, 2.94662, [0, 1, 3, 4, 9, 10, 12, 13, 27, 28, 30, 31, 36, 37, 39, 40, 83, 86, 87, 99, 101, 102, 107, 109, 110, 114, 120, 123, 124, 140, 148, 151, 152, 196]]
[307, 2.9491, [0, 1, 3, 4, 9, 10, 12, 13, 27, 28, 30, 31, 36, 37, 39, 40, 83, 86, 87, 99, 101, 102, 109, 110, 113, 114, 120, 122, 123, 128, 148, 149, 151, 152]]
[307, 2.94503, [0, 1, 3, 4, 9, 10, 12, 13, 27, 28, 30, 31, 36, 37, 39, 40, 83, 86, 87, 99, 101, 102, 109, 110, 114, 120, 122, 123, 128, 140, 148, 150, 151, 196]]
[307, 2.943, [0, 1, 3, 4, 9, 10, 12, 13, 27, 28, 30, 31, 36, 37, 39, 40, 83, 86, 87, 99, 101, 107, 109, 110, 114, 120, 122, 123, 140, 148, 149, 151, 152, 196]]
[307, 2.94719, [0, 1, 3, 4, 9, 10, 12, 13, 27, 28, 30, 31, 36, 37, 39, 40, 83, 86, 92, 93, 99, 102, 107, 109, 110, 114, 120, 123, 124, 140, 143, 151, 152, 196]]
[307, 2.94308, [0, 1, 3, 4, 9, 10, 12, 13, 27, 28, 30, 31, 36, 37, 39, 40, 83, 86, 93, 99, 101, 102, 107, 110, 114, 120, 123, 124, 140, 143, 148, 151, 152, 196]]
[307, 2.94221, [0, 1, 3, 4, 9, 10, 12, 13, 27, 28, 30, 31, 36, 37, 39, 40, 83, 86, 93, 99, 102, 107, 109, 110, 114, 120, 123, 124, 140, 143, 148, 151, 152, 196]]
[307, 2.94131, [0, 1, 3, 4, 9, 10, 12, 13, 27, 28, 30, 31, 36, 37, 39, 40, 83, 86, 99, 101, 102, 107, 109, 110, 114, 120, 123, 124, 140, 143, 148, 150, 151, 196]]
[307, 2.9412, [0, 1, 3, 4, 9, 10, 12, 13, 27, 28, 30, 31, 36, 37, 39, 40, 83, 86, 99, 101, 102, 107, 109, 110, 114, 120, 123, 124, 140, 143, 148, 151, 152, 196]]
[307, 2.94034, [0, 1, 3, 4, 9, 10, 12, 13, 27, 28, 30, 31, 36, 37, 39, 40, 83, 87, 92, 99, 102, 107, 109, 113, 114, 120, 123, 125, 140, 142, 149, 150, 152, 251]]
[307, 2.94827, [0, 1, 3, 4, 9, 10, 12, 13, 27, 28, 30, 31, 36, 37, 39, 40, 83, 87, 93, 97, 100, 102, 105, 106, 109, 120, 122, 128, 132, 133, 141, 145, 148, 152]]
[307, 2.94217, [0, 1, 3, 4, 9, 10, 12, 13, 27, 28, 30, 31, 36, 37, 39, 40, 83, 87, 93, 97, 102, 105, 106, 109, 120, 122, 128, 132, 133, 141, 145, 148, 152, 196]]
[307, 2.94234, [0, 1, 3, 4, 9, 10, 12, 13, 27, 28, 30, 31, 36, 37, 39, 40, 83, 87, 99, 101, 102, 107, 109, 110, 114, 120, 122, 123, 128, 140, 148, 150, 151, 196]]
[307, 2.94122, [0, 1, 3, 4, 9, 10, 12, 13, 27, 28, 30, 31, 36, 37, 39, 40, 83, 87, 99, 101, 102, 107, 109, 110, 114, 120, 123, 124, 140, 142, 148, 150, 151, 196]]
[307, 2.94111, [0, 1, 3, 4, 9, 10, 12, 13, 27, 28, 30, 31, 36, 37, 39, 40, 83, 87, 99, 101, 102, 107, 109, 110, 114, 120, 123, 124, 140, 142, 148, 151, 152, 196]]
[307, 2.9407, [0, 1, 3, 4, 9, 10, 12, 13, 27, 28, 30, 31, 36, 37, 39, 40, 83, 89, 91, 94, 98, 100, 101, 115, 116, 118, 123, 125, 133, 137, 140, 144, 255, 259]]
[307, 2.94168, [0, 1, 3, 4, 9, 10, 12, 13, 27, 28, 30, 31, 36, 37, 39, 40, 83, 92, 93, 99, 102, 107, 109, 110, 114, 120, 123, 124, 140, 142, 143, 151, 152, 196]]
[307, 2.94187, [0, 1, 3, 4, 9, 10, 12, 13, 27, 28, 30, 31, 36, 37, 39, 40, 83, 93, 97, 98, 105, 106, 109, 110, 116, 118, 132, 133, 140, 141, 144, 145, 151, 152]]
[307, 2.94288, [0, 1, 3, 4, 9, 10, 12, 13, 27, 28, 30, 31, 36, 37, 39, 40, 83, 93, 97, 99, 106, 107, 109, 110, 116, 118, 128, 132, 134, 141, 142, 144, 145, 151]]
[307, 2.94022, [0, 1, 3, 4, 9, 10, 12, 13, 27, 28, 30, 31, 36, 37, 39, 40, 84, 85, 97, 99, 103, 105, 106, 108, 112, 120, 123, 124, 144, 146, 150, 152, 153, 254]]
[307, 2.94064, [0, 1, 3, 4, 9, 10, 12, 13, 27, 28, 30, 31, 36, 37, 39, 40, 84, 85, 97, 99, 103, 105, 106, 108, 118, 120, 123, 124, 136, 144, 146, 150, 153, 254]]
[307, 2.94393, [0, 1, 3, 4, 9, 10, 12, 13, 27, 28, 30, 31, 36, 37, 39, 40, 84, 85, 99, 100, 105, 107, 108, 112, 118, 120, 121, 123, 127, 144, 145, 148, 150, 153]]
[307, 2.94426, [0, 1, 3, 4, 9, 10, 12, 13, 27, 28, 30, 31, 36, 37, 39, 40, 84, 86, 94, 96, 100, 101, 103, 107, 119, 124, 126, 127, 134, 139, 143, 146, 150, 195]]
[307, 2.94371, [0, 1, 3, 4, 9, 10, 12, 13, 27, 28, 30, 31, 36, 37, 39, 40, 84, 86, 98, 99, 104, 105, 108, 113, 115, 116, 120, 123, 139, 143, 149, 150, 152, 153]]
[307, 2.94412, [0, 1, 3, 4, 9, 10, 12, 13, 27, 28, 30, 31, 36, 37, 39, 40, 84, 87, 97, 100, 101, 104, 106, 109, 119, 120, 122, 130, 133, 142, 145, 149, 150, 152]]
[307, 2.94226, [0, 1, 3, 4, 9, 10, 12, 13, 27, 28, 30, 31, 36, 37, 39, 40, 84, 87, 97, 100, 101, 104, 106, 109, 119, 122, 130, 133, 139, 142, 149, 150, 152, 153]]
[307, 2.94165, [0, 1, 3, 4, 9, 10, 12, 13, 27, 28, 30, 31, 36, 37, 39, 40, 84, 87, 97, 100, 101, 104, 109, 112, 119, 122, 130, 133, 139, 142, 149, 150, 152, 153]]
[307, 2.94237, [0, 1, 3, 4, 9, 10, 12, 13, 27, 28, 30, 31, 36, 37, 39, 40, 84, 96, 97, 100, 102, 106, 111, 113, 114, 119, 121, 133, 134, 139, 143, 148, 150, 151]]
[307, 2.94527, [0, 1, 3, 4, 9, 10, 12, 13, 27, 28, 30, 31, 36, 37, 39, 40, 85, 91, 95, 98, 100, 103, 104, 107, 112, 125, 127, 132, 135, 136, 141, 144, 148, 149]]
[307, 2.94169, [0, 1, 3, 4, 9, 10, 12, 13, 27, 28, 30, 31, 36, 37, 39, 40, 85, 91, 98, 101, 103, 107, 109, 110, 112, 118, 132, 136, 137, 141, 144, 148, 149, 153]]
[307, 2.94299, [0, 1, 3, 4, 9, 10, 12, 13, 27, 28, 30, 31, 36, 37, 39, 40, 85, 95, 99, 101, 102, 104, 110, 111, 114, 115, 122, 132, 136, 138, 141, 147, 148, 152]]
[307, 2.94037, [0, 1, 3, 4, 9, 10, 12, 13, 27, 28, 30, 31, 36, 37, 39, 40, 85, 97, 98, 101, 103, 106, 107, 110, 112, 120, 132, 136, 138, 145, 146, 150, 151, 153]]
[307, 2.94218, [0, 1, 3, 4, 9, 10, 12, 13, 27, 28, 30, 31, 36, 37, 39, 40, 85, 97, 98, 101, 103, 107, 112, 114, 115, 119, 120, 122, 136, 138, 144, 148, 149, 151]]
[307, 2.94334, [0, 1, 3, 4, 9, 10, 12, 13, 27, 28, 30, 31, 36, 37, 39, 40, 87, 93, 97, 98, 100, 105, 106, 108, 122, 124, 127, 128, 131, 133, 141, 145, 152, 153]]
[307, 2.94166, [0, 1, 3, 4, 9, 10, 12, 13, 27, 28, 30, 31, 36, 37, 39, 40, 88, 94, 96, 97, 99, 105, 107, 108, 121, 124, 125, 130, 132, 133, 138, 147, 150, 196]]
[307, 2.94348, [0, 1, 3, 4, 9, 10, 12, 13, 27, 28, 30, 31, 36, 37, 39, 40, 89, 92, 97, 100, 104, 106, 109, 110, 113, 124, 125, 127, 132, 133, 136, 143, 149, 152]]
[307, 2.94435, [0, 1, 3, 4, 9, 10, 12, 13, 27, 28, 30, 31, 36, 37, 39, 40, 90, 92, 97, 98, 100, 105, 109, 111, 114, 115, 127, 129, 134, 135, 137, 142, 146, 151]]
[307, 2.94545, [0, 1, 3, 4, 9, 10, 12, 13, 27, 28, 30, 31, 36, 37, 39, 40, 90, 94, 96, 97, 99, 105, 106, 109, 110, 117, 127, 131, 133, 134, 136, 142, 146, 147]]
[307, 2.94164, [0, 1, 3, 4, 9, 10, 12, 13, 27, 28, 30, 31, 36, 37, 39, 40, 90, 97, 98, 101, 102, 108, 110, 111, 113, 117, 127, 134, 135, 138, 139, 145, 147, 148]]
[307, 2.94343, [0, 1, 3, 4, 9, 10, 12, 13, 27, 28, 30, 31, 36, 37, 39, 40, 91, 92, 97, 98, 100, 106, 107, 110, 111, 126, 127, 132, 134, 135, 139, 140, 149, 150]]
[307, 2.94372, [0, 1, 3, 4, 9, 10, 12, 13, 27, 28, 30, 31, 36, 37, 39, 40, 91, 95, 97, 98, 100, 106, 107, 110, 111, 118, 128, 132, 134, 135, 137, 144, 147, 148]]
[307, 2.94139, [0, 1, 3, 4, 9, 10, 12, 13, 27, 28, 30, 31, 36, 37, 39, 40, 91, 95, 97, 98, 106, 107, 109, 113, 118, 124, 126, 132, 133, 136, 137, 144, 147, 149]]
[307, 2.94055, [0, 1, 3, 4, 9, 10, 12, 13, 27, 28, 30, 31, 36, 37, 39, 40, 92, 96, 97, 99, 104, 105, 108, 110, 122, 126, 129, 131, 135, 137, 138, 146, 149, 151]]
[307, 2.94418, [0, 1, 3, 4, 9, 10, 12, 13, 27, 28, 30, 31, 36, 37, 39, 40, 92, 97, 101, 103, 104, 106, 112, 113, 119, 130, 136, 138, 139, 143, 149, 151, 152, 252, 253]]
[307, 2.94099, [0, 1, 3, 4, 9, 10, 12, 13, 27, 28, 30, 31, 36, 37, 39, 40, 94, 95, 98, 99, 105, 107, 108, 110, 114, 124, 131, 132, 135, 136, 142, 144, 145, 147]]
[307, 2.94049, [0, 1, 3, 4, 9, 10, 12, 13, 27, 28, 30, 31, 36, 37, 39, 40, 94, 96, 97, 99, 105, 106, 109, 110, 117, 127, 131, 133, 134, 136, 142, 143, 146, 147]]
[307, 2.94175, [0, 1, 3, 4, 9, 10, 12, 13, 27, 28, 30, 36, 37, 39, 40, 49, 83, 87, 99, 101, 102, 107, 109, 114, 118, 120, 123, 124, 140, 142, 143, 148, 151, 152, 251]]
[307, 2.94364, [0, 1, 3, 4, 9, 10, 12, 13, 27, 30, 31, 34, 36, 39, 40, 43, 94, 98, 100, 101, 103, 109, 110, 113, 114, 121, 131, 135, 137, 138, 140, 146, 147, 150, 151]]
[307, 2.94752, [0, 1, 3, 4, 9, 10, 12, 13, 28, 29, 31, 32, 37, 38, 40, 41, 83, 84, 98, 100, 104, 106, 107, 109, 115, 119, 122, 133, 142, 143, 145, 149, 150, 152, 251]]
[307, 2.94792, [0, 1, 3, 4, 9, 10, 12, 13, 28, 29, 31, 32, 37, 38, 40, 41, 83, 86, 91, 101, 103, 107, 109, 110, 112, 118, 122, 130, 136, 139, 147, 149, 152, 167, 252]]
[307, 2.94131, [0, 1, 3, 4, 9, 10, 12, 13, 28, 29, 31, 32, 37, 38, 40, 41, 83, 86, 97, 101, 103, 106, 107, 110, 112, 122, 130, 136, 139, 149, 151, 152, 167, 252, 254]]
[307, 2.94166, [0, 1, 3, 4, 9, 10, 12, 13, 28, 30, 31, 33, 37, 39, 40, 42, 85, 86, 99, 100, 104, 106, 107, 111, 117, 120, 124, 138, 143, 145, 146, 150, 151, 153, 254]]

Search completed in 37 hours, 16 minutes, and 37.635 seconds.  Enter a string to quit.