Enter an integer k for which our Kempner sets are k-free: 3
Enter a positive integer modulus b: 150
Enter estimation parameters, or * for pre-computed parameters ([0.0757, 1.0687, 1.3771]): *
Enter a threshold (e.g. 4.2) to determine printed output: 2.84
Enter a root for the search space (e.g. [0, 1, 2]) [or * for the root [0]]: *
Enter an upper bound for the size of allowable digit sets [or * to ignore]: *
Enter a maximal number of deviations from a greedy search [or * to ignore]: *
Searching for k-free sets mod b...

[150, 2.84308, [0, 1, 3, 4, 9, 10, 12, 13, 27, 28, 30, 34, 35, 39, 62, 63, 71, 72, 100]]
[150, 2.84008, [0, 1, 3, 4, 9, 10, 12, 13, 27, 28, 30, 34, 35, 39, 62, 63, 71, 72, 127]]
[150, 2.84284, [0, 1, 3, 4, 9, 10, 12, 13, 27, 28, 30, 34, 35, 39, 62, 63, 71, 73, 100]]
[150, 2.84259, [0, 1, 3, 4, 9, 10, 12, 13, 27, 28, 30, 34, 35, 39, 62, 63, 72, 73, 100]]
[150, 2.8442, [0, 1, 3, 4, 9, 10, 12, 13, 27, 28, 30, 35, 38, 62, 65, 71, 74, 98, 101, 116]]
[150, 2.84209, [0, 1, 3, 4, 9, 10, 12, 13, 27, 28, 30, 35, 38, 62, 65, 71, 74, 98, 116, 119]]
[150, 2.84029, [0, 1, 3, 4, 9, 10, 12, 13, 27, 28, 30, 35, 38, 62, 65, 71, 74, 101, 116, 134]]
[150, 2.84638, [0, 1, 3, 4, 9, 10, 12, 13, 27, 28, 30, 38, 58, 61, 62, 65, 70, 71, 74, 101]]
[150, 2.84673, [0, 1, 3, 4, 9, 10, 12, 13, 27, 28, 30, 40, 49, 61, 62, 64, 65, 72, 74, 133]]
[150, 2.84614, [0, 1, 3, 4, 9, 10, 12, 13, 27, 28, 30, 40, 49, 61, 62, 65, 66, 72, 74, 133]]
[150, 2.84612, [0, 1, 3, 4, 9, 10, 12, 13, 27, 28, 30, 40, 49, 61, 63, 64, 66, 72, 74, 133]]
[150, 2.84549, [0, 1, 3, 4, 9, 10, 12, 13, 27, 28, 30, 40, 49, 62, 63, 65, 66, 72, 74, 133]]
[150, 2.84465, [0, 1, 3, 4, 9, 10, 12, 13, 27, 28, 30, 40, 49, 62, 63, 65, 69, 72, 74, 133]]
[150, 2.84605, [0, 1, 3, 4, 9, 10, 12, 13, 27, 28, 32, 38, 40, 58, 59, 62, 69, 74, 119, 127]]
[150, 2.84876, [0, 1, 3, 4, 9, 10, 12, 13, 27, 28, 32, 39, 48, 58, 59, 62, 67, 71, 73, 127]]
[150, 2.8546, [0, 1, 3, 4, 9, 10, 12, 13, 27, 28, 33, 35, 36, 40, 48, 49, 64, 73, 74]]
[150, 2.84227, [0, 1, 3, 4, 9, 10, 12, 13, 27, 28, 33, 35, 40, 48, 49, 59, 64, 72, 73]]
[150, 2.84204, [0, 1, 3, 4, 9, 10, 12, 13, 27, 28, 33, 35, 40, 48, 49, 59, 64, 72, 74]]
[150, 2.8418, [0, 1, 3, 4, 9, 10, 12, 13, 27, 28, 33, 35, 40, 48, 49, 59, 64, 73, 74]]
[150, 2.85026, [0, 1, 3, 4, 9, 10, 12, 13, 27, 28, 33, 35, 40, 49, 59, 64, 72, 73, 120, 126]]
[150, 2.85594, [0, 1, 3, 4, 9, 10, 12, 13, 27, 28, 35, 39, 40, 48, 59, 62, 63, 72, 73, 127]]
[150, 2.84733, [0, 1, 3, 4, 9, 10, 12, 13, 27, 28, 35, 39, 40, 48, 59, 62, 63, 73, 127, 132]]
[150, 2.84313, [0, 1, 3, 4, 9, 10, 12, 13, 27, 28, 39, 40, 48, 58, 59, 61, 62, 72, 73, 127]]
[150, 2.84248, [0, 1, 3, 4, 9, 10, 12, 13, 27, 28, 39, 40, 48, 58, 59, 62, 63, 72, 73, 127]]
[150, 2.84951, [0, 1, 3, 4, 9, 10, 12, 13, 27, 29, 30, 32, 38, 40, 43, 62, 65, 69, 119]]
[150, 2.85182, [0, 1, 3, 4, 9, 10, 12, 13, 27, 29, 30, 32, 38, 43, 62, 65, 71, 116, 119, 134]]
[150, 2.85096, [0, 1, 3, 4, 9, 10, 12, 13, 27, 29, 30, 32, 38, 43, 62, 68, 71, 116, 119, 134]]
[150, 2.84058, [0, 1, 3, 4, 9, 10, 12, 13, 27, 29, 30, 32, 43, 62, 65, 67, 70, 99, 119, 132]]
[150, 2.85412, [0, 1, 3, 4, 9, 10, 12, 13, 27, 29, 30, 34, 40, 52, 61, 62, 66, 69, 117, 133]]
[150, 2.84834, [0, 1, 3, 4, 9, 10, 12, 13, 27, 29, 30, 34, 40, 52, 61, 62, 66, 99, 117, 133]]
[150, 2.84667, [0, 1, 3, 4, 9, 10, 12, 13, 27, 29, 30, 34, 40, 52, 61, 62, 66, 99, 133, 135]]
[150, 2.8484, [0, 1, 3, 4, 9, 10, 12, 13, 27, 29, 30, 34, 40, 61, 62, 66, 72, 74, 99, 133]]
[150, 2.84676, [0, 1, 3, 4, 9, 10, 12, 13, 27, 29, 30, 34, 43, 62, 63, 69, 71, 72, 100, 119]]
[150, 2.87151, [0, 1, 3, 4, 9, 10, 12, 13, 27, 29, 33, 34, 38, 40, 52, 60, 61, 69, 74, 133]]
[150, 2.86265, [0, 1, 3, 4, 9, 10, 12, 13, 27, 29, 33, 34, 38, 40, 52, 60, 61, 74, 126, 133]]
[150, 2.85645, [0, 1, 3, 4, 9, 10, 12, 13, 27, 29, 33, 34, 40, 52, 60, 61, 69, 72, 74, 133]]
[150, 2.85066, [0, 1, 3, 4, 9, 10, 12, 13, 27, 29, 33, 34, 40, 52, 60, 61, 72, 74, 99, 133]]
[150, 2.8476, [0, 1, 3, 4, 9, 10, 12, 13, 27, 29, 33, 34, 40, 52, 60, 61, 72, 74, 126, 133]]
[150, 2.85529, [0, 1, 3, 4, 9, 10, 12, 13, 27, 29, 34, 40, 47, 52, 61, 62, 66, 69, 73, 74]]
[150, 2.8555, [0, 1, 3, 4, 9, 10, 12, 13, 27, 31, 32, 34, 38, 43, 46, 47, 57, 69, 70]]
[150, 2.84594, [0, 1, 3, 4, 9, 10, 12, 13, 27, 31, 32, 34, 38, 43, 46, 47, 57, 70, 135]]
[150, 2.84163, [0, 1, 3, 4, 9, 10, 12, 13, 27, 31, 32, 34, 38, 43, 46, 47, 70, 71, 135]]
[150, 2.84364, [0, 1, 3, 4, 9, 10, 12, 13, 27, 31, 32, 34, 38, 46, 47, 57, 69, 70, 74]]
[150, 2.84339, [0, 1, 3, 4, 9, 10, 12, 13, 27, 31, 32, 34, 38, 46, 47, 57, 69, 71, 74]]
[150, 2.84313, [0, 1, 3, 4, 9, 10, 12, 13, 27, 31, 32, 34, 38, 46, 47, 57, 70, 71, 74]]
[150, 2.8426, [0, 1, 3, 4, 9, 10, 12, 13, 27, 31, 32, 34, 38, 46, 48, 57, 70, 71, 74]]
[150, 2.84205, [0, 1, 3, 4, 9, 10, 12, 13, 27, 31, 32, 34, 38, 47, 48, 57, 70, 71, 74]]
[150, 2.84215, [0, 1, 3, 4, 9, 10, 12, 13, 27, 31, 32, 34, 43, 46, 47, 57, 66, 69, 70]]
[150, 2.84139, [0, 1, 3, 4, 9, 10, 12, 13, 27, 31, 32, 34, 43, 46, 47, 57, 66, 70, 72]]
[150, 2.84056, [0, 1, 3, 4, 9, 10, 12, 13, 27, 31, 32, 34, 43, 46, 47, 57, 69, 70, 72]]
[150, 2.84407, [0, 1, 3, 4, 9, 10, 12, 13, 27, 31, 32, 36, 38, 43, 46, 47, 57, 70, 135]]
[150, 2.8449, [0, 1, 3, 4, 9, 10, 12, 13, 27, 31, 33, 43, 46, 47, 60, 64, 69, 71, 72, 136]]
[150, 2.84161, [0, 1, 3, 4, 9, 10, 12, 13, 27, 31, 34, 36, 46, 47, 57, 70, 73, 74, 107, 126]]
[150, 2.84036, [0, 1, 3, 4, 9, 10, 12, 13, 27, 31, 37, 39, 46, 48, 56, 60, 63, 67, 132, 136]]
[150, 2.8415, [0, 1, 3, 4, 9, 10, 12, 13, 27, 31, 39, 40, 46, 48, 55, 60, 63, 73, 94, 132]]
[150, 2.84742, [0, 1, 3, 4, 9, 10, 12, 13, 27, 34, 35, 39, 40, 47, 49, 52, 72, 73, 120, 126]]
[150, 2.84532, [0, 1, 3, 4, 9, 10, 12, 13, 27, 34, 38, 39, 46, 47, 57, 61, 62, 70, 71, 126]]
[150, 2.84527, [0, 1, 3, 4, 9, 10, 12, 13, 27, 34, 39, 46, 47, 49, 57, 62, 63, 70, 72, 73]]
[150, 2.84791, [0, 1, 3, 4, 9, 10, 12, 13, 27, 34, 46, 47, 49, 57, 61, 62, 66, 72, 74, 126, 133]]
[150, 2.85889, [0, 1, 3, 4, 9, 10, 12, 13, 27, 39, 40, 46, 47, 49, 57, 60, 61, 64, 72, 126, 133]]
[150, 2.84781, [0, 1, 3, 4, 9, 10, 12, 13, 27, 39, 40, 46, 47, 49, 57, 61, 64, 72, 120, 126, 133]]
[150, 2.84265, [0, 1, 3, 4, 9, 10, 12, 13, 28, 30, 31, 35, 45, 54, 64, 65, 71, 72, 101, 136]]
[150, 2.84137, [0, 1, 3, 4, 9, 10, 12, 13, 28, 30, 39, 40, 45, 49, 54, 61, 64, 72, 93, 133]]
[150, 2.84176, [0, 1, 3, 4, 9, 10, 12, 13, 28, 33, 40, 48, 50, 58, 59, 61, 69, 73, 127, 131, 132]]
[150, 2.84313, [0, 1, 3, 4, 9, 10, 12, 13, 29, 30, 32, 38, 39, 42, 43, 53, 62, 70, 89]]
[150, 2.85976, [0, 1, 3, 4, 9, 10, 12, 13, 29, 30, 32, 38, 42, 43, 53, 62, 65, 69, 70, 119]]
[150, 2.84983, [0, 1, 3, 4, 9, 10, 12, 13, 29, 30, 38, 39, 43, 44, 52, 62, 70, 71, 89, 93]]
[150, 2.84291, [0, 1, 3, 4, 9, 10, 12, 13, 29, 30, 38, 39, 43, 44, 52, 62, 71, 89, 93, 110]]
[150, 2.85414, [0, 1, 3, 4, 9, 10, 12, 13, 29, 31, 34, 36, 42, 44, 47, 66, 70, 73, 89, 107]]
[150, 2.84358, [0, 1, 3, 4, 9, 10, 12, 13, 29, 31, 35, 40, 44, 47, 56, 64, 73, 74, 89, 98]]
[150, 2.8423, [0, 1, 3, 4, 9, 10, 12, 13, 29, 31, 38, 39, 43, 44, 56, 60, 70, 71, 93, 134]]
[150, 2.85902, [0, 1, 3, 4, 9, 10, 12, 13, 29, 32, 34, 42, 44, 47, 53, 66, 70, 89, 95, 133, 135]]
[150, 2.84558, [0, 1, 3, 4, 9, 10, 12, 13, 29, 32, 37, 39, 43, 44, 50, 53, 72, 89, 92, 110]]
[150, 2.8418, [0, 1, 3, 4, 9, 10, 12, 13, 29, 33, 34, 36, 41, 44, 50, 51, 74, 113, 128, 131]]
[150, 2.8429, [0, 1, 3, 4, 9, 10, 12, 13, 29, 33, 34, 40, 41, 44, 50, 52, 74, 89, 113, 131]]
[150, 2.84401, [0, 1, 3, 4, 9, 10, 12, 13, 29, 33, 34, 40, 44, 50, 52, 61, 69, 73, 74, 131]]
[150, 2.85377, [0, 1, 3, 4, 9, 10, 12, 13, 30, 31, 33, 39, 43, 44, 46, 64, 67, 71, 72, 136]]
[150, 2.84729, [0, 1, 3, 4, 9, 10, 12, 13, 30, 31, 33, 39, 43, 44, 46, 67, 71, 72, 94, 136]]
[150, 2.85629, [0, 1, 3, 4, 9, 10, 12, 13, 30, 31, 35, 41, 43, 44, 46, 54, 63, 68, 71, 134]]
[150, 2.84631, [0, 1, 3, 4, 9, 10, 12, 13, 30, 31, 35, 41, 43, 44, 46, 54, 63, 71, 134, 136]]
[150, 2.85271, [0, 1, 3, 4, 9, 10, 12, 13, 30, 31, 35, 41, 43, 44, 46, 63, 64, 68, 71, 134]]
[150, 2.84273, [0, 1, 3, 4, 9, 10, 12, 13, 30, 31, 35, 41, 43, 44, 46, 63, 64, 71, 134, 136]]
[150, 2.84243, [0, 1, 3, 4, 9, 10, 12, 13, 30, 31, 35, 41, 43, 44, 46, 63, 65, 71, 134, 136]]
[150, 2.84212, [0, 1, 3, 4, 9, 10, 12, 13, 30, 31, 35, 41, 43, 44, 46, 64, 65, 71, 134, 136]]
[150, 2.86014, [0, 1, 3, 4, 9, 10, 12, 13, 30, 31, 35, 41, 44, 46, 54, 55, 63, 65, 68, 74]]
[150, 2.85058, [0, 1, 3, 4, 9, 10, 12, 13, 30, 31, 35, 41, 44, 46, 54, 55, 63, 65, 74, 131]]
[150, 2.84211, [0, 1, 3, 4, 9, 10, 12, 13, 30, 31, 35, 41, 44, 46, 54, 55, 63, 65, 131, 136]]
[150, 2.84078, [0, 1, 3, 4, 9, 10, 12, 13, 30, 31, 35, 41, 46, 54, 55, 63, 65, 68, 74, 131]]
[150, 2.84212, [0, 1, 3, 4, 9, 10, 12, 13, 30, 31, 36, 39, 43, 44, 46, 54, 67, 94, 123, 136]]
[150, 2.84472, [0, 1, 3, 4, 9, 10, 12, 13, 30, 31, 36, 39, 44, 46, 54, 55, 67, 73, 94, 123]]
[150, 2.84441, [0, 1, 3, 4, 9, 10, 12, 13, 30, 31, 39, 40, 44, 45, 54, 55, 72, 73, 93, 94]]
[150, 2.84384, [0, 1, 3, 4, 9, 10, 12, 13, 30, 31, 39, 40, 44, 46, 54, 55, 72, 73, 93, 94]]
[150, 2.84324, [0, 1, 3, 4, 9, 10, 12, 13, 30, 31, 39, 40, 45, 46, 54, 55, 72, 73, 93, 94]]
[150, 2.86157, [0, 1, 3, 4, 9, 10, 12, 13, 30, 31, 39, 43, 44, 46, 54, 67, 71, 72, 93, 94, 136]]
[150, 2.85787, [0, 1, 3, 4, 9, 10, 12, 13, 30, 31, 39, 43, 44, 46, 54, 67, 71, 72, 94, 123, 136]]
[150, 2.86749, [0, 1, 3, 4, 9, 10, 12, 13, 30, 31, 39, 43, 45, 46, 54, 64, 67, 71, 72, 93, 136]]
[150, 2.86096, [0, 1, 3, 4, 9, 10, 12, 13, 30, 31, 39, 43, 45, 46, 54, 67, 71, 72, 93, 94, 136]]
[150, 2.85544, [0, 1, 3, 4, 9, 10, 12, 13, 30, 31, 39, 43, 45, 46, 64, 67, 71, 72, 93, 108, 136]]
[150, 2.84891, [0, 1, 3, 4, 9, 10, 12, 13, 30, 31, 39, 43, 45, 46, 67, 71, 72, 93, 94, 108, 136]]
[150, 2.84643, [0, 1, 3, 4, 9, 10, 12, 13, 30, 31, 40, 41, 44, 46, 54, 55, 63, 65, 74, 131]]
[150, 2.84263, [0, 1, 3, 4, 9, 10, 12, 13, 30, 31, 40, 41, 44, 46, 54, 55, 63, 65, 94, 131]]
[150, 2.85795, [0, 1, 3, 4, 9, 10, 12, 13, 30, 31, 40, 44, 46, 54, 55, 63, 65, 69, 74, 131, 133]]
[150, 2.84473, [0, 1, 3, 4, 9, 10, 12, 13, 30, 31, 41, 43, 44, 46, 54, 63, 66, 68, 71, 94]]
[150, 2.84023, [0, 1, 3, 4, 9, 10, 12, 13, 30, 31, 41, 43, 44, 46, 54, 63, 66, 68, 71, 134]]
[150, 2.85431, [0, 1, 3, 4, 9, 10, 12, 13, 30, 31, 41, 43, 44, 46, 63, 65, 66, 71, 94, 134, 136]]
[150, 2.8488, [0, 1, 3, 4, 9, 10, 12, 13, 30, 31, 43, 44, 46, 54, 66, 67, 71, 72, 93, 94, 136]]
[150, 2.85473, [0, 1, 3, 4, 9, 10, 12, 13, 30, 31, 43, 45, 46, 54, 64, 66, 67, 71, 72, 93, 136]]
[150, 2.8482, [0, 1, 3, 4, 9, 10, 12, 13, 30, 31, 43, 45, 46, 54, 66, 67, 71, 72, 93, 94, 136]]
[150, 2.85504, [0, 1, 3, 4, 9, 10, 12, 13, 30, 32, 38, 42, 43, 49, 53, 58, 62, 65, 69, 70]]
[150, 2.85501, [0, 1, 3, 4, 9, 10, 12, 13, 30, 34, 39, 40, 43, 45, 49, 54, 61, 62, 72, 93]]
[150, 2.84804, [0, 1, 3, 4, 9, 10, 12, 13, 30, 34, 39, 40, 43, 45, 49, 54, 62, 72, 91, 93]]
[150, 2.84234, [0, 1, 3, 4, 9, 10, 12, 13, 30, 34, 40, 43, 45, 49, 54, 61, 62, 66, 72, 93]]
[150, 2.85727, [0, 1, 3, 4, 9, 10, 12, 13, 30, 34, 40, 44, 45, 49, 52, 61, 62, 66, 93, 133, 135]]
[150, 2.84552, [0, 1, 3, 4, 9, 10, 12, 13, 30, 35, 39, 41, 45, 53, 54, 62, 64, 91, 130, 132, 136]]
[150, 2.84333, [0, 1, 3, 4, 9, 10, 12, 13, 30, 35, 39, 41, 49, 53, 54, 62, 64, 91, 130, 132, 136]]
[150, 2.84051, [0, 1, 3, 4, 9, 10, 12, 13, 30, 35, 41, 43, 49, 53, 54, 62, 64, 91, 130, 132, 136]]
[150, 2.85686, [0, 1, 3, 4, 9, 10, 12, 13, 30, 39, 40, 44, 45, 54, 55, 61, 62, 72, 73, 93, 127]]
[150, 2.85213, [0, 1, 3, 4, 9, 10, 12, 13, 30, 39, 43, 45, 46, 52, 54, 64, 67, 71, 72, 93, 136]]
[150, 2.857, [0, 1, 3, 4, 9, 10, 12, 13, 31, 32, 34, 35, 40, 41, 43, 44, 89, 90, 104, 105]]
[150, 2.84353, [0, 1, 3, 4, 9, 10, 12, 13, 31, 32, 34, 44, 45, 47, 48, 66, 69, 70, 73, 117]]
[150, 2.85066, [0, 1, 3, 4, 9, 10, 12, 13, 31, 32, 36, 42, 43, 45, 46, 57, 65, 66, 70, 135]]
[150, 2.85037, [0, 1, 3, 4, 9, 10, 12, 13, 31, 32, 36, 42, 43, 45, 46, 57, 65, 67, 70, 135]]
[150, 2.85008, [0, 1, 3, 4, 9, 10, 12, 13, 31, 32, 36, 42, 43, 45, 46, 57, 66, 67, 70, 135]]
[150, 2.84529, [0, 1, 3, 4, 9, 10, 12, 13, 31, 32, 36, 42, 43, 45, 46, 57, 66, 67, 94, 135]]
[150, 2.84953, [0, 1, 3, 4, 9, 10, 12, 13, 31, 32, 36, 42, 43, 46, 47, 57, 65, 66, 70, 135]]
[150, 2.84102, [0, 1, 3, 4, 9, 10, 12, 13, 31, 33, 39, 43, 44, 46, 51, 60, 64, 67, 72, 136]]
[150, 2.84496, [0, 1, 3, 4, 9, 10, 12, 13, 31, 35, 37, 38, 42, 44, 48, 55, 56, 89, 90, 129]]
[150, 2.84099, [0, 1, 3, 4, 9, 10, 12, 13, 31, 35, 40, 41, 44, 46, 54, 55, 63, 65, 74, 131]]
[150, 2.85849, [0, 1, 3, 4, 9, 10, 12, 13, 31, 39, 42, 43, 46, 54, 56, 57, 63, 64, 67, 90, 136]]
[150, 2.85112, [0, 1, 3, 4, 9, 10, 12, 13, 31, 39, 43, 44, 46, 54, 56, 60, 67, 71, 72, 93, 136]]
[150, 2.84743, [0, 1, 3, 4, 9, 10, 12, 13, 31, 39, 43, 44, 46, 54, 56, 60, 67, 71, 72, 123, 136]]
[150, 2.8418, [0, 1, 3, 4, 9, 10, 12, 13, 31, 39, 43, 44, 46, 54, 60, 67, 71, 72, 93, 94, 136]]
[150, 2.84773, [0, 1, 3, 4, 9, 10, 12, 13, 31, 39, 43, 45, 46, 54, 60, 64, 67, 71, 72, 93, 136]]
[150, 2.8412, [0, 1, 3, 4, 9, 10, 12, 13, 31, 39, 43, 45, 46, 54, 60, 67, 71, 72, 93, 94, 136]]
[150, 2.84327, [0, 1, 3, 4, 9, 10, 12, 13, 32, 33, 35, 39, 42, 44, 48, 59, 73, 89, 90, 100]]
[150, 2.84237, [0, 1, 3, 4, 9, 10, 12, 13, 33, 35, 39, 40, 42, 48, 52, 55, 59, 73, 89, 90]]
[150, 2.84141, [0, 1, 3, 4, 9, 10, 12, 13, 34, 40, 44, 45, 47, 51, 52, 61, 63, 66, 96, 133, 135]]
[150, 2.84036, [0, 1, 3, 4, 9, 10, 12, 13, 34, 40, 44, 45, 49, 51, 52, 61, 63, 66, 96, 133, 135]]
[150, 2.84933, [0, 1, 3, 4, 9, 10, 12, 13, 36, 37, 41, 43, 44, 53, 54, 56, 57, 89, 91, 92, 136]]
[150, 2.84226, [0, 1, 3, 4, 9, 10, 12, 22, 25, 26, 29, 31, 45, 56, 60, 63, 69, 71, 72, 74]]
[150, 2.84995, [0, 1, 3, 4, 9, 10, 12, 22, 25, 29, 30, 42, 45, 52, 53, 63, 66, 70, 71, 109, 135]]
[150, 2.84327, [0, 1, 3, 4, 9, 10, 12, 22, 25, 29, 30, 42, 45, 52, 53, 66, 70, 71, 93, 109, 135]]
[150, 2.84636, [0, 1, 3, 4, 9, 10, 12, 22, 27, 30, 31, 36, 47, 49, 55, 65, 66, 70, 73, 117, 133]]
[150, 2.8557, [0, 1, 3, 4, 9, 11, 12, 16, 25, 27, 33, 36, 40, 48, 52, 58, 59, 67, 73, 74]]
[150, 2.84372, [0, 1, 3, 4, 9, 11, 12, 16, 25, 30, 36, 40, 43, 45, 52, 53, 58, 62, 67, 117]]
[150, 2.84036, [0, 1, 3, 4, 9, 11, 12, 16, 26, 27, 33, 44, 46, 47, 56, 58, 64, 71, 73, 74]]
[150, 2.85184, [0, 1, 3, 4, 9, 11, 12, 16, 26, 34, 39, 45, 46, 54, 55, 60, 61, 70, 72, 73, 93]]
[150, 2.84752, [0, 1, 3, 4, 9, 11, 12, 16, 30, 34, 40, 43, 45, 54, 55, 61, 62, 66, 72, 73, 93]]
[150, 2.84245, [0, 1, 3, 4, 10, 11, 13, 14, 29, 32, 38, 43, 49, 52, 56, 59, 67, 68, 70, 71, 92]]

Search completed in 6 hours, 46 minutes, and 54.758 seconds.  Enter a string to quit.