Enter an integer k for which our Kempner sets are k-free: 3
Enter a positive integer modulus b: 302
Enter estimation parameters, or * for pre-computed parameters ([0.0807, 1.6144, 1.1986]): *
Enter a threshold (e.g. 4.2) to determine printed output: 2.94
Enter a root for the search space (e.g. [0, 1, 2]) [or * for the root [0]]: *
Enter an upper bound for the size of allowable digit sets [or * to ignore]: 36
Enter a maximal number of deviations from a greedy search [or * to ignore]: *
Searching for k-free sets mod b...

[302, 2.94062, [0, 1, 3, 4, 9, 10, 12, 13, 27, 28, 30, 31, 36, 37, 39, 40, 81, 82, 84, 85, 90, 91, 93, 94, 108, 109, 111, 112, 117, 118, 120, 121]]
[302, 2.94516, [0, 1, 3, 4, 9, 10, 12, 13, 27, 28, 30, 31, 36, 37, 39, 40, 81, 82, 84, 90, 94, 100, 102, 103, 108, 109, 111, 117, 130, 139, 142, 146, 147]]
[302, 2.94173, [0, 1, 3, 4, 9, 10, 12, 13, 27, 28, 30, 31, 36, 37, 39, 40, 81, 82, 85, 90, 100, 102, 106, 108, 109, 111, 117, 121, 129, 138, 145, 146, 148]]
[302, 2.94062, [0, 1, 3, 4, 9, 10, 12, 13, 27, 28, 30, 31, 36, 37, 39, 40, 81, 82, 93, 94, 96, 100, 103, 108, 109, 114, 121, 129, 130, 138, 140, 141, 143]]
[302, 2.9405, [0, 1, 3, 4, 9, 10, 12, 13, 27, 28, 30, 31, 36, 37, 39, 40, 81, 82, 93, 94, 96, 100, 103, 108, 109, 114, 121, 129, 130, 138, 140, 141, 145]]
[302, 2.94038, [0, 1, 3, 4, 9, 10, 12, 13, 27, 28, 30, 31, 36, 37, 39, 40, 81, 82, 93, 94, 96, 100, 103, 108, 109, 114, 121, 129, 130, 138, 140, 143, 145]]
[302, 2.94028, [0, 1, 3, 4, 9, 10, 12, 13, 27, 28, 30, 31, 36, 37, 39, 40, 81, 84, 90, 94, 97, 102, 103, 105, 106, 117, 119, 127, 130, 139, 142, 146, 147]]
[302, 2.94158, [0, 1, 3, 4, 9, 10, 12, 13, 27, 28, 30, 31, 36, 37, 39, 40, 81, 84, 90, 94, 97, 102, 103, 106, 108, 111, 117, 121, 130, 133, 142, 146, 147]]
[302, 2.94026, [0, 1, 3, 4, 9, 10, 12, 13, 27, 28, 30, 31, 36, 37, 39, 40, 81, 84, 90, 94, 97, 102, 103, 106, 108, 111, 117, 130, 133, 139, 142, 146, 147]]
[302, 2.94034, [0, 1, 3, 4, 9, 10, 12, 13, 27, 28, 30, 31, 36, 37, 39, 40, 81, 85, 93, 94, 99, 100, 102, 108, 109, 112, 121, 128, 129, 136, 138, 141, 145]]
[302, 2.94102, [0, 1, 3, 4, 9, 10, 12, 13, 27, 28, 30, 31, 36, 37, 39, 40, 81, 86, 88, 94, 96, 99, 101, 105, 115, 119, 120, 127, 128, 130, 138, 143, 147]]
[302, 2.94166, [0, 1, 3, 4, 9, 10, 12, 13, 27, 28, 30, 31, 36, 37, 39, 40, 81, 86, 88, 94, 98, 99, 101, 105, 106, 119, 120, 127, 128, 130, 138, 143, 147]]
[302, 2.94093, [0, 1, 3, 4, 9, 10, 12, 13, 27, 28, 30, 31, 36, 37, 39, 40, 81, 88, 91, 96, 97, 100, 102, 105, 117, 118, 120, 121, 127, 128, 130, 141, 147]]
[302, 2.9405, [0, 1, 3, 4, 9, 10, 12, 13, 27, 28, 30, 31, 36, 37, 39, 40, 81, 88, 91, 96, 97, 100, 102, 105, 117, 118, 120, 121, 128, 130, 133, 141, 147]]
[302, 2.94119, [0, 1, 3, 4, 9, 10, 12, 13, 27, 28, 30, 31, 36, 37, 39, 40, 82, 83, 85, 91, 98, 104, 106, 107, 109, 115, 118, 119, 122, 141, 144, 149, 150]]
[302, 2.95175, [0, 1, 3, 4, 9, 10, 12, 13, 27, 28, 30, 31, 36, 37, 39, 40, 82, 83, 85, 96, 97, 102, 103, 105, 106, 117, 118, 120, 141, 145, 147, 148, 150, 249]]
[302, 2.94378, [0, 1, 3, 4, 9, 10, 12, 13, 27, 28, 30, 31, 36, 37, 39, 40, 82, 83, 85, 96, 102, 103, 105, 106, 117, 118, 120, 141, 145, 147, 148, 150, 248, 249]]
[302, 2.9424, [0, 1, 3, 4, 9, 10, 12, 13, 27, 28, 30, 31, 36, 37, 39, 40, 82, 83, 85, 99, 100, 105, 106, 108, 119, 121, 122, 141, 146, 147, 149, 150, 247, 249]]
[302, 2.94078, [0, 1, 3, 4, 9, 10, 12, 13, 27, 28, 30, 31, 36, 37, 39, 40, 82, 83, 85, 99, 104, 105, 108, 118, 119, 121, 122, 141, 146, 147, 149, 150, 247, 249]]
[302, 2.94057, [0, 1, 3, 4, 9, 10, 12, 13, 27, 28, 30, 31, 36, 37, 39, 40, 82, 83, 85, 99, 105, 106, 108, 118, 119, 121, 122, 141, 146, 147, 149, 150, 247, 249]]
[302, 2.94136, [0, 1, 3, 4, 9, 10, 12, 13, 27, 28, 30, 31, 36, 37, 39, 40, 82, 83, 92, 94, 95, 97, 104, 109, 110, 115, 117, 122, 131, 132, 141, 143, 146]]
[302, 2.94508, [0, 1, 3, 4, 9, 10, 12, 13, 27, 28, 30, 31, 36, 37, 39, 40, 82, 83, 97, 98, 103, 104, 106, 107, 118, 120, 121, 140, 141, 146, 147, 149, 150, 247]]
[302, 2.94317, [0, 1, 3, 4, 9, 10, 12, 13, 27, 28, 30, 31, 36, 37, 39, 40, 82, 83, 98, 103, 104, 106, 107, 117, 118, 120, 121, 140, 141, 143, 147, 148, 150, 248]]
[302, 2.94312, [0, 1, 3, 4, 9, 10, 12, 13, 27, 28, 30, 31, 36, 37, 39, 40, 82, 83, 98, 103, 104, 106, 107, 117, 118, 120, 121, 140, 141, 143, 147, 149, 150, 248]]
[302, 2.94294, [0, 1, 3, 4, 9, 10, 12, 13, 27, 28, 30, 31, 36, 37, 39, 40, 82, 83, 98, 103, 104, 106, 107, 117, 118, 120, 121, 140, 141, 146, 147, 149, 150, 248]]
[302, 2.94023, [0, 1, 3, 4, 9, 10, 12, 13, 27, 28, 30, 31, 36, 37, 39, 40, 82, 84, 85, 96, 97, 102, 103, 106, 111, 113, 114, 118, 135, 145, 147, 148, 150]]
[302, 2.94103, [0, 1, 3, 4, 9, 10, 12, 13, 27, 28, 30, 31, 36, 37, 39, 40, 82, 84, 89, 95, 98, 99, 102, 111, 113, 118, 119, 121, 126, 130, 135, 145, 146]]
[302, 2.94059, [0, 1, 3, 4, 9, 10, 12, 13, 27, 28, 30, 31, 36, 37, 39, 40, 82, 84, 90, 94, 95, 97, 101, 102, 111, 119, 123, 126, 130, 139, 142, 146, 147]]
[302, 2.94093, [0, 1, 3, 4, 9, 10, 12, 13, 27, 28, 30, 31, 36, 37, 39, 40, 82, 84, 90, 94, 99, 100, 102, 103, 109, 111, 117, 126, 130, 139, 142, 146, 147]]
[302, 2.95156, [0, 1, 3, 4, 9, 10, 12, 13, 27, 28, 30, 31, 36, 37, 39, 40, 82, 92, 93, 96, 97, 103, 105, 106, 108, 121, 122, 126, 129, 135, 140, 142, 143, 195]]
[302, 2.95076, [0, 1, 3, 4, 9, 10, 12, 13, 27, 28, 30, 31, 36, 37, 39, 40, 82, 92, 94, 97, 98, 103, 107, 113, 115, 118, 126, 130, 131, 135, 141, 143, 146, 150]]
[302, 2.94027, [0, 1, 3, 4, 9, 10, 12, 13, 27, 28, 30, 31, 36, 37, 39, 40, 83, 85, 96, 97, 104, 105, 110, 117, 118, 120, 121, 128, 141, 147, 148, 150, 249, 250]]
[302, 2.94224, [0, 1, 3, 4, 9, 10, 12, 13, 27, 28, 30, 31, 36, 37, 39, 40, 83, 87, 88, 94, 96, 97, 99, 103, 113, 116, 117, 124, 125, 128, 141, 142, 150]]
[302, 2.9419, [0, 1, 3, 4, 9, 10, 12, 13, 27, 28, 30, 31, 36, 37, 39, 40, 83, 87, 88, 94, 96, 97, 99, 103, 113, 116, 121, 124, 125, 128, 141, 142, 150]]
[302, 2.94192, [0, 1, 3, 4, 9, 10, 12, 13, 27, 28, 30, 31, 36, 37, 39, 40, 83, 95, 96, 100, 102, 103, 112, 113, 115, 119, 133, 137, 140, 145, 146, 148, 149, 248]]
[302, 2.94125, [0, 1, 3, 4, 9, 10, 12, 13, 27, 28, 30, 31, 36, 37, 39, 40, 83, 95, 96, 102, 103, 106, 112, 113, 115, 119, 133, 137, 140, 145, 146, 148, 149, 248]]
[302, 2.94307, [0, 1, 3, 4, 9, 10, 12, 13, 27, 28, 30, 31, 36, 37, 39, 40, 84, 85, 87, 93, 95, 96, 100, 112, 114, 117, 118, 121, 123, 126, 127, 145, 148]]
[302, 2.94291, [0, 1, 3, 4, 9, 10, 12, 13, 27, 28, 30, 31, 36, 37, 39, 40, 84, 95, 96, 100, 103, 107, 109, 112, 113, 125, 127, 133, 135, 136, 146, 148, 149, 248]]
[302, 2.94982, [0, 1, 3, 4, 9, 10, 12, 13, 27, 28, 30, 31, 36, 37, 39, 40, 85, 91, 95, 98, 100, 103, 104, 107, 112, 125, 127, 132, 135, 136, 141, 144, 148, 149]]
[302, 2.94116, [0, 1, 3, 4, 9, 10, 12, 13, 27, 28, 30, 31, 36, 37, 39, 40, 87, 88, 91, 92, 98, 99, 101, 102, 118, 119, 122, 124, 127, 128, 131, 133, 141]]
[302, 2.94046, [0, 1, 3, 4, 9, 10, 12, 13, 27, 28, 30, 31, 36, 37, 39, 40, 87, 88, 91, 92, 99, 101, 102, 104, 118, 119, 122, 124, 127, 128, 131, 133, 141]]
[302, 2.94528, [0, 1, 3, 4, 9, 10, 12, 13, 27, 28, 30, 31, 36, 37, 39, 40, 88, 94, 95, 97, 104, 105, 109, 110, 112, 117, 131, 134, 135, 138, 143, 144, 147, 202]]
[302, 2.94726, [0, 1, 3, 4, 9, 10, 12, 13, 27, 28, 30, 31, 36, 37, 39, 40, 90, 91, 95, 96, 103, 105, 106, 108, 118, 123, 124, 129, 132, 136, 137, 139, 147, 195]]
[302, 2.94651, [0, 1, 3, 4, 9, 10, 12, 13, 27, 28, 30, 31, 36, 37, 39, 40, 90, 91, 95, 96, 103, 105, 106, 108, 118, 123, 124, 129, 132, 137, 139, 147, 148, 195]]
[302, 2.94615, [0, 1, 3, 4, 9, 10, 12, 13, 27, 28, 30, 31, 36, 37, 39, 40, 90, 91, 95, 96, 103, 105, 106, 108, 118, 123, 124, 132, 134, 137, 139, 147, 148, 195]]
[302, 2.94563, [0, 1, 3, 4, 9, 10, 12, 13, 27, 28, 30, 31, 36, 37, 39, 40, 90, 91, 95, 96, 103, 105, 106, 108, 118, 123, 129, 132, 136, 137, 139, 147, 148, 195]]
[302, 2.94048, [0, 1, 3, 4, 9, 10, 12, 13, 27, 28, 30, 31, 36, 37, 39, 40, 90, 91, 95, 96, 105, 106, 108, 118, 123, 124, 132, 134, 137, 139, 147, 148, 193, 195]]
[302, 2.95001, [0, 1, 3, 4, 9, 10, 12, 13, 27, 28, 30, 31, 36, 37, 39, 40, 90, 94, 96, 97, 99, 105, 106, 109, 110, 117, 127, 131, 133, 134, 136, 142, 146, 147]]
[302, 2.94618, [0, 1, 3, 4, 9, 10, 12, 13, 27, 28, 30, 31, 36, 37, 39, 40, 90, 97, 98, 101, 102, 108, 110, 111, 113, 117, 127, 134, 135, 138, 139, 145, 147, 148]]
[302, 2.94798, [0, 1, 3, 4, 9, 10, 12, 13, 27, 28, 30, 31, 36, 37, 39, 40, 91, 92, 97, 98, 100, 106, 107, 110, 111, 126, 127, 132, 134, 135, 139, 140, 149, 150]]
[302, 2.94221, [0, 1, 3, 4, 9, 10, 12, 13, 27, 28, 30, 31, 36, 37, 39, 40, 91, 95, 96, 103, 105, 106, 108, 118, 123, 124, 129, 132, 136, 137, 139, 144, 147, 195]]
[302, 2.94146, [0, 1, 3, 4, 9, 10, 12, 13, 27, 28, 30, 31, 36, 37, 39, 40, 91, 95, 96, 103, 105, 106, 108, 118, 123, 124, 129, 132, 137, 139, 144, 147, 148, 195]]
[302, 2.94058, [0, 1, 3, 4, 9, 10, 12, 13, 27, 28, 30, 31, 36, 37, 39, 40, 91, 95, 96, 103, 105, 106, 108, 118, 123, 129, 132, 136, 137, 139, 144, 147, 148, 195]]
[302, 2.94826, [0, 1, 3, 4, 9, 10, 12, 13, 27, 28, 30, 31, 36, 37, 39, 40, 91, 95, 97, 98, 100, 106, 107, 110, 111, 118, 128, 132, 134, 135, 137, 144, 147, 148]]
[302, 2.94593, [0, 1, 3, 4, 9, 10, 12, 13, 27, 28, 30, 31, 36, 37, 39, 40, 91, 95, 97, 98, 106, 107, 109, 113, 118, 124, 126, 132, 133, 136, 137, 144, 147, 149]]
[302, 2.94659, [0, 1, 3, 4, 9, 10, 12, 13, 27, 28, 30, 31, 36, 37, 39, 40, 92, 93, 96, 97, 103, 105, 106, 108, 112, 122, 129, 130, 134, 135, 137, 142, 143, 195]]
[302, 2.946, [0, 1, 3, 4, 9, 10, 12, 13, 27, 28, 30, 31, 36, 37, 39, 40, 92, 93, 96, 97, 103, 105, 106, 108, 112, 126, 129, 130, 135, 137, 138, 142, 143, 195]]
[302, 2.94059, [0, 1, 3, 4, 9, 10, 12, 13, 27, 28, 30, 31, 36, 37, 39, 40, 94, 95, 97, 104, 105, 109, 110, 112, 117, 131, 132, 134, 135, 141, 143, 144, 146, 202]]
[302, 2.94043, [0, 1, 3, 4, 9, 10, 12, 13, 27, 28, 30, 31, 36, 37, 39, 40, 94, 95, 97, 104, 105, 109, 110, 112, 117, 132, 133, 135, 136, 141, 142, 144, 145, 202]]
[302, 2.94553, [0, 1, 3, 4, 9, 10, 12, 13, 27, 28, 30, 31, 36, 37, 39, 40, 94, 95, 98, 99, 105, 107, 108, 110, 114, 124, 131, 132, 135, 136, 142, 144, 145, 147]]
[302, 2.94363, [0, 1, 3, 4, 9, 10, 12, 13, 27, 28, 30, 31, 36, 37, 39, 40, 94, 96, 97, 99, 103, 106, 108, 111, 124, 130, 131, 133, 134, 141, 143, 146, 147, 150]]
[302, 2.94502, [0, 1, 3, 4, 9, 10, 12, 13, 27, 28, 30, 31, 36, 37, 39, 40, 94, 96, 97, 99, 105, 106, 109, 110, 117, 127, 131, 133, 134, 136, 142, 143, 146, 147]]
[302, 2.94219, [0, 1, 3, 4, 9, 10, 12, 13, 27, 28, 30, 31, 36, 37, 39, 40, 94, 97, 98, 104, 106, 107, 109, 113, 123, 130, 131, 134, 135, 141, 143, 144, 146, 150]]
[302, 2.94367, [0, 1, 3, 4, 9, 10, 12, 13, 27, 28, 30, 31, 36, 37, 39, 40, 94, 98, 100, 101, 103, 109, 110, 113, 114, 121, 131, 135, 137, 138, 140, 146, 147, 150]]
[302, 2.94381, [0, 1, 3, 4, 9, 10, 12, 13, 27, 28, 30, 31, 36, 37, 39, 40, 95, 96, 98, 99, 105, 107, 108, 110, 123, 129, 130, 132, 133, 140, 142, 145, 146, 149]]
[302, 2.94392, [0, 1, 3, 4, 9, 10, 12, 13, 27, 28, 30, 31, 36, 37, 39, 40, 95, 96, 99, 100, 106, 108, 109, 111, 115, 125, 132, 133, 136, 137, 143, 145, 146, 148]]
[302, 2.94344, [0, 1, 3, 4, 9, 10, 12, 13, 27, 28, 30, 31, 36, 37, 39, 40, 95, 96, 100, 101, 103, 108, 109, 112, 114, 130, 131, 135, 136, 138, 143, 144, 147, 149]]
[302, 2.94342, [0, 1, 3, 4, 9, 10, 12, 13, 27, 28, 30, 31, 36, 37, 39, 40, 95, 97, 98, 100, 106, 107, 110, 111, 118, 128, 132, 134, 135, 137, 143, 144, 147, 148]]
[302, 2.94256, [0, 1, 3, 4, 9, 10, 12, 13, 27, 28, 30, 31, 36, 37, 39, 40, 95, 97, 100, 101, 106, 108, 109, 113, 114, 130, 132, 135, 136, 141, 143, 144, 148, 149]]
[302, 2.94219, [0, 1, 3, 4, 9, 10, 12, 13, 27, 28, 30, 31, 36, 37, 39, 40, 95, 98, 99, 102, 104, 111, 112, 114, 115, 121, 134, 136, 137, 139, 145, 146, 148, 149]]
[302, 2.94223, [0, 1, 3, 4, 9, 10, 12, 13, 27, 28, 30, 31, 36, 37, 39, 40, 96, 97, 99, 100, 106, 108, 109, 111, 124, 130, 131, 133, 134, 141, 143, 146, 147, 150]]
[302, 2.94234, [0, 1, 3, 4, 9, 10, 12, 13, 27, 28, 30, 31, 36, 37, 39, 40, 96, 97, 100, 101, 107, 109, 110, 112, 116, 126, 133, 134, 137, 138, 144, 146, 147, 149]]
[302, 2.94186, [0, 1, 3, 4, 9, 10, 12, 13, 27, 28, 30, 31, 36, 37, 39, 40, 96, 97, 101, 102, 104, 109, 110, 113, 115, 131, 132, 136, 137, 139, 144, 145, 148, 150]]
[302, 2.94185, [0, 1, 3, 4, 9, 10, 12, 13, 27, 28, 30, 31, 36, 37, 39, 40, 96, 98, 99, 101, 107, 108, 111, 112, 119, 129, 133, 135, 136, 138, 144, 145, 148, 149]]
[302, 2.941, [0, 1, 3, 4, 9, 10, 12, 13, 27, 28, 30, 31, 36, 37, 39, 40, 96, 98, 101, 102, 107, 109, 110, 114, 115, 131, 133, 136, 137, 142, 144, 145, 149, 150]]
[302, 2.94064, [0, 1, 3, 4, 9, 10, 12, 13, 27, 28, 30, 31, 36, 37, 39, 40, 96, 99, 100, 103, 105, 112, 113, 115, 116, 122, 135, 137, 138, 140, 146, 147, 149, 150]]
[302, 2.94078, [0, 1, 3, 4, 9, 10, 12, 13, 27, 28, 30, 31, 36, 37, 39, 40, 97, 98, 101, 102, 108, 110, 111, 113, 117, 127, 134, 135, 138, 139, 145, 147, 148, 150]]
[302, 2.9403, [0, 1, 3, 4, 9, 10, 12, 13, 27, 28, 30, 31, 36, 37, 39, 40, 97, 99, 100, 102, 108, 109, 112, 113, 120, 130, 134, 136, 137, 139, 145, 146, 149, 150]]
[302, 2.94039, [0, 1, 3, 4, 9, 10, 12, 13, 28, 29, 31, 32, 37, 38, 40, 41, 91, 95, 97, 98, 100, 106, 107, 110, 111, 118, 128, 132, 134, 135, 137, 143, 147, 148]]
[302, 2.94208, [0, 1, 3, 4, 9, 10, 12, 13, 29, 30, 33, 35, 38, 39, 42, 44, 52, 82, 93, 97, 98, 105, 106, 109, 110, 116, 118, 124, 133, 137, 140, 145, 146, 149]]

Search completed in 41 hours, 7 minutes, and 1.274 seconds.  Enter a string to quit.