Enter an integer k for which our Kempner sets are k-free: 3
Enter a positive integer modulus b: 114
Enter estimation parameters, or * for pre-computed parameters ([0.0838, 1.0689, 1.4164]): *
Enter a threshold (e.g. 4.2) to determine printed output: 2.85
Enter a root for the search space (e.g. [0, 1, 2]) [or * for the root [0]]: *
Enter an upper bound for the size of allowable digit sets [or * to ignore]: *
Enter a maximal number of deviations from a greedy search [or * to ignore]: *
Searching for k-free sets mod b...

[114, 2.86595, [0, 1, 3, 4, 9, 10, 12, 13, 27, 28, 30, 31, 36, 37, 39, 40]]
[114, 2.85692, [0, 1, 3, 4, 9, 10, 12, 13, 27, 28, 30, 34, 36, 37, 39, 49]]
[114, 2.85163, [0, 1, 3, 4, 9, 10, 12, 13, 27, 28, 30, 36, 37, 39, 40, 49]]
[114, 2.85648, [0, 1, 3, 4, 9, 10, 12, 13, 27, 28, 31, 33, 36, 37, 40, 48]]
[114, 2.85091, [0, 1, 3, 4, 9, 10, 12, 13, 27, 28, 31, 36, 37, 39, 40, 48]]
[114, 2.85215, [0, 1, 3, 4, 9, 10, 12, 13, 27, 29, 30, 35, 36, 38, 39, 52]]
[114, 2.85787, [0, 1, 3, 4, 9, 10, 12, 13, 27, 29, 32, 34, 40, 43, 47, 96, 99]]
[114, 2.85081, [0, 1, 3, 4, 9, 10, 12, 13, 27, 29, 32, 36, 39, 47, 56, 92, 97]]
[114, 2.87842, [0, 1, 3, 4, 9, 10, 12, 13, 27, 29, 35, 36, 39, 40, 47, 52, 56]]
[114, 2.854, [0, 1, 3, 4, 9, 10, 12, 13, 27, 30, 31, 34, 36, 39, 40, 43]]
[114, 2.86349, [0, 1, 3, 4, 9, 10, 12, 13, 27, 30, 35, 36, 39, 46, 52, 55, 73]]
[114, 2.87614, [0, 1, 3, 4, 9, 10, 12, 13, 27, 31, 32, 34, 38, 40, 43, 47, 99]]
[114, 2.87068, [0, 1, 3, 4, 9, 10, 12, 13, 27, 33, 35, 36, 38, 46, 47, 52, 55]]
[114, 2.87011, [0, 1, 3, 4, 9, 10, 12, 13, 27, 33, 35, 36, 38, 46, 48, 52, 55]]
[114, 2.86953, [0, 1, 3, 4, 9, 10, 12, 13, 27, 33, 35, 36, 38, 47, 48, 52, 55]]
[114, 2.87001, [0, 1, 3, 4, 9, 10, 12, 13, 27, 33, 35, 36, 40, 46, 48, 49, 55]]
[114, 2.86116, [0, 1, 3, 4, 9, 10, 12, 13, 27, 33, 35, 36, 40, 46, 48, 55, 73]]
[114, 2.85797, [0, 1, 3, 4, 9, 10, 12, 13, 27, 33, 35, 36, 40, 48, 52, 55, 73]]
[114, 2.85392, [0, 1, 3, 4, 9, 10, 12, 13, 27, 33, 35, 36, 46, 48, 52, 55, 73]]
[114, 2.86448, [0, 1, 3, 4, 9, 10, 12, 13, 27, 35, 36, 38, 39, 46, 48, 52, 55]]
[114, 2.86438, [0, 1, 3, 4, 9, 10, 12, 13, 27, 35, 36, 39, 40, 46, 48, 49, 55]]
[114, 2.85553, [0, 1, 3, 4, 9, 10, 12, 13, 27, 35, 36, 39, 40, 46, 48, 55, 73]]
[114, 2.86133, [0, 1, 3, 4, 9, 10, 12, 13, 27, 35, 36, 39, 40, 47, 49, 52, 56]]
[114, 2.85234, [0, 1, 3, 4, 9, 10, 12, 13, 27, 35, 36, 39, 40, 48, 52, 55, 73]]
[114, 2.85729, [0, 1, 3, 4, 9, 10, 12, 13, 28, 29, 31, 32, 37, 38, 40, 41]]
[114, 2.85416, [0, 1, 3, 4, 9, 10, 12, 13, 28, 29, 31, 32, 38, 39, 41, 42]]
[114, 2.87153, [0, 1, 3, 4, 9, 10, 12, 13, 28, 29, 33, 34, 36, 41, 50, 51, 95]]
[114, 2.85331, [0, 1, 3, 4, 9, 10, 12, 13, 28, 30, 31, 33, 37, 39, 40, 42]]
[114, 2.85483, [0, 1, 3, 4, 9, 10, 12, 13, 28, 32, 34, 35, 37, 45, 49, 72, 96]]
[114, 2.87309, [0, 1, 3, 4, 9, 10, 12, 13, 28, 33, 35, 36, 40, 41, 48, 50, 51]]
[114, 2.86809, [0, 1, 3, 4, 9, 10, 12, 13, 28, 34, 35, 37, 38, 45, 49, 50, 54]]
[114, 2.86759, [0, 1, 3, 4, 9, 10, 12, 13, 28, 34, 35, 37, 38, 45, 49, 51, 54]]
[114, 2.86707, [0, 1, 3, 4, 9, 10, 12, 13, 28, 34, 35, 37, 38, 45, 50, 51, 54]]
[114, 2.85165, [0, 1, 3, 4, 9, 10, 12, 13, 28, 34, 35, 37, 45, 49, 51, 54, 72]]
[114, 2.8881, [0, 1, 3, 4, 9, 10, 12, 13, 29, 30, 33, 35, 38, 39, 42, 44, 52]]
[114, 2.87633, [0, 1, 3, 4, 9, 10, 12, 13, 29, 30, 35, 37, 38, 42, 43, 52, 53]]
[114, 2.85013, [0, 1, 3, 4, 9, 10, 12, 13, 29, 31, 32, 34, 43, 44, 47, 92, 99]]
[114, 2.87448, [0, 1, 3, 4, 9, 10, 12, 13, 29, 31, 35, 36, 38, 42, 44, 51, 56]]
[114, 2.86824, [0, 1, 3, 4, 9, 10, 12, 13, 29, 31, 35, 36, 42, 44, 47, 51, 56]]
[114, 2.85375, [0, 1, 3, 4, 9, 10, 12, 13, 29, 31, 35, 36, 42, 44, 51, 56, 95]]
[114, 2.85591, [0, 1, 3, 4, 9, 10, 12, 13, 29, 32, 34, 37, 43, 44, 47, 53, 92]]
[114, 2.85429, [0, 1, 3, 4, 9, 10, 12, 13, 29, 32, 34, 37, 43, 44, 50, 53, 92]]
[114, 2.85688, [0, 1, 3, 4, 9, 10, 12, 13, 29, 32, 36, 37, 39, 44, 47, 53, 92]]
[114, 2.85526, [0, 1, 3, 4, 9, 10, 12, 13, 29, 32, 36, 37, 39, 44, 50, 53, 92]]
[114, 2.85213, [0, 1, 3, 4, 9, 10, 12, 13, 29, 32, 36, 37, 39, 47, 50, 56, 92]]
[114, 2.85068, [0, 1, 3, 4, 9, 10, 12, 13, 29, 32, 36, 37, 39, 47, 53, 56, 92]]
[114, 2.85592, [0, 1, 3, 4, 9, 10, 12, 13, 29, 33, 34, 36, 41, 44, 50, 51, 95]]
[114, 2.85783, [0, 1, 3, 4, 9, 10, 12, 13, 29, 35, 36, 39, 40, 47, 50, 52, 56]]
[114, 2.85638, [0, 1, 3, 4, 9, 10, 12, 13, 29, 35, 36, 39, 40, 47, 52, 53, 56]]
[114, 2.86006, [0, 1, 3, 4, 9, 10, 12, 13, 29, 35, 37, 38, 42, 43, 50, 52, 53]]
[114, 2.85875, [0, 1, 3, 4, 9, 10, 12, 13, 29, 35, 37, 38, 42, 43, 50, 52, 56]]
[114, 2.8573, [0, 1, 3, 4, 9, 10, 12, 13, 29, 35, 37, 38, 42, 43, 52, 53, 56]]
[114, 2.85591, [0, 1, 3, 4, 9, 10, 12, 13, 29, 35, 38, 39, 42, 44, 51, 52, 56]]
[114, 2.85596, [0, 1, 3, 4, 9, 10, 12, 13, 29, 36, 37, 39, 40, 47, 50, 52, 56]]
[114, 2.85451, [0, 1, 3, 4, 9, 10, 12, 13, 29, 36, 37, 39, 40, 47, 52, 53, 56]]
[114, 2.87397, [0, 1, 3, 4, 9, 10, 12, 13, 29, 36, 37, 39, 44, 47, 53, 56, 89, 92]]
[114, 2.85443, [0, 1, 3, 4, 9, 10, 12, 13, 29, 36, 37, 40, 41, 47, 50, 52, 56]]
[114, 2.85071, [0, 1, 3, 4, 9, 10, 12, 13, 30, 33, 35, 39, 42, 46, 52, 55, 73]]
[114, 2.86446, [0, 1, 3, 4, 9, 10, 12, 13, 30, 34, 35, 37, 41, 43, 46, 53, 54]]
[114, 2.86088, [0, 1, 3, 4, 9, 10, 12, 13, 30, 34, 35, 37, 41, 46, 49, 53, 54]]
[114, 2.86088, [0, 1, 3, 4, 9, 10, 12, 13, 30, 34, 36, 39, 40, 43, 49, 53, 54]]
[114, 2.85165, [0, 1, 3, 4, 9, 10, 12, 13, 30, 34, 36, 39, 40, 45, 52, 53, 73]]
[114, 2.85934, [0, 1, 3, 4, 9, 10, 12, 13, 30, 34, 36, 40, 41, 43, 49, 53, 54]]
[114, 2.85637, [0, 1, 3, 4, 9, 10, 12, 13, 30, 35, 37, 38, 42, 43, 52, 53, 55]]
[114, 2.85162, [0, 1, 3, 4, 9, 10, 12, 13, 31, 33, 34, 36, 44, 46, 47, 51, 95]]
[114, 2.85935, [0, 1, 3, 4, 9, 10, 12, 13, 31, 35, 36, 38, 42, 44, 47, 51, 54]]
[114, 2.85751, [0, 1, 3, 4, 9, 10, 12, 13, 31, 35, 36, 38, 42, 44, 47, 54, 55]]
[114, 2.85539, [0, 1, 3, 4, 9, 10, 12, 13, 31, 35, 36, 38, 42, 44, 51, 54, 55]]
[114, 2.85497, [0, 1, 3, 4, 9, 10, 12, 13, 31, 35, 36, 38, 42, 44, 51, 54, 56]]
[114, 2.85453, [0, 1, 3, 4, 9, 10, 12, 13, 31, 35, 36, 38, 42, 44, 51, 55, 56]]
[114, 2.85378, [0, 1, 3, 4, 9, 10, 12, 13, 31, 35, 36, 38, 44, 47, 48, 54, 55]]
[114, 2.8508, [0, 1, 3, 4, 9, 10, 12, 13, 31, 35, 36, 38, 44, 48, 51, 55, 56]]
[114, 2.85254, [0, 1, 3, 4, 9, 10, 12, 13, 31, 35, 36, 40, 42, 46, 51, 54, 55]]
[114, 2.85344, [0, 1, 3, 4, 9, 10, 12, 13, 31, 35, 36, 42, 44, 45, 47, 51, 56]]
[114, 2.85518, [0, 1, 3, 4, 9, 10, 12, 13, 31, 35, 37, 38, 42, 44, 48, 55, 56]]
[114, 2.85124, [0, 1, 3, 4, 9, 10, 12, 13, 31, 35, 37, 38, 42, 48, 51, 55, 56]]
[114, 2.85287, [0, 1, 3, 4, 9, 10, 12, 13, 31, 35, 37, 38, 44, 47, 48, 54, 55]]
[114, 2.85587, [0, 1, 3, 4, 9, 10, 12, 13, 31, 35, 37, 40, 41, 44, 46, 54, 56]]
[114, 2.85142, [0, 1, 3, 4, 9, 10, 12, 13, 31, 36, 37, 39, 44, 45, 48, 55, 56]]
[114, 2.85042, [0, 1, 3, 4, 9, 10, 12, 13, 31, 36, 37, 40, 42, 45, 51, 55, 56]]
[114, 2.85072, [0, 1, 3, 4, 9, 10, 12, 13, 31, 36, 38, 39, 43, 44, 51, 54, 56]]
[114, 2.85504, [0, 1, 3, 4, 9, 10, 12, 13, 32, 35, 36, 39, 41, 45, 48, 53, 56]]
[114, 2.85276, [0, 1, 3, 4, 9, 10, 12, 13, 32, 35, 36, 39, 41, 48, 49, 53, 56]]
[114, 2.85261, [0, 1, 3, 4, 9, 10, 12, 13, 32, 35, 36, 39, 45, 47, 48, 50, 56]]
[114, 2.85116, [0, 1, 3, 4, 9, 10, 12, 13, 32, 35, 36, 39, 45, 47, 48, 53, 56]]
[114, 2.8522, [0, 1, 3, 4, 9, 10, 12, 13, 32, 35, 37, 40, 41, 46, 49, 53, 56]]
[114, 2.85075, [0, 1, 3, 4, 9, 10, 12, 13, 32, 36, 37, 39, 45, 47, 48, 50, 56]]
[114, 2.85231, [0, 1, 3, 4, 9, 10, 12, 13, 32, 36, 38, 39, 41, 45, 48, 53, 56]]
[114, 2.85634, [0, 1, 3, 4, 9, 10, 12, 13, 33, 34, 38, 39, 41, 46, 47, 50, 52]]
[114, 2.85159, [0, 1, 3, 4, 9, 10, 12, 13, 33, 35, 36, 38, 46, 47, 49, 50, 55]]
[114, 2.85053, [0, 1, 3, 4, 9, 10, 12, 13, 33, 35, 36, 38, 46, 48, 49, 51, 55]]
[114, 2.85276, [0, 1, 3, 4, 9, 10, 12, 13, 33, 35, 38, 39, 44, 46, 47, 51, 52]]
[114, 2.85119, [0, 1, 3, 4, 9, 10, 12, 13, 34, 35, 37, 38, 45, 47, 48, 50, 54]]
[114, 2.85164, [0, 1, 3, 4, 9, 11, 12, 16, 25, 35, 37, 43, 52, 53, 55, 56, 72, 78]]
[114, 2.86576, [0, 1, 3, 4, 9, 11, 12, 16, 26, 30, 33, 35, 38, 39, 42, 47, 53]]
[114, 2.86153, [0, 1, 3, 4, 9, 11, 12, 16, 26, 30, 33, 35, 38, 42, 45, 47, 53]]
[114, 2.85306, [0, 1, 3, 4, 9, 11, 12, 16, 26, 33, 34, 37, 38, 44, 46, 47, 53]]
[114, 2.87716, [0, 1, 3, 4, 9, 11, 12, 16, 30, 35, 37, 38, 42, 43, 50, 52, 53, 55]]
[114, 2.8531, [0, 1, 3, 4, 9, 11, 12, 16, 34, 37, 38, 41, 43, 47, 50, 54, 55, 87]]
[114, 2.86245, [0, 1, 3, 4, 9, 12, 13, 16, 30, 35, 37, 38, 42, 43, 50, 52, 53, 55]]
[114, 2.85486, [0, 1, 3, 4, 10, 11, 13, 14, 29, 31, 32, 34, 38, 40, 41, 43, 56]]
[114, 2.85081, [0, 1, 3, 4, 10, 11, 13, 14, 29, 31, 32, 34, 38, 41, 43, 46, 56]]
[114, 2.85483, [0, 1, 3, 4, 10, 11, 14, 15, 31, 34, 38, 39, 41, 46, 49, 50, 55, 56]]
[114, 2.86819, [0, 1, 3, 4, 10, 12, 13, 15, 28, 34, 35, 37, 38, 45, 47, 50, 51, 54]]

Search completed in 0 hours, 8 minutes, and 15.633 seconds.  Enter a string to quit.