Enter an integer k for which our Kempner sets are k-free: 3
Enter a positive integer modulus b: 56
Enter estimation parameters, or * for pre-computed parameters ([0.101, 1.1069, 1.4417]): *
Enter a threshold (e.g. 4.2) to determine printed output: 2.67
Enter a root for the search space (e.g. [0, 1, 2]) [or * for the root [0]]: *
Enter an upper bound for the size of allowable digit sets [or * to ignore]: *
Enter a maximal number of deviations from a greedy search [or * to ignore]: *
Searching for k-free sets mod b...

[56, 2.68452, [0, 1, 3, 4, 9, 10, 12, 13, 27]]
[56, 2.73881, [0, 1, 3, 4, 9, 10, 12, 22, 25, 26]]
[56, 2.73696, [0, 1, 3, 4, 9, 10, 12, 22, 25, 27]]
[56, 2.73497, [0, 1, 3, 4, 9, 10, 12, 22, 26, 27]]
[56, 2.70116, [0, 1, 3, 4, 9, 10, 21, 22, 24, 25]]
[56, 2.69704, [0, 1, 3, 4, 9, 10, 21, 22, 25, 26]]
[56, 2.69519, [0, 1, 3, 4, 9, 10, 21, 22, 25, 27]]
[56, 2.6932, [0, 1, 3, 4, 9, 10, 21, 22, 26, 27]]
[56, 2.67273, [0, 1, 3, 4, 9, 10, 21, 22, 26, 45]]
[56, 2.69669, [0, 1, 3, 4, 9, 10, 21, 23, 24, 26]]
[56, 2.69072, [0, 1, 3, 4, 9, 10, 21, 23, 26, 27]]
[56, 2.67793, [0, 1, 3, 4, 9, 10, 21, 24, 25, 36]]
[56, 2.67197, [0, 1, 3, 4, 9, 10, 21, 25, 27, 36]]
[56, 2.69186, [0, 1, 3, 4, 9, 10, 22, 23, 25, 26]]
[56, 2.68803, [0, 1, 3, 4, 9, 10, 22, 23, 26, 27]]
[56, 2.68772, [0, 1, 3, 4, 9, 10, 22, 24, 25, 27]]
[56, 2.68325, [0, 1, 3, 4, 9, 10, 23, 24, 26, 27]]
[56, 2.68256, [0, 1, 3, 4, 9, 10, 26, 39, 40, 44, 45]]
[56, 2.74959, [0, 1, 3, 4, 9, 11, 12, 16, 25, 26]]
[56, 2.74773, [0, 1, 3, 4, 9, 11, 12, 16, 25, 27]]
[56, 2.72876, [0, 1, 3, 4, 9, 11, 12, 16, 25, 43]]
[56, 2.74575, [0, 1, 3, 4, 9, 11, 12, 16, 26, 27]]
[56, 2.72657, [0, 1, 3, 4, 9, 11, 12, 16, 27, 41]]
[56, 2.70761, [0, 1, 3, 4, 9, 11, 12, 16, 41, 43]]
[56, 2.69377, [0, 1, 3, 4, 9, 11, 12, 25, 27, 48]]
[56, 2.67482, [0, 1, 3, 4, 9, 11, 12, 25, 43, 48]]
[56, 2.67264, [0, 1, 3, 4, 9, 11, 12, 27, 41, 48]]
[56, 2.71075, [0, 1, 3, 4, 9, 11, 16, 20, 25, 26]]
[56, 2.70889, [0, 1, 3, 4, 9, 11, 16, 20, 25, 27]]
[56, 2.68994, [0, 1, 3, 4, 9, 11, 16, 20, 25, 43]]
[56, 2.70691, [0, 1, 3, 4, 9, 11, 16, 20, 26, 27]]
[56, 2.68308, [0, 1, 3, 4, 9, 11, 16, 20, 26, 50]]
[56, 2.68776, [0, 1, 3, 4, 9, 11, 16, 20, 27, 41]]
[56, 2.69848, [0, 1, 3, 4, 9, 11, 16, 24, 25, 27]]
[56, 2.67954, [0, 1, 3, 4, 9, 11, 16, 24, 25, 43]]
[56, 2.6965, [0, 1, 3, 4, 9, 11, 16, 24, 26, 27]]
[56, 2.67736, [0, 1, 3, 4, 9, 11, 16, 24, 27, 41]]
[56, 2.68791, [0, 1, 3, 4, 9, 11, 20, 23, 24, 27]]
[56, 2.68348, [0, 1, 3, 4, 9, 11, 20, 24, 25, 27]]
[56, 2.6815, [0, 1, 3, 4, 9, 11, 20, 24, 26, 27]]
[56, 2.70839, [0, 1, 3, 4, 9, 11, 20, 24, 41, 43, 46]]
[56, 2.67339, [0, 1, 3, 4, 9, 11, 23, 24, 26, 27]]
[56, 2.70374, [0, 1, 3, 4, 9, 12, 16, 19, 25, 27]]
[56, 2.67931, [0, 1, 3, 4, 9, 12, 16, 19, 25, 51]]
[56, 2.68261, [0, 1, 3, 4, 9, 12, 16, 19, 27, 41]]
[56, 2.69675, [0, 1, 3, 4, 9, 12, 16, 22, 25, 26]]
[56, 2.69489, [0, 1, 3, 4, 9, 12, 16, 22, 25, 27]]
[56, 2.67048, [0, 1, 3, 4, 9, 12, 16, 22, 25, 51]]
[56, 2.69291, [0, 1, 3, 4, 9, 12, 16, 22, 26, 27]]
[56, 2.67463, [0, 1, 3, 4, 9, 12, 16, 25, 26, 35]]
[56, 2.67911, [0, 1, 3, 4, 9, 13, 16, 20, 21, 50]]
[56, 2.68401, [0, 1, 3, 4, 9, 19, 21, 25, 27, 36, 44]]
[56, 2.67215, [0, 1, 3, 4, 10, 11, 15, 23, 24, 50]]
[56, 2.67412, [0, 1, 3, 4, 10, 11, 15, 23, 25, 44]]
[56, 2.68636, [0, 1, 3, 4, 10, 12, 13, 18, 27, 47]]
[56, 2.67483, [0, 1, 3, 4, 10, 12, 18, 22, 25, 27]]
[56, 2.67145, [0, 1, 3, 4, 10, 13, 15, 18, 24, 50]]
[56, 2.67141, [0, 1, 3, 4, 10, 14, 15, 21, 23, 34]]
[56, 2.69318, [0, 1, 3, 4, 10, 14, 21, 22, 26, 45, 47]]
[56, 2.69849, [0, 1, 3, 4, 10, 18, 21, 22, 25, 27, 45]]
[56, 2.68173, [0, 1, 3, 4, 11, 12, 14, 15, 33, 38]]
[56, 2.69135, [0, 1, 3, 4, 11, 12, 16, 17, 25, 26]]
[56, 2.6895, [0, 1, 3, 4, 11, 12, 16, 17, 25, 27]]
[56, 2.67057, [0, 1, 3, 4, 11, 12, 16, 17, 25, 43]]
[56, 2.68751, [0, 1, 3, 4, 11, 12, 16, 17, 26, 27]]
[56, 2.70056, [0, 1, 3, 4, 11, 13, 14, 16, 20, 33]]
[56, 2.67104, [0, 1, 3, 4, 11, 13, 16, 17, 20, 50]]
[56, 2.68443, [0, 1, 3, 4, 11, 13, 16, 17, 24, 27]]
[56, 2.68776, [0, 1, 3, 4, 11, 17, 20, 24, 26, 27, 46]]
[56, 2.72669, [0, 1, 3, 4, 13, 14, 16, 20, 21, 33, 34]]
[56, 2.7148, [0, 1, 3, 4, 13, 14, 16, 20, 21, 33, 47]]
[56, 2.72107, [0, 1, 3, 4, 13, 15, 16, 20, 21, 33, 34]]
[56, 2.70596, [0, 1, 3, 4, 13, 15, 16, 20, 21, 34, 50]]
[56, 2.6899, [0, 1, 3, 4, 15, 16, 18, 19, 24, 25, 51]]
[56, 2.72079, [0, 1, 3, 7, 8, 10, 18, 21, 22, 25, 27]]
[56, 2.71317, [0, 1, 3, 7, 8, 10, 18, 22, 24, 25, 27]]
[56, 2.68649, [0, 1, 3, 7, 8, 10, 18, 24, 25, 27, 39]]

Search completed in 0 hours, 0 minutes, and 0.141 seconds.  Enter a string to quit.