Enter an integer k for which our Kempner sets are k-free: 3
Enter a positive integer modulus b: 75
Enter estimation parameters, or * for pre-computed parameters ([0.0929, 1.0895, 1.4286]): *
Enter a threshold (e.g. 4.2) to determine printed output: 2.85
Enter a root for the search space (e.g. [0, 1, 2]) [or * for the root [0]]: *
Enter an upper bound for the size of allowable digit sets [or * to ignore]: *
Enter a maximal number of deviations from a greedy search [or * to ignore]: *
Searching for k-free sets mod b...

[75, 2.92944, [0, 1, 3, 4, 9, 10, 12, 13, 27, 28, 30, 31, 36, 37]]
[75, 2.86136, [0, 1, 3, 4, 9, 10, 12, 13, 27, 28, 30, 31, 37]]
[75, 2.92676, [0, 1, 3, 4, 9, 10, 12, 13, 27, 28, 30, 34, 35, 37]]
[75, 2.9257, [0, 1, 3, 4, 9, 10, 12, 13, 27, 28, 30, 34, 36, 37]]
[75, 2.85769, [0, 1, 3, 4, 9, 10, 12, 13, 27, 28, 30, 34, 37]]
[75, 2.85759, [0, 1, 3, 4, 9, 10, 12, 13, 27, 28, 30, 35, 36]]
[75, 2.85659, [0, 1, 3, 4, 9, 10, 12, 13, 27, 28, 30, 35, 37]]
[75, 2.85555, [0, 1, 3, 4, 9, 10, 12, 13, 27, 28, 30, 36, 37]]
[75, 2.92549, [0, 1, 3, 4, 9, 10, 12, 13, 27, 28, 31, 33, 36, 37]]
[75, 2.85748, [0, 1, 3, 4, 9, 10, 12, 13, 27, 28, 31, 33, 37]]
[75, 2.85418, [0, 1, 3, 4, 9, 10, 12, 13, 27, 28, 31, 36, 37]]
[75, 2.85822, [0, 1, 3, 4, 9, 10, 12, 13, 27, 28, 32, 33, 35]]
[75, 2.85706, [0, 1, 3, 4, 9, 10, 12, 13, 27, 28, 32, 34, 35]]
[75, 2.92175, [0, 1, 3, 4, 9, 10, 12, 13, 27, 28, 33, 34, 36, 37]]
[75, 2.85381, [0, 1, 3, 4, 9, 10, 12, 13, 27, 28, 33, 34, 37]]
[75, 2.8537, [0, 1, 3, 4, 9, 10, 12, 13, 27, 28, 33, 35, 36]]
[75, 2.85167, [0, 1, 3, 4, 9, 10, 12, 13, 27, 28, 33, 36, 37]]
[75, 2.85155, [0, 1, 3, 4, 9, 10, 12, 13, 27, 28, 34, 35, 37]]
[75, 2.85051, [0, 1, 3, 4, 9, 10, 12, 13, 27, 28, 34, 36, 37]]
[75, 2.85951, [0, 1, 3, 4, 9, 10, 12, 13, 27, 29, 30, 32, 36]]
[75, 2.92519, [0, 1, 3, 4, 9, 10, 12, 13, 27, 29, 30, 34, 35, 37]]
[75, 2.92413, [0, 1, 3, 4, 9, 10, 12, 13, 27, 29, 30, 34, 36, 37]]
[75, 2.85614, [0, 1, 3, 4, 9, 10, 12, 13, 27, 29, 30, 34, 37]]
[75, 2.85604, [0, 1, 3, 4, 9, 10, 12, 13, 27, 29, 30, 35, 36]]
[75, 2.85504, [0, 1, 3, 4, 9, 10, 12, 13, 27, 29, 30, 35, 37]]
[75, 2.854, [0, 1, 3, 4, 9, 10, 12, 13, 27, 29, 30, 36, 37]]
[75, 2.85563, [0, 1, 3, 4, 9, 10, 12, 13, 27, 29, 32, 33, 36]]
[75, 2.85325, [0, 1, 3, 4, 9, 10, 12, 13, 27, 29, 33, 34, 36]]
[75, 2.85215, [0, 1, 3, 4, 9, 10, 12, 13, 27, 29, 33, 35, 36]]
[75, 2.85431, [0, 1, 3, 4, 9, 10, 12, 13, 27, 30, 31, 34, 36]]
[75, 2.85118, [0, 1, 3, 4, 9, 10, 12, 13, 27, 30, 31, 36, 37]]
[75, 2.85192, [0, 1, 3, 4, 9, 10, 12, 13, 27, 30, 32, 35, 36]]
[75, 2.90451, [0, 1, 3, 4, 9, 10, 12, 13, 27, 30, 34, 35, 37, 52]]
[75, 2.90346, [0, 1, 3, 4, 9, 10, 12, 13, 27, 30, 34, 36, 37, 52]]
[75, 2.88785, [0, 1, 3, 4, 9, 10, 12, 13, 27, 30, 36, 37, 52, 55]]
[75, 2.87275, [0, 1, 3, 4, 9, 10, 12, 13, 27, 30, 36, 52, 55, 61]]
[75, 2.87135, [0, 1, 3, 4, 9, 10, 12, 13, 27, 30, 36, 52, 58, 61]]
[75, 2.85042, [0, 1, 3, 4, 9, 10, 12, 13, 27, 31, 33, 34, 36]]
[75, 2.89951, [0, 1, 3, 4, 9, 10, 12, 13, 27, 33, 34, 36, 37, 52]]
[75, 2.8839, [0, 1, 3, 4, 9, 10, 12, 13, 27, 33, 36, 37, 52, 55]]
[75, 2.8688, [0, 1, 3, 4, 9, 10, 12, 13, 27, 33, 36, 52, 55, 61]]
[75, 2.8674, [0, 1, 3, 4, 9, 10, 12, 13, 27, 33, 36, 52, 58, 61]]
[75, 2.8555, [0, 1, 3, 4, 9, 10, 12, 13, 28, 29, 31, 32, 37]]
[75, 2.9096, [0, 1, 3, 4, 9, 10, 12, 13, 28, 29, 31, 35, 36, 51]]
[75, 2.90859, [0, 1, 3, 4, 9, 10, 12, 13, 28, 29, 31, 35, 37, 51]]
[75, 2.90753, [0, 1, 3, 4, 9, 10, 12, 13, 28, 29, 31, 36, 37, 51]]
[75, 2.89183, [0, 1, 3, 4, 9, 10, 12, 13, 28, 29, 31, 37, 51, 60]]
[75, 2.85183, [0, 1, 3, 4, 9, 10, 12, 13, 28, 29, 32, 34, 37]]
[75, 2.90816, [0, 1, 3, 4, 9, 10, 12, 13, 28, 29, 33, 34, 36, 51]]
[75, 2.90705, [0, 1, 3, 4, 9, 10, 12, 13, 28, 29, 33, 35, 36, 51]]
[75, 2.88987, [0, 1, 3, 4, 9, 10, 12, 13, 28, 29, 33, 36, 51, 61]]
[75, 2.90486, [0, 1, 3, 4, 9, 10, 12, 13, 28, 29, 34, 35, 37, 51]]
[75, 2.9038, [0, 1, 3, 4, 9, 10, 12, 13, 28, 29, 34, 36, 37, 51]]
[75, 2.8881, [0, 1, 3, 4, 9, 10, 12, 13, 28, 29, 34, 37, 51, 60]]
[75, 2.88742, [0, 1, 3, 4, 9, 10, 12, 13, 28, 29, 35, 37, 51, 59]]
[75, 2.87066, [0, 1, 3, 4, 9, 10, 12, 13, 28, 29, 37, 51, 59, 60]]
[75, 2.85282, [0, 1, 3, 4, 9, 10, 12, 13, 28, 30, 31, 33, 37]]
[75, 2.85156, [0, 1, 3, 4, 9, 10, 12, 13, 28, 30, 31, 35, 36]]
[75, 2.85057, [0, 1, 3, 4, 9, 10, 12, 13, 28, 30, 31, 35, 37]]
[75, 2.90211, [0, 1, 3, 4, 9, 10, 12, 13, 28, 31, 33, 36, 37, 51]]
[75, 2.88789, [0, 1, 3, 4, 9, 10, 12, 13, 28, 31, 35, 36, 51, 54]]
[75, 2.88688, [0, 1, 3, 4, 9, 10, 12, 13, 28, 31, 35, 37, 51, 54]]
[75, 2.88582, [0, 1, 3, 4, 9, 10, 12, 13, 28, 31, 36, 37, 51, 54]]
[75, 2.87013, [0, 1, 3, 4, 9, 10, 12, 13, 28, 31, 37, 51, 54, 60]]
[75, 2.86869, [0, 1, 3, 4, 9, 10, 12, 13, 28, 31, 37, 51, 57, 60]]
[75, 2.89838, [0, 1, 3, 4, 9, 10, 12, 13, 28, 33, 34, 36, 37, 51]]
[75, 2.88315, [0, 1, 3, 4, 9, 10, 12, 13, 28, 34, 35, 37, 51, 54]]
[75, 2.88209, [0, 1, 3, 4, 9, 10, 12, 13, 28, 34, 36, 37, 51, 54]]
[75, 2.8664, [0, 1, 3, 4, 9, 10, 12, 13, 28, 34, 37, 51, 54, 60]]
[75, 2.86496, [0, 1, 3, 4, 9, 10, 12, 13, 28, 34, 37, 51, 57, 60]]
[75, 2.86571, [0, 1, 3, 4, 9, 10, 12, 13, 28, 35, 37, 51, 54, 59]]
[75, 2.88209, [0, 1, 3, 4, 9, 10, 12, 13, 29, 34, 35, 37, 51, 53]]
[75, 2.88103, [0, 1, 3, 4, 9, 10, 12, 13, 29, 34, 36, 37, 51, 53]]
[75, 2.86534, [0, 1, 3, 4, 9, 10, 12, 13, 29, 34, 37, 51, 53, 60]]
[75, 2.86465, [0, 1, 3, 4, 9, 10, 12, 13, 29, 35, 37, 51, 53, 59]]
[75, 2.87614, [0, 1, 3, 4, 9, 10, 12, 13, 33, 34, 36, 37, 51, 52]]
[75, 2.86054, [0, 1, 3, 4, 9, 10, 12, 13, 33, 36, 37, 51, 52, 55]]
[75, 2.86092, [0, 1, 3, 4, 9, 10, 12, 13, 34, 35, 37, 51, 52, 54]]
[75, 2.86039, [0, 1, 3, 4, 9, 10, 12, 13, 34, 35, 37, 51, 53, 54]]
[75, 2.85986, [0, 1, 3, 4, 9, 10, 12, 13, 34, 36, 37, 51, 52, 54]]
[75, 2.85933, [0, 1, 3, 4, 9, 10, 12, 13, 34, 36, 37, 51, 53, 54]]
[75, 2.85309, [0, 1, 3, 4, 9, 10, 12, 22, 26, 27, 33, 36, 58, 70]]
[75, 2.88023, [0, 1, 3, 4, 9, 10, 12, 22, 26, 28, 29, 31, 37, 60]]
[75, 2.85854, [0, 1, 3, 4, 9, 10, 12, 22, 26, 28, 31, 37, 54, 60]]
[75, 2.85351, [0, 1, 3, 4, 9, 10, 12, 22, 26, 28, 33, 36, 58, 64]]
[75, 2.85141, [0, 1, 3, 4, 9, 10, 12, 22, 26, 28, 33, 36, 58, 70]]
[75, 2.89265, [0, 1, 3, 4, 9, 10, 12, 22, 27, 28, 30, 31, 36, 37]]
[75, 2.87428, [0, 1, 3, 4, 9, 10, 12, 22, 27, 28, 30, 31, 36, 70]]
[75, 2.85565, [0, 1, 3, 4, 9, 10, 12, 22, 27, 28, 30, 36, 58, 64]]
[75, 2.85356, [0, 1, 3, 4, 9, 10, 12, 22, 27, 28, 30, 36, 58, 70]]
[75, 2.8887, [0, 1, 3, 4, 9, 10, 12, 22, 27, 28, 31, 33, 36, 37]]
[75, 2.87033, [0, 1, 3, 4, 9, 10, 12, 22, 27, 28, 31, 33, 36, 70]]
[75, 2.85171, [0, 1, 3, 4, 9, 10, 12, 22, 27, 28, 33, 36, 58, 64]]
[75, 2.85508, [0, 1, 3, 4, 9, 10, 12, 22, 28, 29, 31, 37, 51, 60]]
[75, 2.86534, [0, 1, 3, 4, 9, 10, 12, 22, 28, 31, 33, 36, 37, 51]]
[75, 2.88651, [0, 1, 3, 4, 9, 10, 12, 25, 26, 28, 29, 34, 35, 37]]
[75, 2.87101, [0, 1, 3, 4, 9, 10, 12, 25, 26, 28, 29, 34, 35, 62]]
[75, 2.88545, [0, 1, 3, 4, 9, 10, 12, 25, 26, 28, 29, 34, 36, 37]]
[75, 2.86976, [0, 1, 3, 4, 9, 10, 12, 25, 26, 28, 29, 34, 37, 60]]
[75, 2.85427, [0, 1, 3, 4, 9, 10, 12, 25, 26, 28, 29, 34, 60, 62]]
[75, 2.86908, [0, 1, 3, 4, 9, 10, 12, 25, 26, 28, 29, 35, 37, 59]]
[75, 2.85358, [0, 1, 3, 4, 9, 10, 12, 25, 26, 28, 29, 35, 59, 62]]
[75, 2.85234, [0, 1, 3, 4, 9, 10, 12, 25, 26, 28, 29, 37, 59, 60]]
[75, 2.88233, [0, 1, 3, 4, 9, 10, 12, 25, 26, 28, 32, 34, 35, 37]]
[75, 2.86683, [0, 1, 3, 4, 9, 10, 12, 25, 26, 28, 32, 34, 35, 62]]
[75, 2.86489, [0, 1, 3, 4, 9, 10, 12, 25, 26, 28, 32, 35, 37, 59]]
[75, 2.88003, [0, 1, 3, 4, 9, 10, 12, 25, 26, 28, 33, 34, 36, 37]]
[75, 2.86481, [0, 1, 3, 4, 9, 10, 12, 25, 26, 28, 34, 35, 37, 54]]
[75, 2.86375, [0, 1, 3, 4, 9, 10, 12, 25, 26, 28, 34, 36, 37, 54]]
[75, 2.86375, [0, 1, 3, 4, 9, 10, 12, 25, 26, 29, 34, 35, 37, 53]]
[75, 2.86269, [0, 1, 3, 4, 9, 10, 12, 25, 26, 29, 34, 36, 37, 53]]
[75, 2.86175, [0, 1, 3, 4, 9, 10, 12, 25, 26, 32, 33, 35, 36, 53]]
[75, 2.85968, [0, 1, 3, 4, 9, 10, 12, 25, 26, 32, 33, 36, 37, 53]]
[75, 2.85957, [0, 1, 3, 4, 9, 10, 12, 25, 26, 32, 34, 35, 37, 53]]
[75, 2.85727, [0, 1, 3, 4, 9, 10, 12, 25, 26, 33, 34, 36, 37, 53]]
[75, 2.88217, [0, 1, 3, 4, 9, 10, 12, 25, 27, 28, 30, 34, 36, 37]]
[75, 2.86503, [0, 1, 3, 4, 9, 10, 12, 25, 27, 28, 32, 34, 35, 62]]
[75, 2.87823, [0, 1, 3, 4, 9, 10, 12, 25, 27, 28, 33, 34, 36, 37]]
[75, 2.86135, [0, 1, 3, 4, 9, 10, 12, 25, 28, 29, 34, 35, 37, 51]]
[75, 2.86029, [0, 1, 3, 4, 9, 10, 12, 25, 28, 29, 34, 36, 37, 51]]
[75, 2.85487, [0, 1, 3, 4, 9, 10, 12, 25, 28, 33, 34, 36, 37, 51]]
[75, 2.85999, [0, 1, 3, 4, 9, 10, 12, 26, 28, 29, 34, 35, 37, 50]]
[75, 2.85893, [0, 1, 3, 4, 9, 10, 12, 26, 28, 29, 34, 36, 37, 50]]
[75, 2.8558, [0, 1, 3, 4, 9, 10, 12, 26, 28, 32, 34, 35, 37, 50]]
[75, 2.88813, [0, 1, 3, 4, 9, 10, 13, 21, 27, 28, 30, 31, 36, 37]]
[75, 2.86908, [0, 1, 3, 4, 9, 10, 13, 21, 27, 28, 30, 31, 37, 69]]
[75, 2.8844, [0, 1, 3, 4, 9, 10, 13, 21, 27, 28, 30, 34, 36, 37]]
[75, 2.86536, [0, 1, 3, 4, 9, 10, 13, 21, 27, 28, 30, 34, 37, 69]]
[75, 2.86323, [0, 1, 3, 4, 9, 10, 13, 21, 27, 30, 34, 35, 37, 52]]
[75, 2.86217, [0, 1, 3, 4, 9, 10, 13, 21, 27, 30, 34, 36, 37, 52]]
[75, 2.87688, [0, 1, 3, 4, 9, 10, 13, 24, 27, 28, 31, 33, 36, 37]]
[75, 2.87315, [0, 1, 3, 4, 9, 10, 13, 24, 27, 28, 33, 34, 36, 37]]
[75, 2.85092, [0, 1, 3, 4, 9, 10, 13, 24, 27, 33, 34, 36, 37, 52]]
[75, 2.85135, [0, 1, 3, 4, 9, 10, 21, 22, 27, 28, 30, 31, 36, 37]]
[75, 2.88918, [0, 1, 3, 4, 9, 11, 12, 16, 25, 27, 30, 36, 37, 55]]
[75, 2.87368, [0, 1, 3, 4, 9, 11, 12, 16, 25, 27, 30, 36, 55, 62]]
[75, 2.87666, [0, 1, 3, 4, 9, 11, 12, 25, 26, 28, 29, 34, 35, 37]]
[75, 2.87561, [0, 1, 3, 4, 9, 11, 12, 25, 26, 28, 29, 34, 36, 37]]
[75, 2.86012, [0, 1, 3, 4, 9, 11, 12, 25, 26, 28, 29, 34, 36, 62]]
[75, 2.85951, [0, 1, 3, 4, 9, 11, 12, 25, 26, 28, 29, 34, 37, 61]]
[75, 2.85818, [0, 1, 3, 4, 9, 11, 12, 25, 26, 28, 29, 36, 37, 59]]
[75, 2.87248, [0, 1, 3, 4, 9, 11, 12, 25, 26, 28, 32, 34, 35, 37]]
[75, 2.87018, [0, 1, 3, 4, 9, 11, 12, 25, 26, 28, 33, 34, 36, 37]]
[75, 2.85409, [0, 1, 3, 4, 9, 11, 12, 25, 26, 28, 33, 34, 37, 61]]
[75, 2.85276, [0, 1, 3, 4, 9, 11, 12, 25, 26, 28, 33, 36, 37, 59]]
[75, 2.85497, [0, 1, 3, 4, 9, 11, 12, 25, 26, 28, 34, 35, 37, 54]]
[75, 2.85392, [0, 1, 3, 4, 9, 11, 12, 25, 26, 28, 34, 36, 37, 54]]
[75, 2.85391, [0, 1, 3, 4, 9, 11, 12, 25, 26, 29, 34, 35, 37, 53]]
[75, 2.85285, [0, 1, 3, 4, 9, 11, 12, 25, 26, 29, 34, 36, 37, 53]]
[75, 2.87233, [0, 1, 3, 4, 9, 11, 12, 25, 27, 28, 30, 34, 36, 37]]
[75, 2.85684, [0, 1, 3, 4, 9, 11, 12, 25, 27, 28, 30, 34, 36, 62]]
[75, 2.85624, [0, 1, 3, 4, 9, 11, 12, 25, 27, 28, 30, 34, 37, 61]]
[75, 2.86838, [0, 1, 3, 4, 9, 11, 12, 25, 27, 28, 33, 34, 36, 37]]
[75, 2.85229, [0, 1, 3, 4, 9, 11, 12, 25, 27, 28, 33, 34, 37, 61]]
[75, 2.85096, [0, 1, 3, 4, 9, 11, 12, 25, 27, 28, 33, 36, 37, 59]]
[75, 2.85151, [0, 1, 3, 4, 9, 11, 12, 25, 28, 29, 34, 35, 37, 51]]
[75, 2.85178, [0, 1, 3, 4, 9, 12, 13, 16, 27, 30, 36, 37, 43, 55]]

Search completed in 0 hours, 0 minutes, and 4.7 seconds.  Enter a string to quit.