Enter an integer k for which our Kempner sets are k-free: 3
Enter a positive integer modulus b: 239
Enter estimation parameters, or * for pre-computed parameters ([0.0698, 1.0457, 1.3804]): *
Enter a threshold (e.g. 4.2) to determine printed output: 2.98
Enter a root for the search space (e.g. [0, 1, 2]) [or * for the root [0]]: *
Enter an upper bound for the size of allowable digit sets [or * to ignore]: 36
Enter a maximal number of deviations from a greedy search [or * to ignore]: *
Searching for k-free sets mod b...

[239, 2.98374, [0, 1, 3, 4, 9, 10, 12, 13, 27, 28, 30, 31, 36, 37, 39, 40, 81, 82, 84, 85, 90, 91, 93, 94, 108, 109, 111, 112, 117, 118]]
[239, 2.98364, [0, 1, 3, 4, 9, 10, 12, 13, 27, 28, 30, 31, 36, 37, 39, 40, 81, 82, 84, 85, 90, 91, 93, 94, 108, 109, 111, 112, 117, 119]]
[239, 2.98355, [0, 1, 3, 4, 9, 10, 12, 13, 27, 28, 30, 31, 36, 37, 39, 40, 81, 82, 84, 85, 90, 91, 93, 94, 108, 109, 111, 112, 118, 119]]
[239, 2.98353, [0, 1, 3, 4, 9, 10, 12, 13, 27, 28, 30, 31, 36, 37, 39, 40, 81, 82, 84, 85, 90, 91, 93, 94, 108, 109, 111, 115, 116, 118]]
[239, 2.98344, [0, 1, 3, 4, 9, 10, 12, 13, 27, 28, 30, 31, 36, 37, 39, 40, 81, 82, 84, 85, 90, 91, 93, 94, 108, 109, 111, 115, 117, 118]]
[239, 2.98325, [0, 1, 3, 4, 9, 10, 12, 13, 27, 28, 30, 31, 36, 37, 39, 40, 81, 82, 84, 85, 90, 91, 93, 94, 108, 109, 111, 116, 117, 119]]
[239, 2.98316, [0, 1, 3, 4, 9, 10, 12, 13, 27, 28, 30, 31, 36, 37, 39, 40, 81, 82, 84, 85, 90, 91, 93, 94, 108, 109, 111, 116, 118, 119]]
[239, 2.98343, [0, 1, 3, 4, 9, 10, 12, 13, 27, 28, 30, 31, 36, 37, 39, 40, 81, 82, 84, 85, 90, 91, 93, 94, 108, 109, 112, 114, 117, 118]]
[239, 2.98314, [0, 1, 3, 4, 9, 10, 12, 13, 27, 28, 30, 31, 36, 37, 39, 40, 81, 82, 84, 85, 90, 91, 93, 94, 108, 109, 114, 115, 117, 118]]
[239, 2.98276, [0, 1, 3, 4, 9, 10, 12, 13, 27, 28, 30, 31, 36, 37, 39, 40, 81, 82, 84, 85, 90, 91, 93, 94, 108, 109, 115, 116, 118, 119]]
[239, 2.98344, [0, 1, 3, 4, 9, 10, 12, 13, 27, 28, 30, 31, 36, 37, 39, 40, 81, 82, 84, 85, 90, 91, 93, 94, 108, 110, 111, 113, 117, 119]]
[239, 2.98343, [0, 1, 3, 4, 9, 10, 12, 13, 27, 28, 30, 31, 36, 37, 39, 40, 81, 82, 84, 85, 90, 91, 93, 94, 108, 110, 111, 115, 116, 118]]
[239, 2.98333, [0, 1, 3, 4, 9, 10, 12, 13, 27, 28, 30, 31, 36, 37, 39, 40, 81, 82, 84, 85, 90, 91, 93, 94, 108, 110, 111, 115, 117, 118]]
[239, 2.98314, [0, 1, 3, 4, 9, 10, 12, 13, 27, 28, 30, 31, 36, 37, 39, 40, 81, 82, 84, 85, 90, 91, 93, 94, 108, 110, 111, 116, 117, 119]]
[239, 2.98305, [0, 1, 3, 4, 9, 10, 12, 13, 27, 28, 30, 31, 36, 37, 39, 40, 81, 82, 84, 85, 90, 91, 93, 94, 108, 110, 111, 116, 118, 119]]
[239, 2.98313, [0, 1, 3, 4, 9, 10, 12, 13, 27, 28, 30, 31, 36, 37, 39, 40, 81, 82, 84, 85, 90, 91, 93, 94, 108, 110, 113, 114, 117, 119]]
[239, 2.98284, [0, 1, 3, 4, 9, 10, 12, 13, 27, 28, 30, 31, 36, 37, 39, 40, 81, 82, 84, 85, 90, 91, 93, 94, 108, 110, 114, 116, 117, 119]]
[239, 2.98265, [0, 1, 3, 4, 9, 10, 12, 13, 27, 28, 30, 31, 36, 37, 39, 40, 81, 82, 84, 85, 90, 91, 93, 94, 108, 110, 115, 116, 118, 119]]
[239, 2.98313, [0, 1, 3, 4, 9, 10, 12, 13, 27, 28, 30, 31, 36, 37, 39, 40, 81, 82, 84, 85, 90, 91, 93, 94, 109, 110, 112, 113, 118, 119]]
[239, 2.98293, [0, 1, 3, 4, 9, 10, 12, 13, 27, 28, 30, 31, 36, 37, 39, 40, 81, 82, 84, 85, 90, 91, 93, 94, 109, 110, 112, 116, 117, 119]]
[239, 2.98284, [0, 1, 3, 4, 9, 10, 12, 13, 27, 28, 30, 31, 36, 37, 39, 40, 81, 82, 84, 85, 90, 91, 93, 94, 109, 110, 112, 116, 118, 119]]
[239, 2.98284, [0, 1, 3, 4, 9, 10, 12, 13, 27, 28, 30, 31, 36, 37, 39, 40, 81, 82, 84, 85, 90, 91, 93, 94, 109, 110, 113, 115, 118, 119]]
[239, 2.98254, [0, 1, 3, 4, 9, 10, 12, 13, 27, 28, 30, 31, 36, 37, 39, 40, 81, 82, 84, 85, 90, 91, 93, 94, 109, 110, 115, 116, 118, 119]]
[239, 2.98283, [0, 1, 3, 4, 9, 10, 12, 13, 27, 28, 30, 31, 36, 37, 39, 40, 81, 82, 84, 85, 90, 91, 93, 94, 109, 111, 112, 116, 117, 119]]
[239, 2.98274, [0, 1, 3, 4, 9, 10, 12, 13, 27, 28, 30, 31, 36, 37, 39, 40, 81, 82, 84, 85, 90, 91, 93, 94, 109, 111, 112, 116, 118, 119]]
[239, 2.9823, [0, 1, 3, 4, 9, 10, 12, 13, 27, 28, 30, 31, 36, 37, 39, 40, 81, 82, 84, 85, 90, 91, 93, 103, 107, 108, 112, 114, 118, 119]]
[239, 2.9826, [0, 1, 3, 4, 9, 10, 12, 13, 27, 28, 30, 31, 36, 37, 39, 40, 81, 82, 84, 85, 90, 91, 93, 103, 107, 109, 110, 112, 118, 119]]
[239, 2.98258, [0, 1, 3, 4, 9, 10, 12, 13, 27, 28, 30, 31, 36, 37, 39, 40, 81, 82, 84, 85, 90, 91, 93, 103, 108, 109, 111, 112, 117, 118]]
[239, 2.98227, [0, 1, 3, 4, 9, 10, 12, 13, 27, 28, 30, 31, 36, 37, 39, 40, 81, 82, 84, 85, 90, 91, 93, 103, 108, 109, 112, 114, 117, 118]]
[239, 2.98224, [0, 1, 3, 4, 9, 10, 12, 13, 27, 28, 30, 31, 36, 37, 39, 40, 81, 82, 84, 85, 90, 91, 93, 106, 107, 109, 110, 115, 116, 118]]
[239, 2.98214, [0, 1, 3, 4, 9, 10, 12, 13, 27, 28, 30, 31, 36, 37, 39, 40, 81, 82, 84, 85, 90, 91, 93, 106, 107, 109, 110, 115, 117, 118]]
[239, 2.98193, [0, 1, 3, 4, 9, 10, 12, 13, 27, 28, 30, 31, 36, 37, 39, 40, 81, 82, 84, 85, 90, 91, 93, 106, 107, 109, 113, 115, 116, 118]]
[239, 2.98174, [0, 1, 3, 4, 9, 10, 12, 13, 27, 28, 30, 31, 36, 37, 39, 40, 81, 82, 84, 85, 90, 91, 93, 106, 107, 109, 114, 115, 117, 118]]
[239, 2.98193, [0, 1, 3, 4, 9, 10, 12, 13, 27, 28, 30, 31, 36, 37, 39, 40, 81, 82, 84, 85, 90, 91, 93, 106, 108, 109, 111, 115, 117, 118]]
[239, 2.98163, [0, 1, 3, 4, 9, 10, 12, 13, 27, 28, 30, 31, 36, 37, 39, 40, 81, 82, 84, 85, 90, 91, 93, 106, 108, 109, 114, 115, 117, 118]]
[239, 2.98152, [0, 1, 3, 4, 9, 10, 12, 13, 27, 28, 30, 31, 36, 37, 39, 40, 81, 82, 84, 85, 90, 91, 93, 107, 108, 110, 111, 116, 117, 119]]
[239, 2.98143, [0, 1, 3, 4, 9, 10, 12, 13, 27, 28, 30, 31, 36, 37, 39, 40, 81, 82, 84, 85, 90, 91, 93, 107, 108, 110, 111, 116, 118, 119]]
[239, 2.98122, [0, 1, 3, 4, 9, 10, 12, 13, 27, 28, 30, 31, 36, 37, 39, 40, 81, 82, 84, 85, 90, 91, 93, 107, 108, 110, 114, 116, 117, 119]]
[239, 2.98103, [0, 1, 3, 4, 9, 10, 12, 13, 27, 28, 30, 31, 36, 37, 39, 40, 81, 82, 84, 85, 90, 91, 93, 107, 108, 110, 115, 116, 118, 119]]
[239, 2.98122, [0, 1, 3, 4, 9, 10, 12, 13, 27, 28, 30, 31, 36, 37, 39, 40, 81, 82, 84, 85, 90, 91, 93, 107, 109, 110, 112, 116, 118, 119]]
[239, 2.98092, [0, 1, 3, 4, 9, 10, 12, 13, 27, 28, 30, 31, 36, 37, 39, 40, 81, 82, 84, 85, 90, 91, 93, 107, 109, 110, 115, 116, 118, 119]]
[239, 2.98255, [0, 1, 3, 4, 9, 10, 12, 13, 27, 28, 30, 31, 36, 37, 39, 40, 81, 82, 84, 85, 90, 91, 94, 102, 108, 109, 111, 112, 117, 118]]
[239, 2.98226, [0, 1, 3, 4, 9, 10, 12, 13, 27, 28, 30, 31, 36, 37, 39, 40, 81, 82, 84, 85, 90, 91, 94, 102, 108, 109, 111, 115, 117, 118]]
[239, 2.9819, [0, 1, 3, 4, 9, 10, 12, 13, 27, 28, 30, 31, 36, 37, 39, 40, 81, 82, 84, 85, 90, 91, 94, 105, 108, 109, 112, 114, 117, 118]]
[239, 2.9816, [0, 1, 3, 4, 9, 10, 12, 13, 27, 28, 30, 31, 36, 37, 39, 40, 81, 82, 84, 85, 90, 91, 94, 105, 108, 109, 114, 115, 117, 118]]
[239, 2.98139, [0, 1, 3, 4, 9, 10, 12, 13, 27, 28, 30, 31, 36, 37, 39, 40, 81, 82, 84, 85, 90, 91, 102, 103, 108, 109, 111, 112, 117, 118]]
[239, 2.98075, [0, 1, 3, 4, 9, 10, 12, 13, 27, 28, 30, 31, 36, 37, 39, 40, 81, 82, 84, 85, 90, 91, 102, 106, 108, 109, 111, 115, 117, 118]]
[239, 2.98074, [0, 1, 3, 4, 9, 10, 12, 13, 27, 28, 30, 31, 36, 37, 39, 40, 81, 82, 84, 85, 90, 91, 103, 105, 108, 109, 112, 114, 117, 118]]
[239, 2.98209, [0, 1, 3, 4, 9, 10, 12, 13, 27, 28, 30, 31, 36, 37, 39, 40, 81, 82, 84, 85, 90, 92, 93, 106, 107, 109, 110, 115, 116, 118]]
[239, 2.982, [0, 1, 3, 4, 9, 10, 12, 13, 27, 28, 30, 31, 36, 37, 39, 40, 81, 82, 84, 85, 90, 92, 93, 106, 107, 109, 110, 115, 117, 118]]
[239, 2.98178, [0, 1, 3, 4, 9, 10, 12, 13, 27, 28, 30, 31, 36, 37, 39, 40, 81, 82, 84, 85, 90, 92, 93, 106, 107, 109, 113, 115, 116, 118]]
[239, 2.98159, [0, 1, 3, 4, 9, 10, 12, 13, 27, 28, 30, 31, 36, 37, 39, 40, 81, 82, 84, 85, 90, 92, 93, 106, 107, 109, 114, 115, 117, 118]]
[239, 2.98178, [0, 1, 3, 4, 9, 10, 12, 13, 27, 28, 30, 31, 36, 37, 39, 40, 81, 82, 84, 85, 90, 92, 93, 106, 108, 109, 111, 115, 117, 118]]
[239, 2.98148, [0, 1, 3, 4, 9, 10, 12, 13, 27, 28, 30, 31, 36, 37, 39, 40, 81, 82, 84, 85, 90, 92, 93, 106, 108, 109, 114, 115, 117, 118]]
[239, 2.98138, [0, 1, 3, 4, 9, 10, 12, 13, 27, 28, 30, 31, 36, 37, 39, 40, 81, 82, 84, 85, 90, 92, 93, 107, 108, 110, 111, 116, 117, 119]]
[239, 2.98128, [0, 1, 3, 4, 9, 10, 12, 13, 27, 28, 30, 31, 36, 37, 39, 40, 81, 82, 84, 85, 90, 92, 93, 107, 108, 110, 111, 116, 118, 119]]
[239, 2.98107, [0, 1, 3, 4, 9, 10, 12, 13, 27, 28, 30, 31, 36, 37, 39, 40, 81, 82, 84, 85, 90, 92, 93, 107, 108, 110, 114, 116, 117, 119]]
[239, 2.98088, [0, 1, 3, 4, 9, 10, 12, 13, 27, 28, 30, 31, 36, 37, 39, 40, 81, 82, 84, 85, 90, 92, 93, 107, 108, 110, 115, 116, 118, 119]]
[239, 2.98107, [0, 1, 3, 4, 9, 10, 12, 13, 27, 28, 30, 31, 36, 37, 39, 40, 81, 82, 84, 85, 90, 92, 93, 107, 109, 110, 112, 116, 118, 119]]
[239, 2.98078, [0, 1, 3, 4, 9, 10, 12, 13, 27, 28, 30, 31, 36, 37, 39, 40, 81, 82, 84, 85, 90, 92, 93, 107, 109, 110, 115, 116, 118, 119]]
[239, 2.98128, [0, 1, 3, 4, 9, 10, 12, 13, 27, 28, 30, 31, 36, 37, 39, 40, 81, 82, 84, 85, 91, 92, 96, 104, 106, 109, 113, 115, 118, 119]]
[239, 2.98181, [0, 1, 3, 4, 9, 10, 12, 13, 27, 28, 30, 31, 36, 37, 39, 40, 81, 82, 84, 88, 89, 93, 101, 103, 106, 107, 110, 112, 115, 116]]
[239, 2.98197, [0, 1, 3, 4, 9, 10, 12, 13, 27, 28, 30, 31, 36, 37, 39, 40, 81, 82, 84, 88, 90, 91, 93, 97, 107, 109, 115, 116, 118, 119]]
[239, 2.98263, [0, 1, 3, 4, 9, 10, 12, 13, 27, 28, 30, 31, 36, 37, 39, 40, 81, 82, 84, 88, 90, 91, 93, 97, 108, 109, 111, 115, 116, 118]]
[239, 2.98254, [0, 1, 3, 4, 9, 10, 12, 13, 27, 28, 30, 31, 36, 37, 39, 40, 81, 82, 84, 88, 90, 91, 93, 97, 108, 109, 111, 115, 117, 118]]
[239, 2.98224, [0, 1, 3, 4, 9, 10, 12, 13, 27, 28, 30, 31, 36, 37, 39, 40, 81, 82, 84, 88, 90, 91, 93, 97, 108, 109, 114, 115, 117, 118]]
[239, 2.98175, [0, 1, 3, 4, 9, 10, 12, 13, 27, 28, 30, 31, 36, 37, 39, 40, 81, 82, 84, 88, 90, 91, 93, 106, 107, 109, 110, 115, 116, 118]]
[239, 2.98165, [0, 1, 3, 4, 9, 10, 12, 13, 27, 28, 30, 31, 36, 37, 39, 40, 81, 82, 84, 88, 90, 91, 93, 106, 107, 109, 110, 115, 117, 118]]
[239, 2.98144, [0, 1, 3, 4, 9, 10, 12, 13, 27, 28, 30, 31, 36, 37, 39, 40, 81, 82, 84, 88, 90, 91, 93, 106, 107, 109, 113, 115, 116, 118]]
[239, 2.98125, [0, 1, 3, 4, 9, 10, 12, 13, 27, 28, 30, 31, 36, 37, 39, 40, 81, 82, 84, 88, 90, 91, 93, 106, 107, 109, 114, 115, 117, 118]]
[239, 2.98144, [0, 1, 3, 4, 9, 10, 12, 13, 27, 28, 30, 31, 36, 37, 39, 40, 81, 82, 84, 88, 90, 91, 93, 106, 108, 109, 111, 115, 117, 118]]
[239, 2.98114, [0, 1, 3, 4, 9, 10, 12, 13, 27, 28, 30, 31, 36, 37, 39, 40, 81, 82, 84, 88, 90, 91, 93, 106, 108, 109, 114, 115, 117, 118]]
[239, 2.98103, [0, 1, 3, 4, 9, 10, 12, 13, 27, 28, 30, 31, 36, 37, 39, 40, 81, 82, 84, 88, 90, 91, 93, 107, 108, 110, 111, 116, 117, 119]]
[239, 2.98094, [0, 1, 3, 4, 9, 10, 12, 13, 27, 28, 30, 31, 36, 37, 39, 40, 81, 82, 84, 88, 90, 91, 93, 107, 108, 110, 111, 116, 118, 119]]
[239, 2.98073, [0, 1, 3, 4, 9, 10, 12, 13, 27, 28, 30, 31, 36, 37, 39, 40, 81, 82, 84, 88, 90, 91, 93, 107, 108, 110, 114, 116, 117, 119]]
[239, 2.98054, [0, 1, 3, 4, 9, 10, 12, 13, 27, 28, 30, 31, 36, 37, 39, 40, 81, 82, 84, 88, 90, 91, 93, 107, 108, 110, 115, 116, 118, 119]]
[239, 2.98073, [0, 1, 3, 4, 9, 10, 12, 13, 27, 28, 30, 31, 36, 37, 39, 40, 81, 82, 84, 88, 90, 91, 93, 107, 109, 110, 112, 116, 118, 119]]
[239, 2.98043, [0, 1, 3, 4, 9, 10, 12, 13, 27, 28, 30, 31, 36, 37, 39, 40, 81, 82, 84, 88, 90, 91, 93, 107, 109, 110, 115, 116, 118, 119]]
[239, 2.98135, [0, 1, 3, 4, 9, 10, 12, 13, 27, 28, 30, 31, 36, 37, 39, 40, 81, 82, 84, 88, 90, 91, 97, 102, 108, 109, 111, 115, 117, 118]]
[239, 2.9807, [0, 1, 3, 4, 9, 10, 12, 13, 27, 28, 30, 31, 36, 37, 39, 40, 81, 82, 84, 88, 90, 91, 97, 105, 108, 109, 114, 115, 117, 118]]
[239, 2.98175, [0, 1, 3, 4, 9, 10, 12, 13, 27, 28, 30, 31, 36, 37, 39, 40, 81, 82, 84, 89, 90, 92, 93, 101, 107, 108, 111, 116, 117, 119]]
[239, 2.98145, [0, 1, 3, 4, 9, 10, 12, 13, 27, 28, 30, 31, 36, 37, 39, 40, 81, 82, 84, 89, 90, 92, 93, 101, 107, 108, 114, 116, 117, 119]]
[239, 2.98144, [0, 1, 3, 4, 9, 10, 12, 13, 27, 28, 30, 31, 36, 37, 39, 40, 81, 82, 84, 89, 90, 92, 93, 106, 107, 109, 110, 115, 116, 118]]
[239, 2.98135, [0, 1, 3, 4, 9, 10, 12, 13, 27, 28, 30, 31, 36, 37, 39, 40, 81, 82, 84, 89, 90, 92, 93, 106, 107, 109, 110, 115, 117, 118]]
[239, 2.98114, [0, 1, 3, 4, 9, 10, 12, 13, 27, 28, 30, 31, 36, 37, 39, 40, 81, 82, 84, 89, 90, 92, 93, 106, 107, 109, 113, 115, 116, 118]]
[239, 2.98094, [0, 1, 3, 4, 9, 10, 12, 13, 27, 28, 30, 31, 36, 37, 39, 40, 81, 82, 84, 89, 90, 92, 93, 106, 107, 109, 114, 115, 117, 118]]
[239, 2.98113, [0, 1, 3, 4, 9, 10, 12, 13, 27, 28, 30, 31, 36, 37, 39, 40, 81, 82, 84, 89, 90, 92, 93, 106, 108, 109, 111, 115, 117, 118]]
[239, 2.98083, [0, 1, 3, 4, 9, 10, 12, 13, 27, 28, 30, 31, 36, 37, 39, 40, 81, 82, 84, 89, 90, 92, 93, 106, 108, 109, 114, 115, 117, 118]]
[239, 2.98073, [0, 1, 3, 4, 9, 10, 12, 13, 27, 28, 30, 31, 36, 37, 39, 40, 81, 82, 84, 89, 90, 92, 93, 107, 108, 110, 111, 116, 117, 119]]
[239, 2.98064, [0, 1, 3, 4, 9, 10, 12, 13, 27, 28, 30, 31, 36, 37, 39, 40, 81, 82, 84, 89, 90, 92, 93, 107, 108, 110, 111, 116, 118, 119]]
[239, 2.98043, [0, 1, 3, 4, 9, 10, 12, 13, 27, 28, 30, 31, 36, 37, 39, 40, 81, 82, 84, 89, 90, 92, 93, 107, 108, 110, 114, 116, 117, 119]]
[239, 2.98043, [0, 1, 3, 4, 9, 10, 12, 13, 27, 28, 30, 31, 36, 37, 39, 40, 81, 82, 84, 89, 90, 92, 93, 107, 109, 110, 112, 116, 118, 119]]
[239, 2.98386, [0, 1, 3, 4, 9, 10, 12, 13, 27, 28, 30, 31, 36, 37, 39, 40, 81, 82, 85, 87, 90, 91, 94, 96, 104, 108, 109, 113, 115, 116]]
[239, 2.98358, [0, 1, 3, 4, 9, 10, 12, 13, 27, 28, 30, 31, 36, 37, 39, 40, 81, 82, 85, 87, 90, 91, 94, 96, 104, 108, 109, 113, 115, 119]]
[239, 2.98329, [0, 1, 3, 4, 9, 10, 12, 13, 27, 28, 30, 31, 36, 37, 39, 40, 81, 82, 85, 87, 90, 91, 94, 96, 104, 108, 109, 115, 116, 119]]
[239, 2.98251, [0, 1, 3, 4, 9, 10, 12, 13, 27, 28, 30, 31, 36, 37, 39, 40, 81, 82, 85, 87, 90, 91, 94, 96, 108, 109, 112, 114, 117, 118]]
[239, 2.98222, [0, 1, 3, 4, 9, 10, 12, 13, 27, 28, 30, 31, 36, 37, 39, 40, 81, 82, 85, 87, 90, 91, 94, 96, 108, 109, 114, 115, 117, 118]]
[239, 2.98184, [0, 1, 3, 4, 9, 10, 12, 13, 27, 28, 30, 31, 36, 37, 39, 40, 81, 82, 85, 87, 90, 91, 94, 96, 108, 109, 115, 116, 118, 119]]
[239, 2.9814, [0, 1, 3, 4, 9, 10, 12, 13, 27, 28, 30, 31, 36, 37, 39, 40, 81, 82, 85, 87, 90, 91, 94, 105, 108, 109, 112, 114, 117, 118]]
[239, 2.9811, [0, 1, 3, 4, 9, 10, 12, 13, 27, 28, 30, 31, 36, 37, 39, 40, 81, 82, 85, 87, 90, 91, 94, 105, 108, 109, 114, 115, 117, 118]]
[239, 2.98135, [0, 1, 3, 4, 9, 10, 12, 13, 27, 28, 30, 31, 36, 37, 39, 40, 81, 82, 85, 87, 90, 91, 96, 103, 108, 109, 112, 114, 117, 118]]
[239, 2.98071, [0, 1, 3, 4, 9, 10, 12, 13, 27, 28, 30, 31, 36, 37, 39, 40, 81, 82, 85, 87, 90, 91, 96, 106, 108, 109, 114, 115, 117, 118]]
[239, 2.98132, [0, 1, 3, 4, 9, 10, 12, 13, 27, 28, 30, 31, 36, 37, 39, 40, 81, 82, 87, 88, 90, 91, 96, 97, 108, 109, 114, 115, 117, 118]]
[239, 2.9828, [0, 1, 3, 4, 9, 10, 12, 13, 27, 28, 30, 31, 36, 37, 39, 40, 81, 83, 84, 86, 90, 92, 93, 95, 108, 110, 111, 113, 117, 119]]
[239, 2.98279, [0, 1, 3, 4, 9, 10, 12, 13, 27, 28, 30, 31, 36, 37, 39, 40, 81, 83, 84, 86, 90, 92, 93, 95, 108, 110, 111, 115, 116, 118]]
[239, 2.9827, [0, 1, 3, 4, 9, 10, 12, 13, 27, 28, 30, 31, 36, 37, 39, 40, 81, 83, 84, 86, 90, 92, 93, 95, 108, 110, 111, 115, 117, 118]]
[239, 2.98251, [0, 1, 3, 4, 9, 10, 12, 13, 27, 28, 30, 31, 36, 37, 39, 40, 81, 83, 84, 86, 90, 92, 93, 95, 108, 110, 111, 116, 117, 119]]
[239, 2.98242, [0, 1, 3, 4, 9, 10, 12, 13, 27, 28, 30, 31, 36, 37, 39, 40, 81, 83, 84, 86, 90, 92, 93, 95, 108, 110, 111, 116, 118, 119]]
[239, 2.9825, [0, 1, 3, 4, 9, 10, 12, 13, 27, 28, 30, 31, 36, 37, 39, 40, 81, 83, 84, 86, 90, 92, 93, 95, 108, 110, 113, 114, 117, 119]]
[239, 2.98221, [0, 1, 3, 4, 9, 10, 12, 13, 27, 28, 30, 31, 36, 37, 39, 40, 81, 83, 84, 86, 90, 92, 93, 95, 108, 110, 114, 116, 117, 119]]
[239, 2.98202, [0, 1, 3, 4, 9, 10, 12, 13, 27, 28, 30, 31, 36, 37, 39, 40, 81, 83, 84, 86, 90, 92, 93, 95, 108, 110, 115, 116, 118, 119]]
[239, 2.98167, [0, 1, 3, 4, 9, 10, 12, 13, 27, 28, 30, 31, 36, 37, 39, 40, 81, 83, 84, 86, 90, 92, 93, 104, 108, 110, 111, 113, 117, 119]]
[239, 2.98136, [0, 1, 3, 4, 9, 10, 12, 13, 27, 28, 30, 31, 36, 37, 39, 40, 81, 83, 84, 86, 90, 92, 93, 104, 108, 110, 113, 114, 117, 119]]
[239, 2.98175, [0, 1, 3, 4, 9, 10, 12, 13, 27, 28, 30, 31, 36, 37, 39, 40, 81, 83, 84, 86, 90, 92, 93, 106, 107, 109, 110, 115, 116, 118]]
[239, 2.98165, [0, 1, 3, 4, 9, 10, 12, 13, 27, 28, 30, 31, 36, 37, 39, 40, 81, 83, 84, 86, 90, 92, 93, 106, 107, 109, 110, 115, 117, 118]]
[239, 2.98144, [0, 1, 3, 4, 9, 10, 12, 13, 27, 28, 30, 31, 36, 37, 39, 40, 81, 83, 84, 86, 90, 92, 93, 106, 107, 109, 113, 115, 116, 118]]
[239, 2.98124, [0, 1, 3, 4, 9, 10, 12, 13, 27, 28, 30, 31, 36, 37, 39, 40, 81, 83, 84, 86, 90, 92, 93, 106, 107, 109, 114, 115, 117, 118]]
[239, 2.98144, [0, 1, 3, 4, 9, 10, 12, 13, 27, 28, 30, 31, 36, 37, 39, 40, 81, 83, 84, 86, 90, 92, 93, 106, 108, 109, 111, 115, 117, 118]]
[239, 2.98113, [0, 1, 3, 4, 9, 10, 12, 13, 27, 28, 30, 31, 36, 37, 39, 40, 81, 83, 84, 86, 90, 92, 93, 106, 108, 109, 114, 115, 117, 118]]
[239, 2.98103, [0, 1, 3, 4, 9, 10, 12, 13, 27, 28, 30, 31, 36, 37, 39, 40, 81, 83, 84, 86, 90, 92, 93, 107, 108, 110, 111, 116, 117, 119]]
[239, 2.98094, [0, 1, 3, 4, 9, 10, 12, 13, 27, 28, 30, 31, 36, 37, 39, 40, 81, 83, 84, 86, 90, 92, 93, 107, 108, 110, 111, 116, 118, 119]]
[239, 2.98073, [0, 1, 3, 4, 9, 10, 12, 13, 27, 28, 30, 31, 36, 37, 39, 40, 81, 83, 84, 86, 90, 92, 93, 107, 108, 110, 114, 116, 117, 119]]
[239, 2.98054, [0, 1, 3, 4, 9, 10, 12, 13, 27, 28, 30, 31, 36, 37, 39, 40, 81, 83, 84, 86, 90, 92, 93, 107, 108, 110, 115, 116, 118, 119]]
[239, 2.98073, [0, 1, 3, 4, 9, 10, 12, 13, 27, 28, 30, 31, 36, 37, 39, 40, 81, 83, 84, 86, 90, 92, 93, 107, 109, 110, 112, 116, 118, 119]]
[239, 2.98043, [0, 1, 3, 4, 9, 10, 12, 13, 27, 28, 30, 31, 36, 37, 39, 40, 81, 83, 84, 86, 90, 92, 93, 107, 109, 110, 115, 116, 118, 119]]
[239, 2.98162, [0, 1, 3, 4, 9, 10, 12, 13, 27, 28, 30, 31, 36, 37, 39, 40, 81, 83, 84, 86, 90, 92, 95, 102, 108, 110, 111, 113, 117, 119]]
[239, 2.98133, [0, 1, 3, 4, 9, 10, 12, 13, 27, 28, 30, 31, 36, 37, 39, 40, 81, 83, 84, 86, 90, 92, 95, 102, 108, 110, 111, 116, 117, 119]]
[239, 2.98097, [0, 1, 3, 4, 9, 10, 12, 13, 27, 28, 30, 31, 36, 37, 39, 40, 81, 83, 84, 86, 90, 92, 95, 105, 108, 110, 113, 114, 117, 119]]
[239, 2.98067, [0, 1, 3, 4, 9, 10, 12, 13, 27, 28, 30, 31, 36, 37, 39, 40, 81, 83, 84, 86, 90, 92, 95, 105, 108, 110, 114, 116, 117, 119]]
[239, 2.98048, [0, 1, 3, 4, 9, 10, 12, 13, 27, 28, 30, 31, 36, 37, 39, 40, 81, 83, 84, 86, 90, 92, 102, 104, 108, 110, 111, 113, 117, 119]]
[239, 2.98065, [0, 1, 3, 4, 9, 10, 12, 13, 27, 28, 30, 31, 36, 37, 39, 40, 81, 83, 84, 86, 90, 93, 98, 104, 108, 109, 111, 116, 117, 119]]
[239, 2.98116, [0, 1, 3, 4, 9, 10, 12, 13, 27, 28, 30, 31, 36, 37, 39, 40, 81, 83, 84, 86, 92, 93, 95, 99, 108, 110, 111, 116, 118, 119]]
[239, 2.98102, [0, 1, 3, 4, 9, 10, 12, 13, 27, 28, 30, 31, 36, 37, 39, 40, 81, 83, 84, 86, 92, 94, 95, 99, 108, 110, 111, 116, 118, 119]]
[239, 2.98032, [0, 1, 3, 4, 9, 10, 12, 13, 27, 28, 30, 31, 36, 37, 39, 40, 81, 83, 84, 86, 95, 97, 98, 102, 103, 105, 114, 116, 117, 119]]
[239, 2.98174, [0, 1, 3, 4, 9, 10, 12, 13, 27, 28, 30, 31, 36, 37, 39, 40, 81, 83, 84, 89, 90, 92, 93, 98, 108, 109, 111, 116, 117, 119]]
[239, 2.98163, [0, 1, 3, 4, 9, 10, 12, 13, 27, 28, 30, 31, 36, 37, 39, 40, 81, 83, 84, 89, 90, 92, 93, 98, 108, 110, 111, 116, 117, 119]]
[239, 2.98133, [0, 1, 3, 4, 9, 10, 12, 13, 27, 28, 30, 31, 36, 37, 39, 40, 81, 83, 84, 89, 90, 92, 93, 98, 108, 110, 114, 116, 117, 119]]
[239, 2.98126, [0, 1, 3, 4, 9, 10, 12, 13, 27, 28, 30, 31, 36, 37, 39, 40, 81, 83, 84, 89, 90, 92, 93, 106, 107, 109, 110, 115, 116, 118]]
[239, 2.98117, [0, 1, 3, 4, 9, 10, 12, 13, 27, 28, 30, 31, 36, 37, 39, 40, 81, 83, 84, 89, 90, 92, 93, 106, 107, 109, 110, 115, 117, 118]]
[239, 2.98096, [0, 1, 3, 4, 9, 10, 12, 13, 27, 28, 30, 31, 36, 37, 39, 40, 81, 83, 84, 89, 90, 92, 93, 106, 107, 109, 113, 115, 116, 118]]
[239, 2.98076, [0, 1, 3, 4, 9, 10, 12, 13, 27, 28, 30, 31, 36, 37, 39, 40, 81, 83, 84, 89, 90, 92, 93, 106, 107, 109, 114, 115, 117, 118]]
[239, 2.98096, [0, 1, 3, 4, 9, 10, 12, 13, 27, 28, 30, 31, 36, 37, 39, 40, 81, 83, 84, 89, 90, 92, 93, 106, 108, 109, 111, 115, 117, 118]]
[239, 2.98065, [0, 1, 3, 4, 9, 10, 12, 13, 27, 28, 30, 31, 36, 37, 39, 40, 81, 83, 84, 89, 90, 92, 93, 106, 108, 109, 114, 115, 117, 118]]
[239, 2.98055, [0, 1, 3, 4, 9, 10, 12, 13, 27, 28, 30, 31, 36, 37, 39, 40, 81, 83, 84, 89, 90, 92, 93, 107, 108, 110, 111, 116, 117, 119]]
[239, 2.98046, [0, 1, 3, 4, 9, 10, 12, 13, 27, 28, 30, 31, 36, 37, 39, 40, 81, 83, 84, 89, 90, 92, 93, 107, 108, 110, 111, 116, 118, 119]]
[239, 2.98045, [0, 1, 3, 4, 9, 10, 12, 13, 27, 28, 30, 31, 36, 37, 39, 40, 81, 83, 84, 89, 90, 92, 98, 102, 108, 110, 111, 116, 117, 119]]
[239, 2.98037, [0, 1, 3, 4, 9, 10, 12, 13, 27, 28, 30, 31, 36, 37, 39, 40, 81, 83, 84, 89, 91, 92, 96, 102, 107, 110, 114, 116, 117, 119]]
[239, 2.98158, [0, 1, 3, 4, 9, 10, 12, 13, 27, 28, 30, 31, 36, 37, 39, 40, 81, 83, 86, 87, 90, 92, 95, 96, 108, 110, 113, 114, 117, 119]]
[239, 2.98129, [0, 1, 3, 4, 9, 10, 12, 13, 27, 28, 30, 31, 36, 37, 39, 40, 81, 83, 86, 87, 90, 92, 95, 96, 108, 110, 114, 116, 117, 119]]
[239, 2.9811, [0, 1, 3, 4, 9, 10, 12, 13, 27, 28, 30, 31, 36, 37, 39, 40, 81, 83, 86, 87, 90, 92, 95, 96, 108, 110, 115, 116, 118, 119]]
[239, 2.98046, [0, 1, 3, 4, 9, 10, 12, 13, 27, 28, 30, 31, 36, 37, 39, 40, 81, 83, 86, 87, 90, 92, 95, 105, 108, 110, 113, 114, 117, 119]]
[239, 2.98044, [0, 1, 3, 4, 9, 10, 12, 13, 27, 28, 30, 31, 36, 37, 39, 40, 81, 83, 86, 87, 90, 92, 96, 104, 108, 110, 113, 114, 117, 119]]
[239, 2.98041, [0, 1, 3, 4, 9, 10, 12, 13, 27, 28, 30, 31, 36, 37, 39, 40, 81, 83, 87, 89, 90, 92, 96, 98, 108, 110, 114, 116, 117, 119]]
[239, 2.98185, [0, 1, 3, 4, 9, 10, 12, 13, 27, 28, 30, 31, 36, 37, 39, 40, 82, 83, 85, 86, 91, 92, 94, 95, 109, 110, 112, 113, 118, 119]]
[239, 2.98165, [0, 1, 3, 4, 9, 10, 12, 13, 27, 28, 30, 31, 36, 37, 39, 40, 82, 83, 85, 86, 91, 92, 94, 95, 109, 110, 112, 116, 117, 119]]
[239, 2.98156, [0, 1, 3, 4, 9, 10, 12, 13, 27, 28, 30, 31, 36, 37, 39, 40, 82, 83, 85, 86, 91, 92, 94, 95, 109, 110, 112, 116, 118, 119]]
[239, 2.98156, [0, 1, 3, 4, 9, 10, 12, 13, 27, 28, 30, 31, 36, 37, 39, 40, 82, 83, 85, 86, 91, 92, 94, 95, 109, 110, 113, 115, 118, 119]]
[239, 2.98126, [0, 1, 3, 4, 9, 10, 12, 13, 27, 28, 30, 31, 36, 37, 39, 40, 82, 83, 85, 86, 91, 92, 94, 95, 109, 110, 115, 116, 118, 119]]
[239, 2.98155, [0, 1, 3, 4, 9, 10, 12, 13, 27, 28, 30, 31, 36, 37, 39, 40, 82, 83, 85, 86, 91, 92, 94, 95, 109, 111, 112, 116, 117, 119]]
[239, 2.98146, [0, 1, 3, 4, 9, 10, 12, 13, 27, 28, 30, 31, 36, 37, 39, 40, 82, 83, 85, 86, 91, 92, 94, 95, 109, 111, 112, 116, 118, 119]]
[239, 2.98072, [0, 1, 3, 4, 9, 10, 12, 13, 27, 28, 30, 31, 36, 37, 39, 40, 82, 83, 85, 86, 91, 92, 94, 104, 109, 110, 112, 113, 118, 119]]
[239, 2.98042, [0, 1, 3, 4, 9, 10, 12, 13, 27, 28, 30, 31, 36, 37, 39, 40, 82, 83, 85, 86, 91, 92, 94, 104, 109, 110, 113, 115, 118, 119]]
[239, 2.98039, [0, 1, 3, 4, 9, 10, 12, 13, 27, 28, 30, 31, 36, 37, 39, 40, 82, 83, 85, 86, 91, 92, 94, 107, 108, 110, 111, 116, 117, 119]]
[239, 2.98069, [0, 1, 3, 4, 9, 10, 12, 13, 27, 28, 30, 31, 36, 37, 39, 40, 82, 83, 85, 86, 91, 92, 95, 103, 109, 110, 112, 113, 118, 119]]
[239, 2.9804, [0, 1, 3, 4, 9, 10, 12, 13, 27, 28, 30, 31, 36, 37, 39, 40, 82, 83, 85, 86, 91, 92, 95, 103, 109, 110, 112, 116, 118, 119]]
[239, 2.98077, [0, 1, 3, 4, 9, 10, 12, 13, 27, 28, 30, 31, 36, 37, 39, 40, 82, 83, 85, 89, 91, 92, 94, 98, 109, 110, 112, 116, 117, 119]]
[239, 2.98068, [0, 1, 3, 4, 9, 10, 12, 13, 27, 28, 30, 31, 36, 37, 39, 40, 82, 83, 85, 89, 91, 92, 94, 98, 109, 110, 112, 116, 118, 119]]
[239, 2.98038, [0, 1, 3, 4, 9, 10, 12, 13, 27, 28, 30, 31, 36, 37, 39, 40, 82, 83, 85, 89, 91, 92, 94, 98, 109, 110, 115, 116, 118, 119]]
[239, 2.98198, [0, 1, 3, 4, 9, 10, 12, 13, 27, 28, 30, 31, 36, 37, 39, 40, 82, 83, 86, 88, 91, 92, 95, 97, 105, 109, 110, 114, 116, 117]]
[239, 2.98066, [0, 1, 3, 4, 9, 10, 12, 13, 27, 28, 30, 31, 36, 37, 39, 40, 82, 83, 86, 88, 91, 92, 95, 97, 109, 110, 113, 115, 118, 119]]
[239, 2.98036, [0, 1, 3, 4, 9, 10, 12, 13, 27, 28, 30, 31, 36, 37, 39, 40, 82, 83, 86, 88, 91, 92, 95, 97, 109, 110, 115, 116, 118, 119]]
[239, 2.98093, [0, 1, 3, 4, 9, 10, 12, 13, 27, 28, 30, 31, 36, 37, 39, 40, 82, 84, 85, 87, 91, 93, 94, 96, 109, 111, 112, 116, 117, 119]]
[239, 2.98084, [0, 1, 3, 4, 9, 10, 12, 13, 27, 28, 30, 31, 36, 37, 39, 40, 82, 84, 85, 87, 91, 93, 94, 96, 109, 111, 112, 116, 118, 119]]

Search completed in 18 hours, 42 minutes, and 35.792 seconds.  Enter a string to quit.