Enter an integer k for which our Kempner sets are k-free: 3
Enter a positive integer modulus b: 173
Enter estimation parameters, or * for pre-computed parameters ([0.0726, 1.0628, 1.3653]): *
Enter a threshold (e.g. 4.2) to determine printed output: 2.88
Enter a root for the search space (e.g. [0, 1, 2]) [or * for the root [0]]: *
Enter an upper bound for the size of allowable digit sets [or * to ignore]: 30
Enter a maximal number of deviations from a greedy search [or * to ignore]: *
Searching for k-free sets mod b...

[173, 2.88615, [0, 1, 3, 4, 9, 10, 12, 13, 27, 28, 30, 31, 36, 40, 64, 66, 73, 74, 78, 81, 85, 86]]
[173, 2.88072, [0, 1, 3, 4, 9, 10, 12, 13, 27, 28, 30, 31, 36, 40, 65, 66, 73, 75, 82, 83, 86, 112]]
[173, 2.88276, [0, 1, 3, 4, 9, 10, 12, 13, 27, 28, 30, 34, 35, 37, 49, 72, 76, 77, 79, 83, 84, 137]]
[173, 2.88236, [0, 1, 3, 4, 9, 10, 12, 13, 27, 28, 30, 34, 35, 37, 49, 72, 76, 77, 81, 83, 84, 137]]
[173, 2.88284, [0, 1, 3, 4, 9, 10, 12, 13, 27, 28, 30, 34, 35, 37, 63, 72, 75, 76, 82, 83, 85, 86]]
[173, 2.88395, [0, 1, 3, 4, 9, 10, 12, 13, 27, 28, 30, 34, 35, 39, 49, 62, 73, 76, 80, 81, 83, 155]]
[173, 2.88288, [0, 1, 3, 4, 9, 10, 12, 13, 27, 28, 30, 34, 35, 39, 49, 72, 73, 79, 80, 82, 83, 122]]
[173, 2.8825, [0, 1, 3, 4, 9, 10, 12, 13, 27, 28, 30, 34, 35, 39, 49, 72, 73, 79, 80, 83, 84, 122]]
[173, 2.8825, [0, 1, 3, 4, 9, 10, 12, 13, 27, 28, 30, 34, 35, 39, 49, 72, 73, 79, 81, 82, 84, 122]]
[173, 2.88211, [0, 1, 3, 4, 9, 10, 12, 13, 27, 28, 30, 34, 35, 39, 49, 72, 73, 80, 81, 83, 84, 122]]
[173, 2.88726, [0, 1, 3, 4, 9, 10, 12, 13, 27, 28, 30, 34, 35, 39, 62, 63, 71, 72, 76, 83, 84, 86]]
[173, 2.88219, [0, 1, 3, 4, 9, 10, 12, 13, 27, 28, 30, 34, 35, 39, 63, 71, 72, 76, 82, 83, 85, 86]]
[173, 2.88253, [0, 1, 3, 4, 9, 10, 12, 13, 27, 28, 30, 34, 35, 39, 63, 71, 73, 76, 80, 82, 85, 86]]
[173, 2.88073, [0, 1, 3, 4, 9, 10, 12, 13, 27, 28, 30, 34, 36, 37, 49, 66, 75, 77, 78, 80, 112, 134]]
[173, 2.88299, [0, 1, 3, 4, 9, 10, 12, 13, 27, 28, 30, 34, 37, 39, 49, 63, 72, 76, 79, 83, 84, 137]]
[173, 2.88216, [0, 1, 3, 4, 9, 10, 12, 13, 27, 28, 30, 34, 37, 39, 49, 63, 72, 79, 80, 83, 84, 137]]
[173, 2.89168, [0, 1, 3, 4, 9, 10, 12, 13, 27, 28, 30, 35, 36, 49, 65, 73, 75, 76, 80, 82, 83, 112, 135]]
[173, 2.89772, [0, 1, 3, 4, 9, 10, 12, 13, 27, 28, 31, 33, 36, 48, 64, 67, 74, 75, 77, 82, 85, 110, 113]]
[173, 2.89258, [0, 1, 3, 4, 9, 10, 12, 13, 27, 28, 31, 33, 36, 48, 67, 70, 74, 75, 77, 82, 85, 110, 156]]
[173, 2.88127, [0, 1, 3, 4, 9, 10, 12, 13, 27, 28, 31, 33, 36, 67, 70, 74, 75, 77, 82, 85, 86, 110, 156]]
[173, 2.89246, [0, 1, 3, 4, 9, 10, 12, 13, 27, 28, 32, 33, 35, 40, 49, 59, 72, 73, 75, 81, 82, 84]]
[173, 2.89223, [0, 1, 3, 4, 9, 10, 12, 13, 27, 28, 32, 33, 35, 40, 49, 59, 72, 74, 75, 81, 82, 84]]
[173, 2.88921, [0, 1, 3, 4, 9, 10, 12, 13, 27, 28, 32, 33, 35, 48, 49, 59, 72, 73, 75, 76, 81, 82]]
[173, 2.88878, [0, 1, 3, 4, 9, 10, 12, 13, 27, 28, 32, 33, 35, 48, 49, 59, 72, 73, 75, 79, 80, 82]]
[173, 2.88858, [0, 1, 3, 4, 9, 10, 12, 13, 27, 28, 32, 33, 35, 48, 49, 59, 72, 73, 75, 79, 81, 82]]
[173, 2.88857, [0, 1, 3, 4, 9, 10, 12, 13, 27, 28, 32, 33, 35, 48, 49, 59, 72, 73, 76, 78, 81, 82]]
[173, 2.88794, [0, 1, 3, 4, 9, 10, 12, 13, 27, 28, 32, 33, 35, 48, 49, 59, 72, 73, 78, 79, 81, 82]]
[173, 2.88855, [0, 1, 3, 4, 9, 10, 12, 13, 27, 28, 32, 33, 35, 48, 49, 59, 72, 74, 75, 79, 80, 82]]
[173, 2.88835, [0, 1, 3, 4, 9, 10, 12, 13, 27, 28, 32, 33, 35, 48, 49, 59, 72, 74, 75, 79, 81, 82]]
[173, 2.88069, [0, 1, 3, 4, 9, 10, 12, 13, 27, 28, 32, 33, 35, 48, 49, 59, 72, 76, 78, 79, 81, 137]]
[173, 2.88028, [0, 1, 3, 4, 9, 10, 12, 13, 27, 28, 32, 33, 35, 48, 49, 59, 72, 77, 78, 80, 81, 137]]
[173, 2.88105, [0, 1, 3, 4, 9, 10, 12, 13, 27, 28, 32, 33, 35, 49, 59, 68, 72, 73, 75, 79, 80, 84]]
[173, 2.88085, [0, 1, 3, 4, 9, 10, 12, 13, 27, 28, 32, 33, 35, 49, 59, 68, 72, 73, 75, 79, 81, 84]]
[173, 2.88065, [0, 1, 3, 4, 9, 10, 12, 13, 27, 28, 32, 33, 35, 49, 59, 68, 72, 73, 75, 80, 81, 84]]
[173, 2.88161, [0, 1, 3, 4, 9, 10, 12, 13, 27, 28, 32, 34, 35, 39, 49, 62, 73, 76, 80, 81, 83, 155]]
[173, 2.88493, [0, 1, 3, 4, 9, 10, 12, 13, 27, 28, 33, 35, 40, 48, 49, 59, 64, 72, 74, 75, 81, 82]]
[173, 2.89075, [0, 1, 3, 4, 9, 10, 12, 13, 27, 29, 30, 34, 35, 37, 52, 63, 72, 76, 78, 79, 83, 85]]
[173, 2.89017, [0, 1, 3, 4, 9, 10, 12, 13, 27, 29, 30, 34, 35, 37, 52, 63, 72, 76, 78, 82, 83, 85]]
[173, 2.88944, [0, 1, 3, 4, 9, 10, 12, 13, 27, 29, 30, 34, 35, 37, 52, 63, 72, 76, 78, 83, 85, 86]]
[173, 2.8821, [0, 1, 3, 4, 9, 10, 12, 13, 27, 29, 30, 34, 35, 37, 52, 63, 72, 76, 79, 84, 85, 153]]
[173, 2.88865, [0, 1, 3, 4, 9, 10, 12, 13, 27, 29, 30, 34, 35, 37, 52, 63, 72, 76, 82, 83, 85, 86]]
[173, 2.88151, [0, 1, 3, 4, 9, 10, 12, 13, 27, 29, 30, 34, 35, 37, 52, 63, 72, 76, 82, 84, 85, 153]]
[173, 2.88116, [0, 1, 3, 4, 9, 10, 12, 13, 27, 29, 30, 34, 35, 37, 52, 63, 72, 76, 82, 85, 86, 153]]
[173, 2.88243, [0, 1, 3, 4, 9, 10, 12, 13, 27, 29, 30, 34, 35, 37, 52, 63, 76, 78, 79, 81, 85, 137]]
[173, 2.88807, [0, 1, 3, 4, 9, 10, 12, 13, 27, 29, 30, 34, 35, 37, 52, 63, 76, 78, 79, 83, 84, 86]]
[173, 2.8879, [0, 1, 3, 4, 9, 10, 12, 13, 27, 29, 30, 34, 35, 37, 52, 63, 76, 78, 79, 83, 85, 86]]
[173, 2.88187, [0, 1, 3, 4, 9, 10, 12, 13, 27, 29, 30, 34, 35, 37, 52, 63, 76, 78, 79, 84, 85, 137]]
[173, 2.88127, [0, 1, 3, 4, 9, 10, 12, 13, 27, 29, 30, 34, 35, 37, 52, 63, 76, 79, 81, 84, 85, 137]]
[173, 2.88147, [0, 1, 3, 4, 9, 10, 12, 13, 27, 29, 30, 34, 35, 37, 63, 72, 75, 76, 82, 83, 85, 86]]
[173, 2.8834, [0, 1, 3, 4, 9, 10, 12, 13, 27, 29, 30, 34, 35, 62, 63, 73, 75, 76, 82, 85, 86, 127, 153]]
[173, 2.88808, [0, 1, 3, 4, 9, 10, 12, 13, 27, 29, 30, 34, 36, 40, 52, 61, 81, 83, 84, 124, 125, 131, 140]]
[173, 2.89059, [0, 1, 3, 4, 9, 10, 12, 13, 27, 29, 34, 38, 40, 52, 60, 62, 78, 81, 83, 109, 125, 136, 138, 142]]
[173, 2.9015, [0, 1, 3, 4, 9, 10, 12, 13, 28, 29, 31, 35, 36, 38, 51, 65, 77, 78, 80, 84, 85, 100, 136]]
[173, 2.90739, [0, 1, 3, 4, 9, 10, 12, 13, 28, 29, 33, 34, 36, 50, 51, 61, 70, 75, 77, 78, 82, 83, 85]]
[173, 2.90128, [0, 1, 3, 4, 9, 10, 12, 13, 28, 29, 33, 34, 36, 50, 51, 61, 70, 75, 77, 78, 82, 85, 133]]
[173, 2.88098, [0, 1, 3, 4, 9, 10, 12, 13, 28, 29, 33, 35, 36, 50, 51, 75, 76, 80, 81, 83, 120, 135, 136]]
[173, 2.88231, [0, 1, 3, 4, 9, 10, 12, 22, 25, 26, 29, 31, 39, 45, 60, 63, 67, 70, 76, 79, 83, 84, 145]]
[173, 2.88, [0, 1, 3, 4, 9, 10, 12, 22, 25, 26, 29, 31, 39, 60, 64, 65, 67, 71, 76, 79, 83, 84, 86]]
[173, 2.8835, [0, 1, 3, 4, 9, 10, 12, 22, 26, 27, 31, 33, 37, 38, 46, 68, 69, 78, 79, 81, 85, 86, 117]]
[173, 2.88476, [0, 1, 3, 4, 9, 11, 12, 16, 25, 27, 30, 36, 58, 62, 64, 65, 67, 75, 77, 81, 82, 84, 136, 144]]

Search completed in 1 hours, 34 minutes, and 55.199 seconds.  Enter a string to quit.