Enter an integer k for which our Kempner sets are k-free: 3
Enter a positive integer modulus b: 164
Enter estimation parameters, or * for pre-computed parameters ([0.0761, 1.0598, 1.3953]): *
Enter a threshold (e.g. 4.2) to determine printed output: 2.86
Enter a root for the search space (e.g. [0, 1, 2]) [or * for the root [0]]: *
Enter an upper bound for the size of allowable digit sets [or * to ignore]: 28
Enter a maximal number of deviations from a greedy search [or * to ignore]: *
Searching for k-free sets mod b...

[164, 2.86886, [0, 1, 3, 4, 9, 10, 12, 13, 27, 28, 30, 34, 35, 39, 62, 63, 73, 76, 80, 81, 141]]
[164, 2.86167, [0, 1, 3, 4, 9, 10, 12, 13, 27, 28, 30, 34, 39, 49, 62, 63, 72, 73, 79, 80, 129]]
[164, 2.86047, [0, 1, 3, 4, 9, 10, 12, 13, 27, 28, 30, 34, 61, 62, 69, 73, 74, 78, 80, 81, 131, 141]]
[164, 2.86059, [0, 1, 3, 4, 9, 10, 12, 13, 27, 28, 30, 34, 61, 63, 69, 73, 74, 76, 80, 81, 131, 141]]
[164, 2.86076, [0, 1, 3, 4, 9, 10, 12, 13, 27, 28, 30, 35, 39, 49, 62, 64, 72, 73, 76, 81, 130]]
[164, 2.86155, [0, 1, 3, 4, 9, 10, 12, 13, 27, 28, 30, 35, 39, 49, 62, 64, 73, 76, 80, 81, 105]]
[164, 2.87064, [0, 1, 3, 4, 9, 10, 12, 13, 27, 28, 30, 35, 49, 62, 64, 72, 73, 76, 78, 81, 105, 130]]
[164, 2.86353, [0, 1, 3, 4, 9, 10, 12, 13, 27, 28, 31, 32, 38, 57, 65, 68, 70, 77, 78, 80, 81]]
[164, 2.86191, [0, 1, 3, 4, 9, 10, 12, 13, 27, 28, 31, 32, 38, 57, 68, 70, 71, 77, 78, 80, 81]]
[164, 2.86199, [0, 1, 3, 4, 9, 10, 12, 13, 27, 28, 31, 33, 36, 48, 64, 70, 73, 74, 77, 79, 129]]
[164, 2.87856, [0, 1, 3, 4, 9, 10, 12, 13, 27, 28, 32, 33, 35, 48, 49, 59, 72, 73, 75, 76, 81]]
[164, 2.87254, [0, 1, 3, 4, 9, 10, 12, 13, 27, 28, 32, 33, 35, 48, 49, 59, 72, 73, 75, 76, 127]]
[164, 2.87812, [0, 1, 3, 4, 9, 10, 12, 13, 27, 28, 32, 33, 35, 48, 49, 59, 72, 73, 75, 79, 80]]
[164, 2.87792, [0, 1, 3, 4, 9, 10, 12, 13, 27, 28, 32, 33, 35, 48, 49, 59, 72, 73, 75, 79, 81]]
[164, 2.87191, [0, 1, 3, 4, 9, 10, 12, 13, 27, 28, 32, 33, 35, 48, 49, 59, 72, 73, 75, 79, 127]]
[164, 2.87772, [0, 1, 3, 4, 9, 10, 12, 13, 27, 28, 32, 33, 35, 48, 49, 59, 72, 73, 75, 80, 81]]
[164, 2.87791, [0, 1, 3, 4, 9, 10, 12, 13, 27, 28, 32, 33, 35, 48, 49, 59, 72, 73, 76, 78, 81]]
[164, 2.87789, [0, 1, 3, 4, 9, 10, 12, 13, 27, 28, 32, 33, 35, 48, 49, 59, 72, 73, 77, 78, 80]]
[164, 2.87768, [0, 1, 3, 4, 9, 10, 12, 13, 27, 28, 32, 33, 35, 48, 49, 59, 72, 73, 77, 79, 80]]
[164, 2.87727, [0, 1, 3, 4, 9, 10, 12, 13, 27, 28, 32, 33, 35, 48, 49, 59, 72, 73, 78, 79, 81]]
[164, 2.87707, [0, 1, 3, 4, 9, 10, 12, 13, 27, 28, 32, 33, 35, 48, 49, 59, 72, 73, 78, 80, 81]]
[164, 2.87053, [0, 1, 3, 4, 9, 10, 12, 13, 27, 28, 32, 33, 35, 48, 49, 59, 72, 73, 80, 81, 126]]
[164, 2.87811, [0, 1, 3, 4, 9, 10, 12, 13, 27, 28, 32, 33, 35, 48, 49, 59, 72, 74, 75, 77, 81]]
[164, 2.87789, [0, 1, 3, 4, 9, 10, 12, 13, 27, 28, 32, 33, 35, 48, 49, 59, 72, 74, 75, 79, 80]]
[164, 2.87769, [0, 1, 3, 4, 9, 10, 12, 13, 27, 28, 32, 33, 35, 48, 49, 59, 72, 74, 75, 79, 81]]
[164, 2.87167, [0, 1, 3, 4, 9, 10, 12, 13, 27, 28, 32, 33, 35, 48, 49, 59, 72, 74, 75, 79, 127]]
[164, 2.87749, [0, 1, 3, 4, 9, 10, 12, 13, 27, 28, 32, 33, 35, 48, 49, 59, 72, 74, 75, 80, 81]]
[164, 2.87746, [0, 1, 3, 4, 9, 10, 12, 13, 27, 28, 32, 33, 35, 48, 49, 59, 72, 74, 77, 78, 81]]
[164, 2.87704, [0, 1, 3, 4, 9, 10, 12, 13, 27, 28, 32, 33, 35, 48, 49, 59, 72, 74, 78, 79, 81]]
[164, 2.87683, [0, 1, 3, 4, 9, 10, 12, 13, 27, 28, 32, 33, 35, 48, 49, 59, 72, 74, 78, 80, 81]]
[164, 2.8703, [0, 1, 3, 4, 9, 10, 12, 13, 27, 28, 32, 33, 35, 48, 49, 59, 72, 74, 80, 81, 126]]
[164, 2.87724, [0, 1, 3, 4, 9, 10, 12, 13, 27, 28, 32, 33, 35, 48, 49, 59, 72, 75, 76, 79, 81]]
[164, 2.87122, [0, 1, 3, 4, 9, 10, 12, 13, 27, 28, 32, 33, 35, 48, 49, 59, 72, 75, 76, 79, 127]]
[164, 2.87682, [0, 1, 3, 4, 9, 10, 12, 13, 27, 28, 32, 33, 35, 48, 49, 59, 72, 75, 77, 80, 81]]
[164, 2.87113, [0, 1, 3, 4, 9, 10, 12, 13, 27, 28, 32, 33, 35, 48, 49, 59, 72, 75, 79, 80, 119]]
[164, 2.87093, [0, 1, 3, 4, 9, 10, 12, 13, 27, 28, 32, 33, 35, 48, 49, 59, 72, 75, 79, 81, 119]]
[164, 2.86492, [0, 1, 3, 4, 9, 10, 12, 13, 27, 28, 32, 33, 35, 48, 49, 59, 72, 75, 79, 119, 127]]
[164, 2.87073, [0, 1, 3, 4, 9, 10, 12, 13, 27, 28, 32, 33, 35, 48, 49, 59, 72, 75, 80, 81, 119]]
[164, 2.87659, [0, 1, 3, 4, 9, 10, 12, 13, 27, 28, 32, 33, 35, 48, 49, 59, 72, 76, 78, 79, 81]]
[164, 2.87617, [0, 1, 3, 4, 9, 10, 12, 13, 27, 28, 32, 33, 35, 48, 49, 59, 72, 77, 78, 80, 81]]
[164, 2.87028, [0, 1, 3, 4, 9, 10, 12, 13, 27, 28, 32, 33, 35, 48, 49, 59, 72, 78, 79, 81, 119]]
[164, 2.87008, [0, 1, 3, 4, 9, 10, 12, 13, 27, 28, 32, 33, 35, 48, 49, 59, 72, 78, 80, 81, 119]]
[164, 2.86354, [0, 1, 3, 4, 9, 10, 12, 13, 27, 28, 32, 33, 35, 48, 49, 59, 72, 80, 81, 119, 126]]
[164, 2.87702, [0, 1, 3, 4, 9, 10, 12, 13, 27, 28, 32, 33, 35, 48, 49, 59, 73, 74, 76, 80, 81]]
[164, 2.8768, [0, 1, 3, 4, 9, 10, 12, 13, 27, 28, 32, 33, 35, 48, 49, 59, 73, 74, 78, 79, 81]]
[164, 2.87659, [0, 1, 3, 4, 9, 10, 12, 13, 27, 28, 32, 33, 35, 48, 49, 59, 73, 74, 78, 80, 81]]
[164, 2.87006, [0, 1, 3, 4, 9, 10, 12, 13, 27, 28, 32, 33, 35, 48, 49, 59, 73, 74, 80, 81, 126]]
[164, 2.8768, [0, 1, 3, 4, 9, 10, 12, 13, 27, 28, 32, 33, 35, 48, 49, 59, 73, 75, 76, 80, 81]]
[164, 2.86671, [0, 1, 3, 4, 9, 10, 12, 13, 27, 28, 32, 33, 35, 48, 49, 72, 73, 75, 76, 81, 128]]
[164, 2.8607, [0, 1, 3, 4, 9, 10, 12, 13, 27, 28, 32, 33, 35, 48, 49, 72, 73, 75, 76, 127, 128]]
[164, 2.86626, [0, 1, 3, 4, 9, 10, 12, 13, 27, 28, 32, 33, 35, 48, 49, 72, 74, 75, 77, 81, 128]]
[164, 2.8698, [0, 1, 3, 4, 9, 10, 12, 13, 27, 28, 32, 33, 35, 48, 59, 71, 72, 74, 75, 80, 81]]
[164, 2.86935, [0, 1, 3, 4, 9, 10, 12, 13, 27, 28, 32, 33, 35, 48, 59, 71, 72, 74, 78, 79, 81]]
[164, 2.86915, [0, 1, 3, 4, 9, 10, 12, 13, 27, 28, 32, 33, 35, 48, 59, 71, 72, 74, 78, 80, 81]]
[164, 2.86261, [0, 1, 3, 4, 9, 10, 12, 13, 27, 28, 32, 33, 35, 48, 59, 71, 72, 74, 80, 81, 126]]
[164, 2.86913, [0, 1, 3, 4, 9, 10, 12, 13, 27, 28, 32, 33, 35, 48, 59, 71, 72, 75, 77, 80, 81]]
[164, 2.86848, [0, 1, 3, 4, 9, 10, 12, 13, 27, 28, 32, 33, 35, 48, 59, 71, 72, 77, 78, 80, 81]]
[164, 2.86911, [0, 1, 3, 4, 9, 10, 12, 13, 27, 28, 32, 33, 35, 48, 59, 71, 73, 74, 78, 79, 81]]
[164, 2.86891, [0, 1, 3, 4, 9, 10, 12, 13, 27, 28, 32, 33, 35, 48, 59, 71, 73, 74, 78, 80, 81]]
[164, 2.86237, [0, 1, 3, 4, 9, 10, 12, 13, 27, 28, 32, 33, 35, 48, 59, 71, 73, 74, 80, 81, 126]]
[164, 2.8707, [0, 1, 3, 4, 9, 10, 12, 13, 27, 28, 32, 33, 35, 49, 59, 68, 72, 73, 75, 79, 80]]
[164, 2.87051, [0, 1, 3, 4, 9, 10, 12, 13, 27, 28, 32, 33, 35, 49, 59, 68, 72, 73, 75, 79, 81]]
[164, 2.8703, [0, 1, 3, 4, 9, 10, 12, 13, 27, 28, 32, 33, 35, 49, 59, 68, 72, 73, 75, 80, 81]]
[164, 2.87027, [0, 1, 3, 4, 9, 10, 12, 13, 27, 28, 32, 33, 35, 49, 59, 68, 72, 74, 75, 79, 81]]
[164, 2.86962, [0, 1, 3, 4, 9, 10, 12, 13, 27, 28, 32, 33, 35, 49, 59, 68, 72, 74, 78, 79, 81]]
[164, 2.86372, [0, 1, 3, 4, 9, 10, 12, 13, 27, 28, 32, 33, 35, 49, 59, 68, 72, 75, 79, 80, 119]]
[164, 2.86352, [0, 1, 3, 4, 9, 10, 12, 13, 27, 28, 32, 33, 35, 49, 59, 68, 72, 75, 79, 81, 119]]
[164, 2.86332, [0, 1, 3, 4, 9, 10, 12, 13, 27, 28, 32, 33, 35, 49, 59, 68, 72, 75, 80, 81, 119]]
[164, 2.86287, [0, 1, 3, 4, 9, 10, 12, 13, 27, 28, 32, 33, 35, 49, 59, 68, 72, 78, 79, 81, 119]]
[164, 2.86266, [0, 1, 3, 4, 9, 10, 12, 13, 27, 28, 32, 33, 35, 49, 59, 68, 72, 78, 80, 81, 119]]
[164, 2.86938, [0, 1, 3, 4, 9, 10, 12, 13, 27, 28, 32, 33, 35, 49, 59, 68, 73, 75, 76, 80, 81]]
[164, 2.86121, [0, 1, 3, 4, 9, 10, 12, 13, 27, 28, 32, 33, 35, 49, 59, 72, 73, 77, 78, 80, 130]]
[164, 2.86529, [0, 1, 3, 4, 9, 10, 12, 13, 27, 28, 32, 33, 48, 49, 58, 59, 72, 73, 75, 76, 81]]
[164, 2.86485, [0, 1, 3, 4, 9, 10, 12, 13, 27, 28, 32, 33, 48, 49, 58, 59, 72, 73, 75, 79, 80]]
[164, 2.86465, [0, 1, 3, 4, 9, 10, 12, 13, 27, 28, 32, 33, 48, 49, 58, 59, 72, 73, 75, 79, 81]]
[164, 2.86445, [0, 1, 3, 4, 9, 10, 12, 13, 27, 28, 32, 33, 48, 49, 58, 59, 72, 73, 75, 80, 81]]
[164, 2.86464, [0, 1, 3, 4, 9, 10, 12, 13, 27, 28, 32, 33, 48, 49, 58, 59, 72, 73, 76, 78, 81]]
[164, 2.86462, [0, 1, 3, 4, 9, 10, 12, 13, 27, 28, 32, 33, 48, 49, 58, 59, 72, 73, 77, 78, 80]]
[164, 2.86441, [0, 1, 3, 4, 9, 10, 12, 13, 27, 28, 32, 33, 48, 49, 58, 59, 72, 73, 77, 79, 80]]
[164, 2.864, [0, 1, 3, 4, 9, 10, 12, 13, 27, 28, 32, 33, 48, 49, 58, 59, 72, 73, 78, 79, 81]]
[164, 2.8638, [0, 1, 3, 4, 9, 10, 12, 13, 27, 28, 32, 33, 48, 49, 58, 59, 72, 73, 78, 80, 81]]
[164, 2.86484, [0, 1, 3, 4, 9, 10, 12, 13, 27, 28, 32, 33, 48, 49, 58, 59, 72, 74, 75, 77, 81]]
[164, 2.86462, [0, 1, 3, 4, 9, 10, 12, 13, 27, 28, 32, 33, 48, 49, 58, 59, 72, 74, 75, 79, 80]]
[164, 2.86442, [0, 1, 3, 4, 9, 10, 12, 13, 27, 28, 32, 33, 48, 49, 58, 59, 72, 74, 75, 79, 81]]
[164, 2.86422, [0, 1, 3, 4, 9, 10, 12, 13, 27, 28, 32, 33, 48, 49, 58, 59, 72, 74, 75, 80, 81]]
[164, 2.86419, [0, 1, 3, 4, 9, 10, 12, 13, 27, 28, 32, 33, 48, 49, 58, 59, 72, 74, 77, 78, 81]]
[164, 2.86377, [0, 1, 3, 4, 9, 10, 12, 13, 27, 28, 32, 33, 48, 49, 58, 59, 72, 74, 78, 79, 81]]
[164, 2.86357, [0, 1, 3, 4, 9, 10, 12, 13, 27, 28, 32, 33, 48, 49, 58, 59, 72, 74, 78, 80, 81]]
[164, 2.86397, [0, 1, 3, 4, 9, 10, 12, 13, 27, 28, 32, 33, 48, 49, 58, 59, 72, 75, 76, 79, 81]]
[164, 2.8874, [0, 1, 3, 4, 9, 10, 12, 13, 27, 28, 32, 33, 48, 49, 58, 59, 72, 75, 77, 80, 81, 119]]
[164, 2.86332, [0, 1, 3, 4, 9, 10, 12, 13, 27, 28, 32, 33, 48, 49, 58, 59, 72, 76, 78, 79, 81]]
[164, 2.88674, [0, 1, 3, 4, 9, 10, 12, 13, 27, 28, 32, 33, 48, 49, 58, 59, 72, 77, 78, 80, 81, 119]]
[164, 2.86375, [0, 1, 3, 4, 9, 10, 12, 13, 27, 28, 32, 33, 48, 49, 58, 59, 73, 74, 76, 80, 81]]
[164, 2.86353, [0, 1, 3, 4, 9, 10, 12, 13, 27, 28, 32, 33, 48, 49, 58, 59, 73, 74, 78, 79, 81]]
[164, 2.86333, [0, 1, 3, 4, 9, 10, 12, 13, 27, 28, 32, 33, 48, 49, 58, 59, 73, 74, 78, 80, 81]]
[164, 2.86353, [0, 1, 3, 4, 9, 10, 12, 13, 27, 28, 32, 33, 48, 49, 58, 59, 73, 75, 76, 80, 81]]
[164, 2.8618, [0, 1, 3, 4, 9, 10, 12, 13, 27, 28, 32, 33, 48, 49, 59, 67, 72, 73, 76, 78, 81]]
[164, 2.86096, [0, 1, 3, 4, 9, 10, 12, 13, 27, 28, 32, 33, 48, 49, 59, 67, 72, 73, 78, 80, 81]]
[164, 2.86048, [0, 1, 3, 4, 9, 10, 12, 13, 27, 28, 32, 33, 48, 49, 59, 67, 72, 76, 78, 79, 81]]
[164, 2.86522, [0, 1, 3, 4, 9, 10, 12, 13, 27, 28, 32, 34, 35, 48, 49, 72, 75, 76, 79, 81, 119]]
[164, 2.86457, [0, 1, 3, 4, 9, 10, 12, 13, 27, 28, 32, 34, 35, 48, 49, 72, 76, 78, 79, 81, 119]]
[164, 2.8613, [0, 1, 3, 4, 9, 10, 12, 13, 27, 28, 32, 35, 48, 49, 59, 62, 72, 73, 77, 78, 80]]
[164, 2.86109, [0, 1, 3, 4, 9, 10, 12, 13, 27, 28, 32, 35, 48, 49, 59, 62, 72, 73, 77, 79, 80]]
[164, 2.86068, [0, 1, 3, 4, 9, 10, 12, 13, 27, 28, 32, 35, 48, 49, 59, 62, 72, 73, 78, 79, 81]]
[164, 2.86048, [0, 1, 3, 4, 9, 10, 12, 13, 27, 28, 32, 35, 48, 49, 59, 62, 72, 73, 78, 80, 81]]
[164, 2.86086, [0, 1, 3, 4, 9, 10, 12, 13, 27, 28, 32, 35, 48, 49, 59, 62, 72, 74, 77, 78, 81]]
[164, 2.86044, [0, 1, 3, 4, 9, 10, 12, 13, 27, 28, 32, 35, 48, 49, 59, 62, 72, 74, 78, 79, 81]]
[164, 2.88573, [0, 1, 3, 4, 9, 10, 12, 13, 27, 28, 32, 35, 48, 49, 59, 62, 72, 77, 78, 80, 81, 99]]
[164, 2.86038, [0, 1, 3, 4, 9, 10, 12, 13, 27, 28, 32, 35, 48, 49, 59, 65, 72, 73, 77, 78, 80]]
[164, 2.86932, [0, 1, 3, 4, 9, 10, 12, 13, 27, 28, 32, 48, 49, 57, 59, 67, 72, 76, 78, 79, 81, 119]]
[164, 2.87237, [0, 1, 3, 4, 9, 10, 12, 13, 27, 28, 32, 48, 49, 58, 59, 62, 72, 77, 78, 80, 81, 99]]
[164, 2.8861, [0, 1, 3, 4, 9, 10, 12, 13, 27, 28, 33, 35, 36, 40, 48, 49, 64, 73, 74, 78, 81]]
[164, 2.87451, [0, 1, 3, 4, 9, 10, 12, 13, 27, 28, 33, 35, 40, 48, 49, 59, 64, 72, 73, 75, 81]]
[164, 2.87427, [0, 1, 3, 4, 9, 10, 12, 13, 27, 28, 33, 35, 40, 48, 49, 59, 64, 72, 74, 75, 81]]
[164, 2.86028, [0, 1, 3, 4, 9, 10, 12, 13, 27, 28, 33, 35, 48, 49, 59, 64, 72, 73, 75, 76, 81]]
[164, 2.86307, [0, 1, 3, 4, 9, 10, 12, 13, 27, 28, 34, 36, 37, 48, 49, 66, 75, 77, 78, 80, 103]]
[164, 2.86929, [0, 1, 3, 4, 9, 10, 12, 13, 27, 29, 30, 34, 40, 52, 61, 62, 66, 69, 73, 78, 81]]
[164, 2.86228, [0, 1, 3, 4, 9, 10, 12, 13, 27, 29, 30, 34, 40, 61, 62, 66, 69, 73, 74, 78, 81]]
[164, 2.87186, [0, 1, 3, 4, 9, 10, 12, 13, 27, 29, 33, 34, 38, 40, 52, 60, 61, 69, 74, 81, 140]]
[164, 2.8612, [0, 1, 3, 4, 9, 10, 12, 13, 27, 29, 33, 35, 36, 47, 52, 64, 73, 74, 78, 79, 150]]
[164, 2.86868, [0, 1, 3, 4, 9, 10, 12, 13, 27, 31, 32, 34, 38, 43, 47, 57, 69, 70, 78, 79, 142]]
[164, 2.87351, [0, 1, 3, 4, 9, 10, 12, 13, 27, 31, 32, 34, 38, 46, 48, 57, 70, 71, 77, 78, 81]]
[164, 2.86553, [0, 1, 3, 4, 9, 10, 12, 13, 27, 31, 32, 34, 43, 47, 48, 66, 70, 71, 126, 144, 146, 149]]
[164, 2.87568, [0, 1, 3, 4, 9, 10, 12, 13, 27, 31, 32, 34, 46, 47, 57, 66, 69, 70, 76, 77, 146, 147]]
[164, 2.8625, [0, 1, 3, 4, 9, 10, 12, 13, 27, 31, 32, 34, 46, 47, 57, 66, 70, 71, 73, 77, 78]]
[164, 2.86751, [0, 1, 3, 4, 9, 10, 12, 13, 27, 31, 32, 36, 38, 43, 47, 57, 65, 70, 79, 80, 142]]
[164, 2.86506, [0, 1, 3, 4, 9, 10, 12, 13, 27, 31, 32, 36, 43, 47, 48, 56, 57, 70, 75, 79, 144]]
[164, 2.87011, [0, 1, 3, 4, 9, 10, 12, 13, 27, 31, 32, 36, 43, 47, 48, 56, 66, 70, 75, 78, 79]]
[164, 2.86213, [0, 1, 3, 4, 9, 10, 12, 13, 27, 31, 32, 36, 43, 47, 48, 56, 66, 70, 75, 79, 144]]
[164, 2.86336, [0, 1, 3, 4, 9, 10, 12, 13, 27, 31, 32, 36, 43, 47, 48, 56, 70, 75, 78, 79, 101]]
[164, 2.87594, [0, 1, 3, 4, 9, 10, 12, 13, 27, 31, 32, 36, 43, 47, 57, 65, 66, 70, 79, 80, 142, 144]]
[164, 2.86777, [0, 1, 3, 4, 9, 10, 12, 13, 27, 31, 32, 36, 43, 47, 57, 65, 66, 70, 80, 142, 144, 149]]
[164, 2.86195, [0, 1, 3, 4, 9, 10, 12, 13, 27, 31, 32, 36, 47, 48, 56, 57, 70, 73, 74, 77, 79]]
[164, 2.87355, [0, 1, 3, 4, 9, 10, 12, 13, 27, 31, 32, 38, 43, 47, 57, 65, 68, 70, 78, 80, 142, 149]]
[164, 2.87137, [0, 1, 3, 4, 9, 10, 12, 13, 27, 31, 33, 34, 38, 46, 48, 60, 70, 71, 77, 78, 81]]
[164, 2.87016, [0, 1, 3, 4, 9, 10, 12, 13, 27, 33, 35, 36, 40, 46, 48, 49, 64, 73, 74, 78, 81]]
[164, 2.86316, [0, 1, 3, 4, 9, 10, 12, 13, 27, 36, 43, 47, 48, 52, 55, 64, 66, 70, 75, 78, 79, 99]]
[164, 2.87021, [0, 1, 3, 4, 9, 10, 12, 13, 28, 29, 32, 50, 59, 62, 66, 69, 75, 77, 78, 80, 130, 133, 139]]
[164, 2.86865, [0, 1, 3, 4, 9, 10, 12, 13, 28, 29, 33, 34, 36, 50, 51, 61, 70, 76, 77, 80, 81]]
[164, 2.86087, [0, 1, 3, 4, 9, 10, 12, 13, 28, 29, 33, 34, 36, 50, 51, 61, 70, 76, 77, 81, 147]]
[164, 2.86822, [0, 1, 3, 4, 9, 10, 12, 13, 28, 29, 33, 34, 36, 50, 51, 61, 70, 77, 78, 80, 81]]
[164, 2.86865, [0, 1, 3, 4, 9, 10, 12, 13, 29, 30, 32, 33, 39, 43, 44, 67, 71, 72, 80, 81, 96]]
[164, 2.86469, [0, 1, 3, 4, 9, 10, 12, 13, 29, 30, 32, 33, 39, 43, 44, 67, 71, 72, 80, 96, 107]]
[164, 2.86493, [0, 1, 3, 4, 9, 10, 12, 13, 29, 30, 33, 34, 40, 44, 52, 61, 69, 72, 73, 81, 96]]
[164, 2.86238, [0, 1, 3, 4, 9, 10, 12, 13, 29, 35, 39, 44, 47, 51, 52, 56, 62, 64, 71, 96, 105, 150]]
[164, 2.87143, [0, 1, 3, 4, 9, 10, 12, 13, 30, 32, 33, 37, 43, 46, 58, 67, 69, 72, 78, 81, 96, 148]]
[164, 2.86721, [0, 1, 3, 4, 9, 10, 12, 13, 30, 32, 33, 37, 43, 46, 58, 67, 69, 72, 78, 96, 109, 148]]
[164, 2.86607, [0, 1, 3, 4, 9, 10, 12, 13, 31, 33, 37, 38, 47, 48, 51, 60, 68, 77, 78, 80, 97, 138]]
[164, 2.86503, [0, 1, 3, 4, 9, 10, 12, 22, 25, 27, 33, 36, 48, 52, 55, 59, 61, 73, 75, 76, 80, 81]]
[164, 2.86411, [0, 1, 3, 4, 9, 10, 13, 21, 24, 28, 30, 31, 37, 54, 63, 67, 68, 75, 76, 79, 81, 100]]
[164, 2.8695, [0, 1, 3, 4, 9, 11, 12, 16, 25, 26, 30, 37, 54, 55, 61, 64, 66, 72, 75, 76, 79, 81]]
[164, 2.86109, [0, 1, 3, 4, 9, 11, 12, 16, 25, 26, 30, 37, 54, 55, 61, 64, 69, 72, 76, 79, 81, 130]]

Search completed in 0 hours, 20 minutes, and 23.595 seconds.  Enter a string to quit.