Enter an integer k for which our Kempner sets are k-free: 3
Enter a positive integer modulus b: 179
Enter estimation parameters, or * for pre-computed parameters ([0.0733, 1.0613, 1.3786]): *
Enter a threshold (e.g. 4.2) to determine printed output: 2.88
Enter a root for the search space (e.g. [0, 1, 2]) [or * for the root [0]]: *
Enter an upper bound for the size of allowable digit sets [or * to ignore]: 29
Enter a maximal number of deviations from a greedy search [or * to ignore]: *
Searching for k-free sets mod b...

[179, 2.88582, [0, 1, 3, 4, 9, 10, 12, 13, 27, 28, 30, 31, 36, 37, 39, 67, 76, 79, 80, 83, 88, 89]]
[179, 2.88545, [0, 1, 3, 4, 9, 10, 12, 13, 27, 28, 30, 31, 36, 37, 39, 67, 76, 79, 80, 86, 87, 89]]
[179, 2.88528, [0, 1, 3, 4, 9, 10, 12, 13, 27, 28, 30, 31, 36, 37, 39, 67, 76, 79, 80, 86, 88, 89]]
[179, 2.88575, [0, 1, 3, 4, 9, 10, 12, 13, 27, 28, 30, 31, 36, 37, 39, 67, 76, 80, 81, 83, 87, 88]]
[179, 2.88559, [0, 1, 3, 4, 9, 10, 12, 13, 27, 28, 30, 31, 36, 37, 39, 67, 76, 80, 81, 83, 87, 89]]
[179, 2.88542, [0, 1, 3, 4, 9, 10, 12, 13, 27, 28, 30, 31, 36, 37, 39, 67, 76, 80, 81, 83, 88, 89]]
[179, 2.8854, [0, 1, 3, 4, 9, 10, 12, 13, 27, 28, 30, 31, 36, 37, 39, 67, 76, 80, 82, 83, 87, 89]]
[179, 2.88487, [0, 1, 3, 4, 9, 10, 12, 13, 27, 28, 30, 31, 36, 37, 39, 67, 76, 80, 82, 86, 87, 89]]
[179, 2.88467, [0, 1, 3, 4, 9, 10, 12, 13, 27, 28, 30, 31, 36, 37, 39, 67, 76, 81, 83, 84, 88, 89]]
[179, 2.88461, [0, 1, 3, 4, 9, 10, 12, 13, 27, 28, 30, 31, 36, 37, 39, 67, 79, 80, 82, 83, 88, 89]]
[179, 2.88424, [0, 1, 3, 4, 9, 10, 12, 13, 27, 28, 30, 31, 36, 37, 39, 67, 79, 80, 82, 86, 87, 89]]
[179, 2.88408, [0, 1, 3, 4, 9, 10, 12, 13, 27, 28, 30, 31, 36, 37, 39, 67, 79, 80, 82, 86, 88, 89]]
[179, 2.88064, [0, 1, 3, 4, 9, 10, 12, 13, 27, 28, 30, 31, 36, 37, 39, 67, 79, 80, 82, 86, 88, 116]]
[179, 2.88407, [0, 1, 3, 4, 9, 10, 12, 13, 27, 28, 30, 31, 36, 37, 39, 67, 79, 80, 83, 85, 88, 89]]
[179, 2.88353, [0, 1, 3, 4, 9, 10, 12, 13, 27, 28, 30, 31, 36, 37, 39, 67, 79, 80, 85, 86, 88, 89]]
[179, 2.88009, [0, 1, 3, 4, 9, 10, 12, 13, 27, 28, 30, 31, 36, 37, 39, 67, 79, 80, 85, 86, 88, 116]]
[179, 2.88405, [0, 1, 3, 4, 9, 10, 12, 13, 27, 28, 30, 31, 36, 37, 39, 67, 79, 81, 82, 86, 87, 89]]
[179, 2.88388, [0, 1, 3, 4, 9, 10, 12, 13, 27, 28, 30, 31, 36, 37, 39, 67, 79, 81, 82, 86, 88, 89]]
[179, 2.88189, [0, 1, 3, 4, 9, 10, 12, 13, 27, 28, 30, 31, 36, 37, 39, 76, 79, 80, 83, 85, 88, 89]]
[179, 2.88136, [0, 1, 3, 4, 9, 10, 12, 13, 27, 28, 30, 31, 36, 37, 39, 76, 79, 80, 85, 86, 88, 89]]
[179, 2.88432, [0, 1, 3, 4, 9, 10, 12, 13, 27, 28, 30, 31, 36, 37, 40, 66, 75, 78, 85, 86, 88, 89]]
[179, 2.89736, [0, 1, 3, 4, 9, 10, 12, 13, 27, 28, 30, 31, 36, 37, 66, 67, 75, 78, 79, 85, 86, 88, 116]]
[179, 2.8975, [0, 1, 3, 4, 9, 10, 12, 13, 27, 28, 30, 31, 36, 37, 66, 67, 75, 79, 80, 82, 86, 88, 116]]
[179, 2.89137, [0, 1, 3, 4, 9, 10, 12, 13, 27, 28, 30, 31, 36, 37, 66, 67, 77, 79, 80, 82, 86, 116, 140]]
[179, 2.88265, [0, 1, 3, 4, 9, 10, 12, 13, 27, 28, 30, 31, 36, 38, 39, 70, 79, 80, 82, 86, 87, 89]]
[179, 2.88246, [0, 1, 3, 4, 9, 10, 12, 13, 27, 28, 30, 31, 36, 38, 39, 70, 79, 81, 82, 86, 87, 89]]
[179, 2.89984, [0, 1, 3, 4, 9, 10, 12, 13, 27, 28, 30, 31, 36, 38, 65, 70, 74, 79, 81, 82, 86, 87, 89]]
[179, 2.8887, [0, 1, 3, 4, 9, 10, 12, 13, 27, 28, 30, 31, 36, 39, 64, 67, 73, 80, 81, 85, 88, 113, 165]]
[179, 2.90127, [0, 1, 3, 4, 9, 10, 12, 13, 27, 28, 30, 31, 36, 40, 65, 66, 73, 74, 78, 84, 85, 87, 88]]
[179, 2.90094, [0, 1, 3, 4, 9, 10, 12, 13, 27, 28, 30, 31, 36, 40, 65, 66, 73, 74, 78, 84, 85, 88, 89]]
[179, 2.90093, [0, 1, 3, 4, 9, 10, 12, 13, 27, 28, 30, 31, 36, 40, 65, 66, 73, 74, 78, 84, 86, 87, 89]]
[179, 2.90059, [0, 1, 3, 4, 9, 10, 12, 13, 27, 28, 30, 31, 36, 40, 65, 66, 73, 74, 78, 85, 86, 88, 89]]
[179, 2.89336, [0, 1, 3, 4, 9, 10, 12, 13, 27, 28, 30, 31, 36, 40, 65, 66, 73, 74, 78, 85, 86, 89, 164]]
[179, 2.89148, [0, 1, 3, 4, 9, 10, 12, 13, 27, 28, 30, 31, 36, 64, 65, 67, 73, 74, 77, 78, 85, 86, 88]]
[179, 2.89021, [0, 1, 3, 4, 9, 10, 12, 13, 27, 28, 30, 31, 36, 64, 65, 67, 73, 77, 78, 80, 85, 86, 88]]
[179, 2.88655, [0, 1, 3, 4, 9, 10, 12, 13, 27, 28, 30, 31, 36, 64, 65, 67, 73, 77, 78, 80, 85, 88, 113]]
[179, 2.89058, [0, 1, 3, 4, 9, 10, 12, 13, 27, 28, 30, 31, 36, 64, 65, 67, 74, 75, 79, 80, 82, 87, 88]]
[179, 2.88896, [0, 1, 3, 4, 9, 10, 12, 13, 27, 28, 30, 31, 36, 64, 65, 67, 75, 78, 79, 82, 84, 87, 88]]
[179, 2.88495, [0, 1, 3, 4, 9, 10, 12, 13, 27, 28, 30, 31, 36, 64, 65, 67, 75, 78, 79, 82, 87, 88, 113]]
[179, 2.88455, [0, 1, 3, 4, 9, 10, 12, 13, 27, 28, 30, 31, 36, 64, 65, 67, 75, 79, 80, 82, 87, 88, 113]]
[179, 2.88371, [0, 1, 3, 4, 9, 10, 12, 13, 27, 28, 30, 31, 36, 64, 65, 67, 78, 79, 81, 82, 87, 88, 113]]
[179, 2.88316, [0, 1, 3, 4, 9, 10, 12, 13, 27, 28, 30, 31, 36, 64, 65, 67, 78, 79, 81, 85, 87, 88, 113]]
[179, 2.88296, [0, 1, 3, 4, 9, 10, 12, 13, 27, 28, 30, 31, 36, 64, 65, 67, 78, 80, 81, 85, 87, 88, 113]]
[179, 2.88728, [0, 1, 3, 4, 9, 10, 12, 13, 27, 28, 30, 31, 36, 64, 65, 70, 74, 79, 81, 82, 86, 87, 89]]
[179, 2.89015, [0, 1, 3, 4, 9, 10, 12, 13, 27, 28, 30, 31, 36, 64, 66, 67, 74, 75, 78, 79, 85, 87, 88]]
[179, 2.8878, [0, 1, 3, 4, 9, 10, 12, 13, 27, 28, 30, 31, 36, 64, 66, 67, 74, 79, 80, 83, 85, 88, 89]]
[179, 2.88138, [0, 1, 3, 4, 9, 10, 12, 13, 27, 28, 30, 31, 36, 66, 67, 74, 75, 78, 79, 85, 86, 88, 116]]
[179, 2.88487, [0, 1, 3, 4, 9, 10, 12, 13, 27, 28, 30, 31, 37, 38, 68, 69, 77, 80, 81, 87, 89, 121, 163]]
[179, 2.88186, [0, 1, 3, 4, 9, 10, 12, 13, 27, 28, 30, 31, 37, 39, 40, 82, 84, 88, 89, 112, 126, 130, 143]]
[179, 2.8815, [0, 1, 3, 4, 9, 10, 12, 13, 27, 28, 30, 31, 37, 39, 40, 82, 86, 88, 89, 112, 126, 130, 143]]
[179, 2.88965, [0, 1, 3, 4, 9, 10, 12, 13, 27, 28, 30, 31, 37, 63, 66, 68, 72, 77, 79, 80, 84, 85, 87]]
[179, 2.8884, [0, 1, 3, 4, 9, 10, 12, 13, 27, 28, 30, 31, 38, 40, 65, 69, 74, 78, 84, 85, 88, 89, 162]]
[179, 2.88069, [0, 1, 3, 4, 9, 10, 12, 13, 27, 28, 30, 31, 38, 40, 65, 69, 78, 84, 85, 88, 89, 131, 162]]
[179, 2.88448, [0, 1, 3, 4, 9, 10, 12, 13, 27, 28, 30, 31, 38, 65, 68, 70, 74, 79, 81, 82, 86, 87, 89]]
[179, 2.88834, [0, 1, 3, 4, 9, 10, 12, 13, 27, 28, 30, 31, 39, 63, 64, 70, 71, 73, 80, 81, 85, 86, 88]]
[179, 2.89497, [0, 1, 3, 4, 9, 10, 12, 13, 27, 28, 30, 31, 63, 64, 68, 70, 71, 75, 81, 83, 84, 88, 89, 143]]
[179, 2.89879, [0, 1, 3, 4, 9, 10, 12, 13, 27, 28, 30, 34, 35, 37, 63, 72, 76, 77, 79, 84, 85, 87, 88]]
[179, 2.88198, [0, 1, 3, 4, 9, 10, 12, 13, 27, 28, 30, 34, 35, 39, 49, 62, 72, 73, 76, 81, 83, 87]]
[179, 2.88781, [0, 1, 3, 4, 9, 10, 12, 13, 27, 28, 30, 34, 35, 62, 63, 71, 72, 76, 77, 84, 85, 87, 88]]
[179, 2.88603, [0, 1, 3, 4, 9, 10, 12, 13, 27, 28, 30, 34, 35, 62, 63, 72, 76, 77, 79, 84, 85, 87, 88]]
[179, 2.88098, [0, 1, 3, 4, 9, 10, 12, 13, 27, 28, 30, 35, 36, 38, 65, 77, 78, 84, 85, 87, 88, 123, 131]]
[179, 2.89311, [0, 1, 3, 4, 9, 10, 12, 13, 27, 28, 31, 32, 38, 40, 57, 65, 69, 78, 84, 85, 88, 89, 131]]
[179, 2.88607, [0, 1, 3, 4, 9, 10, 12, 13, 27, 28, 31, 32, 38, 40, 65, 69, 74, 78, 84, 85, 88, 89, 162]]
[179, 2.88153, [0, 1, 3, 4, 9, 10, 12, 13, 27, 28, 31, 32, 38, 57, 65, 68, 69, 74, 78, 84, 85, 89, 162]]
[179, 2.88215, [0, 1, 3, 4, 9, 10, 12, 13, 27, 28, 31, 32, 38, 65, 68, 70, 74, 79, 81, 82, 86, 87, 89]]
[179, 2.88611, [0, 1, 3, 4, 9, 10, 12, 13, 27, 28, 31, 33, 36, 48, 64, 67, 74, 75, 78, 79, 85, 88, 165]]
[179, 2.88155, [0, 1, 3, 4, 9, 10, 12, 13, 27, 28, 31, 33, 36, 48, 64, 67, 75, 77, 78, 82, 85, 113, 165]]
[179, 2.88103, [0, 1, 3, 4, 9, 10, 12, 13, 27, 28, 31, 33, 36, 48, 64, 67, 75, 77, 78, 82, 88, 113, 165]]
[179, 2.88049, [0, 1, 3, 4, 9, 10, 12, 13, 27, 28, 31, 33, 36, 48, 64, 67, 75, 77, 78, 85, 88, 113, 165]]
[179, 2.88043, [0, 1, 3, 4, 9, 10, 12, 13, 27, 28, 31, 33, 36, 48, 64, 67, 75, 77, 81, 82, 88, 113, 165]]
[179, 2.88062, [0, 1, 3, 4, 9, 10, 12, 13, 27, 28, 31, 33, 36, 48, 64, 67, 75, 78, 79, 82, 88, 113, 165]]
[179, 2.88146, [0, 1, 3, 4, 9, 10, 12, 13, 27, 28, 31, 33, 36, 48, 64, 67, 75, 79, 81, 82, 88, 113, 142]]
[179, 2.88002, [0, 1, 3, 4, 9, 10, 12, 13, 27, 28, 31, 33, 36, 48, 64, 67, 75, 79, 81, 82, 88, 113, 165]]
[179, 2.88213, [0, 1, 3, 4, 9, 10, 12, 13, 27, 28, 31, 33, 48, 60, 64, 67, 71, 77, 79, 85, 113, 140, 163, 165]]
[179, 2.88131, [0, 1, 3, 4, 9, 10, 12, 13, 27, 28, 31, 33, 48, 60, 64, 67, 71, 79, 81, 85, 113, 140, 163, 165]]
[179, 2.88184, [0, 1, 3, 4, 9, 10, 12, 13, 27, 28, 32, 33, 35, 40, 49, 59, 72, 73, 75, 81, 82, 84]]
[179, 2.88161, [0, 1, 3, 4, 9, 10, 12, 13, 27, 28, 32, 33, 35, 40, 49, 59, 72, 74, 75, 81, 82, 84]]
[179, 2.88053, [0, 1, 3, 4, 9, 10, 12, 13, 27, 28, 32, 33, 35, 40, 49, 59, 72, 74, 75, 82, 84, 87]]
[179, 2.89333, [0, 1, 3, 4, 9, 10, 12, 13, 27, 28, 32, 33, 35, 48, 59, 71, 72, 78, 79, 81, 82, 88, 89]]
[179, 2.88438, [0, 1, 3, 4, 9, 10, 12, 13, 27, 28, 32, 33, 48, 49, 58, 59, 72, 74, 75, 79, 80, 82, 162]]
[179, 2.88064, [0, 1, 3, 4, 9, 10, 12, 13, 27, 28, 32, 34, 35, 39, 48, 49, 72, 73, 79, 80, 82, 122]]
[179, 2.88305, [0, 1, 3, 4, 9, 10, 12, 13, 27, 28, 32, 34, 35, 39, 48, 72, 73, 76, 82, 89, 122, 138, 156]]
[179, 2.89063, [0, 1, 3, 4, 9, 10, 12, 13, 27, 28, 32, 34, 35, 39, 48, 72, 73, 79, 80, 82, 89, 122, 138]]
[179, 2.88168, [0, 1, 3, 4, 9, 10, 12, 13, 27, 28, 32, 34, 35, 39, 48, 73, 79, 80, 82, 89, 122, 138, 141]]
[179, 2.89734, [0, 1, 3, 4, 9, 10, 12, 13, 27, 29, 30, 32, 36, 38, 65, 70, 74, 79, 81, 82, 86, 87, 89]]
[179, 2.89115, [0, 1, 3, 4, 9, 10, 12, 13, 27, 29, 30, 32, 38, 40, 62, 65, 69, 74, 78, 85, 88, 89, 162]]
[179, 2.88343, [0, 1, 3, 4, 9, 10, 12, 13, 27, 29, 30, 32, 38, 40, 62, 65, 69, 78, 85, 88, 89, 131, 162]]
[179, 2.88591, [0, 1, 3, 4, 9, 10, 12, 13, 27, 29, 30, 32, 38, 40, 65, 69, 74, 78, 84, 85, 88, 89, 162]]
[179, 2.88143, [0, 1, 3, 4, 9, 10, 12, 13, 27, 29, 30, 32, 38, 62, 65, 69, 70, 74, 80, 81, 84, 85, 142]]
[179, 2.88075, [0, 1, 3, 4, 9, 10, 12, 13, 27, 29, 30, 32, 38, 62, 65, 69, 70, 74, 80, 81, 84, 89, 142]]
[179, 2.88038, [0, 1, 3, 4, 9, 10, 12, 13, 27, 29, 30, 32, 38, 62, 65, 69, 70, 74, 80, 82, 85, 89, 142]]
[179, 2.88104, [0, 1, 3, 4, 9, 10, 12, 13, 27, 29, 30, 32, 38, 62, 65, 69, 70, 74, 81, 82, 84, 85, 142]]
[179, 2.88036, [0, 1, 3, 4, 9, 10, 12, 13, 27, 29, 30, 32, 38, 62, 65, 69, 70, 74, 81, 82, 84, 89, 142]]
[179, 2.88446, [0, 1, 3, 4, 9, 10, 12, 13, 27, 29, 30, 32, 38, 62, 68, 69, 71, 77, 81, 82, 84, 88, 89]]
[179, 2.88199, [0, 1, 3, 4, 9, 10, 12, 13, 27, 29, 30, 32, 38, 65, 68, 70, 74, 79, 81, 82, 86, 87, 89]]
[179, 2.90618, [0, 1, 3, 4, 9, 10, 12, 13, 27, 29, 30, 34, 35, 37, 52, 63, 72, 76, 78, 79, 85, 87, 88]]
[179, 2.90502, [0, 1, 3, 4, 9, 10, 12, 13, 27, 29, 30, 34, 35, 37, 52, 63, 72, 76, 79, 84, 85, 87, 88]]
[179, 2.90424, [0, 1, 3, 4, 9, 10, 12, 13, 27, 29, 30, 34, 35, 37, 52, 63, 76, 78, 79, 81, 85, 87, 88]]
[179, 2.90368, [0, 1, 3, 4, 9, 10, 12, 13, 27, 29, 30, 34, 35, 37, 52, 63, 76, 78, 79, 84, 85, 87, 88]]
[179, 2.8976, [0, 1, 3, 4, 9, 10, 12, 13, 27, 29, 30, 34, 35, 37, 52, 63, 76, 78, 81, 85, 87, 88, 131]]
[179, 2.8925, [0, 1, 3, 4, 9, 10, 12, 13, 27, 29, 30, 34, 35, 37, 52, 63, 78, 79, 81, 86, 87, 115, 141]]
[179, 2.89284, [0, 1, 3, 4, 9, 10, 12, 13, 27, 29, 30, 34, 35, 37, 52, 63, 78, 80, 81, 83, 87, 115, 141]]
[179, 2.8923, [0, 1, 3, 4, 9, 10, 12, 13, 27, 29, 30, 34, 35, 37, 52, 63, 78, 80, 81, 86, 87, 115, 141]]
[179, 2.88476, [0, 1, 3, 4, 9, 10, 12, 13, 27, 29, 30, 34, 35, 37, 52, 63, 78, 80, 86, 87, 128, 132, 141]]
[179, 2.89173, [0, 1, 3, 4, 9, 10, 12, 13, 27, 29, 30, 34, 35, 37, 52, 63, 78, 81, 83, 86, 87, 115, 141]]
[179, 2.88586, [0, 1, 3, 4, 9, 10, 12, 13, 27, 29, 30, 34, 35, 37, 52, 63, 78, 81, 86, 87, 115, 131, 141]]
[179, 2.9018, [0, 1, 3, 4, 9, 10, 12, 13, 27, 29, 30, 34, 35, 37, 52, 72, 76, 78, 79, 81, 85, 87, 88]]
[179, 2.89549, [0, 1, 3, 4, 9, 10, 12, 13, 27, 29, 30, 34, 35, 37, 52, 72, 76, 78, 79, 81, 88, 89, 137]]
[179, 2.88995, [0, 1, 3, 4, 9, 10, 12, 13, 27, 29, 30, 34, 35, 37, 52, 72, 76, 78, 79, 81, 89, 137, 138]]
[179, 2.89742, [0, 1, 3, 4, 9, 10, 12, 13, 27, 29, 30, 34, 35, 37, 63, 72, 76, 77, 79, 84, 85, 87, 88]]
[179, 2.89448, [0, 1, 3, 4, 9, 10, 12, 13, 27, 29, 30, 34, 35, 52, 62, 63, 71, 73, 78, 81, 82, 87, 88]]
[179, 2.8934, [0, 1, 3, 4, 9, 10, 12, 13, 27, 29, 30, 34, 35, 52, 62, 63, 71, 76, 78, 83, 84, 86, 87]]
[179, 2.89384, [0, 1, 3, 4, 9, 10, 12, 13, 27, 29, 30, 34, 35, 52, 62, 63, 73, 76, 78, 81, 82, 85, 87]]
[179, 2.89278, [0, 1, 3, 4, 9, 10, 12, 13, 27, 29, 30, 34, 35, 52, 62, 63, 73, 76, 78, 81, 85, 87, 88]]
[179, 2.8927, [0, 1, 3, 4, 9, 10, 12, 13, 27, 29, 30, 34, 35, 52, 62, 63, 73, 78, 79, 81, 82, 87, 88]]
[179, 2.88691, [0, 1, 3, 4, 9, 10, 12, 13, 27, 29, 30, 34, 35, 52, 62, 63, 73, 78, 79, 81, 82, 88, 139]]
[179, 2.89212, [0, 1, 3, 4, 9, 10, 12, 13, 27, 29, 30, 34, 35, 52, 62, 63, 73, 78, 80, 81, 85, 86, 88]]
[179, 2.88617, [0, 1, 3, 4, 9, 10, 12, 13, 27, 29, 30, 34, 35, 52, 62, 63, 73, 78, 80, 81, 85, 88, 139]]
[179, 2.89147, [0, 1, 3, 4, 9, 10, 12, 13, 27, 29, 30, 34, 35, 52, 62, 63, 76, 78, 79, 81, 85, 87, 88]]
[179, 2.89091, [0, 1, 3, 4, 9, 10, 12, 13, 27, 29, 30, 34, 35, 52, 62, 63, 76, 78, 79, 84, 85, 87, 88]]
[179, 2.88483, [0, 1, 3, 4, 9, 10, 12, 13, 27, 29, 30, 34, 35, 52, 62, 63, 76, 78, 81, 85, 87, 88, 131]]
[179, 2.88427, [0, 1, 3, 4, 9, 10, 12, 13, 27, 29, 30, 34, 35, 52, 62, 63, 76, 78, 84, 85, 87, 88, 131]]
[179, 2.88644, [0, 1, 3, 4, 9, 10, 12, 13, 27, 29, 30, 34, 35, 62, 63, 71, 72, 76, 77, 84, 85, 87, 88]]
[179, 2.88466, [0, 1, 3, 4, 9, 10, 12, 13, 27, 29, 30, 34, 35, 62, 63, 72, 76, 77, 79, 84, 85, 87, 88]]
[179, 2.90246, [0, 1, 3, 4, 9, 10, 12, 13, 27, 29, 30, 34, 36, 37, 52, 66, 76, 78, 79, 81, 85, 87, 88]]
[179, 2.9019, [0, 1, 3, 4, 9, 10, 12, 13, 27, 29, 30, 34, 36, 37, 52, 66, 76, 78, 79, 84, 85, 87, 88]]
[179, 2.88837, [0, 1, 3, 4, 9, 10, 12, 13, 27, 29, 30, 34, 36, 40, 52, 66, 73, 81, 83, 84, 86, 125, 140]]
[179, 2.89114, [0, 1, 3, 4, 9, 10, 12, 13, 27, 29, 30, 34, 36, 52, 61, 66, 73, 76, 78, 82, 84, 87, 89]]
[179, 2.88236, [0, 1, 3, 4, 9, 10, 12, 13, 27, 29, 30, 34, 36, 52, 61, 66, 78, 79, 81, 82, 87, 89, 141]]
[179, 2.88629, [0, 1, 3, 4, 9, 10, 12, 13, 27, 29, 30, 34, 37, 52, 63, 66, 72, 76, 79, 83, 84, 88, 112]]
[179, 2.8893, [0, 1, 3, 4, 9, 10, 12, 13, 27, 29, 30, 34, 37, 52, 63, 66, 72, 76, 79, 84, 85, 87, 88]]
[179, 2.88853, [0, 1, 3, 4, 9, 10, 12, 13, 27, 29, 30, 34, 37, 52, 63, 66, 76, 78, 79, 81, 85, 87, 88]]
[179, 2.88797, [0, 1, 3, 4, 9, 10, 12, 13, 27, 29, 30, 34, 37, 52, 63, 66, 76, 78, 79, 84, 85, 87, 88]]
[179, 2.88849, [0, 1, 3, 4, 9, 10, 12, 13, 27, 29, 30, 34, 37, 52, 63, 69, 72, 76, 79, 84, 85, 87, 88]]
[179, 2.89223, [0, 1, 3, 4, 9, 10, 12, 13, 27, 29, 30, 34, 40, 52, 62, 63, 66, 73, 78, 81, 82, 85, 87]]
[179, 2.89172, [0, 1, 3, 4, 9, 10, 12, 13, 27, 29, 30, 34, 40, 52, 62, 63, 66, 73, 78, 81, 82, 87, 88]]
[179, 2.89117, [0, 1, 3, 4, 9, 10, 12, 13, 27, 29, 30, 34, 40, 52, 62, 63, 66, 73, 78, 81, 85, 87, 88]]
[179, 2.88133, [0, 1, 3, 4, 9, 10, 12, 13, 27, 29, 30, 34, 40, 52, 62, 66, 69, 73, 78, 82, 88, 89, 162]]
[179, 2.88347, [0, 1, 3, 4, 9, 10, 12, 13, 27, 29, 30, 35, 36, 38, 39, 52, 79, 80, 82, 83, 88, 89]]
[179, 2.8831, [0, 1, 3, 4, 9, 10, 12, 13, 27, 29, 30, 35, 36, 38, 39, 52, 79, 80, 82, 86, 87, 89]]
[179, 2.88294, [0, 1, 3, 4, 9, 10, 12, 13, 27, 29, 30, 35, 36, 38, 39, 52, 79, 80, 82, 86, 88, 89]]
[179, 2.88293, [0, 1, 3, 4, 9, 10, 12, 13, 27, 29, 30, 35, 36, 38, 39, 52, 79, 80, 83, 85, 88, 89]]
[179, 2.88239, [0, 1, 3, 4, 9, 10, 12, 13, 27, 29, 30, 35, 36, 38, 39, 52, 79, 80, 85, 86, 88, 89]]
[179, 2.88291, [0, 1, 3, 4, 9, 10, 12, 13, 27, 29, 30, 35, 36, 38, 39, 52, 79, 81, 82, 86, 87, 89]]
[179, 2.88274, [0, 1, 3, 4, 9, 10, 12, 13, 27, 29, 30, 35, 36, 38, 39, 52, 79, 81, 82, 86, 88, 89]]
[179, 2.88259, [0, 1, 3, 4, 9, 10, 12, 13, 27, 29, 30, 35, 37, 38, 52, 78, 80, 84, 86, 87, 89, 124, 128]]
[179, 2.88151, [0, 1, 3, 4, 9, 10, 12, 13, 27, 29, 30, 35, 39, 52, 62, 64, 71, 73, 79, 81, 86, 88, 165]]
[179, 2.88879, [0, 1, 3, 4, 9, 10, 12, 13, 27, 29, 30, 35, 39, 52, 63, 64, 71, 73, 80, 81, 85, 86, 88]]
[179, 2.88128, [0, 1, 3, 4, 9, 10, 12, 13, 27, 29, 30, 36, 37, 39, 52, 76, 79, 83, 85, 88, 89, 107, 159]]
[179, 2.89024, [0, 1, 3, 4, 9, 10, 12, 13, 27, 29, 30, 36, 38, 39, 52, 70, 79, 81, 82, 86, 87, 89, 107]]
[179, 2.88826, [0, 1, 3, 4, 9, 10, 12, 13, 27, 29, 30, 36, 52, 61, 65, 66, 76, 79, 83, 85, 88, 89, 107, 159]]
[179, 2.88072, [0, 1, 3, 4, 9, 10, 12, 13, 27, 29, 30, 36, 52, 61, 65, 66, 79, 82, 83, 88, 89, 107, 141, 159]]
[179, 2.88085, [0, 1, 3, 4, 9, 10, 12, 13, 27, 29, 30, 37, 38, 43, 52, 68, 69, 80, 81, 87, 89, 121, 163]]
[179, 2.88338, [0, 1, 3, 4, 9, 10, 12, 13, 27, 29, 33, 34, 36, 47, 52, 73, 74, 76, 80, 83, 88, 89, 155]]
[179, 2.89268, [0, 1, 3, 4, 9, 10, 12, 13, 27, 29, 33, 34, 38, 40, 52, 60, 69, 74, 81, 83, 84, 89, 142]]
[179, 2.88529, [0, 1, 3, 4, 9, 10, 12, 13, 27, 29, 33, 34, 38, 40, 52, 60, 69, 74, 81, 83, 89, 142, 155]]
[179, 2.88455, [0, 1, 3, 4, 9, 10, 12, 13, 27, 29, 33, 34, 38, 40, 52, 60, 69, 74, 83, 85, 89, 142, 155]]
[179, 2.89385, [0, 1, 3, 4, 9, 10, 12, 13, 27, 29, 33, 35, 36, 47, 52, 64, 73, 74, 78, 79, 86, 87, 89]]
[179, 2.89368, [0, 1, 3, 4, 9, 10, 12, 13, 27, 29, 33, 35, 36, 47, 52, 64, 73, 74, 78, 79, 86, 88, 89]]
[179, 2.88539, [0, 1, 3, 4, 9, 10, 12, 13, 27, 29, 33, 35, 36, 47, 52, 64, 73, 74, 78, 86, 87, 89, 157]]
[179, 2.89381, [0, 1, 3, 4, 9, 10, 12, 13, 27, 29, 33, 35, 36, 47, 52, 64, 73, 74, 79, 80, 83, 88, 89]]
[179, 2.88547, [0, 1, 3, 4, 9, 10, 12, 13, 27, 29, 33, 35, 36, 47, 52, 64, 73, 74, 80, 83, 88, 89, 155]]
[179, 2.88243, [0, 1, 3, 4, 9, 10, 12, 13, 27, 29, 33, 35, 36, 47, 52, 73, 74, 76, 80, 83, 88, 89, 155]]
[179, 2.8826, [0, 1, 3, 4, 9, 10, 12, 13, 27, 29, 34, 35, 40, 47, 52, 62, 78, 86, 87, 126, 128, 136, 148, 149]]
[179, 2.88998, [0, 1, 3, 4, 9, 10, 12, 13, 27, 29, 35, 39, 52, 59, 63, 64, 71, 73, 80, 81, 85, 86, 88, 155]]
[179, 2.8851, [0, 1, 3, 4, 9, 10, 12, 13, 27, 30, 31, 38, 40, 55, 65, 69, 78, 84, 85, 88, 89, 104, 131, 162]]
[179, 2.88144, [0, 1, 3, 4, 9, 10, 12, 13, 27, 31, 32, 47, 48, 56, 57, 70, 71, 75, 76, 78, 88, 89, 159, 161]]
[179, 2.88122, [0, 1, 3, 4, 9, 10, 12, 13, 27, 31, 32, 47, 48, 56, 57, 70, 71, 75, 77, 78, 88, 89, 159, 161]]
[179, 2.89685, [0, 1, 3, 4, 9, 10, 12, 13, 28, 29, 31, 32, 38, 39, 41, 42, 85, 86, 88, 89, 103, 122, 127]]
[179, 2.88324, [0, 1, 3, 4, 9, 10, 12, 13, 28, 29, 31, 32, 38, 40, 65, 69, 74, 78, 84, 85, 88, 89, 162]]
[179, 2.89237, [0, 1, 3, 4, 9, 10, 12, 13, 28, 29, 31, 35, 36, 38, 51, 65, 77, 78, 80, 81, 87, 88, 137]]
[179, 2.88658, [0, 1, 3, 4, 9, 10, 12, 13, 28, 29, 31, 35, 36, 38, 51, 65, 77, 78, 80, 81, 88, 137, 139]]
[179, 2.89134, [0, 1, 3, 4, 9, 10, 12, 13, 28, 29, 31, 35, 36, 38, 51, 65, 77, 78, 84, 85, 87, 88, 131]]
[179, 2.88447, [0, 1, 3, 4, 9, 10, 12, 13, 28, 29, 31, 35, 36, 38, 51, 65, 78, 80, 81, 87, 88, 137, 142]]
[179, 2.8868, [0, 1, 3, 4, 9, 10, 12, 13, 28, 29, 31, 35, 36, 38, 51, 65, 80, 81, 83, 87, 88, 103, 142]]
[179, 2.88046, [0, 1, 3, 4, 9, 10, 12, 13, 28, 29, 31, 35, 36, 38, 51, 65, 80, 81, 87, 88, 103, 137, 142]]
[179, 2.88345, [0, 1, 3, 4, 9, 10, 12, 13, 28, 29, 31, 35, 37, 51, 63, 72, 76, 77, 79, 84, 85, 87, 88]]
[179, 2.89624, [0, 1, 3, 4, 9, 10, 12, 13, 28, 29, 33, 34, 36, 50, 51, 61, 70, 75, 77, 78, 82, 83, 85]]
[179, 2.88695, [0, 1, 3, 4, 9, 10, 12, 13, 28, 29, 33, 34, 36, 50, 51, 61, 75, 77, 78, 82, 83, 85, 139]]
[179, 2.8955, [0, 1, 3, 4, 9, 10, 12, 13, 28, 30, 31, 35, 36, 38, 54, 65, 74, 79, 81, 82, 86, 87, 89]]
[179, 2.89228, [0, 1, 3, 4, 9, 10, 12, 13, 28, 30, 31, 35, 36, 38, 54, 65, 74, 79, 81, 86, 87, 89, 103]]
[179, 2.89137, [0, 1, 3, 4, 9, 10, 12, 13, 28, 30, 31, 35, 36, 38, 54, 65, 74, 79, 85, 86, 88, 89, 103]]
[179, 2.88168, [0, 1, 3, 4, 9, 10, 12, 13, 28, 30, 31, 35, 36, 38, 54, 65, 79, 81, 82, 84, 88, 139, 142]]
[179, 2.88062, [0, 1, 3, 4, 9, 10, 12, 13, 28, 33, 34, 36, 45, 50, 51, 61, 73, 79, 82, 83, 127, 139, 141, 150]]
[179, 2.88044, [0, 1, 3, 4, 9, 10, 12, 13, 28, 33, 34, 36, 45, 50, 51, 61, 73, 79, 82, 84, 127, 139, 141, 150]]
[179, 2.88025, [0, 1, 3, 4, 9, 10, 12, 13, 28, 33, 34, 36, 45, 50, 51, 61, 73, 79, 83, 84, 127, 139, 141, 150]]
[179, 2.89176, [0, 1, 3, 4, 9, 10, 12, 13, 29, 30, 34, 35, 37, 52, 53, 63, 78, 80, 81, 86, 87, 115, 141, 154]]
[179, 2.89999, [0, 1, 3, 4, 9, 10, 12, 22, 26, 27, 31, 33, 37, 38, 46, 60, 68, 69, 79, 81, 85, 86, 115, 123]]
[179, 2.88672, [0, 1, 3, 4, 9, 10, 12, 22, 26, 28, 29, 31, 38, 63, 65, 68, 70, 74, 79, 81, 82, 86, 87, 89]]
[179, 2.88116, [0, 1, 3, 4, 9, 10, 12, 22, 26, 28, 29, 31, 39, 45, 60, 63, 67, 70, 76, 79, 84, 138, 141, 145]]
[179, 2.88339, [0, 1, 3, 4, 9, 11, 12, 16, 25, 27, 33, 40, 44, 52, 56, 58, 59, 73, 75, 81, 82, 86, 140, 166]]

Search completed in 0 hours, 56 minutes, and 29.686 seconds.  Enter a string to quit.