Enter an integer k for which our Kempner sets are k-free: 3
Enter a positive integer modulus b: 57
Enter estimation parameters, or * for pre-computed parameters ([0.1002, 1.106, 1.4384]): *
Enter a threshold (e.g. 4.2) to determine printed output: 2.72
Enter a root for the search space (e.g. [0, 1, 2]) [or * for the root [0]]: *
Enter an upper bound for the size of allowable digit sets [or * to ignore]: *
Enter a maximal number of deviations from a greedy search [or * to ignore]: *
Searching for k-free sets mod b...

[57, 2.7607, [0, 1, 3, 4, 9, 10, 12, 13, 27, 28]]
[57, 2.74358, [0, 1, 3, 4, 9, 10, 12, 13, 27, 43]]
[57, 2.74266, [0, 1, 3, 4, 9, 10, 12, 13, 28, 42]]
[57, 2.72554, [0, 1, 3, 4, 9, 10, 12, 13, 42, 43]]
[57, 2.73101, [0, 1, 3, 4, 9, 10, 12, 22, 25, 26]]
[57, 2.72917, [0, 1, 3, 4, 9, 10, 12, 22, 25, 27]]
[57, 2.7272, [0, 1, 3, 4, 9, 10, 12, 22, 26, 27]]
[57, 2.72547, [0, 1, 3, 4, 9, 10, 12, 22, 26, 28]]
[57, 2.72363, [0, 1, 3, 4, 9, 10, 12, 22, 27, 28]]
[57, 2.81932, [0, 1, 3, 4, 9, 10, 12, 27, 37, 41, 43, 46]]
[57, 2.74914, [0, 1, 3, 4, 9, 10, 12, 27, 37, 41, 46]]
[57, 2.74746, [0, 1, 3, 4, 9, 10, 12, 27, 37, 43, 46]]
[57, 2.74365, [0, 1, 3, 4, 9, 10, 12, 27, 41, 43, 46]]
[57, 2.73074, [0, 1, 3, 4, 9, 10, 12, 37, 41, 42, 46]]
[57, 2.72992, [0, 1, 3, 4, 9, 10, 12, 37, 41, 43, 46]]
[57, 2.72907, [0, 1, 3, 4, 9, 10, 12, 37, 42, 43, 46]]
[57, 2.72365, [0, 1, 3, 4, 9, 10, 12, 41, 43, 44, 46]]
[57, 2.72508, [0, 1, 3, 4, 9, 10, 13, 21, 24, 28]]
[57, 2.741, [0, 1, 3, 4, 9, 10, 13, 28, 36, 42, 45]]
[57, 2.7388, [0, 1, 3, 4, 9, 10, 13, 28, 39, 41, 45]]
[57, 2.72355, [0, 1, 3, 4, 9, 10, 13, 36, 42, 43, 45]]
[57, 2.75537, [0, 1, 3, 4, 9, 10, 21, 22, 25, 26, 45]]
[57, 2.74972, [0, 1, 3, 4, 9, 10, 21, 22, 26, 28, 45]]
[57, 2.7427, [0, 1, 3, 4, 9, 10, 21, 25, 26, 28, 45]]
[57, 2.72217, [0, 1, 3, 4, 9, 10, 21, 26, 28, 40, 45]]
[57, 2.74762, [0, 1, 3, 4, 9, 10, 22, 23, 27, 28, 39]]
[57, 2.72907, [0, 1, 3, 4, 9, 10, 22, 25, 26, 36, 45]]
[57, 2.72342, [0, 1, 3, 4, 9, 10, 22, 26, 28, 36, 45]]
[57, 2.75209, [0, 1, 3, 4, 9, 10, 25, 36, 37, 42, 44, 45]]
[57, 2.727, [0, 1, 3, 4, 9, 10, 36, 37, 42, 43, 45, 46]]
[57, 2.80954, [0, 1, 3, 4, 9, 11, 12, 16, 25, 26, 44]]
[57, 2.73987, [0, 1, 3, 4, 9, 11, 12, 16, 25, 27]]
[57, 2.72027, [0, 1, 3, 4, 9, 11, 12, 16, 25, 44]]
[57, 2.7379, [0, 1, 3, 4, 9, 11, 12, 16, 26, 27]]
[57, 2.75893, [0, 1, 3, 4, 9, 11, 16, 24, 26, 27, 40]]
[57, 2.74332, [0, 1, 3, 4, 9, 11, 20, 23, 24, 27, 49]]
[57, 2.74148, [0, 1, 3, 4, 9, 11, 20, 23, 27, 28, 41]]
[57, 2.7355, [0, 1, 3, 4, 9, 11, 20, 23, 27, 28, 49]]
[57, 2.72106, [0, 1, 3, 4, 9, 11, 20, 23, 27, 41, 47]]
[57, 2.72494, [0, 1, 3, 4, 9, 11, 23, 24, 27, 28, 49]]
[57, 2.7809, [0, 1, 3, 4, 9, 12, 13, 16, 27, 34, 40]]
[57, 2.7625, [0, 1, 3, 4, 9, 12, 13, 16, 34, 40, 42]]
[57, 2.75319, [0, 1, 3, 4, 9, 12, 13, 19, 27, 43, 49]]
[57, 2.7348, [0, 1, 3, 4, 9, 12, 13, 19, 42, 43, 49]]
[57, 2.75756, [0, 1, 3, 4, 9, 12, 16, 19, 25, 27, 52]]
[57, 2.73917, [0, 1, 3, 4, 9, 12, 16, 19, 25, 42, 52]]
[57, 2.76155, [0, 1, 3, 4, 9, 12, 16, 22, 26, 27, 34]]
[57, 2.74696, [0, 1, 3, 4, 9, 13, 16, 20, 21, 34, 51]]
[57, 2.7445, [0, 1, 3, 4, 9, 13, 16, 21, 24, 34, 40]]
[57, 2.73844, [0, 1, 3, 4, 9, 13, 16, 21, 27, 34, 40]]
[57, 2.73085, [0, 1, 3, 4, 9, 13, 16, 24, 27, 34, 40]]
[57, 2.7611, [0, 1, 3, 4, 9, 13, 16, 34, 36, 40, 42, 45]]
[57, 2.77699, [0, 1, 3, 4, 9, 13, 19, 21, 27, 43, 47, 49]]
[57, 2.73283, [0, 1, 3, 4, 9, 13, 19, 36, 42, 43, 45, 49]]
[57, 2.72117, [0, 1, 3, 4, 9, 16, 19, 21, 24, 25, 52]]
[57, 2.73726, [0, 1, 3, 4, 9, 16, 19, 25, 36, 42, 45, 52]]
[57, 2.73229, [0, 1, 3, 4, 10, 11, 14, 23, 26, 44, 50]]
[57, 2.75, [0, 1, 3, 4, 10, 11, 15, 23, 25, 33, 37]]
[57, 2.77424, [0, 1, 3, 4, 10, 12, 13, 15, 28, 33, 39]]
[57, 2.75678, [0, 1, 3, 4, 10, 12, 13, 15, 33, 39, 43]]
[57, 2.74448, [0, 1, 3, 4, 10, 12, 13, 18, 28, 42, 48]]
[57, 2.72704, [0, 1, 3, 4, 10, 12, 13, 18, 42, 43, 48]]
[57, 2.74201, [0, 1, 3, 4, 10, 12, 15, 22, 25, 33, 39]]
[57, 2.73636, [0, 1, 3, 4, 10, 12, 15, 22, 28, 33, 39]]
[57, 2.72935, [0, 1, 3, 4, 10, 12, 15, 25, 28, 33, 39]]
[57, 2.7609, [0, 1, 3, 4, 10, 12, 15, 33, 37, 39, 43, 46]]
[57, 2.73053, [0, 1, 3, 4, 10, 12, 18, 37, 42, 43, 46, 48]]
[57, 2.74775, [0, 1, 3, 4, 10, 13, 15, 18, 24, 28, 51]]
[57, 2.73032, [0, 1, 3, 4, 10, 13, 15, 18, 24, 43, 51]]
[57, 2.73282, [0, 1, 3, 4, 10, 14, 15, 22, 23, 33, 39]]
[57, 2.73385, [0, 1, 3, 4, 10, 15, 18, 24, 37, 43, 46, 51]]
[57, 2.75028, [0, 1, 3, 4, 11, 12, 16, 17, 25, 26, 44]]
[57, 2.79498, [0, 1, 3, 4, 12, 13, 15, 16, 33, 34, 39, 40]]
[57, 2.72193, [0, 1, 3, 4, 12, 13, 15, 16, 33, 34, 40]]
[57, 2.76671, [0, 1, 3, 4, 12, 13, 15, 19, 33, 39, 43, 49]]
[57, 2.7646, [0, 1, 3, 4, 12, 13, 16, 18, 34, 40, 42, 48]]
[57, 2.73635, [0, 1, 3, 4, 12, 13, 18, 19, 42, 43, 48, 49]]
[57, 2.72577, [0, 1, 3, 4, 12, 14, 15, 19, 22, 33, 39]]
[57, 2.77113, [0, 1, 3, 4, 12, 15, 16, 19, 25, 33, 39, 52]]
[57, 2.74077, [0, 1, 3, 4, 12, 16, 18, 19, 25, 42, 48, 52]]
[57, 2.75001, [0, 1, 3, 4, 13, 14, 16, 21, 33, 34, 40, 48]]
[57, 2.76791, [0, 1, 3, 4, 13, 15, 16, 18, 24, 34, 40, 51]]
[57, 2.73965, [0, 1, 3, 4, 13, 15, 18, 19, 24, 43, 49, 51]]
[57, 2.74407, [0, 1, 3, 4, 15, 16, 18, 19, 24, 25, 51, 52]]
[57, 2.79453, [0, 1, 3, 7, 8, 10, 18, 21, 22, 25, 27, 31]]
[57, 2.78678, [0, 1, 3, 7, 8, 10, 18, 22, 24, 25, 27, 31]]
[57, 2.72268, [0, 1, 3, 7, 10, 12, 15, 22, 25, 31, 33, 39]]
[57, 2.75913, [0, 1, 4, 6, 9, 10, 13, 21, 23, 24, 28, 30]]

Search completed in 0 hours, 0 minutes, and 0.289 seconds.  Enter a string to quit.