Enter an integer k for which our Kempner sets are k-free: 3
Enter a positive integer modulus b: 131
Enter estimation parameters, or * for pre-computed parameters ([0.0788, 1.0686, 1.389]): *
Enter a threshold (e.g. 4.2) to determine printed output: 2.85
Enter a root for the search space (e.g. [0, 1, 2]) [or * for the root [0]]: *
Enter an upper bound for the size of allowable digit sets [or * to ignore]: *
Enter a maximal number of deviations from a greedy search [or * to ignore]: *
Searching for k-free sets mod b...

[131, 2.85905, [0, 1, 3, 4, 9, 10, 12, 13, 27, 28, 31, 37, 39, 40, 48, 60, 63, 82]]
[131, 2.85305, [0, 1, 3, 4, 9, 10, 12, 13, 27, 28, 31, 37, 39, 40, 48, 60, 82, 88]]
[131, 2.86116, [0, 1, 3, 4, 9, 10, 12, 13, 27, 29, 30, 32, 38, 40, 43, 62, 65, 116]]
[131, 2.85338, [0, 1, 3, 4, 9, 10, 12, 13, 27, 29, 30, 38, 40, 62, 65, 83, 88, 96, 105]]
[131, 2.85282, [0, 1, 3, 4, 9, 10, 12, 13, 27, 29, 33, 34, 38, 40, 52, 60, 61, 114]]
[131, 2.85117, [0, 1, 3, 4, 9, 10, 12, 13, 27, 29, 35, 39, 40, 47, 52, 56, 62, 63]]
[131, 2.86762, [0, 1, 3, 4, 9, 10, 12, 13, 27, 29, 39, 40, 47, 52, 59, 60, 62, 63, 83]]
[131, 2.86158, [0, 1, 3, 4, 9, 10, 12, 13, 27, 29, 39, 40, 47, 52, 59, 60, 62, 83, 88]]
[131, 2.85701, [0, 1, 3, 4, 9, 10, 12, 13, 27, 29, 39, 40, 47, 52, 59, 60, 62, 88, 113]]
[131, 2.86326, [0, 1, 3, 4, 9, 10, 12, 13, 27, 31, 32, 34, 38, 40, 43, 47, 57, 116]]
[131, 2.85933, [0, 1, 3, 4, 9, 10, 12, 13, 27, 31, 32, 34, 38, 43, 46, 47, 57, 116]]
[131, 2.85741, [0, 1, 3, 4, 9, 10, 12, 13, 27, 31, 32, 36, 38, 43, 46, 47, 57, 116]]
[131, 2.85028, [0, 1, 3, 4, 9, 10, 12, 13, 27, 31, 32, 36, 38, 43, 47, 57, 65, 109]]
[131, 2.85632, [0, 1, 3, 4, 9, 10, 12, 13, 27, 31, 33, 38, 47, 48, 55, 60, 80, 114, 115]]
[131, 2.85261, [0, 1, 3, 4, 9, 10, 12, 13, 27, 31, 34, 36, 40, 43, 47, 48, 57, 116]]
[131, 2.85192, [0, 1, 3, 4, 9, 10, 12, 13, 27, 31, 37, 38, 48, 55, 56, 60, 80, 88, 115]]
[131, 2.8523, [0, 1, 3, 4, 9, 10, 12, 13, 27, 33, 35, 36, 38, 47, 48, 52, 55, 80]]
[131, 2.8617, [0, 1, 3, 4, 9, 10, 12, 13, 27, 39, 40, 46, 47, 49, 56, 57, 61, 62, 64]]
[131, 2.85129, [0, 1, 3, 4, 9, 10, 12, 13, 28, 31, 33, 37, 39, 40, 48, 51, 60, 113]]
[131, 2.85533, [0, 1, 3, 4, 9, 10, 12, 13, 28, 31, 36, 40, 42, 51, 54, 64, 65, 110, 114]]
[131, 2.85298, [0, 1, 3, 4, 9, 10, 12, 13, 28, 32, 34, 37, 38, 45, 49, 50, 57, 79]]
[131, 2.85069, [0, 1, 3, 4, 9, 10, 12, 13, 28, 33, 35, 36, 40, 41, 48, 50, 51, 112]]
[131, 2.86332, [0, 1, 3, 4, 9, 10, 12, 13, 28, 33, 35, 40, 41, 48, 50, 51, 64, 112, 113]]
[131, 2.85948, [0, 1, 3, 4, 9, 10, 12, 13, 28, 33, 35, 40, 41, 48, 51, 59, 64, 112, 113]]
[131, 2.85461, [0, 1, 3, 4, 9, 10, 12, 13, 28, 33, 35, 40, 48, 49, 51, 59, 64, 112, 113]]
[131, 2.88233, [0, 1, 3, 4, 9, 10, 12, 13, 28, 33, 35, 40, 48, 50, 51, 59, 64, 110, 112, 113]]
[131, 2.85434, [0, 1, 3, 4, 9, 10, 12, 13, 28, 33, 35, 40, 48, 50, 51, 59, 64, 110, 113]]
[131, 2.8541, [0, 1, 3, 4, 9, 10, 12, 13, 28, 33, 35, 40, 48, 50, 51, 59, 64, 112, 113]]
[131, 2.85649, [0, 1, 3, 4, 9, 10, 12, 13, 28, 35, 40, 41, 48, 49, 51, 59, 64, 65, 113]]
[131, 2.85665, [0, 1, 3, 4, 9, 10, 12, 13, 29, 30, 32, 38, 39, 42, 43, 53, 62, 79]]
[131, 2.85023, [0, 1, 3, 4, 9, 10, 12, 13, 29, 30, 33, 38, 39, 42, 44, 52, 61, 114]]
[131, 2.86089, [0, 1, 3, 4, 9, 10, 12, 13, 29, 31, 35, 36, 38, 42, 44, 51, 56, 65]]
[131, 2.85515, [0, 1, 3, 4, 9, 10, 12, 13, 29, 31, 35, 36, 42, 44, 47, 51, 56, 64]]
[131, 2.87782, [0, 1, 3, 4, 9, 10, 12, 13, 29, 33, 35, 39, 47, 50, 51, 64, 79, 103, 109, 113]]
[131, 2.85205, [0, 1, 3, 4, 9, 10, 12, 13, 29, 33, 39, 41, 44, 50, 51, 60, 64, 103, 109]]
[131, 2.87811, [0, 1, 3, 4, 9, 10, 12, 13, 29, 33, 39, 41, 47, 50, 51, 60, 64, 103, 109, 113]]
[131, 2.86318, [0, 1, 3, 4, 9, 10, 12, 13, 29, 33, 39, 41, 47, 51, 52, 59, 60, 64, 83]]
[131, 2.85862, [0, 1, 3, 4, 9, 10, 12, 13, 29, 33, 39, 41, 47, 51, 52, 59, 60, 64, 113]]
[131, 2.85051, [0, 1, 3, 4, 9, 10, 12, 13, 29, 33, 39, 41, 47, 51, 59, 60, 64, 83, 103]]
[131, 2.85791, [0, 1, 3, 4, 9, 10, 12, 13, 29, 35, 39, 40, 47, 52, 53, 56, 62, 63, 107]]
[131, 2.86119, [0, 1, 3, 4, 9, 10, 12, 13, 30, 32, 38, 42, 43, 49, 53, 58, 62, 65, 110]]
[131, 2.85955, [0, 1, 3, 4, 9, 10, 12, 13, 31, 35, 36, 40, 42, 51, 55, 56, 64, 65, 105]]
[131, 2.85123, [0, 1, 3, 4, 9, 10, 12, 13, 31, 35, 37, 38, 44, 48, 54, 56, 80, 82, 115]]
[131, 2.85381, [0, 1, 3, 4, 9, 10, 12, 13, 31, 35, 37, 41, 44, 48, 54, 56, 63, 80, 115]]
[131, 2.8571, [0, 1, 3, 4, 9, 10, 12, 13, 31, 35, 40, 41, 44, 46, 54, 55, 63, 65, 112]]
[131, 2.85124, [0, 1, 3, 4, 9, 10, 12, 13, 31, 35, 40, 44, 46, 51, 54, 55, 63, 65, 112]]
[131, 2.85605, [0, 1, 3, 4, 9, 10, 12, 13, 31, 37, 39, 42, 44, 48, 55, 56, 60, 63, 104]]
[131, 2.86455, [0, 1, 3, 4, 9, 10, 12, 13, 32, 36, 38, 42, 43, 45, 53, 56, 57, 65, 79]]
[131, 2.8587, [0, 1, 3, 4, 9, 10, 12, 13, 32, 37, 38, 40, 46, 49, 50, 56, 57, 59, 116]]
[131, 2.85277, [0, 1, 3, 4, 9, 10, 12, 13, 33, 35, 36, 40, 48, 49, 51, 55, 64, 81, 105]]
[131, 2.85925, [0, 1, 3, 4, 9, 10, 12, 13, 34, 39, 40, 42, 48, 49, 52, 53, 60, 61, 63]]
[131, 2.85823, [0, 1, 3, 4, 9, 10, 12, 13, 36, 38, 39, 43, 44, 46, 51, 55, 57, 61, 81]]
[131, 2.85391, [0, 1, 3, 4, 9, 10, 12, 22, 26, 27, 31, 33, 38, 46, 47, 55, 60, 114, 126]]
[131, 2.85671, [0, 1, 3, 4, 9, 11, 12, 16, 25, 35, 37, 42, 43, 48, 52, 55, 57, 60, 64]]
[131, 2.8562, [0, 1, 3, 4, 9, 11, 12, 16, 26, 27, 39, 44, 46, 47, 56, 57, 59, 63, 64]]
[131, 2.85581, [0, 1, 3, 4, 9, 11, 12, 16, 26, 27, 39, 44, 46, 47, 56, 58, 59, 63, 64]]
[131, 2.85028, [0, 1, 3, 4, 9, 11, 12, 16, 26, 35, 39, 42, 47, 53, 57, 63, 65, 101, 109, 112]]
[131, 2.85081, [0, 1, 3, 4, 9, 11, 12, 16, 27, 35, 40, 44, 46, 47, 49, 55, 56, 60, 62]]
[131, 2.86554, [0, 1, 3, 4, 10, 11, 14, 15, 23, 37, 39, 40, 47, 52, 53, 56, 58, 61, 62, 88]]

Search completed in 2 hours, 17 minutes, and 42.549 seconds.  Enter a string to quit.