Enter an integer k for which our Kempner sets are k-free: 3
Enter a positive integer modulus b: 162
Enter estimation parameters, or * for pre-computed parameters ([0.0754, 1.0601, 1.3866]): *
Enter a threshold (e.g. 4.2) to determine printed output: 2.86
Enter a root for the search space (e.g. [0, 1, 2]) [or * for the root [0]]: *
Enter an upper bound for the size of allowable digit sets [or * to ignore]: 28
Enter a maximal number of deviations from a greedy search [or * to ignore]: *
Searching for k-free sets mod b...

[162, 2.86158, [0, 1, 3, 4, 9, 10, 12, 13, 27, 28, 30, 34, 37, 49, 66, 69, 75, 76, 79, 80, 144]]
[162, 2.86054, [0, 1, 3, 4, 9, 10, 12, 13, 27, 28, 30, 34, 49, 61, 63, 66, 72, 74, 75, 79, 80]]
[162, 2.86218, [0, 1, 3, 4, 9, 10, 12, 13, 27, 28, 30, 36, 49, 58, 61, 65, 66, 75, 76, 78, 79]]
[162, 2.86109, [0, 1, 3, 4, 9, 10, 12, 13, 27, 28, 31, 32, 48, 57, 67, 70, 71, 74, 76, 79, 80]]
[162, 2.8678, [0, 1, 3, 4, 9, 10, 12, 13, 27, 28, 32, 33, 35, 40, 49, 59, 72, 73, 120, 125, 126]]
[162, 2.87647, [0, 1, 3, 4, 9, 10, 12, 13, 27, 28, 32, 33, 35, 48, 49, 59, 72, 73, 75, 76, 126]]
[162, 2.88198, [0, 1, 3, 4, 9, 10, 12, 13, 27, 28, 32, 33, 35, 48, 49, 59, 72, 73, 75, 79, 80]]
[162, 2.88175, [0, 1, 3, 4, 9, 10, 12, 13, 27, 28, 32, 33, 35, 48, 49, 59, 72, 73, 77, 78, 80]]
[162, 2.88154, [0, 1, 3, 4, 9, 10, 12, 13, 27, 28, 32, 33, 35, 48, 49, 59, 72, 73, 77, 79, 80]]
[162, 2.88175, [0, 1, 3, 4, 9, 10, 12, 13, 27, 28, 32, 33, 35, 48, 49, 59, 72, 74, 75, 79, 80]]
[162, 2.87326, [0, 1, 3, 4, 9, 10, 12, 13, 27, 28, 32, 33, 35, 48, 49, 59, 73, 75, 76, 80, 144]]
[162, 2.87262, [0, 1, 3, 4, 9, 10, 12, 13, 27, 28, 32, 33, 35, 48, 49, 59, 73, 75, 79, 80, 144]]
[162, 2.87193, [0, 1, 3, 4, 9, 10, 12, 13, 27, 28, 32, 33, 35, 48, 49, 59, 75, 76, 79, 80, 144]]
[162, 2.86458, [0, 1, 3, 4, 9, 10, 12, 13, 27, 28, 32, 33, 35, 48, 49, 72, 73, 75, 76, 126, 128]]
[162, 2.86358, [0, 1, 3, 4, 9, 10, 12, 13, 27, 28, 32, 33, 35, 48, 49, 72, 76, 77, 79, 118, 128]]
[162, 2.86389, [0, 1, 3, 4, 9, 10, 12, 13, 27, 28, 32, 33, 35, 48, 49, 73, 74, 77, 79, 117, 128]]
[162, 2.87455, [0, 1, 3, 4, 9, 10, 12, 13, 27, 28, 32, 33, 35, 49, 59, 68, 72, 73, 75, 79, 80]]
[162, 2.86582, [0, 1, 3, 4, 9, 10, 12, 13, 27, 28, 32, 33, 35, 49, 59, 68, 73, 75, 76, 80, 144]]
[162, 2.86518, [0, 1, 3, 4, 9, 10, 12, 13, 27, 28, 32, 33, 35, 49, 59, 68, 73, 75, 79, 80, 144]]
[162, 2.86449, [0, 1, 3, 4, 9, 10, 12, 13, 27, 28, 32, 33, 35, 49, 59, 68, 75, 76, 79, 80, 144]]
[162, 2.86868, [0, 1, 3, 4, 9, 10, 12, 13, 27, 28, 32, 33, 48, 49, 58, 59, 72, 73, 75, 79, 80]]
[162, 2.86844, [0, 1, 3, 4, 9, 10, 12, 13, 27, 28, 32, 33, 48, 49, 58, 59, 72, 73, 77, 78, 80]]
[162, 2.86824, [0, 1, 3, 4, 9, 10, 12, 13, 27, 28, 32, 33, 48, 49, 58, 59, 72, 73, 77, 79, 80]]
[162, 2.86197, [0, 1, 3, 4, 9, 10, 12, 13, 27, 28, 32, 33, 48, 49, 58, 59, 72, 73, 77, 80, 125]]
[162, 2.86844, [0, 1, 3, 4, 9, 10, 12, 13, 27, 28, 32, 33, 48, 49, 58, 59, 72, 74, 75, 79, 80]]
[162, 2.86314, [0, 1, 3, 4, 9, 10, 12, 13, 27, 28, 32, 33, 48, 58, 59, 67, 71, 72, 74, 78, 79]]
[162, 2.86294, [0, 1, 3, 4, 9, 10, 12, 13, 27, 28, 32, 33, 48, 58, 59, 67, 71, 72, 74, 78, 80]]
[162, 2.86273, [0, 1, 3, 4, 9, 10, 12, 13, 27, 28, 32, 33, 48, 58, 59, 67, 71, 72, 74, 79, 80]]
[162, 2.8627, [0, 1, 3, 4, 9, 10, 12, 13, 27, 28, 32, 33, 48, 58, 59, 67, 71, 73, 74, 78, 80]]
[162, 2.86203, [0, 1, 3, 4, 9, 10, 12, 13, 27, 28, 32, 33, 48, 58, 59, 67, 71, 73, 77, 78, 80]]
[162, 2.86124, [0, 1, 3, 4, 9, 10, 12, 13, 27, 28, 32, 33, 49, 58, 59, 68, 72, 73, 75, 79, 80]]
[162, 2.86085, [0, 1, 3, 4, 9, 10, 12, 13, 27, 28, 32, 34, 35, 39, 48, 49, 72, 73, 79, 80]]
[162, 2.87076, [0, 1, 3, 4, 9, 10, 12, 13, 27, 28, 32, 35, 39, 48, 49, 62, 72, 73, 79, 80, 104]]
[162, 2.8614, [0, 1, 3, 4, 9, 10, 12, 13, 27, 28, 32, 35, 39, 48, 49, 62, 73, 79, 80, 104, 144]]
[162, 2.86511, [0, 1, 3, 4, 9, 10, 12, 13, 27, 28, 32, 35, 48, 49, 59, 62, 72, 73, 77, 78, 80]]
[162, 2.89063, [0, 1, 3, 4, 9, 10, 12, 13, 27, 28, 32, 35, 48, 49, 59, 62, 72, 73, 77, 79, 80, 104]]
[162, 2.86109, [0, 1, 3, 4, 9, 10, 12, 13, 27, 28, 32, 35, 48, 49, 59, 62, 72, 73, 77, 79, 104]]
[162, 2.86089, [0, 1, 3, 4, 9, 10, 12, 13, 27, 28, 32, 35, 48, 49, 59, 62, 72, 73, 77, 80, 104]]
[162, 2.86047, [0, 1, 3, 4, 9, 10, 12, 13, 27, 28, 32, 35, 48, 49, 59, 62, 72, 73, 79, 80, 104]]
[162, 2.86086, [0, 1, 3, 4, 9, 10, 12, 13, 27, 28, 32, 35, 48, 49, 59, 62, 72, 74, 77, 79, 104]]
[162, 2.86062, [0, 1, 3, 4, 9, 10, 12, 13, 27, 28, 32, 35, 48, 49, 59, 62, 73, 74, 77, 79, 104]]
[162, 2.86041, [0, 1, 3, 4, 9, 10, 12, 13, 27, 28, 32, 35, 48, 49, 59, 65, 72, 73, 75, 80, 104]]
[162, 2.86419, [0, 1, 3, 4, 9, 10, 12, 13, 27, 28, 32, 35, 48, 49, 59, 65, 72, 73, 77, 78, 80]]
[162, 2.8608, [0, 1, 3, 4, 9, 10, 12, 13, 27, 28, 32, 35, 48, 49, 59, 65, 72, 74, 75, 77, 104]]
[162, 2.88072, [0, 1, 3, 4, 9, 10, 12, 13, 27, 28, 32, 35, 48, 49, 59, 65, 73, 75, 79, 80, 104, 144]]
[162, 2.86319, [0, 1, 3, 4, 9, 10, 12, 13, 27, 28, 32, 35, 48, 49, 62, 65, 72, 73, 77, 78, 80]]
[162, 2.86773, [0, 1, 3, 4, 9, 10, 12, 13, 27, 28, 33, 34, 37, 48, 49, 60, 75, 76, 79, 80, 144]]
[162, 2.86084, [0, 1, 3, 4, 9, 10, 12, 13, 27, 28, 33, 35, 36, 40, 48, 49, 64, 73, 74, 78]]
[162, 2.86061, [0, 1, 3, 4, 9, 10, 12, 13, 27, 28, 33, 35, 36, 40, 48, 49, 64, 73, 75, 78]]
[162, 2.86038, [0, 1, 3, 4, 9, 10, 12, 13, 27, 28, 33, 35, 36, 40, 48, 49, 64, 74, 75, 78]]
[162, 2.87241, [0, 1, 3, 4, 9, 10, 12, 13, 27, 28, 33, 35, 40, 48, 49, 59, 64, 72, 73, 75, 126]]
[162, 2.87218, [0, 1, 3, 4, 9, 10, 12, 13, 27, 28, 33, 35, 40, 48, 49, 59, 64, 72, 74, 75, 126]]
[162, 2.86136, [0, 1, 3, 4, 9, 10, 12, 13, 27, 29, 30, 32, 38, 62, 65, 69, 70, 77, 79, 80, 104]]
[162, 2.86904, [0, 1, 3, 4, 9, 10, 12, 13, 27, 29, 30, 34, 37, 43, 63, 66, 72, 75, 79, 80, 112]]
[162, 2.86572, [0, 1, 3, 4, 9, 10, 12, 13, 27, 29, 33, 35, 36, 47, 52, 64, 73, 74, 78, 79, 140]]
[162, 2.86076, [0, 1, 3, 4, 9, 10, 12, 13, 27, 29, 34, 40, 47, 52, 61, 62, 66, 69, 73, 74, 78]]
[162, 2.8617, [0, 1, 3, 4, 9, 10, 12, 13, 27, 31, 32, 34, 38, 43, 46, 47, 57, 69, 70, 78]]
[162, 2.86633, [0, 1, 3, 4, 9, 10, 12, 13, 27, 31, 32, 34, 46, 47, 57, 66, 70, 71, 73, 77, 78]]
[162, 2.87395, [0, 1, 3, 4, 9, 10, 12, 13, 27, 31, 32, 36, 43, 47, 48, 56, 66, 70, 75, 78, 79]]
[162, 2.86578, [0, 1, 3, 4, 9, 10, 12, 13, 27, 31, 32, 36, 47, 48, 56, 57, 70, 73, 74, 77, 79]]
[162, 2.8624, [0, 1, 3, 4, 9, 10, 12, 13, 27, 31, 32, 36, 47, 48, 56, 66, 70, 73, 75, 78, 79]]
[162, 2.86254, [0, 1, 3, 4, 9, 10, 12, 13, 28, 33, 34, 37, 39, 48, 49, 51, 60, 76, 79, 80, 144]]
[162, 2.86302, [0, 1, 3, 4, 9, 10, 12, 13, 29, 35, 36, 39, 47, 51, 53, 56, 64, 79, 80, 95, 136, 142]]
[162, 2.86782, [0, 1, 3, 4, 9, 10, 12, 13, 29, 35, 37, 38, 42, 43, 50, 52, 53, 59, 78, 79, 98]]
[162, 2.8666, [0, 1, 3, 4, 9, 10, 12, 13, 29, 35, 37, 38, 42, 43, 50, 52, 56, 59, 78, 79, 98]]
[162, 2.86023, [0, 1, 3, 4, 9, 10, 12, 13, 30, 32, 38, 42, 43, 49, 53, 58, 62, 65, 69, 70, 79]]
[162, 2.86058, [0, 1, 3, 4, 9, 10, 12, 13, 31, 35, 36, 40, 42, 46, 47, 51, 64, 65, 73, 78, 96]]
[162, 2.86075, [0, 1, 3, 4, 9, 10, 12, 22, 26, 28, 29, 37, 50, 60, 61, 66, 67, 69, 75, 76, 79, 80]]
[162, 2.86636, [0, 1, 3, 4, 9, 11, 12, 16, 25, 26, 30, 45, 54, 55, 58, 66, 68, 69, 73, 75, 76, 103]]

Search completed in 0 hours, 19 minutes, and 27.46 seconds.  Enter a string to quit.