Enter an integer k for which our Kempner sets are k-free: 3
Enter a positive integer modulus b: 170
Enter estimation parameters, or * for pre-computed parameters ([0.0737, 1.0636, 1.3752]): *
Enter a threshold (e.g. 4.2) to determine printed output: 2.87
Enter a root for the search space (e.g. [0, 1, 2]) [or * for the root [0]]: *
Enter an upper bound for the size of allowable digit sets [or * to ignore]: 28
Enter a maximal number of deviations from a greedy search [or * to ignore]: *
Searching for k-free sets mod b...

[170, 2.87091, [0, 1, 3, 4, 9, 10, 12, 13, 27, 28, 30, 34, 35, 39, 49, 62, 72, 73, 76, 81, 83]]
[170, 2.87048, [0, 1, 3, 4, 9, 10, 12, 13, 27, 28, 30, 34, 35, 39, 49, 62, 72, 73, 79, 80, 83]]
[170, 2.88975, [0, 1, 3, 4, 9, 10, 12, 13, 27, 28, 30, 34, 37, 39, 49, 63, 72, 79, 80, 82, 83, 120]]
[170, 2.88938, [0, 1, 3, 4, 9, 10, 12, 13, 27, 28, 30, 34, 37, 39, 49, 63, 72, 79, 80, 83, 84, 120]]
[170, 2.87957, [0, 1, 3, 4, 9, 10, 12, 13, 27, 28, 30, 34, 37, 39, 49, 63, 79, 80, 83, 84, 120, 152]]
[170, 2.87109, [0, 1, 3, 4, 9, 10, 12, 13, 27, 28, 31, 33, 36, 37, 67, 76, 77, 81, 82, 84, 138, 146]]
[170, 2.87952, [0, 1, 3, 4, 9, 10, 12, 13, 27, 28, 31, 33, 36, 48, 64, 70, 74, 75, 77, 81, 82, 110]]
[170, 2.89827, [0, 1, 3, 4, 9, 10, 12, 13, 27, 28, 32, 33, 35, 40, 49, 59, 72, 73, 75, 81, 82, 84]]
[170, 2.89804, [0, 1, 3, 4, 9, 10, 12, 13, 27, 28, 32, 33, 35, 40, 49, 59, 72, 74, 75, 81, 82, 84]]
[170, 2.89212, [0, 1, 3, 4, 9, 10, 12, 13, 27, 28, 32, 33, 35, 40, 49, 59, 72, 74, 75, 81, 82, 133]]
[170, 2.89501, [0, 1, 3, 4, 9, 10, 12, 13, 27, 28, 32, 33, 35, 48, 49, 59, 72, 73, 75, 76, 81, 82]]
[170, 2.89457, [0, 1, 3, 4, 9, 10, 12, 13, 27, 28, 32, 33, 35, 48, 49, 59, 72, 73, 75, 79, 80, 82]]
[170, 2.89438, [0, 1, 3, 4, 9, 10, 12, 13, 27, 28, 32, 33, 35, 48, 49, 59, 72, 73, 75, 79, 81, 82]]
[170, 2.89436, [0, 1, 3, 4, 9, 10, 12, 13, 27, 28, 32, 33, 35, 48, 49, 59, 72, 73, 76, 78, 81, 82]]
[170, 2.89373, [0, 1, 3, 4, 9, 10, 12, 13, 27, 28, 32, 33, 35, 48, 49, 59, 72, 73, 78, 79, 81, 82]]
[170, 2.89434, [0, 1, 3, 4, 9, 10, 12, 13, 27, 28, 32, 33, 35, 48, 49, 59, 72, 74, 75, 79, 80, 82]]
[170, 2.89414, [0, 1, 3, 4, 9, 10, 12, 13, 27, 28, 32, 33, 35, 48, 49, 59, 72, 74, 75, 79, 81, 82]]
[170, 2.88652, [0, 1, 3, 4, 9, 10, 12, 13, 27, 28, 32, 33, 35, 48, 49, 59, 72, 76, 78, 79, 81, 136]]
[170, 2.8861, [0, 1, 3, 4, 9, 10, 12, 13, 27, 28, 32, 33, 35, 48, 49, 59, 72, 77, 78, 80, 81, 136]]
[170, 2.87843, [0, 1, 3, 4, 9, 10, 12, 13, 27, 28, 32, 33, 35, 48, 59, 71, 72, 77, 78, 80, 81, 136]]
[170, 2.88086, [0, 1, 3, 4, 9, 10, 12, 13, 27, 28, 32, 33, 35, 48, 59, 72, 73, 75, 76, 81, 82, 110]]
[170, 2.88681, [0, 1, 3, 4, 9, 10, 12, 13, 27, 28, 32, 33, 35, 49, 59, 68, 72, 73, 75, 79, 80, 84]]
[170, 2.88661, [0, 1, 3, 4, 9, 10, 12, 13, 27, 28, 32, 33, 35, 49, 59, 68, 72, 73, 75, 79, 81, 84]]
[170, 2.88641, [0, 1, 3, 4, 9, 10, 12, 13, 27, 28, 32, 33, 35, 49, 59, 68, 72, 73, 75, 80, 81, 84]]
[170, 2.88516, [0, 1, 3, 4, 9, 10, 12, 13, 27, 28, 32, 33, 35, 49, 59, 68, 72, 73, 79, 81, 82, 84]]
[170, 2.88408, [0, 1, 3, 4, 9, 10, 12, 13, 27, 28, 32, 33, 35, 49, 59, 72, 73, 75, 76, 81, 82, 84]]
[170, 2.87784, [0, 1, 3, 4, 9, 10, 12, 13, 27, 28, 32, 33, 35, 49, 59, 72, 73, 75, 76, 82, 84, 130]]
[170, 2.88345, [0, 1, 3, 4, 9, 10, 12, 13, 27, 28, 32, 33, 35, 49, 59, 72, 73, 75, 79, 81, 82, 84]]
[170, 2.87725, [0, 1, 3, 4, 9, 10, 12, 13, 27, 28, 32, 33, 35, 49, 59, 72, 73, 75, 81, 82, 84, 125]]
[170, 2.87101, [0, 1, 3, 4, 9, 10, 12, 13, 27, 28, 32, 33, 35, 49, 59, 72, 73, 75, 82, 84, 125, 130]]
[170, 2.8773, [0, 1, 3, 4, 9, 10, 12, 13, 27, 28, 32, 33, 35, 49, 59, 72, 74, 75, 79, 81, 82, 133]]
[170, 2.87702, [0, 1, 3, 4, 9, 10, 12, 13, 27, 28, 32, 33, 35, 49, 59, 72, 74, 75, 81, 82, 84, 125]]
[170, 2.8711, [0, 1, 3, 4, 9, 10, 12, 13, 27, 28, 32, 33, 35, 49, 59, 72, 74, 75, 81, 82, 125, 133]]
[170, 2.87078, [0, 1, 3, 4, 9, 10, 12, 13, 27, 28, 32, 33, 35, 49, 59, 72, 74, 75, 82, 84, 125, 130]]
[170, 2.88031, [0, 1, 3, 4, 9, 10, 12, 13, 27, 28, 32, 33, 35, 49, 68, 72, 73, 75, 80, 81, 83, 84]]
[170, 2.88069, [0, 1, 3, 4, 9, 10, 12, 13, 27, 28, 32, 33, 35, 49, 68, 72, 74, 75, 77, 81, 83, 84]]
[170, 2.87362, [0, 1, 3, 4, 9, 10, 12, 13, 27, 28, 32, 33, 40, 49, 59, 72, 73, 75, 81, 82, 84, 120]]
[170, 2.87343, [0, 1, 3, 4, 9, 10, 12, 13, 27, 28, 32, 33, 40, 49, 59, 72, 73, 75, 81, 83, 84, 120]]
[170, 2.88176, [0, 1, 3, 4, 9, 10, 12, 13, 27, 28, 32, 33, 48, 49, 58, 59, 72, 73, 75, 76, 81, 82]]
[170, 2.88133, [0, 1, 3, 4, 9, 10, 12, 13, 27, 28, 32, 33, 48, 49, 58, 59, 72, 73, 75, 79, 80, 82]]
[170, 2.88113, [0, 1, 3, 4, 9, 10, 12, 13, 27, 28, 32, 33, 48, 49, 58, 59, 72, 73, 75, 79, 81, 82]]
[170, 2.88111, [0, 1, 3, 4, 9, 10, 12, 13, 27, 28, 32, 33, 48, 49, 58, 59, 72, 73, 76, 78, 81, 82]]
[170, 2.88048, [0, 1, 3, 4, 9, 10, 12, 13, 27, 28, 32, 33, 48, 49, 58, 59, 72, 73, 78, 79, 81, 82]]
[170, 2.90195, [0, 1, 3, 4, 9, 10, 12, 13, 27, 28, 32, 33, 48, 49, 58, 59, 72, 74, 75, 79, 80, 82, 153]]
[170, 2.87337, [0, 1, 3, 4, 9, 10, 12, 13, 27, 28, 32, 33, 48, 49, 58, 59, 72, 74, 75, 79, 80, 153]]
[170, 2.8809, [0, 1, 3, 4, 9, 10, 12, 13, 27, 28, 32, 33, 48, 49, 58, 59, 72, 74, 75, 79, 81, 82]]
[170, 2.87298, [0, 1, 3, 4, 9, 10, 12, 13, 27, 28, 32, 33, 48, 49, 58, 59, 72, 74, 75, 79, 82, 153]]
[170, 2.87278, [0, 1, 3, 4, 9, 10, 12, 13, 27, 28, 32, 33, 48, 49, 58, 59, 72, 74, 75, 80, 82, 153]]
[170, 2.87192, [0, 1, 3, 4, 9, 10, 12, 13, 27, 28, 32, 33, 48, 49, 58, 59, 72, 74, 79, 80, 82, 153]]
[170, 2.87169, [0, 1, 3, 4, 9, 10, 12, 13, 27, 28, 32, 33, 48, 49, 58, 59, 72, 75, 79, 80, 82, 153]]
[170, 2.87122, [0, 1, 3, 4, 9, 10, 12, 13, 27, 28, 32, 33, 48, 49, 58, 59, 74, 75, 79, 80, 82, 153]]
[170, 2.87828, [0, 1, 3, 4, 9, 10, 12, 13, 27, 28, 32, 33, 48, 49, 59, 67, 72, 73, 76, 78, 81, 82]]
[170, 2.87044, [0, 1, 3, 4, 9, 10, 12, 13, 27, 28, 32, 33, 48, 49, 59, 67, 72, 76, 78, 79, 81, 136]]
[170, 2.87542, [0, 1, 3, 4, 9, 10, 12, 13, 27, 28, 32, 33, 48, 58, 59, 67, 71, 72, 74, 79, 80, 82]]
[170, 2.87434, [0, 1, 3, 4, 9, 10, 12, 13, 27, 28, 32, 33, 48, 58, 59, 67, 71, 72, 78, 79, 81, 82]]
[170, 2.87438, [0, 1, 3, 4, 9, 10, 12, 13, 27, 28, 32, 34, 35, 39, 48, 49, 72, 73, 76, 81, 82]]
[170, 2.87394, [0, 1, 3, 4, 9, 10, 12, 13, 27, 28, 32, 34, 35, 39, 48, 49, 72, 73, 79, 80, 82]]
[170, 2.87375, [0, 1, 3, 4, 9, 10, 12, 13, 27, 28, 32, 34, 35, 39, 48, 49, 72, 73, 79, 81, 82]]
[170, 2.87841, [0, 1, 3, 4, 9, 10, 12, 13, 27, 28, 32, 35, 39, 40, 49, 72, 73, 81, 83, 84, 102, 108]]
[170, 2.87367, [0, 1, 3, 4, 9, 10, 12, 13, 27, 28, 32, 35, 40, 49, 59, 72, 73, 75, 81, 82, 84, 102]]
[170, 2.87465, [0, 1, 3, 4, 9, 10, 12, 13, 27, 28, 32, 35, 48, 49, 59, 62, 72, 73, 77, 78, 80, 102]]
[170, 2.87444, [0, 1, 3, 4, 9, 10, 12, 13, 27, 28, 32, 35, 48, 49, 59, 62, 72, 73, 77, 79, 80, 102]]
[170, 2.87403, [0, 1, 3, 4, 9, 10, 12, 13, 27, 28, 32, 35, 48, 49, 59, 62, 72, 73, 78, 79, 81, 102]]
[170, 2.87383, [0, 1, 3, 4, 9, 10, 12, 13, 27, 28, 32, 35, 48, 49, 59, 62, 72, 73, 78, 80, 81, 102]]
[170, 2.87293, [0, 1, 3, 4, 9, 10, 12, 13, 27, 28, 32, 35, 48, 49, 59, 62, 72, 77, 78, 80, 81, 102]]
[170, 2.87104, [0, 1, 3, 4, 9, 10, 12, 13, 27, 28, 33, 34, 37, 49, 60, 69, 76, 77, 81, 82, 84, 146]]
[170, 2.87411, [0, 1, 3, 4, 9, 10, 12, 13, 27, 28, 33, 35, 36, 40, 48, 49, 64, 73, 74, 78, 81]]
[170, 2.87286, [0, 1, 3, 4, 9, 10, 12, 13, 27, 28, 33, 35, 36, 40, 48, 49, 64, 74, 75, 81, 82]]
[170, 2.87895, [0, 1, 3, 4, 9, 10, 12, 13, 27, 28, 33, 35, 36, 48, 49, 64, 74, 75, 77, 81, 82, 156]]
[170, 2.87872, [0, 1, 3, 4, 9, 10, 12, 13, 27, 28, 33, 35, 36, 48, 49, 64, 74, 76, 77, 81, 82, 156]]
[170, 2.89072, [0, 1, 3, 4, 9, 10, 12, 13, 27, 28, 33, 35, 40, 48, 49, 59, 64, 72, 74, 75, 81, 82]]
[170, 2.87387, [0, 1, 3, 4, 9, 10, 12, 13, 27, 28, 33, 35, 40, 49, 59, 64, 72, 74, 75, 81, 82, 133]]
[170, 2.8714, [0, 1, 3, 4, 9, 10, 12, 13, 27, 28, 33, 35, 49, 59, 64, 72, 76, 77, 81, 84, 136, 138, 146]]
[170, 2.87029, [0, 1, 3, 4, 9, 10, 12, 13, 27, 29, 30, 32, 38, 62, 65, 69, 71, 78, 79, 81, 82, 136]]
[170, 2.8884, [0, 1, 3, 4, 9, 10, 12, 13, 27, 29, 30, 34, 35, 37, 52, 63, 72, 76, 79, 83, 84, 150]]
[170, 2.87261, [0, 1, 3, 4, 9, 10, 12, 13, 27, 29, 30, 34, 37, 52, 63, 66, 72, 76, 79, 83, 84, 150]]
[170, 2.87092, [0, 1, 3, 4, 9, 10, 12, 13, 27, 29, 30, 34, 52, 61, 62, 66, 69, 73, 78, 79, 81, 82]]
[170, 2.87149, [0, 1, 3, 4, 9, 10, 12, 13, 27, 29, 30, 35, 39, 52, 63, 64, 71, 73, 80, 81, 84, 154]]
[170, 2.8796, [0, 1, 3, 4, 9, 10, 12, 13, 27, 29, 33, 34, 40, 52, 60, 61, 69, 73, 74, 81, 83, 84]]
[170, 2.87227, [0, 1, 3, 4, 9, 10, 12, 13, 27, 29, 33, 34, 40, 52, 60, 61, 69, 74, 81, 83, 84, 123]]
[170, 2.8778, [0, 1, 3, 4, 9, 10, 12, 13, 27, 29, 35, 39, 52, 59, 63, 64, 71, 73, 80, 81, 84, 102, 154]]
[170, 2.88521, [0, 1, 3, 4, 9, 10, 12, 13, 28, 29, 33, 34, 36, 50, 51, 61, 70, 75, 76, 78, 83, 84]]
[170, 2.8846, [0, 1, 3, 4, 9, 10, 12, 13, 28, 29, 33, 34, 36, 50, 51, 61, 70, 75, 76, 81, 83, 84]]
[170, 2.88536, [0, 1, 3, 4, 9, 10, 12, 13, 28, 29, 33, 34, 36, 50, 51, 61, 70, 75, 77, 78, 82, 83]]
[170, 2.8769, [0, 1, 3, 4, 9, 10, 12, 13, 28, 29, 33, 34, 36, 50, 51, 61, 70, 80, 81, 83, 84, 123]]
[170, 2.87679, [0, 1, 3, 4, 9, 10, 12, 13, 28, 29, 33, 34, 36, 50, 61, 70, 73, 74, 80, 81, 83, 84]]
[170, 2.88588, [0, 1, 3, 4, 9, 10, 12, 13, 28, 30, 34, 35, 39, 45, 49, 54, 71, 72, 76, 79, 83, 84]]
[170, 2.87699, [0, 1, 3, 4, 9, 10, 12, 13, 28, 30, 34, 35, 39, 45, 49, 54, 71, 72, 79, 83, 84, 152]]
[170, 2.87861, [0, 1, 3, 4, 9, 10, 12, 13, 28, 30, 34, 35, 39, 49, 54, 62, 71, 72, 76, 79, 83, 84]]
[170, 2.87248, [0, 1, 3, 4, 9, 10, 12, 13, 28, 30, 34, 37, 39, 45, 49, 54, 72, 79, 82, 83, 103, 120]]
[170, 2.8723, [0, 1, 3, 4, 9, 10, 12, 13, 28, 30, 34, 37, 39, 45, 49, 54, 72, 79, 82, 84, 103, 120]]
[170, 2.87211, [0, 1, 3, 4, 9, 10, 12, 13, 28, 30, 34, 37, 39, 45, 49, 54, 72, 79, 83, 84, 103, 120]]
[170, 2.87406, [0, 1, 3, 4, 9, 10, 12, 13, 28, 30, 34, 39, 45, 49, 54, 71, 73, 79, 83, 84, 120, 135, 152]]
[170, 2.87677, [0, 1, 3, 4, 9, 10, 12, 13, 28, 34, 35, 38, 39, 49, 51, 54, 62, 71, 79, 81, 82, 84]]
[170, 2.87389, [0, 1, 3, 4, 9, 10, 12, 13, 28, 34, 35, 38, 39, 49, 51, 54, 62, 71, 79, 82, 83, 100]]
[170, 2.87371, [0, 1, 3, 4, 9, 10, 12, 13, 28, 34, 35, 38, 39, 49, 51, 54, 62, 71, 79, 82, 84, 100]]
[170, 2.87352, [0, 1, 3, 4, 9, 10, 12, 13, 28, 34, 35, 38, 39, 49, 51, 54, 62, 71, 79, 83, 84, 100]]
[170, 2.879, [0, 1, 3, 4, 9, 10, 12, 13, 30, 34, 35, 39, 45, 49, 52, 54, 71, 72, 79, 83, 84, 150, 152]]
[170, 2.87323, [0, 1, 3, 4, 9, 10, 12, 22, 25, 27, 30, 31, 36, 39, 55, 64, 65, 67, 76, 81, 82, 84]]
[170, 2.87347, [0, 1, 3, 4, 9, 10, 12, 22, 26, 28, 29, 31, 39, 45, 65, 67, 70, 72, 76, 83, 84, 117, 153]]

Search completed in 0 hours, 19 minutes, and 59.383 seconds.  Enter a string to quit.