Enter an integer k for which our Kempner sets are k-free: 3
Enter a positive integer modulus b: 144
Enter estimation parameters, or * for pre-computed parameters ([0.0781, 1.061, 1.3967]): *
Enter a threshold (e.g. 4.2) to determine printed output: 2.84
Enter a root for the search space (e.g. [0, 1, 2]) [or * for the root [0]]: *
Enter an upper bound for the size of allowable digit sets [or * to ignore]: *
Enter a maximal number of deviations from a greedy search [or * to ignore]: *
Searching for k-free sets mod b...

[144, 2.85522, [0, 1, 3, 4, 9, 10, 12, 13, 27, 28, 32, 39, 48, 58, 59, 62, 67, 71, 126, 128]]
[144, 2.84743, [0, 1, 3, 4, 9, 10, 12, 13, 27, 28, 32, 39, 48, 59, 62, 67, 71, 89, 126, 128]]
[144, 2.84784, [0, 1, 3, 4, 9, 10, 12, 13, 27, 29, 30, 32, 39, 43, 62, 67, 70, 71, 126]]
[144, 2.84353, [0, 1, 3, 4, 9, 10, 12, 13, 27, 29, 30, 34, 40, 52, 61, 62, 66, 69, 127]]
[144, 2.84809, [0, 1, 3, 4, 9, 10, 12, 13, 27, 29, 32, 38, 39, 43, 56, 62, 70, 71, 89]]
[144, 2.85898, [0, 1, 3, 4, 9, 10, 12, 13, 27, 29, 32, 39, 43, 56, 62, 67, 70, 71, 89, 126]]
[144, 2.85425, [0, 1, 3, 4, 9, 10, 12, 13, 27, 29, 33, 34, 38, 40, 52, 60, 61, 69, 127]]
[144, 2.8534, [0, 1, 3, 4, 9, 10, 12, 13, 27, 29, 33, 43, 47, 52, 60, 64, 69, 70, 114, 122]]
[144, 2.84251, [0, 1, 3, 4, 9, 10, 12, 13, 27, 29, 33, 43, 47, 52, 64, 68, 70, 114, 120, 122]]
[144, 2.84155, [0, 1, 3, 4, 9, 10, 12, 13, 27, 29, 39, 43, 56, 60, 62, 67, 70, 71, 89, 126]]
[144, 2.84025, [0, 1, 3, 4, 9, 10, 12, 13, 27, 31, 32, 34, 38, 40, 43, 47, 57, 69]]
[144, 2.86959, [0, 1, 3, 4, 9, 10, 12, 13, 27, 31, 32, 34, 38, 43, 46, 47, 57, 69, 70]]
[144, 2.85609, [0, 1, 3, 4, 9, 10, 12, 13, 27, 31, 32, 34, 43, 46, 47, 57, 66, 69, 70]]
[144, 2.84717, [0, 1, 3, 4, 9, 10, 12, 13, 27, 31, 32, 34, 43, 46, 47, 57, 66, 70, 126]]
[144, 2.84281, [0, 1, 3, 4, 9, 10, 12, 13, 27, 31, 32, 34, 43, 46, 47, 66, 70, 71, 126]]
[144, 2.84228, [0, 1, 3, 4, 9, 10, 12, 13, 27, 31, 32, 34, 43, 46, 48, 66, 70, 71, 126]]
[144, 2.84173, [0, 1, 3, 4, 9, 10, 12, 13, 27, 31, 32, 34, 43, 47, 48, 66, 70, 71, 126]]
[144, 2.84339, [0, 1, 3, 4, 9, 10, 12, 13, 27, 31, 33, 38, 46, 47, 55, 60, 68, 69, 71]]
[144, 2.84312, [0, 1, 3, 4, 9, 10, 12, 13, 27, 31, 33, 38, 46, 47, 55, 60, 68, 70, 71]]
[144, 2.84259, [0, 1, 3, 4, 9, 10, 12, 13, 27, 31, 33, 38, 46, 48, 55, 60, 68, 70, 71]]
[144, 2.86757, [0, 1, 3, 4, 9, 10, 12, 13, 27, 31, 33, 38, 47, 48, 55, 60, 68, 70, 71, 118]]
[144, 2.85866, [0, 1, 3, 4, 9, 10, 12, 13, 27, 31, 33, 38, 47, 48, 55, 60, 68, 71, 118, 128]]
[144, 2.85106, [0, 1, 3, 4, 9, 10, 12, 13, 27, 31, 33, 38, 47, 55, 60, 68, 70, 71, 118, 122]]
[144, 2.84215, [0, 1, 3, 4, 9, 10, 12, 13, 27, 31, 33, 38, 47, 55, 60, 68, 71, 118, 122, 128]]
[144, 2.84837, [0, 1, 3, 4, 9, 10, 12, 13, 27, 31, 34, 39, 43, 46, 48, 60, 63, 70, 71]]
[144, 2.85233, [0, 1, 3, 4, 9, 10, 12, 13, 27, 31, 38, 47, 48, 55, 57, 60, 68, 70, 71, 118]]
[144, 2.85078, [0, 1, 3, 4, 9, 10, 12, 13, 27, 32, 39, 43, 48, 56, 58, 62, 67, 70, 71, 126]]
[144, 2.84299, [0, 1, 3, 4, 9, 10, 12, 13, 27, 32, 39, 43, 48, 56, 62, 67, 70, 71, 89, 126]]
[144, 2.84213, [0, 1, 3, 4, 9, 10, 12, 13, 28, 34, 35, 38, 39, 49, 51, 54, 62, 71, 87]]
[144, 2.85678, [0, 1, 3, 4, 9, 10, 12, 13, 28, 37, 38, 42, 45, 51, 54, 58, 59, 68, 69, 121]]
[144, 2.84752, [0, 1, 3, 4, 9, 10, 12, 13, 28, 37, 38, 42, 45, 51, 54, 58, 59, 68, 121, 129]]
[144, 2.84893, [0, 1, 3, 4, 9, 10, 12, 13, 29, 30, 32, 38, 42, 43, 53, 62, 65, 69, 70]]
[144, 2.84791, [0, 1, 3, 4, 9, 10, 12, 13, 29, 30, 33, 38, 39, 42, 44, 52, 61, 86, 127]]
[144, 2.84823, [0, 1, 3, 4, 9, 10, 12, 13, 29, 30, 34, 40, 41, 43, 44, 61, 63, 66, 90]]
[144, 2.84058, [0, 1, 3, 4, 9, 10, 12, 13, 29, 30, 34, 42, 44, 52, 61, 63, 86, 90, 127, 129]]
[144, 2.84919, [0, 1, 3, 4, 9, 10, 12, 13, 29, 30, 38, 39, 44, 53, 61, 70, 71, 86, 90, 95]]
[144, 2.84173, [0, 1, 3, 4, 9, 10, 12, 13, 29, 30, 39, 44, 53, 61, 63, 64, 70, 71, 90, 95]]
[144, 2.85453, [0, 1, 3, 4, 9, 10, 12, 13, 29, 31, 35, 36, 38, 42, 44, 51, 56, 65, 125]]
[144, 2.84965, [0, 1, 3, 4, 9, 10, 12, 13, 29, 31, 35, 36, 38, 42, 44, 51, 56, 86, 125]]
[144, 2.84068, [0, 1, 3, 4, 9, 10, 12, 13, 29, 31, 35, 36, 38, 42, 51, 56, 65, 86, 125]]
[144, 2.84842, [0, 1, 3, 4, 9, 10, 12, 13, 29, 31, 35, 36, 42, 44, 47, 51, 56, 64, 130]]
[144, 2.84028, [0, 1, 3, 4, 9, 10, 12, 13, 29, 33, 34, 38, 40, 41, 50, 52, 61, 86, 125]]
[144, 2.84318, [0, 1, 3, 4, 9, 10, 12, 13, 29, 35, 37, 38, 42, 43, 50, 52, 56, 68, 89]]
[144, 2.84302, [0, 1, 3, 4, 9, 10, 12, 13, 29, 35, 42, 43, 47, 50, 56, 63, 64, 68, 92, 130]]
[144, 2.84275, [0, 1, 3, 4, 9, 10, 12, 13, 29, 42, 47, 51, 53, 56, 62, 66, 67, 69, 116, 118, 127]]
[144, 2.84405, [0, 1, 3, 4, 9, 10, 12, 13, 30, 31, 33, 41, 43, 44, 46, 64, 67, 68, 71]]
[144, 2.84685, [0, 1, 3, 4, 9, 10, 12, 13, 30, 31, 35, 41, 43, 44, 46, 54, 63, 68, 71]]
[144, 2.84326, [0, 1, 3, 4, 9, 10, 12, 13, 30, 31, 35, 41, 43, 44, 46, 63, 64, 68, 71]]
[144, 2.84239, [0, 1, 3, 4, 9, 10, 12, 13, 30, 31, 35, 41, 44, 46, 54, 55, 63, 65, 68]]
[144, 2.84843, [0, 1, 3, 4, 9, 10, 12, 13, 30, 32, 38, 39, 42, 43, 49, 53, 58, 62, 70]]
[144, 2.86969, [0, 1, 3, 4, 9, 10, 12, 13, 30, 32, 38, 42, 43, 49, 53, 58, 62, 65, 69, 70]]
[144, 2.84888, [0, 1, 3, 4, 9, 10, 12, 13, 30, 38, 42, 43, 49, 52, 53, 58, 65, 69, 70, 90]]
[144, 2.84091, [0, 1, 3, 4, 9, 10, 12, 13, 31, 32, 34, 42, 43, 46, 47, 57, 66, 69, 70]]
[144, 2.84129, [0, 1, 3, 4, 9, 10, 12, 13, 31, 32, 36, 42, 43, 45, 46, 57, 65, 66, 70]]
[144, 2.841, [0, 1, 3, 4, 9, 10, 12, 13, 31, 32, 36, 42, 43, 45, 46, 57, 65, 67, 70]]
[144, 2.84071, [0, 1, 3, 4, 9, 10, 12, 13, 31, 32, 36, 42, 43, 45, 46, 57, 66, 67, 70]]
[144, 2.84831, [0, 1, 3, 4, 9, 10, 12, 13, 31, 35, 36, 40, 42, 46, 54, 55, 65, 86, 123, 125]]
[144, 2.84321, [0, 1, 3, 4, 9, 10, 12, 13, 31, 35, 36, 40, 42, 46, 54, 55, 86, 87, 123, 125]]
[144, 2.84675, [0, 1, 3, 4, 9, 10, 12, 13, 31, 35, 42, 43, 46, 47, 54, 56, 64, 68, 87, 130]]
[144, 2.84615, [0, 1, 3, 4, 9, 10, 12, 13, 32, 35, 39, 40, 42, 47, 53, 56, 86, 87, 89, 101]]
[144, 2.84489, [0, 1, 3, 4, 9, 10, 12, 13, 32, 39, 43, 44, 48, 50, 58, 59, 62, 67, 71, 89]]
[144, 2.8415, [0, 1, 3, 4, 9, 10, 12, 13, 32, 39, 43, 44, 48, 50, 58, 62, 67, 70, 71, 89]]
[144, 2.84109, [0, 1, 3, 4, 9, 10, 12, 13, 35, 37, 41, 42, 51, 53, 54, 59, 63, 68, 86, 88]]
[144, 2.84048, [0, 1, 3, 4, 9, 10, 12, 13, 37, 38, 43, 44, 47, 52, 54, 55, 59, 68, 69, 122]]
[144, 2.85147, [0, 1, 3, 4, 9, 10, 12, 22, 26, 27, 31, 37, 38, 46, 56, 60, 63, 68, 69, 139]]
[144, 2.84712, [0, 1, 3, 4, 9, 10, 12, 22, 26, 27, 31, 37, 38, 55, 56, 60, 63, 68, 69, 139]]
[144, 2.84084, [0, 1, 3, 4, 9, 10, 12, 22, 26, 27, 31, 38, 46, 55, 56, 60, 63, 68, 69, 139]]
[144, 2.8491, [0, 1, 3, 4, 9, 10, 12, 22, 26, 27, 33, 37, 38, 46, 58, 60, 61, 68, 69, 139]]
[144, 2.84052, [0, 1, 3, 4, 9, 10, 12, 22, 26, 27, 38, 39, 47, 57, 58, 62, 63, 65, 70, 71]]
[144, 2.841, [0, 1, 3, 4, 9, 10, 12, 22, 28, 29, 38, 42, 45, 50, 51, 59, 63, 65, 69, 70]]
[144, 2.84145, [0, 1, 3, 4, 9, 11, 12, 16, 25, 26, 30, 42, 45, 61, 63, 66, 67, 70, 94, 112]]
[144, 2.84646, [0, 1, 3, 4, 9, 11, 12, 16, 25, 26, 33, 37, 42, 44, 45, 56, 60, 61, 69]]
[144, 2.84279, [0, 1, 3, 4, 9, 11, 12, 16, 25, 26, 33, 37, 42, 44, 45, 60, 61, 67, 69]]
[144, 2.84898, [0, 1, 3, 4, 9, 11, 12, 16, 25, 26, 33, 44, 53, 58, 59, 61, 67, 68, 70, 71]]
[144, 2.85459, [0, 1, 3, 4, 9, 11, 12, 16, 25, 26, 37, 42, 44, 45, 57, 60, 61, 66, 67, 112]]
[144, 2.84132, [0, 1, 3, 4, 9, 11, 12, 16, 25, 26, 37, 42, 44, 54, 55, 57, 61, 69, 117, 123]]
[144, 2.85017, [0, 1, 3, 4, 9, 11, 12, 16, 25, 26, 37, 42, 44, 54, 56, 57, 61, 67, 69, 117]]
[144, 2.84092, [0, 1, 3, 4, 9, 11, 12, 16, 25, 26, 37, 42, 44, 54, 56, 57, 61, 69, 117, 123]]
[144, 2.84275, [0, 1, 3, 4, 9, 11, 12, 16, 25, 26, 42, 44, 45, 54, 55, 60, 67, 69, 70, 103]]
[144, 2.84222, [0, 1, 3, 4, 9, 11, 12, 16, 25, 26, 42, 44, 45, 54, 55, 60, 67, 70, 71, 103]]
[144, 2.84464, [0, 1, 3, 4, 9, 11, 12, 16, 25, 26, 42, 44, 53, 56, 57, 60, 65, 66, 69, 71]]
[144, 2.84321, [0, 1, 3, 4, 9, 11, 12, 16, 25, 26, 44, 45, 53, 54, 58, 59, 66, 67, 69, 70]]
[144, 2.84055, [0, 1, 3, 4, 9, 11, 12, 16, 25, 26, 44, 45, 54, 55, 59, 60, 67, 68, 70, 71]]
[144, 2.84669, [0, 1, 3, 4, 9, 11, 12, 16, 26, 27, 33, 37, 44, 46, 56, 60, 67, 69, 114, 121]]
[144, 2.84538, [0, 1, 3, 4, 9, 11, 12, 16, 26, 27, 33, 37, 44, 46, 56, 64, 67, 69, 114, 121]]
[144, 2.84389, [0, 1, 3, 4, 9, 11, 12, 16, 26, 27, 33, 37, 44, 46, 60, 64, 67, 69, 114, 121]]
[144, 2.84233, [0, 1, 3, 4, 9, 11, 12, 16, 26, 27, 37, 44, 46, 56, 57, 59, 60, 67, 69, 121]]
[144, 2.84721, [0, 1, 3, 4, 9, 11, 12, 16, 26, 30, 38, 42, 45, 47, 53, 55, 66, 69, 71, 92]]
[144, 2.84052, [0, 1, 3, 4, 9, 11, 12, 16, 30, 34, 36, 37, 43, 46, 47, 53, 54, 66, 124, 127]]
[144, 2.84518, [0, 1, 3, 4, 9, 11, 12, 16, 34, 38, 40, 41, 43, 49, 50, 54, 61, 63, 120, 129, 131]]
[144, 2.85053, [0, 1, 3, 4, 9, 11, 12, 25, 29, 31, 34, 35, 40, 42, 48, 52, 60, 63, 129, 130, 136]]
[144, 2.84323, [0, 1, 3, 4, 9, 11, 12, 25, 29, 31, 35, 40, 42, 43, 48, 52, 60, 63, 129, 130, 136]]
[144, 2.85098, [0, 1, 3, 4, 9, 11, 12, 26, 29, 30, 38, 39, 42, 44, 53, 61, 63, 70, 71, 86, 90]]
[144, 2.84571, [0, 1, 3, 4, 9, 11, 12, 26, 29, 30, 38, 39, 42, 44, 61, 63, 68, 70, 71, 86, 90]]

Search completed in 5 hours, 11 minutes, and 38.651 seconds.  Enter a string to quit.