Enter an integer k for which our Kempner sets are k-free: 3
Enter a positive integer modulus b: 118
Enter estimation parameters, or * for pre-computed parameters ([0.0795, 1.0766, 1.3787]): *
Enter a threshold (e.g. 4.2) to determine printed output: 2.85
Enter a root for the search space (e.g. [0, 1, 2]) [or * for the root [0]]: *
Enter an upper bound for the size of allowable digit sets [or * to ignore]: *
Enter a maximal number of deviations from a greedy search [or * to ignore]: *
Searching for k-free sets mod b...

[118, 2.85265, [0, 1, 3, 4, 9, 10, 12, 13, 27, 28, 30, 31, 36, 37, 39, 40]]
[118, 2.86441, [0, 1, 3, 4, 9, 10, 12, 13, 27, 29, 35, 36, 39, 40, 47, 52, 56]]
[118, 2.87237, [0, 1, 3, 4, 9, 10, 12, 13, 27, 31, 32, 34, 38, 40, 43, 47, 57]]
[118, 2.8616, [0, 1, 3, 4, 9, 10, 12, 13, 27, 31, 32, 34, 38, 40, 43, 47, 103]]
[118, 2.86837, [0, 1, 3, 4, 9, 10, 12, 13, 27, 31, 32, 34, 38, 43, 46, 47, 57]]
[118, 2.8576, [0, 1, 3, 4, 9, 10, 12, 13, 27, 31, 32, 34, 38, 43, 46, 47, 103]]
[118, 2.85113, [0, 1, 3, 4, 9, 10, 12, 13, 27, 31, 32, 34, 40, 43, 47, 57, 100]]
[118, 2.86687, [0, 1, 3, 4, 9, 10, 12, 13, 27, 31, 32, 36, 38, 39, 43, 56, 57]]
[118, 2.86642, [0, 1, 3, 4, 9, 10, 12, 13, 27, 31, 32, 36, 38, 43, 46, 47, 57]]
[118, 2.85565, [0, 1, 3, 4, 9, 10, 12, 13, 27, 31, 32, 36, 38, 43, 46, 47, 103]]
[118, 2.85478, [0, 1, 3, 4, 9, 10, 12, 13, 27, 31, 32, 36, 43, 47, 48, 56, 57]]
[118, 2.86152, [0, 1, 3, 4, 9, 10, 12, 13, 27, 31, 34, 36, 40, 43, 47, 48, 57]]
[118, 2.86738, [0, 1, 3, 4, 9, 10, 12, 13, 27, 32, 34, 40, 43, 47, 49, 57, 100, 103]]
[118, 2.85163, [0, 1, 3, 4, 9, 10, 12, 13, 27, 33, 34, 36, 37, 46, 48, 52, 75]]
[118, 2.85674, [0, 1, 3, 4, 9, 10, 12, 13, 27, 33, 35, 36, 38, 46, 47, 52, 55]]
[118, 2.85619, [0, 1, 3, 4, 9, 10, 12, 13, 27, 33, 35, 36, 38, 46, 48, 52, 55]]
[118, 2.85561, [0, 1, 3, 4, 9, 10, 12, 13, 27, 33, 35, 36, 38, 47, 48, 52, 55]]
[118, 2.85608, [0, 1, 3, 4, 9, 10, 12, 13, 27, 33, 35, 36, 40, 46, 48, 49, 55]]
[118, 2.85062, [0, 1, 3, 4, 9, 10, 12, 13, 27, 35, 36, 38, 39, 46, 48, 52, 55]]
[118, 2.85051, [0, 1, 3, 4, 9, 10, 12, 13, 27, 35, 36, 39, 40, 46, 48, 49, 55]]
[118, 2.8561, [0, 1, 3, 4, 9, 10, 12, 13, 28, 32, 34, 37, 38, 45, 49, 50, 57]]
[118, 2.85912, [0, 1, 3, 4, 9, 10, 12, 13, 28, 33, 35, 36, 40, 41, 48, 50, 51]]
[118, 2.85418, [0, 1, 3, 4, 9, 10, 12, 13, 28, 34, 35, 37, 38, 45, 49, 50, 54]]
[118, 2.85368, [0, 1, 3, 4, 9, 10, 12, 13, 28, 34, 35, 37, 38, 45, 49, 51, 54]]
[118, 2.85317, [0, 1, 3, 4, 9, 10, 12, 13, 28, 34, 35, 37, 38, 45, 50, 51, 54]]
[118, 2.8827, [0, 1, 3, 4, 9, 10, 12, 13, 28, 36, 37, 40, 41, 48, 50, 51, 57, 58]]
[118, 2.86957, [0, 1, 3, 4, 9, 10, 12, 13, 28, 36, 37, 40, 42, 49, 50, 54, 57, 103]]
[118, 2.87398, [0, 1, 3, 4, 9, 10, 12, 13, 29, 30, 33, 35, 38, 39, 42, 44, 52]]
[118, 2.85548, [0, 1, 3, 4, 9, 10, 12, 13, 29, 30, 33, 35, 38, 39, 44, 52, 102]]
[118, 2.85797, [0, 1, 3, 4, 9, 10, 12, 13, 29, 30, 33, 35, 39, 42, 44, 52, 73]]
[118, 2.86233, [0, 1, 3, 4, 9, 10, 12, 13, 29, 30, 35, 37, 38, 42, 43, 52, 53]]
[118, 2.8556, [0, 1, 3, 4, 9, 10, 12, 13, 29, 31, 32, 34, 40, 42, 43, 47, 103]]
[118, 2.8605, [0, 1, 3, 4, 9, 10, 12, 13, 29, 31, 35, 36, 38, 42, 44, 51, 56]]
[118, 2.88493, [0, 1, 3, 4, 9, 10, 12, 13, 29, 31, 35, 36, 42, 44, 47, 51, 56, 104]]
[118, 2.86718, [0, 1, 3, 4, 9, 10, 12, 13, 29, 31, 35, 36, 44, 47, 51, 56, 96, 104]]
[118, 2.85055, [0, 1, 3, 4, 9, 10, 12, 13, 30, 32, 36, 38, 39, 41, 49, 53, 58]]
[118, 2.85058, [0, 1, 3, 4, 9, 10, 12, 13, 30, 34, 35, 37, 41, 43, 46, 53, 54]]
[118, 2.85743, [0, 1, 3, 4, 9, 10, 12, 13, 31, 32, 34, 38, 40, 41, 43, 47, 57]]
[118, 2.85342, [0, 1, 3, 4, 9, 10, 12, 13, 31, 32, 34, 38, 41, 43, 46, 47, 57]]
[118, 2.85635, [0, 1, 3, 4, 9, 10, 12, 13, 32, 33, 36, 44, 46, 49, 50, 58, 73, 101]]
[118, 2.87107, [0, 1, 3, 4, 9, 10, 12, 13, 32, 34, 37, 38, 45, 46, 48, 49, 57, 103]]
[118, 2.85555, [0, 1, 3, 4, 9, 10, 12, 13, 36, 37, 40, 41, 48, 50, 53, 54, 57, 75]]
[118, 2.85739, [0, 1, 3, 4, 9, 11, 12, 16, 25, 36, 40, 42, 43, 45, 52, 53, 57, 58]]
[118, 2.85182, [0, 1, 3, 4, 9, 11, 12, 16, 26, 30, 33, 35, 38, 39, 42, 47, 53]]
[118, 2.85246, [0, 1, 3, 4, 9, 11, 12, 16, 30, 34, 36, 37, 43, 46, 47, 53, 54, 98]]
[118, 2.86529, [0, 1, 3, 4, 9, 11, 12, 16, 30, 34, 36, 39, 40, 43, 45, 53, 55, 58]]
[118, 2.8625, [0, 1, 3, 4, 9, 11, 12, 16, 30, 35, 37, 38, 42, 43, 50, 52, 53, 55]]
[118, 2.85392, [0, 1, 3, 4, 10, 11, 13, 14, 29, 32, 37, 38, 40, 41, 46, 49, 56, 93]]
[118, 2.85357, [0, 1, 3, 4, 10, 12, 13, 15, 28, 34, 35, 37, 38, 45, 47, 50, 51, 54]]

Search completed in 0 hours, 13 minutes, and 2.448 seconds.  Enter a string to quit.