Enter an integer k for which our Kempner sets are k-free: 3
Enter a positive integer modulus b: 168
Enter estimation parameters, or * for pre-computed parameters ([0.0747, 1.0609, 1.3842]): *
Enter a threshold (e.g. 4.2) to determine printed output: 2.87
Enter a root for the search space (e.g. [0, 1, 2]) [or * for the root [0]]: *
Enter an upper bound for the size of allowable digit sets [or * to ignore]: 28
Enter a maximal number of deviations from a greedy search [or * to ignore]: *
Searching for k-free sets mod b...

[168, 2.87489, [0, 1, 3, 4, 9, 10, 12, 13, 27, 28, 30, 34, 35, 39, 49, 62, 72, 73, 76, 81, 83]]
[168, 2.87445, [0, 1, 3, 4, 9, 10, 12, 13, 27, 28, 30, 34, 35, 39, 49, 62, 72, 73, 79, 80, 83]]
[168, 2.87406, [0, 1, 3, 4, 9, 10, 12, 13, 27, 28, 30, 34, 35, 39, 49, 62, 72, 73, 80, 81, 83]]
[168, 2.87314, [0, 1, 3, 4, 9, 10, 12, 13, 27, 28, 30, 34, 35, 39, 49, 62, 73, 76, 80, 81, 83]]
[168, 2.87295, [0, 1, 3, 4, 9, 10, 12, 13, 27, 28, 30, 34, 35, 39, 49, 62, 73, 76, 80, 82, 83]]
[168, 2.87232, [0, 1, 3, 4, 9, 10, 12, 13, 27, 28, 30, 34, 35, 39, 49, 62, 73, 79, 80, 82, 83]]
[168, 2.88672, [0, 1, 3, 4, 9, 10, 12, 13, 27, 28, 30, 34, 35, 39, 62, 63, 71, 73, 76, 82, 109, 150]]
[168, 2.87049, [0, 1, 3, 4, 9, 10, 12, 13, 27, 28, 30, 34, 37, 39, 49, 63, 72, 79, 80, 82, 83]]
[168, 2.87067, [0, 1, 3, 4, 9, 10, 12, 13, 27, 28, 30, 35, 36, 39, 49, 64, 73, 76, 80, 81, 83]]
[168, 2.87216, [0, 1, 3, 4, 9, 10, 12, 13, 27, 28, 30, 35, 49, 62, 64, 65, 72, 73, 76, 77, 83, 107]]
[168, 2.87423, [0, 1, 3, 4, 9, 10, 12, 13, 27, 28, 32, 33, 35, 40, 49, 59, 72, 73, 75, 81, 82]]
[168, 2.874, [0, 1, 3, 4, 9, 10, 12, 13, 27, 28, 32, 33, 35, 40, 49, 59, 72, 74, 75, 81, 82]]
[168, 2.89921, [0, 1, 3, 4, 9, 10, 12, 13, 27, 28, 32, 33, 35, 48, 49, 59, 72, 73, 75, 76, 81, 82]]
[168, 2.87042, [0, 1, 3, 4, 9, 10, 12, 13, 27, 28, 32, 33, 35, 48, 49, 59, 72, 73, 75, 76, 82]]
[168, 2.89877, [0, 1, 3, 4, 9, 10, 12, 13, 27, 28, 32, 33, 35, 48, 49, 59, 72, 73, 75, 79, 80, 82]]
[168, 2.89857, [0, 1, 3, 4, 9, 10, 12, 13, 27, 28, 32, 33, 35, 48, 49, 59, 72, 73, 75, 79, 81, 82]]
[168, 2.89856, [0, 1, 3, 4, 9, 10, 12, 13, 27, 28, 32, 33, 35, 48, 49, 59, 72, 73, 76, 78, 81, 82]]
[168, 2.89231, [0, 1, 3, 4, 9, 10, 12, 13, 27, 28, 32, 33, 35, 48, 49, 59, 72, 73, 76, 81, 82, 123]]
[168, 2.89792, [0, 1, 3, 4, 9, 10, 12, 13, 27, 28, 32, 33, 35, 48, 49, 59, 72, 73, 78, 79, 81, 82]]
[168, 2.89854, [0, 1, 3, 4, 9, 10, 12, 13, 27, 28, 32, 33, 35, 48, 49, 59, 72, 74, 75, 79, 80, 82]]
[168, 2.89834, [0, 1, 3, 4, 9, 10, 12, 13, 27, 28, 32, 33, 35, 48, 49, 59, 72, 74, 75, 79, 81, 82]]
[168, 2.88998, [0, 1, 3, 4, 9, 10, 12, 13, 27, 28, 32, 33, 35, 48, 49, 59, 74, 75, 79, 80, 82, 134]]
[168, 2.87443, [0, 1, 3, 4, 9, 10, 12, 13, 27, 28, 32, 33, 35, 48, 59, 71, 75, 76, 78, 82, 134, 145]]
[168, 2.87402, [0, 1, 3, 4, 9, 10, 12, 13, 27, 28, 32, 33, 35, 48, 59, 71, 75, 76, 80, 82, 134, 145]]
[168, 2.88592, [0, 1, 3, 4, 9, 10, 12, 13, 27, 28, 32, 33, 48, 49, 58, 59, 72, 73, 75, 76, 81, 82]]
[168, 2.88548, [0, 1, 3, 4, 9, 10, 12, 13, 27, 28, 32, 33, 48, 49, 58, 59, 72, 73, 75, 79, 80, 82]]
[168, 2.88529, [0, 1, 3, 4, 9, 10, 12, 13, 27, 28, 32, 33, 48, 49, 58, 59, 72, 73, 75, 79, 81, 82]]
[168, 2.88527, [0, 1, 3, 4, 9, 10, 12, 13, 27, 28, 32, 33, 48, 49, 58, 59, 72, 73, 76, 78, 81, 82]]
[168, 2.87902, [0, 1, 3, 4, 9, 10, 12, 13, 27, 28, 32, 33, 48, 49, 58, 59, 72, 73, 76, 81, 82, 123]]
[168, 2.88463, [0, 1, 3, 4, 9, 10, 12, 13, 27, 28, 32, 33, 48, 49, 58, 59, 72, 73, 78, 79, 81, 82]]
[168, 2.87858, [0, 1, 3, 4, 9, 10, 12, 13, 27, 28, 32, 33, 48, 49, 58, 59, 72, 73, 79, 80, 82, 123]]
[168, 2.87839, [0, 1, 3, 4, 9, 10, 12, 13, 27, 28, 32, 33, 48, 49, 58, 59, 72, 73, 79, 81, 82, 123]]
[168, 2.88525, [0, 1, 3, 4, 9, 10, 12, 13, 27, 28, 32, 33, 48, 49, 58, 59, 72, 74, 75, 79, 80, 82]]
[168, 2.88505, [0, 1, 3, 4, 9, 10, 12, 13, 27, 28, 32, 33, 48, 49, 58, 59, 72, 74, 75, 79, 81, 82]]
[168, 2.88243, [0, 1, 3, 4, 9, 10, 12, 13, 27, 28, 32, 33, 48, 49, 59, 67, 72, 73, 76, 78, 81, 82]]
[168, 2.87618, [0, 1, 3, 4, 9, 10, 12, 13, 27, 28, 32, 33, 48, 49, 59, 67, 72, 73, 76, 81, 82, 123]]
[168, 2.87955, [0, 1, 3, 4, 9, 10, 12, 13, 27, 28, 32, 33, 48, 58, 59, 67, 71, 72, 74, 79, 80, 82]]
[168, 2.87848, [0, 1, 3, 4, 9, 10, 12, 13, 27, 28, 32, 33, 48, 58, 59, 67, 71, 72, 78, 79, 81, 82]]
[168, 2.87105, [0, 1, 3, 4, 9, 10, 12, 13, 27, 28, 32, 33, 48, 58, 59, 67, 71, 72, 78, 80, 81, 145]]
[168, 2.87066, [0, 1, 3, 4, 9, 10, 12, 13, 27, 28, 32, 33, 48, 58, 59, 67, 71, 72, 78, 81, 82, 145]]
[168, 2.87837, [0, 1, 3, 4, 9, 10, 12, 13, 27, 28, 32, 34, 35, 39, 48, 49, 72, 73, 76, 81, 82]]
[168, 2.87793, [0, 1, 3, 4, 9, 10, 12, 13, 27, 28, 32, 34, 35, 39, 48, 49, 72, 73, 79, 80, 82]]
[168, 2.87774, [0, 1, 3, 4, 9, 10, 12, 13, 27, 28, 32, 34, 35, 39, 48, 49, 72, 73, 79, 81, 82]]
[168, 2.87256, [0, 1, 3, 4, 9, 10, 12, 13, 27, 28, 32, 34, 35, 39, 49, 62, 72, 73, 76, 81, 83]]
[168, 2.87212, [0, 1, 3, 4, 9, 10, 12, 13, 27, 28, 32, 34, 35, 39, 49, 62, 72, 73, 79, 80, 83]]
[168, 2.87173, [0, 1, 3, 4, 9, 10, 12, 13, 27, 28, 32, 34, 35, 39, 49, 62, 72, 73, 80, 81, 83]]
[168, 2.87081, [0, 1, 3, 4, 9, 10, 12, 13, 27, 28, 32, 34, 35, 39, 49, 62, 73, 76, 80, 81, 83]]
[168, 2.87062, [0, 1, 3, 4, 9, 10, 12, 13, 27, 28, 32, 34, 35, 39, 49, 62, 73, 76, 80, 82, 83]]
[168, 2.87254, [0, 1, 3, 4, 9, 10, 12, 13, 27, 28, 32, 35, 39, 48, 49, 62, 79, 80, 82, 101, 118, 134]]
[168, 2.87848, [0, 1, 3, 4, 9, 10, 12, 13, 27, 28, 32, 35, 48, 49, 59, 62, 72, 74, 77, 78, 81, 101]]
[168, 2.87806, [0, 1, 3, 4, 9, 10, 12, 13, 27, 28, 32, 35, 48, 49, 59, 62, 72, 74, 78, 79, 81, 101]]
[168, 2.87037, [0, 1, 3, 4, 9, 10, 12, 13, 27, 28, 32, 35, 48, 59, 62, 71, 72, 74, 78, 79, 81, 101]]
[168, 2.8781, [0, 1, 3, 4, 9, 10, 12, 13, 27, 28, 33, 35, 36, 40, 48, 49, 64, 73, 74, 78, 81]]
[168, 2.8718, [0, 1, 3, 4, 9, 10, 12, 13, 27, 28, 33, 35, 36, 40, 48, 49, 64, 73, 74, 78, 131]]
[168, 2.87157, [0, 1, 3, 4, 9, 10, 12, 13, 27, 28, 33, 35, 36, 40, 48, 49, 64, 73, 75, 78, 131]]
[168, 2.87134, [0, 1, 3, 4, 9, 10, 12, 13, 27, 28, 33, 35, 36, 40, 48, 49, 64, 74, 75, 78, 131]]
[168, 2.87685, [0, 1, 3, 4, 9, 10, 12, 13, 27, 28, 33, 35, 36, 40, 48, 49, 64, 74, 75, 81, 82]]
[168, 2.89491, [0, 1, 3, 4, 9, 10, 12, 13, 27, 28, 33, 35, 40, 48, 49, 59, 64, 72, 74, 75, 81, 82]]
[168, 2.8727, [0, 1, 3, 4, 9, 10, 12, 13, 27, 29, 30, 34, 35, 37, 52, 63, 72, 76, 78, 79, 83]]
[168, 2.87211, [0, 1, 3, 4, 9, 10, 12, 13, 27, 29, 30, 34, 35, 37, 52, 63, 72, 76, 78, 82, 83]]
[168, 2.87147, [0, 1, 3, 4, 9, 10, 12, 13, 27, 29, 30, 34, 35, 37, 52, 63, 72, 78, 79, 82, 83]]
[168, 2.87107, [0, 1, 3, 4, 9, 10, 12, 13, 27, 29, 30, 34, 35, 37, 52, 63, 72, 79, 80, 82, 83]]
[168, 2.88619, [0, 1, 3, 4, 9, 10, 12, 13, 27, 29, 30, 34, 35, 52, 62, 63, 71, 73, 76, 78, 82, 109]]
[168, 2.88515, [0, 1, 3, 4, 9, 10, 12, 13, 27, 29, 30, 34, 35, 52, 62, 63, 71, 73, 78, 81, 82, 109]]
[168, 2.87692, [0, 1, 3, 4, 9, 10, 12, 13, 27, 29, 30, 34, 35, 52, 62, 63, 71, 73, 81, 82, 109, 148]]
[168, 2.88399, [0, 1, 3, 4, 9, 10, 12, 13, 27, 29, 30, 34, 35, 52, 62, 63, 73, 76, 78, 81, 82, 109]]
[168, 2.88019, [0, 1, 3, 4, 9, 10, 12, 13, 27, 29, 30, 34, 40, 52, 61, 62, 66, 69, 78, 81, 83, 151]]
[168, 2.87318, [0, 1, 3, 4, 9, 10, 12, 13, 27, 29, 30, 34, 40, 61, 62, 66, 69, 74, 78, 81, 83, 151]]
[168, 2.87505, [0, 1, 3, 4, 9, 10, 12, 13, 27, 29, 30, 34, 52, 61, 62, 66, 69, 73, 78, 79, 81, 82]]
[168, 2.87413, [0, 1, 3, 4, 9, 10, 12, 13, 27, 29, 30, 35, 39, 52, 62, 63, 71, 73, 81, 82, 109, 128]]
[168, 2.8726, [0, 1, 3, 4, 9, 10, 12, 13, 27, 29, 30, 35, 39, 52, 62, 63, 71, 73, 81, 82, 109, 148]]
[168, 2.87143, [0, 1, 3, 4, 9, 10, 12, 13, 27, 29, 30, 35, 39, 52, 62, 63, 73, 76, 80, 81, 109, 154]]
[168, 2.87105, [0, 1, 3, 4, 9, 10, 12, 13, 27, 29, 30, 38, 52, 61, 62, 68, 69, 71, 78, 79, 82, 83]]
[168, 2.8706, [0, 1, 3, 4, 9, 10, 12, 13, 27, 29, 33, 34, 38, 40, 52, 60, 61, 69, 74, 81, 83]]
[168, 2.87292, [0, 1, 3, 4, 9, 10, 12, 13, 28, 29, 31, 35, 37, 51, 63, 68, 72, 78, 79, 82, 83, 150]]
[168, 2.88953, [0, 1, 3, 4, 9, 10, 12, 13, 28, 29, 33, 34, 36, 50, 51, 61, 70, 75, 77, 78, 82, 83]]
[168, 2.87366, [0, 1, 3, 4, 9, 10, 12, 22, 25, 26, 29, 31, 39, 45, 60, 63, 67, 70, 72, 76, 79, 83]]
[168, 2.87243, [0, 1, 3, 4, 9, 10, 12, 22, 25, 26, 29, 31, 39, 45, 60, 63, 67, 70, 72, 79, 82, 83]]

Search completed in 0 hours, 19 minutes, and 4.367 seconds.  Enter a string to quit.