Enter an integer k for which our Kempner sets are k-free: 3
Enter a positive integer modulus b: 146
Enter estimation parameters, or * for pre-computed parameters ([0.0799, 1.0574, 1.4182]): *
Enter a threshold (e.g. 4.2) to determine printed output: 2.84
Enter a root for the search space (e.g. [0, 1, 2]) [or * for the root [0]]: *
Enter an upper bound for the size of allowable digit sets [or * to ignore]: *
Enter a maximal number of deviations from a greedy search [or * to ignore]: *
Searching for k-free sets mod b...

[146, 2.84733, [0, 1, 3, 4, 9, 10, 12, 13, 27, 28, 31, 40, 57, 60, 64, 65, 69, 72, 96, 122]]
[146, 2.84846, [0, 1, 3, 4, 9, 10, 12, 13, 27, 28, 32, 34, 38, 39, 57, 62, 70, 71, 117]]
[146, 2.84702, [0, 1, 3, 4, 9, 10, 12, 13, 27, 29, 30, 32, 39, 43, 62, 67, 70, 71, 98]]
[146, 2.85913, [0, 1, 3, 4, 9, 10, 12, 13, 27, 29, 30, 39, 43, 52, 62, 63, 67, 70, 98, 132]]
[146, 2.84611, [0, 1, 3, 4, 9, 10, 12, 13, 27, 29, 30, 43, 52, 62, 63, 65, 69, 70, 98, 132]]
[146, 2.84552, [0, 1, 3, 4, 9, 10, 12, 13, 27, 29, 30, 43, 52, 62, 63, 67, 69, 70, 98, 132]]
[146, 2.8402, [0, 1, 3, 4, 9, 10, 12, 13, 27, 29, 32, 38, 39, 43, 56, 62, 70, 71, 118]]
[146, 2.84717, [0, 1, 3, 4, 9, 10, 12, 13, 27, 29, 33, 43, 47, 52, 60, 64, 70, 72, 122, 126]]
[146, 2.86546, [0, 1, 3, 4, 9, 10, 12, 13, 27, 31, 32, 34, 38, 43, 46, 47, 57, 69, 70]]
[146, 2.852, [0, 1, 3, 4, 9, 10, 12, 13, 27, 31, 32, 34, 43, 46, 47, 57, 66, 69, 70]]
[146, 2.85123, [0, 1, 3, 4, 9, 10, 12, 13, 27, 31, 32, 34, 43, 46, 47, 57, 66, 70, 72]]
[146, 2.8504, [0, 1, 3, 4, 9, 10, 12, 13, 27, 31, 32, 34, 43, 46, 47, 57, 69, 70, 72]]
[146, 2.85662, [0, 1, 3, 4, 9, 10, 12, 13, 27, 31, 33, 43, 46, 47, 60, 64, 69, 70, 72, 122]]
[146, 2.84791, [0, 1, 3, 4, 9, 10, 12, 13, 27, 31, 33, 43, 46, 47, 60, 64, 69, 70, 122, 132]]
[146, 2.84758, [0, 1, 3, 4, 9, 10, 12, 13, 27, 31, 33, 43, 46, 47, 60, 64, 69, 72, 122, 130]]
[146, 2.84431, [0, 1, 3, 4, 9, 10, 12, 13, 27, 31, 34, 39, 43, 46, 48, 60, 63, 70, 71]]
[146, 2.8512, [0, 1, 3, 4, 9, 10, 12, 13, 27, 31, 37, 39, 46, 48, 56, 60, 63, 67, 128, 132]]
[146, 2.84672, [0, 1, 3, 4, 9, 10, 12, 13, 27, 31, 40, 43, 47, 57, 60, 64, 65, 69, 72, 122]]
[146, 2.84143, [0, 1, 3, 4, 9, 10, 12, 13, 27, 31, 43, 46, 47, 57, 60, 64, 69, 70, 72, 122]]
[146, 2.84798, [0, 1, 3, 4, 9, 10, 12, 13, 27, 34, 39, 46, 47, 49, 57, 61, 62, 70, 72, 129]]
[146, 2.84562, [0, 1, 3, 4, 9, 10, 12, 13, 28, 30, 31, 35, 41, 45, 63, 64, 99, 112, 130, 132]]
[146, 2.84103, [0, 1, 3, 4, 9, 10, 12, 13, 28, 30, 31, 37, 40, 42, 45, 66, 69, 91, 105]]
[146, 2.84106, [0, 1, 3, 4, 9, 10, 12, 13, 28, 31, 32, 37, 39, 40, 45, 57, 72, 88, 128]]
[146, 2.84355, [0, 1, 3, 4, 9, 10, 12, 13, 28, 31, 40, 42, 45, 54, 60, 64, 65, 69, 91, 131]]
[146, 2.84375, [0, 1, 3, 4, 9, 10, 12, 13, 28, 39, 41, 42, 48, 49, 51, 58, 62, 64, 91, 132]]
[146, 2.84822, [0, 1, 3, 4, 9, 10, 12, 13, 29, 30, 32, 37, 39, 43, 53, 72, 87, 108, 128, 130]]
[146, 2.84487, [0, 1, 3, 4, 9, 10, 12, 13, 29, 30, 32, 38, 42, 43, 53, 62, 65, 69, 70]]
[146, 2.84474, [0, 1, 3, 4, 9, 10, 12, 13, 29, 30, 35, 37, 43, 52, 53, 68, 72, 87, 128, 130]]
[146, 2.84102, [0, 1, 3, 4, 9, 10, 12, 13, 29, 30, 35, 37, 43, 52, 63, 68, 72, 87, 128, 130]]
[146, 2.84258, [0, 1, 3, 4, 9, 10, 12, 13, 29, 30, 39, 43, 44, 52, 62, 63, 67, 70, 98, 132]]
[146, 2.85688, [0, 1, 3, 4, 9, 10, 12, 13, 29, 31, 32, 34, 40, 42, 43, 47, 66, 69, 87]]
[146, 2.84386, [0, 1, 3, 4, 9, 10, 12, 13, 29, 31, 32, 34, 42, 43, 47, 66, 69, 70, 87]]
[146, 2.84197, [0, 1, 3, 4, 9, 10, 12, 13, 29, 31, 32, 37, 41, 47, 56, 66, 87, 124, 126, 130]]
[146, 2.84419, [0, 1, 3, 4, 9, 10, 12, 13, 29, 31, 35, 36, 42, 44, 47, 51, 56, 64, 132]]
[146, 2.84202, [0, 1, 3, 4, 9, 10, 12, 13, 29, 32, 37, 43, 47, 53, 56, 66, 68, 72, 87, 130]]
[146, 2.84535, [0, 1, 3, 4, 9, 10, 12, 13, 29, 35, 37, 43, 44, 47, 52, 56, 63, 72, 124, 130]]
[146, 2.84419, [0, 1, 3, 4, 9, 10, 12, 13, 29, 35, 37, 43, 47, 52, 53, 56, 68, 72, 87, 128]]
[146, 2.84401, [0, 1, 3, 4, 9, 10, 12, 13, 29, 35, 37, 43, 47, 52, 53, 56, 68, 72, 87, 130]]
[146, 2.84029, [0, 1, 3, 4, 9, 10, 12, 13, 29, 35, 37, 43, 47, 52, 56, 63, 68, 72, 87, 130]]
[146, 2.84494, [0, 1, 3, 4, 9, 10, 12, 13, 29, 38, 39, 43, 44, 53, 56, 60, 61, 70, 71, 124]]
[146, 2.84042, [0, 1, 3, 4, 9, 10, 12, 13, 30, 31, 33, 39, 43, 44, 46, 64, 67, 71, 72]]
[146, 2.8464, [0, 1, 3, 4, 9, 10, 12, 13, 30, 31, 34, 35, 41, 43, 46, 54, 63, 71, 87]]
[146, 2.84125, [0, 1, 3, 4, 9, 10, 12, 13, 30, 31, 34, 35, 41, 43, 46, 54, 63, 71, 128]]
[146, 2.85815, [0, 1, 3, 4, 9, 10, 12, 13, 30, 31, 34, 41, 43, 46, 54, 63, 66, 71, 87, 97]]
[146, 2.84279, [0, 1, 3, 4, 9, 10, 12, 13, 30, 31, 35, 41, 43, 44, 46, 54, 63, 68, 71]]
[146, 2.85074, [0, 1, 3, 4, 9, 10, 12, 13, 30, 31, 36, 39, 44, 46, 54, 55, 67, 70, 129, 132]]
[146, 2.84042, [0, 1, 3, 4, 9, 10, 12, 13, 30, 31, 41, 43, 46, 54, 63, 66, 68, 71, 87, 97]]
[146, 2.84205, [0, 1, 3, 4, 9, 10, 12, 13, 30, 32, 38, 39, 41, 42, 49, 53, 58, 62, 87]]
[146, 2.84436, [0, 1, 3, 4, 9, 10, 12, 13, 30, 32, 38, 39, 42, 43, 49, 53, 58, 62, 70]]
[146, 2.84072, [0, 1, 3, 4, 9, 10, 12, 13, 30, 32, 38, 39, 42, 43, 49, 53, 58, 62, 87]]
[146, 2.86537, [0, 1, 3, 4, 9, 10, 12, 13, 30, 32, 38, 42, 43, 49, 53, 58, 62, 65, 69, 70]]
[146, 2.84042, [0, 1, 3, 4, 9, 10, 12, 13, 30, 33, 34, 40, 44, 45, 49, 52, 61, 69, 72]]
[146, 2.84516, [0, 1, 3, 4, 9, 10, 12, 13, 30, 35, 37, 38, 43, 52, 54, 55, 68, 87, 89, 130]]
[146, 2.84281, [0, 1, 3, 4, 9, 10, 12, 13, 30, 38, 42, 43, 45, 53, 58, 62, 65, 69, 70, 91]]
[146, 2.84712, [0, 1, 3, 4, 9, 10, 12, 13, 31, 32, 34, 38, 40, 41, 43, 47, 57, 87, 88]]
[146, 2.86634, [0, 1, 3, 4, 9, 10, 12, 13, 31, 32, 34, 42, 43, 46, 47, 57, 66, 69, 70, 87]]
[146, 2.85653, [0, 1, 3, 4, 9, 10, 12, 13, 31, 32, 35, 43, 45, 46, 48, 56, 68, 71, 72, 128]]
[146, 2.84048, [0, 1, 3, 4, 9, 10, 12, 13, 31, 37, 41, 42, 46, 54, 56, 60, 63, 68, 87, 97]]
[146, 2.85155, [0, 1, 3, 4, 9, 10, 12, 13, 32, 33, 35, 43, 45, 48, 49, 59, 68, 71, 72, 128]]
[146, 2.84277, [0, 1, 3, 4, 9, 10, 12, 13, 32, 33, 35, 43, 45, 48, 49, 59, 68, 72, 128, 130]]
[146, 2.8477, [0, 1, 3, 4, 9, 10, 12, 13, 34, 39, 40, 42, 43, 49, 53, 54, 60, 62, 87, 91]]
[146, 2.84956, [0, 1, 3, 4, 9, 10, 12, 22, 25, 26, 29, 31, 39, 60, 64, 65, 67, 71, 72, 96]]
[146, 2.84479, [0, 1, 3, 4, 9, 10, 12, 22, 26, 27, 31, 33, 38, 47, 55, 60, 69, 71, 96, 118]]
[146, 2.84625, [0, 1, 3, 4, 9, 10, 12, 22, 26, 27, 33, 37, 38, 46, 58, 60, 61, 68, 69, 123]]
[146, 2.84475, [0, 1, 3, 4, 9, 10, 12, 22, 26, 28, 29, 31, 39, 60, 64, 65, 67, 71, 72, 96]]
[146, 2.84066, [0, 1, 3, 4, 9, 10, 12, 22, 26, 28, 29, 33, 39, 59, 60, 64, 67, 71, 72, 129]]
[146, 2.84585, [0, 1, 3, 4, 9, 10, 12, 22, 26, 28, 29, 38, 39, 45, 59, 60, 63, 70, 71, 129]]
[146, 2.84432, [0, 1, 3, 4, 9, 10, 13, 21, 24, 28, 30, 34, 37, 49, 54, 62, 66, 72, 91, 113]]
[146, 2.84064, [0, 1, 3, 4, 9, 11, 12, 16, 25, 26, 30, 42, 55, 61, 62, 64, 65, 70, 71, 95]]
[146, 2.84238, [0, 1, 3, 4, 9, 11, 12, 16, 25, 26, 33, 37, 42, 44, 45, 56, 60, 61, 69]]
[146, 2.84472, [0, 1, 3, 4, 9, 11, 12, 16, 25, 26, 33, 44, 53, 58, 59, 61, 67, 68, 70, 71]]
[146, 2.84039, [0, 1, 3, 4, 9, 11, 12, 16, 25, 26, 42, 44, 53, 56, 57, 60, 65, 66, 69, 71]]
[146, 2.84118, [0, 1, 3, 4, 9, 11, 12, 16, 26, 27, 33, 37, 46, 56, 60, 61, 68, 69, 72, 123]]
[146, 2.84557, [0, 1, 3, 4, 9, 11, 12, 25, 29, 31, 34, 35, 40, 42, 48, 52, 60, 63, 131, 132, 138]]
[146, 2.84195, [0, 1, 3, 4, 10, 11, 14, 15, 23, 33, 39, 47, 49, 53, 54, 58, 60, 70, 72, 89, 128]]

Search completed in 4 hours, 8 minutes, and 13.771 seconds.  Enter a string to quit.