Enter an integer k for which our Kempner sets are k-free: 3
Enter a positive integer modulus b: 51
Enter estimation parameters, or * for pre-computed parameters ([0.1038, 1.1117, 1.4456]): *
Enter a threshold (e.g. 4.2) to determine printed output: 2.68
Enter a root for the search space (e.g. [0, 1, 2]) [or * for the root [0]]: *
Enter an upper bound for the size of allowable digit sets [or * to ignore]: *
Enter a maximal number of deviations from a greedy search [or * to ignore]: *
Searching for k-free sets mod b...

[51, 2.68977, [0, 1, 3, 4, 9, 10, 12, 22, 25]]
[51, 2.72299, [0, 1, 3, 4, 9, 10, 12, 34, 38, 40]]
[51, 2.68742, [0, 1, 3, 4, 9, 10, 13, 21, 24]]
[51, 2.74408, [0, 1, 3, 4, 9, 10, 21, 22, 24, 25]]
[51, 2.71801, [0, 1, 3, 4, 9, 10, 21, 22, 24, 46]]
[51, 2.71655, [0, 1, 3, 4, 9, 10, 21, 22, 25, 45]]
[51, 2.6905, [0, 1, 3, 4, 9, 10, 21, 22, 45, 46]]
[51, 2.72043, [0, 1, 3, 4, 9, 10, 21, 23, 24, 40]]
[51, 2.71885, [0, 1, 3, 4, 9, 10, 21, 24, 25, 37]]
[51, 2.70124, [0, 1, 3, 4, 9, 10, 21, 24, 34, 40]]
[51, 2.69625, [0, 1, 3, 4, 9, 10, 21, 24, 34, 46]]
[51, 2.69778, [0, 1, 3, 4, 9, 10, 21, 24, 37, 40]]
[51, 2.69134, [0, 1, 3, 4, 9, 10, 21, 25, 37, 45]]
[51, 2.72317, [0, 1, 3, 4, 9, 10, 22, 23, 25, 33]]
[51, 2.71716, [0, 1, 3, 4, 9, 10, 22, 24, 25, 36]]
[51, 2.69111, [0, 1, 3, 4, 9, 10, 22, 24, 36, 46]]
[51, 2.69848, [0, 1, 3, 4, 9, 10, 22, 25, 33, 39]]
[51, 2.69328, [0, 1, 3, 4, 9, 10, 22, 25, 33, 45]]
[51, 2.69484, [0, 1, 3, 4, 9, 10, 22, 25, 36, 39]]
[51, 2.69194, [0, 1, 3, 4, 9, 10, 24, 25, 36, 37]]
[51, 2.70069, [0, 1, 3, 4, 9, 11, 12, 16, 25]]
[51, 2.73077, [0, 1, 3, 4, 9, 11, 16, 20, 25, 45]]
[51, 2.72834, [0, 1, 3, 4, 9, 11, 16, 24, 25, 36]]
[51, 2.70718, [0, 1, 3, 4, 9, 12, 13, 31, 35, 37]]
[51, 2.7247, [0, 1, 3, 4, 9, 13, 16, 20, 21, 45]]
[51, 2.78162, [0, 1, 3, 4, 9, 13, 19, 20, 24, 41, 43]]
[51, 2.70638, [0, 1, 3, 4, 9, 13, 19, 20, 24, 43]]
[51, 2.6822, [0, 1, 3, 4, 9, 13, 19, 20, 41, 43]]
[51, 2.71648, [0, 1, 3, 4, 9, 13, 19, 21, 24, 31]]
[51, 2.70334, [0, 1, 3, 4, 9, 13, 19, 21, 24, 43]]
[51, 2.68898, [0, 1, 3, 4, 9, 13, 19, 21, 31, 45]]
[51, 2.68958, [0, 1, 3, 4, 9, 13, 19, 24, 31, 36]]
[51, 2.70002, [0, 1, 3, 4, 9, 13, 20, 21, 24, 43]]
[51, 2.68213, [0, 1, 3, 4, 9, 13, 21, 24, 31, 37]]
[51, 2.7099, [0, 1, 3, 4, 9, 16, 19, 21, 24, 25]]
[51, 2.68387, [0, 1, 3, 4, 9, 16, 19, 21, 24, 46]]
[51, 2.68241, [0, 1, 3, 4, 9, 16, 19, 21, 25, 45]]
[51, 2.68301, [0, 1, 3, 4, 9, 16, 19, 24, 25, 36]]
[51, 2.70075, [0, 1, 3, 4, 9, 16, 21, 22, 24, 25]]
[51, 2.7624, [0, 1, 3, 4, 10, 11, 13, 14, 30, 35]]
[51, 2.7031, [0, 1, 3, 4, 10, 11, 13, 30, 35, 39]]
[51, 2.68471, [0, 1, 3, 4, 10, 11, 14, 15, 23]]
[51, 2.69262, [0, 1, 3, 4, 10, 11, 15, 25, 37, 45]]
[51, 2.7119, [0, 1, 3, 4, 10, 12, 18, 22, 25, 30]]
[51, 2.69811, [0, 1, 3, 4, 10, 12, 18, 22, 25, 42]]
[51, 2.68586, [0, 1, 3, 4, 10, 12, 18, 22, 30, 46]]
[51, 2.68669, [0, 1, 3, 4, 10, 12, 18, 25, 30, 37]]
[51, 2.7362, [0, 1, 3, 4, 10, 12, 18, 30, 38, 40, 44]]
[51, 2.70455, [0, 1, 3, 4, 10, 14, 15, 21, 22, 46]]
[51, 2.70601, [0, 1, 3, 4, 10, 15, 18, 22, 23, 25]]
[51, 2.70363, [0, 1, 3, 4, 10, 15, 18, 22, 24, 25]]
[51, 2.69363, [0, 1, 3, 4, 10, 15, 21, 22, 24, 25]]
[51, 2.68106, [0, 1, 3, 4, 11, 12, 14, 30, 35, 36]]
[51, 2.71749, [0, 1, 3, 4, 11, 12, 15, 17, 25, 43]]
[51, 2.69257, [0, 1, 3, 4, 11, 12, 16, 17, 38, 44]]
[51, 2.68617, [0, 1, 3, 4, 11, 12, 16, 25, 30, 36]]
[51, 2.74787, [0, 1, 3, 4, 11, 13, 14, 16, 20, 30]]
[51, 2.71792, [0, 1, 3, 4, 11, 13, 14, 16, 30, 36]]
[51, 2.70358, [0, 1, 3, 4, 11, 13, 14, 20, 30, 35]]
[51, 2.71645, [0, 1, 3, 4, 11, 13, 16, 17, 20, 45]]
[51, 2.68341, [0, 1, 3, 4, 11, 13, 16, 20, 30, 45]]
[51, 2.69137, [0, 1, 3, 4, 11, 15, 17, 20, 24, 32]]
[51, 2.72017, [0, 1, 3, 4, 11, 15, 17, 25, 37, 41, 43]]
[51, 2.71678, [0, 1, 3, 4, 11, 15, 17, 25, 37, 43, 45]]
[51, 2.68432, [0, 1, 3, 4, 12, 13, 18, 19, 30, 31]]
[51, 2.71704, [0, 1, 3, 4, 12, 14, 18, 30, 31, 38, 40]]
[51, 2.70279, [0, 1, 3, 4, 12, 14, 18, 30, 38, 40, 44]]
[51, 2.68464, [0, 1, 3, 4, 12, 14, 30, 31, 35, 36, 38]]
[51, 2.68945, [0, 1, 3, 4, 13, 14, 18, 19, 21, 31]]
[51, 2.72014, [0, 1, 3, 4, 13, 17, 19, 20, 24, 41, 43]]
[51, 2.69382, [0, 1, 3, 7, 8, 17, 19, 20, 22, 28, 42]]
[51, 2.68282, [0, 1, 3, 7, 8, 17, 19, 22, 24, 28, 42]]
[51, 2.68428, [0, 1, 4, 5, 11, 14, 16, 19, 20, 25, 44]]

Search completed in 0 hours, 0 minutes, and 0.129 seconds.  Enter a string to quit.