Enter an integer k for which our Kempner sets are k-free: 3
Enter a positive integer modulus b: 109
Enter estimation parameters, or * for pre-computed parameters ([0.0834, 1.0745, 1.4052]): *
Enter a threshold (e.g. 4.2) to determine printed output: 2.86
Enter a root for the search space (e.g. [0, 1, 2]) [or * for the root [0]]: *
Enter an upper bound for the size of allowable digit sets [or * to ignore]: *
Enter a maximal number of deviations from a greedy search [or * to ignore]: *
Searching for k-free sets mod b...

[109, 2.88227, [0, 1, 3, 4, 9, 10, 12, 13, 27, 28, 30, 31, 36, 37, 39, 40]]
[109, 2.86304, [0, 1, 3, 4, 9, 10, 12, 13, 27, 28, 30, 31, 36, 37, 39, 95]]
[109, 2.86242, [0, 1, 3, 4, 9, 10, 12, 13, 27, 28, 30, 31, 36, 37, 40, 94]]
[109, 2.86064, [0, 1, 3, 4, 9, 10, 12, 13, 27, 28, 30, 31, 37, 38, 40, 94]]
[109, 2.86033, [0, 1, 3, 4, 9, 10, 12, 13, 27, 28, 30, 31, 37, 39, 40, 91]]
[109, 2.87312, [0, 1, 3, 4, 9, 10, 12, 13, 27, 28, 30, 34, 36, 37, 39, 49]]
[109, 2.86776, [0, 1, 3, 4, 9, 10, 12, 13, 27, 28, 30, 36, 37, 39, 40, 49]]
[109, 2.87267, [0, 1, 3, 4, 9, 10, 12, 13, 27, 28, 31, 33, 36, 37, 40, 48]]
[109, 2.86703, [0, 1, 3, 4, 9, 10, 12, 13, 27, 28, 31, 36, 37, 39, 40, 48]]
[109, 2.86392, [0, 1, 3, 4, 9, 10, 12, 13, 27, 28, 32, 34, 35, 39, 48, 49]]
[109, 2.86353, [0, 1, 3, 4, 9, 10, 12, 13, 27, 28, 33, 34, 36, 37, 48, 49]]
[109, 2.86829, [0, 1, 3, 4, 9, 10, 12, 13, 27, 29, 30, 35, 36, 38, 39, 52]]
[109, 2.86481, [0, 1, 3, 4, 9, 10, 12, 13, 27, 29, 30, 36, 37, 39, 40, 52]]
[109, 2.86065, [0, 1, 3, 4, 9, 10, 12, 13, 27, 29, 33, 34, 43, 47, 79, 87, 89]]
[109, 2.87017, [0, 1, 3, 4, 9, 10, 12, 13, 27, 30, 31, 34, 36, 39, 40, 43]]
[109, 2.8661, [0, 1, 3, 4, 9, 10, 12, 13, 27, 30, 31, 34, 36, 39, 43, 46]]
[109, 2.86538, [0, 1, 3, 4, 9, 10, 12, 13, 27, 30, 31, 36, 37, 39, 40, 46]]
[109, 2.86049, [0, 1, 3, 4, 9, 10, 12, 13, 27, 31, 32, 34, 38, 40, 43, 47]]
[109, 2.86057, [0, 1, 3, 4, 9, 10, 12, 13, 27, 31, 33, 34, 36, 40, 43, 48]]
[109, 2.8735, [0, 1, 3, 4, 9, 10, 12, 13, 28, 29, 31, 32, 37, 38, 40, 41]]
[109, 2.87033, [0, 1, 3, 4, 9, 10, 12, 13, 28, 29, 31, 32, 38, 39, 41, 42]]
[109, 2.87776, [0, 1, 3, 4, 9, 10, 12, 13, 28, 29, 36, 37, 41, 42, 50, 51, 95]]
[109, 2.86947, [0, 1, 3, 4, 9, 10, 12, 13, 28, 30, 31, 33, 37, 39, 40, 42]]
[109, 2.86523, [0, 1, 3, 4, 9, 10, 12, 13, 28, 30, 31, 33, 37, 40, 42, 45]]
[109, 2.86445, [0, 1, 3, 4, 9, 10, 12, 13, 28, 30, 31, 36, 37, 39, 40, 45]]
[109, 2.86033, [0, 1, 3, 4, 9, 10, 12, 13, 28, 30, 33, 34, 37, 39, 42, 49]]
[109, 2.8903, [0, 1, 3, 4, 9, 10, 12, 13, 28, 33, 35, 36, 40, 41, 48, 50, 51]]
[109, 2.88522, [0, 1, 3, 4, 9, 10, 12, 13, 28, 34, 35, 37, 38, 45, 49, 50, 54]]
[109, 2.88472, [0, 1, 3, 4, 9, 10, 12, 13, 28, 34, 35, 37, 38, 45, 49, 51, 54]]
[109, 2.88419, [0, 1, 3, 4, 9, 10, 12, 13, 28, 34, 35, 37, 38, 45, 50, 51, 54]]
[109, 2.86869, [0, 1, 3, 4, 9, 10, 12, 13, 28, 34, 35, 39, 45, 48, 49, 54, 71]]
[109, 2.86536, [0, 1, 3, 4, 9, 10, 12, 13, 28, 35, 37, 38, 45, 50, 51, 54, 68]]
[109, 2.86467, [0, 1, 3, 4, 9, 10, 12, 13, 28, 35, 37, 40, 41, 48, 49, 51, 91]]
[109, 2.86521, [0, 1, 3, 4, 9, 10, 12, 13, 29, 30, 32, 33, 38, 39, 41, 42]]
[109, 2.86219, [0, 1, 3, 4, 9, 10, 12, 13, 29, 30, 32, 33, 39, 40, 42, 43]]
[109, 2.86084, [0, 1, 3, 4, 9, 10, 12, 13, 29, 30, 32, 33, 39, 40, 43, 44]]
[109, 2.86078, [0, 1, 3, 4, 9, 10, 12, 13, 29, 30, 32, 33, 39, 41, 42, 44]]
[109, 2.90551, [0, 1, 3, 4, 9, 10, 12, 13, 29, 30, 33, 35, 38, 39, 42, 44, 52]]
[109, 2.89131, [0, 1, 3, 4, 9, 10, 12, 13, 29, 30, 33, 35, 38, 42, 44, 52, 68]]
[109, 2.89358, [0, 1, 3, 4, 9, 10, 12, 13, 29, 30, 35, 37, 38, 42, 43, 52, 53]]
[109, 2.87358, [0, 1, 3, 4, 9, 10, 12, 13, 29, 30, 35, 37, 42, 43, 52, 53, 89]]
[109, 2.8615, [0, 1, 3, 4, 9, 10, 12, 13, 29, 30, 35, 37, 42, 43, 53, 89, 95]]
[109, 2.8614, [0, 1, 3, 4, 9, 10, 12, 13, 29, 31, 32, 34, 38, 40, 41, 43]]
[109, 2.87509, [0, 1, 3, 4, 9, 10, 12, 13, 29, 31, 35, 36, 42, 44, 47, 51, 95]]
[109, 2.89221, [0, 1, 3, 4, 9, 10, 12, 13, 29, 31, 35, 37, 38, 51, 68, 81, 83, 87]]
[109, 2.86758, [0, 1, 3, 4, 9, 10, 12, 13, 29, 34, 36, 37, 41, 47, 50, 52, 89]]
[109, 2.8771, [0, 1, 3, 4, 9, 10, 12, 13, 29, 35, 37, 38, 42, 43, 50, 52, 53]]
[109, 2.88155, [0, 1, 3, 4, 9, 10, 12, 13, 30, 34, 35, 37, 41, 43, 46, 53, 54]]
[109, 2.87792, [0, 1, 3, 4, 9, 10, 12, 13, 30, 34, 35, 37, 41, 46, 49, 53, 54]]
[109, 2.8633, [0, 1, 3, 4, 9, 10, 12, 13, 30, 34, 35, 37, 41, 49, 53, 54, 91]]
[109, 2.86632, [0, 1, 3, 4, 9, 10, 12, 13, 30, 34, 36, 37, 41, 43, 53, 54, 89]]
[109, 2.87792, [0, 1, 3, 4, 9, 10, 12, 13, 30, 34, 36, 39, 40, 43, 49, 53, 54]]
[109, 2.87636, [0, 1, 3, 4, 9, 10, 12, 13, 30, 34, 36, 40, 41, 43, 49, 53, 54]]
[109, 2.87638, [0, 1, 3, 4, 9, 10, 12, 13, 31, 35, 36, 38, 42, 44, 47, 51, 54]]
[109, 2.86037, [0, 1, 3, 4, 9, 10, 12, 13, 31, 35, 37, 42, 45, 46, 51, 54, 68]]
[109, 2.86541, [0, 1, 3, 4, 9, 10, 12, 13, 32, 33, 35, 39, 42, 47, 48, 50, 89]]
[109, 2.86243, [0, 1, 3, 4, 9, 10, 12, 13, 32, 33, 35, 42, 43, 47, 48, 50, 89]]
[109, 2.86062, [0, 1, 3, 4, 9, 10, 12, 13, 33, 34, 36, 43, 44, 48, 49, 51, 70]]
[109, 2.86388, [0, 1, 3, 4, 9, 10, 12, 13, 33, 34, 37, 38, 44, 47, 49, 52, 69]]
[109, 2.86039, [0, 1, 3, 4, 9, 10, 12, 13, 33, 34, 37, 38, 47, 49, 50, 52, 69]]
[109, 2.87333, [0, 1, 3, 4, 9, 10, 12, 13, 33, 34, 38, 39, 41, 46, 47, 50, 52]]
[109, 2.86971, [0, 1, 3, 4, 9, 10, 12, 13, 33, 35, 38, 39, 44, 46, 47, 51, 52]]
[109, 2.86811, [0, 1, 3, 4, 9, 10, 12, 13, 34, 35, 37, 38, 45, 47, 48, 50, 54]]
[109, 2.86653, [0, 1, 3, 4, 9, 10, 12, 13, 34, 35, 37, 38, 45, 47, 50, 51, 54]]
[109, 2.863, [0, 1, 3, 4, 9, 10, 12, 13, 34, 35, 37, 42, 45, 46, 51, 52, 54]]
[109, 2.8664, [0, 1, 3, 4, 9, 10, 12, 13, 34, 35, 38, 39, 45, 47, 48, 50, 54]]
[109, 2.86493, [0, 1, 3, 4, 9, 10, 12, 13, 34, 35, 38, 39, 45, 47, 48, 53, 54]]
[109, 2.86329, [0, 1, 3, 4, 9, 10, 12, 13, 34, 35, 38, 39, 45, 48, 50, 53, 54]]
[109, 2.86325, [0, 1, 3, 4, 9, 10, 12, 13, 34, 35, 38, 40, 43, 49, 50, 53, 54]]
[109, 2.86673, [0, 1, 3, 4, 9, 10, 12, 13, 34, 35, 39, 40, 42, 47, 48, 51, 53]]
[109, 2.86086, [0, 1, 3, 4, 9, 10, 12, 13, 34, 35, 40, 41, 43, 49, 50, 53, 54]]
[109, 2.86311, [0, 1, 3, 4, 9, 10, 12, 13, 34, 36, 37, 39, 46, 47, 51, 52, 54]]
[109, 2.86306, [0, 1, 3, 4, 9, 10, 12, 13, 34, 36, 37, 41, 42, 49, 51, 52, 54]]
[109, 2.86287, [0, 1, 3, 4, 9, 10, 12, 13, 34, 36, 37, 42, 43, 46, 51, 53, 54]]
[109, 2.86326, [0, 1, 3, 4, 9, 10, 12, 13, 34, 36, 39, 40, 45, 47, 48, 52, 53]]
[109, 2.86042, [0, 1, 3, 4, 9, 10, 12, 13, 35, 36, 40, 41, 43, 48, 49, 52, 54]]
[109, 2.88295, [0, 1, 3, 4, 9, 11, 12, 16, 26, 30, 33, 35, 38, 39, 42, 47, 53]]
[109, 2.87866, [0, 1, 3, 4, 9, 11, 12, 16, 26, 30, 33, 35, 38, 42, 45, 47, 53]]
[109, 2.87008, [0, 1, 3, 4, 9, 11, 12, 16, 26, 33, 34, 37, 38, 44, 46, 47, 53]]
[109, 2.86034, [0, 1, 3, 4, 10, 11, 13, 14, 29, 30, 35, 37, 38, 42, 43, 52, 53]]
[109, 2.86445, [0, 1, 3, 4, 10, 11, 13, 14, 29, 31, 34, 35, 38, 40, 43, 50, 53]]
[109, 2.86035, [0, 1, 3, 4, 10, 11, 13, 14, 29, 31, 34, 35, 38, 43, 46, 50, 53]]
[109, 2.89554, [0, 1, 3, 4, 10, 11, 13, 14, 29, 32, 34, 37, 38, 41, 43, 46, 59, 87]]
[109, 2.86413, [0, 1, 3, 4, 10, 11, 13, 14, 30, 31, 34, 36, 39, 40, 43, 45, 53]]
[109, 2.87917, [0, 1, 3, 4, 10, 11, 13, 14, 32, 34, 37, 38, 41, 43, 46, 47, 59, 87]]
[109, 2.8863, [0, 1, 3, 4, 10, 12, 13, 15, 28, 34, 35, 37, 38, 45, 47, 50, 51, 54]]

Search completed in 0 hours, 6 minutes, and 17.388 seconds.  Enter a string to quit.