Enter an integer k for which our Kempner sets are k-free: 3
Enter a positive integer modulus b: 160
Enter estimation parameters, or * for pre-computed parameters ([0.0771, 1.0555, 1.4023]): *
Enter a threshold (e.g. 4.2) to determine printed output: 2.85
Enter a root for the search space (e.g. [0, 1, 2]) [or * for the root [0]]: *
Enter an upper bound for the size of allowable digit sets [or * to ignore]: 29
Enter a maximal number of deviations from a greedy search [or * to ignore]: *
Searching for k-free sets mod b...

[160, 2.85699, [0, 1, 3, 4, 9, 10, 12, 13, 27, 28, 30, 31, 36, 37, 66, 67, 75, 76, 78, 79]]
[160, 2.8505, [0, 1, 3, 4, 9, 10, 12, 13, 27, 28, 30, 34, 35, 39, 62, 63, 71, 72, 76, 137]]
[160, 2.86041, [0, 1, 3, 4, 9, 10, 12, 13, 27, 28, 30, 34, 36, 37, 49, 66, 75, 76, 78, 79]]
[160, 2.85084, [0, 1, 3, 4, 9, 10, 12, 13, 27, 28, 30, 34, 36, 37, 49, 75, 76, 78, 79, 127]]
[160, 2.86948, [0, 1, 3, 4, 9, 10, 12, 13, 27, 28, 30, 34, 37, 49, 63, 69, 72, 76, 78, 79, 127]]
[160, 2.85686, [0, 1, 3, 4, 9, 10, 12, 13, 27, 28, 30, 34, 49, 61, 63, 69, 72, 76, 78, 79, 127]]
[160, 2.85723, [0, 1, 3, 4, 9, 10, 12, 13, 27, 28, 30, 34, 49, 62, 63, 69, 72, 73, 78, 79, 127]]
[160, 2.86672, [0, 1, 3, 4, 9, 10, 12, 13, 27, 28, 30, 36, 49, 58, 61, 65, 66, 75, 76, 78, 79]]
[160, 2.85145, [0, 1, 3, 4, 9, 10, 12, 13, 27, 28, 31, 32, 48, 57, 67, 73, 75, 76, 78, 116, 126]]
[160, 2.86044, [0, 1, 3, 4, 9, 10, 12, 13, 27, 28, 31, 33, 36, 37, 48, 67, 75, 76, 78, 79]]
[160, 2.85725, [0, 1, 3, 4, 9, 10, 12, 13, 27, 28, 31, 33, 37, 60, 67, 68, 75, 78, 79, 104, 142]]
[160, 2.85241, [0, 1, 3, 4, 9, 10, 12, 13, 27, 28, 31, 37, 39, 60, 63, 67, 72, 76, 79, 128, 136]]
[160, 2.85768, [0, 1, 3, 4, 9, 10, 12, 13, 27, 28, 32, 33, 35, 48, 49, 59, 72, 73, 75, 76]]
[160, 2.85704, [0, 1, 3, 4, 9, 10, 12, 13, 27, 28, 32, 33, 35, 48, 49, 59, 72, 73, 75, 79]]
[160, 2.85724, [0, 1, 3, 4, 9, 10, 12, 13, 27, 28, 32, 33, 35, 48, 49, 59, 72, 73, 76, 77]]
[160, 2.85702, [0, 1, 3, 4, 9, 10, 12, 13, 27, 28, 32, 33, 35, 48, 49, 59, 72, 73, 76, 78]]
[160, 2.85681, [0, 1, 3, 4, 9, 10, 12, 13, 27, 28, 32, 33, 35, 48, 49, 59, 72, 73, 77, 78]]
[160, 2.8566, [0, 1, 3, 4, 9, 10, 12, 13, 27, 28, 32, 33, 35, 48, 49, 59, 72, 73, 77, 79]]
[160, 2.85044, [0, 1, 3, 4, 9, 10, 12, 13, 27, 28, 32, 33, 35, 48, 49, 59, 72, 73, 77, 124]]
[160, 2.85639, [0, 1, 3, 4, 9, 10, 12, 13, 27, 28, 32, 33, 35, 48, 49, 59, 72, 73, 78, 79]]
[160, 2.85722, [0, 1, 3, 4, 9, 10, 12, 13, 27, 28, 32, 33, 35, 48, 49, 59, 72, 74, 75, 77]]
[160, 2.8568, [0, 1, 3, 4, 9, 10, 12, 13, 27, 28, 32, 33, 35, 48, 49, 59, 72, 74, 75, 79]]
[160, 2.85657, [0, 1, 3, 4, 9, 10, 12, 13, 27, 28, 32, 33, 35, 48, 49, 59, 72, 74, 77, 78]]
[160, 2.85636, [0, 1, 3, 4, 9, 10, 12, 13, 27, 28, 32, 33, 35, 48, 49, 59, 72, 74, 77, 79]]
[160, 2.85021, [0, 1, 3, 4, 9, 10, 12, 13, 27, 28, 32, 33, 35, 48, 49, 59, 72, 74, 77, 124]]
[160, 2.85615, [0, 1, 3, 4, 9, 10, 12, 13, 27, 28, 32, 33, 35, 48, 49, 59, 72, 74, 78, 79]]
[160, 2.85635, [0, 1, 3, 4, 9, 10, 12, 13, 27, 28, 32, 33, 35, 48, 49, 59, 72, 75, 76, 79]]
[160, 2.85591, [0, 1, 3, 4, 9, 10, 12, 13, 27, 28, 32, 33, 35, 48, 49, 59, 72, 76, 77, 79]]
[160, 2.8557, [0, 1, 3, 4, 9, 10, 12, 13, 27, 28, 32, 33, 35, 48, 49, 59, 72, 76, 78, 79]]
[160, 2.85676, [0, 1, 3, 4, 9, 10, 12, 13, 27, 28, 32, 33, 35, 48, 49, 59, 73, 74, 76, 77]]
[160, 2.85633, [0, 1, 3, 4, 9, 10, 12, 13, 27, 28, 32, 33, 35, 48, 49, 59, 73, 74, 77, 78]]
[160, 2.85612, [0, 1, 3, 4, 9, 10, 12, 13, 27, 28, 32, 33, 35, 48, 49, 59, 73, 74, 77, 79]]
[160, 2.85591, [0, 1, 3, 4, 9, 10, 12, 13, 27, 28, 32, 33, 35, 48, 49, 59, 73, 74, 78, 79]]
[160, 2.85632, [0, 1, 3, 4, 9, 10, 12, 13, 27, 28, 32, 33, 35, 48, 49, 59, 73, 75, 76, 78]]
[160, 2.85568, [0, 1, 3, 4, 9, 10, 12, 13, 27, 28, 32, 33, 35, 48, 49, 59, 73, 75, 78, 79]]
[160, 2.85587, [0, 1, 3, 4, 9, 10, 12, 13, 27, 28, 32, 33, 35, 48, 49, 59, 74, 75, 77, 78]]
[160, 2.85545, [0, 1, 3, 4, 9, 10, 12, 13, 27, 28, 32, 33, 35, 48, 49, 59, 74, 75, 78, 79]]
[160, 2.85544, [0, 1, 3, 4, 9, 10, 12, 13, 27, 28, 32, 33, 35, 48, 49, 59, 74, 76, 77, 79]]
[160, 2.855, [0, 1, 3, 4, 9, 10, 12, 13, 27, 28, 32, 33, 35, 48, 49, 59, 75, 76, 78, 79]]
[160, 2.86889, [0, 1, 3, 4, 9, 10, 12, 13, 27, 28, 32, 33, 35, 48, 49, 73, 75, 76, 78, 116, 126]]
[160, 2.85268, [0, 1, 3, 4, 9, 10, 12, 13, 27, 28, 32, 33, 48, 49, 67, 73, 75, 76, 78, 116, 126]]
[160, 2.86769, [0, 1, 3, 4, 9, 10, 12, 13, 27, 28, 32, 33, 48, 58, 59, 67, 71, 72, 74, 78, 79]]
[160, 2.86038, [0, 1, 3, 4, 9, 10, 12, 13, 27, 28, 32, 33, 48, 58, 59, 67, 71, 72, 74, 78, 137]]
[160, 2.86387, [0, 1, 3, 4, 9, 10, 12, 13, 27, 28, 33, 34, 36, 37, 48, 49, 75, 76, 78, 79]]
[160, 2.85134, [0, 1, 3, 4, 9, 10, 12, 13, 27, 28, 33, 34, 36, 48, 49, 61, 75, 76, 78, 79]]
[160, 2.85082, [0, 1, 3, 4, 9, 10, 12, 13, 27, 28, 33, 34, 37, 48, 49, 60, 75, 76, 78, 79]]
[160, 2.86522, [0, 1, 3, 4, 9, 10, 12, 13, 27, 28, 33, 35, 36, 40, 48, 49, 64, 73, 74, 78]]
[160, 2.86499, [0, 1, 3, 4, 9, 10, 12, 13, 27, 28, 33, 35, 36, 40, 48, 49, 64, 73, 75, 78]]
[160, 2.86475, [0, 1, 3, 4, 9, 10, 12, 13, 27, 28, 33, 35, 36, 40, 48, 49, 64, 74, 75, 78]]
[160, 2.85121, [0, 1, 3, 4, 9, 10, 12, 13, 27, 28, 33, 35, 36, 48, 49, 64, 73, 74, 76, 77]]
[160, 2.85078, [0, 1, 3, 4, 9, 10, 12, 13, 27, 28, 33, 35, 36, 48, 49, 64, 73, 74, 77, 78]]
[160, 2.85077, [0, 1, 3, 4, 9, 10, 12, 13, 27, 28, 33, 35, 36, 48, 49, 64, 73, 75, 76, 78]]
[160, 2.85031, [0, 1, 3, 4, 9, 10, 12, 13, 27, 28, 33, 35, 36, 48, 49, 64, 74, 75, 77, 78]]
[160, 2.85364, [0, 1, 3, 4, 9, 10, 12, 13, 27, 28, 33, 35, 40, 48, 49, 59, 64, 72, 73, 75]]
[160, 2.8534, [0, 1, 3, 4, 9, 10, 12, 13, 27, 28, 33, 35, 40, 48, 49, 59, 64, 72, 74, 75]]
[160, 2.8573, [0, 1, 3, 4, 9, 10, 12, 13, 27, 28, 33, 37, 49, 59, 60, 67, 68, 72, 78, 79, 104]]
[160, 2.85158, [0, 1, 3, 4, 9, 10, 12, 13, 27, 28, 36, 37, 40, 48, 58, 66, 75, 78, 97, 101, 145]]
[160, 2.85229, [0, 1, 3, 4, 9, 10, 12, 13, 27, 28, 36, 48, 49, 58, 61, 65, 66, 75, 76, 78, 79]]
[160, 2.85286, [0, 1, 3, 4, 9, 10, 12, 13, 27, 29, 30, 32, 38, 43, 62, 65, 69, 71, 78, 79]]
[160, 2.85202, [0, 1, 3, 4, 9, 10, 12, 13, 27, 29, 30, 32, 38, 43, 62, 68, 69, 71, 78, 79]]
[160, 2.85353, [0, 1, 3, 4, 9, 10, 12, 13, 27, 29, 30, 32, 40, 43, 62, 65, 66, 69, 75, 78]]
[160, 2.85079, [0, 1, 3, 4, 9, 10, 12, 13, 27, 29, 30, 32, 43, 65, 66, 68, 69, 75, 79, 142, 144]]
[160, 2.86014, [0, 1, 3, 4, 9, 10, 12, 13, 27, 29, 30, 34, 35, 37, 52, 63, 72, 76, 78, 79]]
[160, 2.85425, [0, 1, 3, 4, 9, 10, 12, 13, 27, 29, 30, 34, 35, 37, 52, 63, 72, 76, 79, 119]]
[160, 2.86828, [0, 1, 3, 4, 9, 10, 12, 13, 27, 29, 30, 34, 37, 43, 63, 66, 72, 75, 79, 104, 127]]
[160, 2.86254, [0, 1, 3, 4, 9, 10, 12, 13, 27, 29, 30, 34, 37, 43, 63, 66, 72, 79, 104, 111, 127]]
[160, 2.8527, [0, 1, 3, 4, 9, 10, 12, 13, 27, 29, 30, 34, 40, 43, 61, 62, 66, 69, 75, 78]]
[160, 2.861, [0, 1, 3, 4, 9, 10, 12, 13, 27, 29, 32, 34, 43, 47, 66, 69, 70, 75, 78, 79, 142]]
[160, 2.85629, [0, 1, 3, 4, 9, 10, 12, 13, 27, 29, 32, 36, 47, 56, 66, 70, 73, 75, 78, 79, 97]]
[160, 2.8653, [0, 1, 3, 4, 9, 10, 12, 13, 27, 29, 34, 40, 47, 52, 61, 62, 66, 69, 73, 74, 78]]
[160, 2.85941, [0, 1, 3, 4, 9, 10, 12, 13, 27, 29, 35, 36, 40, 47, 56, 64, 74, 75, 78, 97, 134]]
[160, 2.86013, [0, 1, 3, 4, 9, 10, 12, 13, 27, 29, 35, 36, 47, 52, 56, 64, 73, 74, 78, 79, 97]]
[160, 2.86322, [0, 1, 3, 4, 9, 10, 12, 13, 27, 30, 31, 36, 40, 46, 55, 66, 73, 75, 78, 99, 127]]
[160, 2.85637, [0, 1, 3, 4, 9, 10, 12, 13, 27, 30, 31, 36, 40, 46, 55, 66, 75, 78, 99, 117, 127]]
[160, 2.8647, [0, 1, 3, 4, 9, 10, 12, 13, 27, 30, 34, 36, 37, 49, 52, 66, 75, 76, 78, 79, 127]]
[160, 2.8586, [0, 1, 3, 4, 9, 10, 12, 13, 27, 30, 34, 36, 37, 49, 52, 75, 76, 78, 79, 96, 127]]
[160, 2.85209, [0, 1, 3, 4, 9, 10, 12, 13, 27, 30, 34, 36, 49, 52, 61, 66, 75, 76, 78, 79, 127]]
[160, 2.85194, [0, 1, 3, 4, 9, 10, 12, 13, 27, 30, 34, 37, 49, 52, 63, 66, 72, 75, 76, 79, 127]]
[160, 2.85058, [0, 1, 3, 4, 9, 10, 12, 13, 27, 30, 34, 37, 49, 52, 63, 66, 75, 76, 78, 79, 127]]
[160, 2.85046, [0, 1, 3, 4, 9, 10, 12, 13, 27, 30, 34, 37, 49, 52, 63, 69, 72, 76, 78, 79, 127]]
[160, 2.85304, [0, 1, 3, 4, 9, 10, 12, 13, 27, 30, 34, 40, 43, 49, 61, 63, 66, 75, 78, 104, 127]]
[160, 2.86609, [0, 1, 3, 4, 9, 10, 12, 13, 27, 31, 32, 34, 38, 43, 46, 47, 57, 69, 70, 78]]
[160, 2.85591, [0, 1, 3, 4, 9, 10, 12, 13, 27, 31, 32, 34, 38, 43, 46, 47, 57, 70, 78, 145]]
[160, 2.85166, [0, 1, 3, 4, 9, 10, 12, 13, 27, 31, 32, 34, 38, 43, 46, 47, 70, 71, 78, 145]]
[160, 2.85503, [0, 1, 3, 4, 9, 10, 12, 13, 27, 31, 32, 34, 38, 43, 47, 57, 69, 70, 78, 79]]
[160, 2.85455, [0, 1, 3, 4, 9, 10, 12, 13, 27, 31, 32, 34, 38, 46, 47, 57, 69, 70, 74, 77]]
[160, 2.85367, [0, 1, 3, 4, 9, 10, 12, 13, 27, 31, 32, 34, 38, 46, 47, 57, 69, 70, 77, 78]]
[160, 2.85409, [0, 1, 3, 4, 9, 10, 12, 13, 27, 31, 32, 34, 38, 46, 47, 57, 69, 71, 74, 78]]
[160, 2.85342, [0, 1, 3, 4, 9, 10, 12, 13, 27, 31, 32, 34, 38, 46, 47, 57, 69, 71, 77, 78]]
[160, 2.8527, [0, 1, 3, 4, 9, 10, 12, 13, 27, 31, 32, 34, 38, 46, 47, 57, 69, 74, 77, 78]]
[160, 2.85316, [0, 1, 3, 4, 9, 10, 12, 13, 27, 31, 32, 34, 38, 46, 47, 57, 70, 71, 77, 78]]
[160, 2.85264, [0, 1, 3, 4, 9, 10, 12, 13, 27, 31, 32, 34, 38, 46, 48, 57, 70, 71, 77, 78]]
[160, 2.87598, [0, 1, 3, 4, 9, 10, 12, 13, 27, 31, 32, 34, 38, 47, 48, 57, 70, 71, 74, 79, 125]]
[160, 2.85209, [0, 1, 3, 4, 9, 10, 12, 13, 27, 31, 32, 34, 38, 47, 48, 57, 70, 71, 77, 78]]
[160, 2.85189, [0, 1, 3, 4, 9, 10, 12, 13, 27, 31, 32, 34, 38, 47, 48, 57, 70, 71, 77, 79]]
[160, 2.85167, [0, 1, 3, 4, 9, 10, 12, 13, 27, 31, 32, 34, 38, 47, 48, 57, 70, 71, 78, 79]]
[160, 2.85117, [0, 1, 3, 4, 9, 10, 12, 13, 27, 31, 32, 34, 38, 47, 48, 57, 70, 74, 77, 79]]
[160, 2.8507, [0, 1, 3, 4, 9, 10, 12, 13, 27, 31, 32, 34, 38, 47, 48, 57, 71, 74, 78, 79]]
[160, 2.85285, [0, 1, 3, 4, 9, 10, 12, 13, 27, 31, 32, 34, 43, 46, 47, 57, 66, 69, 70, 78]]
[160, 2.85128, [0, 1, 3, 4, 9, 10, 12, 13, 27, 31, 32, 34, 43, 46, 47, 57, 69, 70, 72, 78]]
[160, 2.85057, [0, 1, 3, 4, 9, 10, 12, 13, 27, 31, 32, 34, 43, 46, 47, 57, 69, 70, 75, 78]]
[160, 2.86891, [0, 1, 3, 4, 9, 10, 12, 13, 27, 31, 32, 34, 43, 46, 47, 66, 70, 71, 75, 78, 145]]
[160, 2.86838, [0, 1, 3, 4, 9, 10, 12, 13, 27, 31, 32, 34, 43, 46, 48, 66, 70, 71, 75, 78, 145]]
[160, 2.86918, [0, 1, 3, 4, 9, 10, 12, 13, 27, 31, 32, 34, 43, 47, 48, 57, 70, 75, 78, 79, 142]]
[160, 2.86127, [0, 1, 3, 4, 9, 10, 12, 13, 27, 31, 32, 34, 43, 47, 48, 57, 70, 75, 78, 142, 145]]
[160, 2.86783, [0, 1, 3, 4, 9, 10, 12, 13, 27, 31, 32, 34, 43, 47, 48, 66, 70, 71, 75, 78, 145]]
[160, 2.86623, [0, 1, 3, 4, 9, 10, 12, 13, 27, 31, 32, 34, 43, 47, 48, 66, 70, 75, 78, 79, 142]]
[160, 2.85832, [0, 1, 3, 4, 9, 10, 12, 13, 27, 31, 32, 34, 43, 47, 48, 66, 70, 75, 78, 142, 145]]
[160, 2.86374, [0, 1, 3, 4, 9, 10, 12, 13, 27, 31, 32, 34, 43, 47, 57, 66, 69, 70, 78, 79, 142]]
[160, 2.85413, [0, 1, 3, 4, 9, 10, 12, 13, 27, 31, 32, 34, 43, 47, 57, 66, 69, 78, 79, 140, 142]]
[160, 2.85402, [0, 1, 3, 4, 9, 10, 12, 13, 27, 31, 32, 34, 43, 47, 57, 66, 70, 78, 79, 138, 142]]
[160, 2.86145, [0, 1, 3, 4, 9, 10, 12, 13, 27, 31, 32, 34, 43, 47, 57, 69, 70, 75, 78, 79, 142]]
[160, 2.85496, [0, 1, 3, 4, 9, 10, 12, 13, 27, 31, 32, 34, 43, 47, 57, 69, 70, 78, 79, 118, 142]]
[160, 2.8585, [0, 1, 3, 4, 9, 10, 12, 13, 27, 31, 32, 34, 43, 47, 66, 69, 70, 75, 78, 79, 142]]
[160, 2.87088, [0, 1, 3, 4, 9, 10, 12, 13, 27, 31, 32, 34, 46, 47, 57, 66, 70, 71, 73, 77, 78]]
[160, 2.85957, [0, 1, 3, 4, 9, 10, 12, 13, 27, 31, 32, 34, 46, 47, 57, 70, 71, 75, 76, 78, 145]]
[160, 2.85904, [0, 1, 3, 4, 9, 10, 12, 13, 27, 31, 32, 34, 46, 48, 57, 70, 71, 75, 76, 78, 145]]
[160, 2.86082, [0, 1, 3, 4, 9, 10, 12, 13, 27, 31, 32, 34, 47, 48, 57, 70, 71, 73, 74, 79, 125]]
[160, 2.85849, [0, 1, 3, 4, 9, 10, 12, 13, 27, 31, 32, 34, 47, 48, 57, 70, 71, 75, 76, 78, 145]]
[160, 2.86034, [0, 1, 3, 4, 9, 10, 12, 13, 27, 31, 32, 34, 47, 48, 57, 70, 72, 73, 75, 79, 125]]
[160, 2.85085, [0, 1, 3, 4, 9, 10, 12, 13, 27, 31, 32, 34, 47, 48, 57, 70, 74, 75, 79, 125, 142]]
[160, 2.85739, [0, 1, 3, 4, 9, 10, 12, 13, 27, 31, 32, 34, 47, 48, 66, 70, 72, 73, 75, 79, 125]]
[160, 2.8519, [0, 1, 3, 4, 9, 10, 12, 13, 27, 31, 32, 34, 47, 57, 66, 70, 72, 73, 77, 79, 138]]
[160, 2.85483, [0, 1, 3, 4, 9, 10, 12, 13, 27, 31, 32, 36, 38, 39, 43, 56, 57, 70, 79, 138]]
[160, 2.86757, [0, 1, 3, 4, 9, 10, 12, 13, 27, 31, 32, 36, 43, 46, 48, 66, 67, 70, 75, 78, 145]]
[160, 2.85157, [0, 1, 3, 4, 9, 10, 12, 13, 27, 31, 32, 36, 43, 47, 48, 56, 57, 70, 75, 79]]
[160, 2.87854, [0, 1, 3, 4, 9, 10, 12, 13, 27, 31, 32, 36, 43, 47, 48, 56, 66, 70, 75, 78, 79]]
[160, 2.87063, [0, 1, 3, 4, 9, 10, 12, 13, 27, 31, 32, 36, 43, 47, 48, 56, 66, 70, 75, 78, 145]]
[160, 2.85528, [0, 1, 3, 4, 9, 10, 12, 13, 27, 31, 32, 36, 46, 48, 66, 67, 70, 75, 76, 78, 145]]
[160, 2.87033, [0, 1, 3, 4, 9, 10, 12, 13, 27, 31, 32, 36, 47, 48, 56, 57, 70, 73, 74, 77, 79]]
[160, 2.86362, [0, 1, 3, 4, 9, 10, 12, 13, 27, 31, 32, 36, 47, 48, 56, 57, 70, 73, 74, 79, 125]]
[160, 2.86339, [0, 1, 3, 4, 9, 10, 12, 13, 27, 31, 32, 36, 47, 48, 56, 57, 70, 73, 75, 79, 125]]
[160, 2.86315, [0, 1, 3, 4, 9, 10, 12, 13, 27, 31, 32, 36, 47, 48, 56, 57, 70, 74, 75, 79, 125]]
[160, 2.86694, [0, 1, 3, 4, 9, 10, 12, 13, 27, 31, 32, 36, 47, 48, 56, 66, 70, 73, 75, 78, 79]]
[160, 2.86044, [0, 1, 3, 4, 9, 10, 12, 13, 27, 31, 32, 36, 47, 48, 56, 66, 70, 73, 75, 79, 125]]
[160, 2.85494, [0, 1, 3, 4, 9, 10, 12, 13, 27, 31, 32, 36, 47, 56, 57, 66, 70, 73, 77, 79, 138]]
[160, 2.85432, [0, 1, 3, 4, 9, 10, 12, 13, 27, 31, 32, 36, 47, 57, 65, 66, 70, 76, 77, 79, 106]]
[160, 2.85479, [0, 1, 3, 4, 9, 10, 12, 13, 27, 31, 32, 43, 46, 47, 56, 68, 70, 71, 75, 78, 145]]
[160, 2.86019, [0, 1, 3, 4, 9, 10, 12, 13, 27, 31, 32, 43, 46, 48, 56, 57, 67, 70, 72, 75, 145]]
[160, 2.85426, [0, 1, 3, 4, 9, 10, 12, 13, 27, 31, 32, 43, 46, 48, 56, 68, 70, 71, 75, 78, 145]]
[160, 2.858, [0, 1, 3, 4, 9, 10, 12, 13, 27, 31, 32, 43, 47, 48, 56, 57, 68, 70, 75, 78, 145]]
[160, 2.85562, [0, 1, 3, 4, 9, 10, 12, 13, 27, 31, 32, 43, 47, 48, 56, 57, 70, 75, 78, 79, 142]]
[160, 2.85616, [0, 1, 3, 4, 9, 10, 12, 13, 27, 31, 32, 43, 47, 48, 56, 66, 68, 71, 72, 75, 145]]
[160, 2.8548, [0, 1, 3, 4, 9, 10, 12, 13, 27, 31, 32, 43, 47, 48, 56, 66, 68, 71, 75, 78, 145]]
[160, 2.8543, [0, 1, 3, 4, 9, 10, 12, 13, 27, 31, 32, 43, 47, 48, 56, 66, 68, 71, 78, 79, 140]]
[160, 2.8558, [0, 1, 3, 4, 9, 10, 12, 13, 27, 31, 32, 43, 47, 48, 56, 66, 70, 71, 75, 78, 126]]
[160, 2.85427, [0, 1, 3, 4, 9, 10, 12, 13, 27, 31, 32, 43, 47, 48, 56, 66, 70, 71, 75, 78, 145]]
[160, 2.85267, [0, 1, 3, 4, 9, 10, 12, 13, 27, 31, 32, 43, 47, 48, 56, 66, 70, 75, 78, 79, 142]]
[160, 2.85372, [0, 1, 3, 4, 9, 10, 12, 13, 27, 31, 32, 43, 47, 48, 56, 68, 70, 71, 75, 78, 145]]
[160, 2.87741, [0, 1, 3, 4, 9, 10, 12, 13, 27, 31, 32, 47, 48, 56, 57, 68, 70, 71, 75, 76, 78, 145]]
[160, 2.85522, [0, 1, 3, 4, 9, 10, 12, 13, 27, 31, 32, 47, 48, 56, 57, 68, 70, 71, 75, 77, 78]]
[160, 2.8581, [0, 1, 3, 4, 9, 10, 12, 13, 27, 31, 33, 34, 36, 43, 47, 48, 70, 75, 78, 79]]
[160, 2.8505, [0, 1, 3, 4, 9, 10, 12, 13, 27, 31, 33, 34, 38, 46, 48, 60, 70, 71, 77, 78]]
[160, 2.85075, [0, 1, 3, 4, 9, 10, 12, 13, 27, 31, 33, 46, 47, 55, 60, 68, 70, 71, 75, 78, 99]]
[160, 2.85171, [0, 1, 3, 4, 9, 10, 12, 13, 27, 31, 33, 47, 48, 55, 60, 64, 70, 71, 74, 75, 99]]
[160, 2.85507, [0, 1, 3, 4, 9, 10, 12, 13, 27, 31, 38, 46, 48, 55, 56, 60, 68, 70, 71, 77, 78]]
[160, 2.85414, [0, 1, 3, 4, 9, 10, 12, 13, 27, 31, 38, 47, 48, 55, 57, 60, 68, 70, 71, 77, 78]]
[160, 2.85408, [0, 1, 3, 4, 9, 10, 12, 13, 27, 32, 33, 35, 36, 46, 47, 49, 73, 74, 76, 77]]
[160, 2.85365, [0, 1, 3, 4, 9, 10, 12, 13, 27, 32, 33, 35, 36, 46, 47, 49, 73, 74, 77, 78]]
[160, 2.85364, [0, 1, 3, 4, 9, 10, 12, 13, 27, 32, 33, 35, 36, 46, 47, 49, 73, 75, 76, 78]]
[160, 2.85319, [0, 1, 3, 4, 9, 10, 12, 13, 27, 32, 33, 35, 36, 46, 47, 49, 74, 75, 77, 78]]
[160, 2.85356, [0, 1, 3, 4, 9, 10, 12, 13, 27, 32, 33, 35, 36, 46, 48, 49, 73, 74, 76, 77]]
[160, 2.85313, [0, 1, 3, 4, 9, 10, 12, 13, 27, 32, 33, 35, 36, 46, 48, 49, 73, 74, 77, 78]]
[160, 2.85312, [0, 1, 3, 4, 9, 10, 12, 13, 27, 32, 33, 35, 36, 46, 48, 49, 73, 75, 76, 78]]
[160, 2.85267, [0, 1, 3, 4, 9, 10, 12, 13, 27, 32, 33, 35, 36, 46, 48, 49, 74, 75, 77, 78]]
[160, 2.86612, [0, 1, 3, 4, 9, 10, 12, 13, 27, 32, 33, 36, 46, 48, 49, 58, 73, 75, 76, 78, 99]]
[160, 2.8533, [0, 1, 3, 4, 9, 10, 12, 13, 27, 33, 35, 36, 46, 47, 49, 73, 75, 76, 78, 96, 112]]
[160, 2.86331, [0, 1, 3, 4, 9, 10, 12, 13, 27, 33, 36, 43, 47, 48, 52, 55, 64, 70, 75, 78, 79]]
[160, 2.85994, [0, 1, 3, 4, 9, 10, 12, 13, 27, 33, 36, 43, 47, 48, 52, 55, 64, 70, 75, 78, 99]]
[160, 2.85086, [0, 1, 3, 4, 9, 10, 12, 13, 27, 33, 36, 46, 48, 49, 55, 58, 73, 75, 76, 78, 99]]
[160, 2.85017, [0, 1, 3, 4, 9, 10, 12, 13, 27, 33, 43, 47, 48, 52, 55, 60, 64, 70, 75, 78, 79]]
[160, 2.86986, [0, 1, 3, 4, 9, 10, 12, 13, 27, 33, 43, 47, 48, 52, 55, 64, 68, 70, 75, 78, 79, 142]]
[160, 2.86647, [0, 1, 3, 4, 9, 10, 12, 13, 27, 33, 43, 47, 48, 52, 55, 64, 68, 70, 75, 78, 99, 142]]
[160, 2.86127, [0, 1, 3, 4, 9, 10, 12, 13, 27, 33, 47, 48, 52, 55, 59, 64, 68, 74, 75, 78, 79, 142]]
[160, 2.85788, [0, 1, 3, 4, 9, 10, 12, 13, 27, 33, 47, 48, 52, 55, 59, 64, 68, 74, 75, 78, 99, 142]]
[160, 2.85191, [0, 1, 3, 4, 9, 10, 12, 13, 28, 29, 31, 32, 38, 41, 103, 106, 114, 117, 123, 126, 141, 144]]
[160, 2.8627, [0, 1, 3, 4, 9, 10, 12, 13, 28, 29, 31, 32, 38, 42, 65, 69, 70, 78, 79, 123, 141]]
[160, 2.85664, [0, 1, 3, 4, 9, 10, 12, 13, 28, 29, 31, 32, 42, 65, 66, 68, 69, 76, 78, 79, 141]]
[160, 2.85612, [0, 1, 3, 4, 9, 10, 12, 13, 28, 29, 31, 32, 42, 65, 66, 69, 70, 76, 78, 79, 141]]
[160, 2.8561, [0, 1, 3, 4, 9, 10, 12, 13, 28, 29, 31, 32, 42, 65, 67, 68, 70, 76, 78, 79, 141]]
[160, 2.85554, [0, 1, 3, 4, 9, 10, 12, 13, 28, 29, 31, 32, 42, 66, 67, 69, 70, 76, 78, 79, 141]]
[160, 2.87656, [0, 1, 3, 4, 9, 10, 12, 13, 28, 29, 31, 37, 51, 60, 63, 67, 68, 72, 78, 79, 104, 142]]
[160, 2.85072, [0, 1, 3, 4, 9, 10, 12, 13, 28, 29, 31, 37, 51, 60, 63, 67, 68, 72, 78, 79, 142]]
[160, 2.85387, [0, 1, 3, 4, 9, 10, 12, 13, 28, 29, 32, 38, 42, 50, 59, 65, 69, 70, 78, 123, 141]]
[160, 2.85154, [0, 1, 3, 4, 9, 10, 12, 13, 28, 29, 32, 38, 42, 50, 59, 65, 70, 78, 79, 123, 141]]
[160, 2.85074, [0, 1, 3, 4, 9, 10, 12, 13, 28, 29, 33, 34, 50, 51, 60, 61, 75, 78, 79, 104, 142]]
[160, 2.85151, [0, 1, 3, 4, 9, 10, 12, 13, 28, 30, 36, 38, 49, 54, 58, 61, 65, 74, 77, 79, 133]]
[160, 2.85363, [0, 1, 3, 4, 9, 10, 12, 13, 28, 31, 32, 37, 45, 48, 66, 67, 69, 75, 76, 79, 144]]
[160, 2.85038, [0, 1, 3, 4, 9, 10, 12, 13, 28, 32, 34, 35, 37, 45, 48, 49, 72, 75, 76, 79]]
[160, 2.85375, [0, 1, 3, 4, 9, 10, 12, 13, 28, 33, 34, 36, 48, 50, 51, 61, 73, 75, 78, 79, 139]]
[160, 2.85142, [0, 1, 3, 4, 9, 10, 12, 13, 29, 30, 34, 37, 42, 63, 66, 77, 79, 104, 108, 111, 127, 135]]
[160, 2.85131, [0, 1, 3, 4, 9, 10, 12, 13, 29, 31, 32, 34, 40, 42, 43, 47, 66, 69, 78, 145]]
[160, 2.86063, [0, 1, 3, 4, 9, 10, 12, 13, 29, 31, 32, 34, 40, 43, 47, 66, 69, 75, 78, 142, 145]]
[160, 2.85683, [0, 1, 3, 4, 9, 10, 12, 13, 29, 31, 32, 34, 42, 47, 66, 69, 70, 73, 78, 79, 141]]
[160, 2.85614, [0, 1, 3, 4, 9, 10, 12, 13, 29, 31, 32, 34, 42, 47, 66, 69, 70, 76, 78, 79, 141]]
[160, 2.85564, [0, 1, 3, 4, 9, 10, 12, 13, 29, 31, 32, 34, 43, 47, 66, 69, 70, 75, 78, 79, 142]]
[160, 2.85265, [0, 1, 3, 4, 9, 10, 12, 13, 29, 31, 32, 36, 37, 47, 66, 67, 75, 76, 78, 107, 145]]
[160, 2.85481, [0, 1, 3, 4, 9, 10, 12, 13, 29, 31, 32, 36, 42, 47, 66, 67, 70, 76, 78, 79, 141]]
[160, 2.85504, [0, 1, 3, 4, 9, 10, 12, 13, 29, 31, 35, 36, 40, 42, 47, 56, 64, 78, 123, 134, 141]]
[160, 2.8613, [0, 1, 3, 4, 9, 10, 12, 13, 29, 32, 37, 41, 43, 47, 56, 59, 66, 67, 126, 138, 142, 144]]
[160, 2.865, [0, 1, 3, 4, 9, 10, 12, 13, 29, 32, 42, 43, 50, 53, 59, 66, 67, 69, 70, 78, 104, 145]]
[160, 2.85736, [0, 1, 3, 4, 9, 10, 12, 13, 30, 31, 35, 41, 43, 44, 46, 54, 63, 68, 71, 144, 146]]
[160, 2.85043, [0, 1, 3, 4, 9, 10, 12, 13, 30, 32, 36, 37, 43, 46, 53, 58, 66, 67, 78, 139, 145]]
[160, 2.86478, [0, 1, 3, 4, 9, 10, 12, 13, 30, 32, 38, 42, 43, 49, 53, 58, 62, 65, 69, 70, 79]]
[160, 2.85151, [0, 1, 3, 4, 9, 10, 12, 13, 30, 34, 35, 37, 42, 46, 52, 53, 63, 77, 78, 135, 139]]
[160, 2.8596, [0, 1, 3, 4, 9, 10, 12, 13, 31, 32, 34, 42, 43, 46, 47, 57, 66, 69, 70, 78, 145]]
[160, 2.85446, [0, 1, 3, 4, 9, 10, 12, 13, 31, 32, 34, 42, 43, 46, 47, 57, 66, 70, 78, 95, 145]]
[160, 2.8522, [0, 1, 3, 4, 9, 10, 12, 13, 31, 32, 34, 42, 46, 47, 57, 66, 69, 70, 77, 78, 95]]
[160, 2.86605, [0, 1, 3, 4, 9, 10, 12, 13, 31, 32, 34, 42, 46, 47, 57, 66, 69, 70, 78, 95, 141, 145]]
[160, 2.85241, [0, 1, 3, 4, 9, 10, 12, 13, 31, 34, 42, 46, 47, 51, 57, 66, 69, 70, 78, 95, 141, 145]]
[160, 2.86046, [0, 1, 3, 4, 9, 10, 12, 13, 31, 35, 36, 40, 42, 46, 47, 51, 64, 65, 73, 78, 141]]
[160, 2.85469, [0, 1, 3, 4, 9, 10, 12, 13, 31, 37, 42, 46, 48, 56, 57, 60, 67, 69, 76, 94, 98, 145]]
[160, 2.86163, [0, 1, 3, 4, 9, 10, 12, 22, 25, 26, 29, 31, 39, 45, 60, 63, 67, 70, 72, 76, 79]]
[160, 2.85204, [0, 1, 3, 4, 9, 10, 12, 22, 25, 26, 29, 31, 45, 56, 60, 63, 69, 71, 72, 76, 77]]
[160, 2.86624, [0, 1, 3, 4, 9, 10, 12, 22, 25, 26, 29, 37, 53, 56, 60, 61, 63, 68, 72, 78, 79, 145]]
[160, 2.86426, [0, 1, 3, 4, 9, 10, 12, 22, 25, 26, 29, 37, 53, 56, 60, 61, 63, 72, 76, 78, 79, 145]]
[160, 2.8531, [0, 1, 3, 4, 9, 10, 12, 22, 25, 26, 29, 37, 53, 60, 61, 63, 68, 72, 78, 79, 128, 145]]
[160, 2.85183, [0, 1, 3, 4, 9, 10, 12, 22, 25, 26, 33, 36, 37, 53, 55, 59, 61, 75, 76, 78, 79]]
[160, 2.85164, [0, 1, 3, 4, 9, 10, 12, 22, 25, 26, 33, 37, 53, 55, 60, 61, 68, 72, 78, 79, 128, 139]]
[160, 2.85973, [0, 1, 3, 4, 9, 10, 12, 22, 25, 27, 31, 36, 48, 55, 56, 66, 70, 73, 75, 78, 99, 127]]
[160, 2.85476, [0, 1, 3, 4, 9, 10, 12, 22, 26, 27, 31, 37, 38, 46, 56, 60, 63, 68, 69, 77, 79]]
[160, 2.85687, [0, 1, 3, 4, 9, 10, 12, 22, 26, 28, 29, 31, 39, 45, 60, 63, 67, 70, 72, 76, 79]]
[160, 2.85519, [0, 1, 3, 4, 9, 11, 12, 16, 25, 26, 30, 37, 42, 55, 61, 64, 66, 69, 76, 78, 79]]
[160, 2.8551, [0, 1, 3, 4, 9, 11, 12, 16, 25, 26, 30, 45, 54, 55, 61, 70, 72, 73, 75, 100, 102, 126]]
[160, 2.86466, [0, 1, 3, 4, 9, 11, 12, 16, 25, 26, 37, 42, 55, 57, 60, 61, 64, 66, 69, 76, 79, 130]]
[160, 2.87592, [0, 1, 3, 4, 9, 11, 16, 20, 25, 26, 33, 42, 45, 53, 54, 56, 60, 69, 71, 72, 76, 77, 130]]
[160, 2.85331, [0, 1, 3, 4, 9, 11, 16, 20, 25, 26, 33, 53, 54, 58, 60, 64, 69, 71, 72, 76, 77, 79, 130]]

Search completed in 0 hours, 35 minutes, and 24.56 seconds.  Enter a string to quit.