Enter an integer k for which our Kempner sets are k-free: 3
Enter a positive integer modulus b: 28
Enter estimation parameters, or * for pre-computed parameters ([0.1336, 1.1443, 1.5264]): *
Enter a threshold (e.g. 4.2) to determine printed output: 2.5
Enter a root for the search space (e.g. [0, 1, 2]) [or * for the root [0]]: *
Enter an upper bound for the size of allowable digit sets [or * to ignore]: *
Enter a maximal number of deviations from a greedy search [or * to ignore]: *
Searching for k-free sets mod b...

[28, 2.98452, [0, 1, 3, 4, 9, 10, 12, 13]]
[28, 2.77399, [0, 1, 3, 4, 9, 10, 13]]
[28, 2.72859, [0, 1, 3, 4, 9, 10, 22]]
[28, 2.77095, [0, 1, 3, 4, 9, 11, 12]]
[28, 2.75247, [0, 1, 3, 4, 9, 12, 13]]
[28, 2.56207, [0, 1, 3, 4, 9, 13]]
[28, 2.5189, [0, 1, 3, 4, 9, 22]]
[28, 2.74855, [0, 1, 3, 4, 10, 11, 13]]
[28, 2.73865, [0, 1, 3, 4, 10, 12, 13]]
[28, 2.54894, [0, 1, 3, 4, 10, 13]]
[28, 2.63646, [0, 1, 3, 4, 10, 22, 23]]
[28, 2.50285, [0, 1, 3, 4, 10, 23]]
[28, 2.54605, [0, 1, 3, 4, 11, 12]]
[28, 2.53792, [0, 1, 3, 4, 11, 13]]
[28, 2.67428, [0, 1, 3, 4, 12, 13, 19]]
[28, 2.62751, [0, 1, 3, 4, 13, 19, 20]]
[28, 2.72292, [0, 1, 3, 4, 19, 20, 22, 23]]
[28, 2.57931, [0, 1, 3, 4, 19, 20, 23]]
[28, 2.57878, [0, 1, 3, 4, 19, 21, 22]]
[28, 2.57236, [0, 1, 3, 4, 19, 22, 23]]
[28, 2.57175, [0, 1, 3, 4, 20, 21, 23]]
[28, 2.56842, [0, 1, 3, 4, 20, 22, 23]]
[28, 2.50001, [0, 1, 3, 7, 8, 10]]
[28, 2.67011, [0, 1, 3, 7, 9, 10, 12]]
[28, 2.60551, [0, 1, 3, 7, 9, 10, 26]]
[28, 2.63774, [0, 1, 3, 8, 9, 11, 12]]
[28, 2.58893, [0, 1, 3, 9, 10, 12, 13]]
[28, 2.61234, [0, 1, 4, 6, 9, 10, 13]]
[28, 2.55912, [0, 1, 4, 6, 9, 10, 25]]
[28, 2.51332, [0, 1, 4, 9, 10, 12, 13]]
[28, 2.57252, [0, 1, 6, 7, 9, 10, 25, 26]]

Search completed in 0 hours, 0 minutes, and 0.012 seconds.  Enter a string to quit.