Enter an integer k for which our Kempner sets are k-free: 3
Enter a positive integer modulus b: 181
Enter estimation parameters, or * for pre-computed parameters ([0.0731, 1.0586, 1.3781]): *
Enter a threshold (e.g. 4.2) to determine printed output: 2.89
Enter a root for the search space (e.g. [0, 1, 2]) [or * for the root [0]]: *
Enter an upper bound for the size of allowable digit sets [or * to ignore]: 29
Enter a maximal number of deviations from a greedy search [or * to ignore]: *
Searching for k-free sets mod b...

[181, 2.90838, [0, 1, 3, 4, 9, 10, 12, 13, 27, 28, 30, 31, 36, 37, 39, 67, 76, 79, 80, 86, 87, 89, 90]]
[181, 2.90499, [0, 1, 3, 4, 9, 10, 12, 13, 27, 28, 30, 31, 36, 37, 39, 67, 76, 79, 80, 86, 87, 89, 117]]
[181, 2.90513, [0, 1, 3, 4, 9, 10, 12, 13, 27, 28, 30, 31, 36, 37, 39, 67, 76, 80, 81, 83, 87, 89, 117]]
[181, 2.89955, [0, 1, 3, 4, 9, 10, 12, 13, 27, 28, 30, 31, 36, 37, 39, 67, 76, 80, 81, 83, 87, 117, 141]]
[181, 2.90198, [0, 1, 3, 4, 9, 10, 12, 13, 27, 28, 30, 31, 36, 37, 39, 67, 79, 80, 82, 83, 88, 89, 143]]
[181, 2.90144, [0, 1, 3, 4, 9, 10, 12, 13, 27, 28, 30, 31, 36, 37, 39, 67, 79, 80, 82, 86, 88, 89, 143]]
[181, 2.90125, [0, 1, 3, 4, 9, 10, 12, 13, 27, 28, 30, 31, 36, 37, 39, 67, 79, 81, 82, 86, 88, 89, 143]]
[181, 2.89199, [0, 1, 3, 4, 9, 10, 12, 13, 27, 28, 30, 31, 36, 37, 39, 79, 81, 82, 86, 88, 89, 129, 143]]
[181, 2.89835, [0, 1, 3, 4, 9, 10, 12, 13, 27, 28, 30, 31, 36, 37, 66, 67, 75, 76, 79, 80, 87, 88, 90]]
[181, 2.89819, [0, 1, 3, 4, 9, 10, 12, 13, 27, 28, 30, 31, 36, 37, 66, 67, 75, 76, 79, 80, 87, 89, 90]]
[181, 2.89775, [0, 1, 3, 4, 9, 10, 12, 13, 27, 28, 30, 31, 36, 37, 66, 67, 75, 77, 80, 81, 86, 89, 90]]
[181, 2.89714, [0, 1, 3, 4, 9, 10, 12, 13, 27, 28, 30, 31, 36, 37, 66, 67, 75, 79, 80, 82, 87, 88, 90]]
[181, 2.89626, [0, 1, 3, 4, 9, 10, 12, 13, 27, 28, 30, 31, 36, 37, 66, 67, 75, 79, 80, 86, 87, 89, 90]]
[181, 2.8975, [0, 1, 3, 4, 9, 10, 12, 13, 27, 28, 30, 31, 36, 37, 66, 67, 76, 77, 81, 82, 84, 89, 90]]
[181, 2.89595, [0, 1, 3, 4, 9, 10, 12, 13, 27, 28, 30, 31, 36, 37, 66, 67, 77, 80, 81, 84, 86, 89, 90]]
[181, 2.8938, [0, 1, 3, 4, 9, 10, 12, 13, 27, 28, 30, 31, 36, 37, 67, 75, 76, 79, 80, 86, 87, 89, 90]]
[181, 2.89041, [0, 1, 3, 4, 9, 10, 12, 13, 27, 28, 30, 31, 36, 37, 67, 75, 76, 79, 80, 86, 87, 89, 117]]
[181, 2.89371, [0, 1, 3, 4, 9, 10, 12, 13, 27, 28, 30, 31, 36, 37, 67, 75, 77, 80, 81, 84, 86, 89, 90]]
[181, 2.89636, [0, 1, 3, 4, 9, 10, 12, 13, 27, 28, 30, 31, 36, 38, 65, 70, 74, 79, 81, 82, 86, 87, 89]]
[181, 2.89497, [0, 1, 3, 4, 9, 10, 12, 13, 27, 28, 30, 31, 36, 38, 65, 70, 74, 79, 81, 86, 87, 89, 90]]
[181, 2.89483, [0, 1, 3, 4, 9, 10, 12, 13, 27, 28, 30, 31, 36, 38, 65, 70, 78, 79, 81, 82, 87, 89, 90]]
[181, 2.89315, [0, 1, 3, 4, 9, 10, 12, 13, 27, 28, 30, 31, 36, 38, 65, 74, 78, 79, 81, 86, 87, 89, 90]]
[181, 2.89151, [0, 1, 3, 4, 9, 10, 12, 13, 27, 28, 30, 31, 36, 40, 64, 65, 73, 75, 83, 84, 87, 89, 131]]
[181, 2.89716, [0, 1, 3, 4, 9, 10, 12, 13, 27, 28, 30, 31, 36, 40, 64, 66, 73, 74, 81, 83, 86, 87, 90]]
[181, 2.89778, [0, 1, 3, 4, 9, 10, 12, 13, 27, 28, 30, 31, 36, 40, 65, 66, 73, 74, 78, 84, 85, 87, 88]]
[181, 2.89745, [0, 1, 3, 4, 9, 10, 12, 13, 27, 28, 30, 31, 36, 40, 65, 66, 73, 74, 78, 84, 85, 88, 89]]
[181, 2.89744, [0, 1, 3, 4, 9, 10, 12, 13, 27, 28, 30, 31, 36, 40, 65, 66, 73, 74, 78, 84, 86, 87, 89]]
[181, 2.8971, [0, 1, 3, 4, 9, 10, 12, 13, 27, 28, 30, 31, 36, 40, 65, 66, 73, 74, 78, 85, 86, 88, 89]]
[181, 2.90058, [0, 1, 3, 4, 9, 10, 12, 13, 27, 28, 30, 31, 37, 38, 40, 69, 78, 82, 83, 85, 89, 90, 113]]
[181, 2.8935, [0, 1, 3, 4, 9, 10, 12, 13, 27, 28, 30, 31, 37, 38, 40, 69, 78, 82, 84, 88, 89, 122, 142]]
[181, 2.89735, [0, 1, 3, 4, 9, 10, 12, 13, 27, 28, 30, 31, 40, 64, 66, 69, 73, 75, 83, 85, 89, 90, 113, 144]]
[181, 2.89525, [0, 1, 3, 4, 9, 10, 12, 13, 27, 28, 30, 34, 35, 37, 63, 72, 75, 76, 79, 84, 85, 88, 90]]
[181, 2.89531, [0, 1, 3, 4, 9, 10, 12, 13, 27, 28, 30, 34, 35, 37, 63, 72, 76, 77, 79, 84, 85, 87, 88]]
[181, 2.89482, [0, 1, 3, 4, 9, 10, 12, 13, 27, 28, 30, 34, 35, 37, 63, 72, 76, 77, 79, 84, 85, 88, 90]]
[181, 2.89429, [0, 1, 3, 4, 9, 10, 12, 13, 27, 28, 30, 34, 35, 37, 63, 72, 76, 77, 79, 85, 87, 88, 90]]
[181, 2.89408, [0, 1, 3, 4, 9, 10, 12, 13, 27, 28, 30, 34, 35, 37, 63, 72, 76, 78, 79, 85, 87, 88, 90]]
[181, 2.89332, [0, 1, 3, 4, 9, 10, 12, 13, 27, 28, 30, 34, 35, 37, 63, 75, 76, 79, 81, 84, 85, 88, 90]]
[181, 2.89216, [0, 1, 3, 4, 9, 10, 12, 13, 27, 28, 30, 34, 35, 37, 63, 76, 78, 79, 81, 85, 87, 88, 90]]
[181, 2.89372, [0, 1, 3, 4, 9, 10, 12, 13, 27, 28, 30, 34, 36, 37, 49, 66, 76, 77, 81, 82, 84, 90, 166]]
[181, 2.89176, [0, 1, 3, 4, 9, 10, 12, 13, 27, 28, 30, 36, 49, 58, 61, 65, 66, 76, 77, 82, 84, 108, 114, 166]]
[181, 2.89155, [0, 1, 3, 4, 9, 10, 12, 13, 27, 28, 30, 36, 49, 58, 61, 65, 66, 76, 78, 82, 84, 108, 114, 166]]
[181, 2.89134, [0, 1, 3, 4, 9, 10, 12, 13, 27, 28, 30, 36, 49, 58, 61, 65, 66, 77, 78, 82, 84, 108, 114, 166]]
[181, 2.8904, [0, 1, 3, 4, 9, 10, 12, 13, 27, 28, 31, 33, 36, 37, 67, 75, 76, 79, 80, 86, 87, 89, 90]]
[181, 2.89386, [0, 1, 3, 4, 9, 10, 12, 13, 27, 29, 30, 32, 36, 38, 65, 70, 74, 79, 81, 82, 86, 87, 89]]
[181, 2.89248, [0, 1, 3, 4, 9, 10, 12, 13, 27, 29, 30, 32, 36, 38, 65, 70, 74, 79, 81, 86, 87, 89, 90]]
[181, 2.89234, [0, 1, 3, 4, 9, 10, 12, 13, 27, 29, 30, 32, 36, 38, 65, 70, 78, 79, 81, 82, 87, 89, 90]]
[181, 2.89066, [0, 1, 3, 4, 9, 10, 12, 13, 27, 29, 30, 32, 36, 38, 65, 74, 78, 79, 81, 86, 87, 89, 90]]
[181, 2.9292, [0, 1, 3, 4, 9, 10, 12, 13, 27, 29, 30, 34, 35, 37, 52, 63, 72, 76, 78, 79, 85, 87, 88, 90]]
[181, 2.90234, [0, 1, 3, 4, 9, 10, 12, 13, 27, 29, 30, 34, 35, 37, 52, 63, 72, 76, 78, 79, 85, 87, 90]]
[181, 2.90218, [0, 1, 3, 4, 9, 10, 12, 13, 27, 29, 30, 34, 35, 37, 52, 63, 72, 76, 78, 79, 85, 88, 90]]
[181, 2.90183, [0, 1, 3, 4, 9, 10, 12, 13, 27, 29, 30, 34, 35, 37, 52, 63, 72, 76, 78, 79, 87, 88, 90]]
[181, 2.90176, [0, 1, 3, 4, 9, 10, 12, 13, 27, 29, 30, 34, 35, 37, 52, 63, 72, 76, 78, 82, 85, 87, 90]]
[181, 2.9007, [0, 1, 3, 4, 9, 10, 12, 13, 27, 29, 30, 34, 35, 37, 52, 63, 72, 76, 78, 85, 87, 88, 90]]
[181, 2.90151, [0, 1, 3, 4, 9, 10, 12, 13, 27, 29, 30, 34, 35, 37, 52, 63, 72, 76, 79, 84, 85, 87, 88]]
[181, 2.90102, [0, 1, 3, 4, 9, 10, 12, 13, 27, 29, 30, 34, 35, 37, 52, 63, 72, 76, 79, 84, 85, 88, 90]]
[181, 2.9005, [0, 1, 3, 4, 9, 10, 12, 13, 27, 29, 30, 34, 35, 37, 52, 63, 72, 76, 79, 85, 87, 88, 90]]
[181, 2.90062, [0, 1, 3, 4, 9, 10, 12, 13, 27, 29, 30, 34, 35, 37, 52, 63, 72, 78, 79, 82, 87, 88, 90]]
[181, 2.90008, [0, 1, 3, 4, 9, 10, 12, 13, 27, 29, 30, 34, 35, 37, 52, 63, 72, 78, 79, 85, 87, 88, 90]]
[181, 2.92726, [0, 1, 3, 4, 9, 10, 12, 13, 27, 29, 30, 34, 35, 37, 52, 63, 76, 78, 79, 81, 85, 87, 88, 90]]
[181, 2.90042, [0, 1, 3, 4, 9, 10, 12, 13, 27, 29, 30, 34, 35, 37, 52, 63, 76, 78, 79, 81, 85, 87, 90]]
[181, 2.90025, [0, 1, 3, 4, 9, 10, 12, 13, 27, 29, 30, 34, 35, 37, 52, 63, 76, 78, 79, 81, 85, 88, 90]]
[181, 2.8999, [0, 1, 3, 4, 9, 10, 12, 13, 27, 29, 30, 34, 35, 37, 52, 63, 76, 78, 79, 81, 87, 88, 90]]
[181, 2.89416, [0, 1, 3, 4, 9, 10, 12, 13, 27, 29, 30, 34, 35, 37, 52, 63, 76, 78, 79, 81, 87, 90, 141]]
[181, 2.90018, [0, 1, 3, 4, 9, 10, 12, 13, 27, 29, 30, 34, 35, 37, 52, 63, 76, 78, 79, 84, 85, 87, 88]]
[181, 2.89917, [0, 1, 3, 4, 9, 10, 12, 13, 27, 29, 30, 34, 35, 37, 52, 63, 76, 78, 79, 85, 87, 88, 90]]
[181, 2.89325, [0, 1, 3, 4, 9, 10, 12, 13, 27, 29, 30, 34, 35, 37, 52, 63, 76, 78, 79, 86, 87, 90, 141]]
[181, 2.89983, [0, 1, 3, 4, 9, 10, 12, 13, 27, 29, 30, 34, 35, 37, 52, 63, 76, 78, 81, 82, 85, 87, 90]]
[181, 2.89358, [0, 1, 3, 4, 9, 10, 12, 13, 27, 29, 30, 34, 35, 37, 52, 63, 76, 78, 81, 82, 87, 90, 141]]
[181, 2.89877, [0, 1, 3, 4, 9, 10, 12, 13, 27, 29, 30, 34, 35, 37, 52, 63, 76, 78, 81, 85, 87, 88, 90]]
[181, 2.89348, [0, 1, 3, 4, 9, 10, 12, 13, 27, 29, 30, 34, 35, 37, 52, 63, 76, 78, 84, 85, 87, 88, 132]]
[181, 2.89247, [0, 1, 3, 4, 9, 10, 12, 13, 27, 29, 30, 34, 35, 37, 52, 63, 76, 78, 85, 87, 88, 90, 132]]
[181, 2.89285, [0, 1, 3, 4, 9, 10, 12, 13, 27, 29, 30, 34, 35, 37, 52, 63, 76, 79, 80, 86, 87, 90, 141]]
[181, 2.89909, [0, 1, 3, 4, 9, 10, 12, 13, 27, 29, 30, 34, 35, 37, 52, 63, 76, 79, 81, 84, 85, 88, 90]]
[181, 2.89857, [0, 1, 3, 4, 9, 10, 12, 13, 27, 29, 30, 34, 35, 37, 52, 63, 76, 79, 81, 85, 87, 88, 90]]
[181, 2.89869, [0, 1, 3, 4, 9, 10, 12, 13, 27, 29, 30, 34, 35, 37, 52, 63, 78, 79, 81, 82, 87, 88, 90]]
[181, 2.89295, [0, 1, 3, 4, 9, 10, 12, 13, 27, 29, 30, 34, 35, 37, 52, 63, 78, 79, 81, 82, 87, 90, 141]]
[181, 2.89815, [0, 1, 3, 4, 9, 10, 12, 13, 27, 29, 30, 34, 35, 37, 52, 63, 78, 79, 81, 85, 87, 88, 90]]
[181, 2.89223, [0, 1, 3, 4, 9, 10, 12, 13, 27, 29, 30, 34, 35, 37, 52, 63, 78, 79, 81, 86, 87, 90, 141]]
[181, 2.89257, [0, 1, 3, 4, 9, 10, 12, 13, 27, 29, 30, 34, 35, 37, 52, 63, 78, 80, 81, 83, 87, 90, 141]]
[181, 2.89203, [0, 1, 3, 4, 9, 10, 12, 13, 27, 29, 30, 34, 35, 37, 52, 63, 78, 80, 81, 86, 87, 90, 141]]
[181, 2.89146, [0, 1, 3, 4, 9, 10, 12, 13, 27, 29, 30, 34, 35, 37, 52, 63, 78, 81, 83, 86, 87, 90, 141]]
[181, 2.89831, [0, 1, 3, 4, 9, 10, 12, 13, 27, 29, 30, 34, 35, 37, 52, 72, 76, 78, 79, 81, 85, 87, 88]]
[181, 2.91544, [0, 1, 3, 4, 9, 10, 12, 13, 27, 29, 30, 34, 35, 37, 52, 72, 76, 78, 79, 81, 87, 88, 116, 138]]
[181, 2.89228, [0, 1, 3, 4, 9, 10, 12, 13, 27, 29, 30, 34, 35, 37, 52, 72, 76, 78, 79, 81, 87, 88, 138]]
[181, 2.89211, [0, 1, 3, 4, 9, 10, 12, 13, 27, 29, 30, 34, 35, 37, 52, 72, 76, 78, 79, 81, 87, 89, 138]]
[181, 2.89195, [0, 1, 3, 4, 9, 10, 12, 13, 27, 29, 30, 34, 35, 37, 52, 72, 76, 78, 79, 81, 88, 89, 138]]
[181, 2.89674, [0, 1, 3, 4, 9, 10, 12, 13, 27, 29, 30, 34, 35, 37, 52, 72, 76, 78, 79, 85, 87, 88, 90]]
[181, 2.91385, [0, 1, 3, 4, 9, 10, 12, 13, 27, 29, 30, 34, 35, 37, 52, 72, 76, 78, 79, 87, 88, 90, 116, 138]]
[181, 2.8907, [0, 1, 3, 4, 9, 10, 12, 13, 27, 29, 30, 34, 35, 37, 52, 72, 76, 78, 79, 87, 88, 90, 138]]
[181, 2.89054, [0, 1, 3, 4, 9, 10, 12, 13, 27, 29, 30, 34, 35, 37, 52, 72, 76, 78, 79, 87, 89, 90, 138]]
[181, 2.89298, [0, 1, 3, 4, 9, 10, 12, 13, 27, 29, 30, 34, 35, 37, 52, 72, 78, 79, 81, 82, 87, 88, 116]]
[181, 2.89061, [0, 1, 3, 4, 9, 10, 12, 13, 27, 29, 30, 34, 35, 37, 52, 72, 78, 79, 81, 82, 87, 89, 142]]
[181, 2.8914, [0, 1, 3, 4, 9, 10, 12, 13, 27, 29, 30, 34, 35, 37, 52, 72, 78, 79, 82, 87, 88, 90, 116]]
[181, 2.89481, [0, 1, 3, 4, 9, 10, 12, 13, 27, 29, 30, 34, 35, 37, 52, 76, 78, 79, 81, 85, 87, 88, 90]]
[181, 2.91191, [0, 1, 3, 4, 9, 10, 12, 13, 27, 29, 30, 34, 35, 37, 52, 76, 78, 79, 81, 87, 88, 90, 116, 138]]
[181, 2.90614, [0, 1, 3, 4, 9, 10, 12, 13, 27, 29, 30, 34, 35, 37, 52, 76, 78, 79, 81, 87, 90, 116, 138, 141]]
[181, 2.9035, [0, 1, 3, 4, 9, 10, 12, 13, 27, 29, 30, 34, 35, 37, 52, 76, 78, 84, 85, 88, 89, 128, 132, 145]]
[181, 2.89388, [0, 1, 3, 4, 9, 10, 12, 13, 27, 29, 30, 34, 35, 37, 63, 72, 75, 76, 79, 84, 85, 88, 90]]
[181, 2.89394, [0, 1, 3, 4, 9, 10, 12, 13, 27, 29, 30, 34, 35, 37, 63, 72, 76, 77, 79, 84, 85, 87, 88]]
[181, 2.89345, [0, 1, 3, 4, 9, 10, 12, 13, 27, 29, 30, 34, 35, 37, 63, 72, 76, 77, 79, 84, 85, 88, 90]]
[181, 2.89293, [0, 1, 3, 4, 9, 10, 12, 13, 27, 29, 30, 34, 35, 37, 63, 72, 76, 77, 79, 85, 87, 88, 90]]
[181, 2.89272, [0, 1, 3, 4, 9, 10, 12, 13, 27, 29, 30, 34, 35, 37, 63, 72, 76, 78, 79, 85, 87, 88, 90]]
[181, 2.89196, [0, 1, 3, 4, 9, 10, 12, 13, 27, 29, 30, 34, 35, 37, 63, 75, 76, 79, 81, 84, 85, 88, 90]]
[181, 2.89079, [0, 1, 3, 4, 9, 10, 12, 13, 27, 29, 30, 34, 35, 37, 63, 76, 78, 79, 81, 85, 87, 88, 90]]
[181, 2.891, [0, 1, 3, 4, 9, 10, 12, 13, 27, 29, 30, 34, 35, 52, 62, 63, 71, 73, 78, 81, 82, 87, 88]]
[181, 2.89036, [0, 1, 3, 4, 9, 10, 12, 13, 27, 29, 30, 34, 35, 52, 62, 63, 73, 76, 78, 81, 82, 85, 87]]
[181, 2.89896, [0, 1, 3, 4, 9, 10, 12, 13, 27, 29, 30, 34, 36, 37, 52, 66, 76, 78, 79, 81, 85, 87, 88]]
[181, 2.8984, [0, 1, 3, 4, 9, 10, 12, 13, 27, 29, 30, 34, 36, 37, 52, 66, 76, 78, 79, 84, 85, 87, 88]]
[181, 2.89732, [0, 1, 3, 4, 9, 10, 12, 13, 27, 29, 30, 34, 36, 37, 52, 66, 76, 79, 81, 84, 85, 88, 90]]
[181, 2.89679, [0, 1, 3, 4, 9, 10, 12, 13, 27, 29, 30, 34, 36, 37, 52, 66, 76, 79, 81, 85, 87, 88, 90]]
[181, 2.89363, [0, 1, 3, 4, 9, 10, 12, 13, 27, 29, 30, 34, 36, 37, 52, 66, 78, 79, 81, 82, 87, 88, 116]]
[181, 2.89146, [0, 1, 3, 4, 9, 10, 12, 13, 27, 29, 30, 34, 36, 37, 52, 66, 79, 81, 82, 87, 88, 90, 116]]
[181, 2.89391, [0, 1, 3, 4, 9, 10, 12, 13, 27, 29, 30, 34, 36, 37, 52, 76, 78, 79, 81, 85, 87, 88, 90]]
[181, 2.89321, [0, 1, 3, 4, 9, 10, 12, 13, 27, 29, 30, 35, 37, 38, 52, 68, 78, 80, 81, 83, 87, 89, 90]]
[181, 2.89267, [0, 1, 3, 4, 9, 10, 12, 13, 27, 29, 30, 35, 37, 38, 52, 68, 78, 80, 81, 86, 87, 89, 90]]
[181, 2.89066, [0, 1, 3, 4, 9, 10, 12, 13, 27, 29, 30, 35, 38, 39, 52, 62, 71, 79, 81, 82, 84, 88, 140]]
[181, 2.89102, [0, 1, 3, 4, 9, 10, 12, 13, 27, 29, 30, 35, 38, 52, 62, 68, 71, 79, 82, 83, 88, 140, 144, 150]]
[181, 2.8947, [0, 1, 3, 4, 9, 10, 12, 13, 27, 29, 33, 34, 38, 40, 52, 60, 69, 74, 81, 83, 84, 89, 90]]
[181, 2.89037, [0, 1, 3, 4, 9, 10, 12, 13, 27, 29, 33, 35, 36, 47, 52, 64, 73, 74, 78, 79, 86, 87, 89]]
[181, 2.89034, [0, 1, 3, 4, 9, 10, 12, 13, 27, 29, 33, 35, 36, 47, 52, 64, 73, 74, 79, 80, 83, 88, 89]]
[181, 2.89903, [0, 1, 3, 4, 9, 10, 12, 13, 27, 31, 32, 34, 39, 43, 48, 70, 71, 79, 81, 89, 90, 105, 125, 163]]
[181, 2.89082, [0, 1, 3, 4, 9, 10, 12, 13, 28, 29, 31, 32, 37, 38, 40, 69, 78, 81, 82, 88, 89, 104, 142]]
[181, 2.89027, [0, 1, 3, 4, 9, 10, 12, 13, 28, 29, 31, 32, 37, 38, 40, 69, 78, 82, 84, 88, 89, 104, 142]]
[181, 2.89242, [0, 1, 3, 4, 9, 10, 12, 13, 28, 29, 31, 32, 38, 39, 41, 42, 86, 87, 89, 90, 104, 123, 128]]
[181, 2.89276, [0, 1, 3, 4, 9, 10, 12, 13, 28, 29, 33, 34, 36, 50, 51, 61, 70, 75, 77, 78, 82, 83, 85]]
[181, 2.89202, [0, 1, 3, 4, 9, 10, 12, 13, 28, 30, 31, 35, 36, 38, 54, 65, 74, 79, 81, 82, 86, 87, 89]]
[181, 2.89064, [0, 1, 3, 4, 9, 10, 12, 13, 28, 30, 31, 35, 36, 38, 54, 65, 74, 79, 81, 86, 87, 89, 90]]
[181, 2.89175, [0, 1, 3, 4, 9, 10, 12, 13, 29, 30, 34, 35, 37, 42, 52, 53, 63, 78, 79, 82, 87, 88, 90]]
[181, 2.89121, [0, 1, 3, 4, 9, 10, 12, 13, 29, 30, 34, 35, 37, 42, 52, 53, 63, 78, 79, 85, 87, 88, 90]]
[181, 2.89144, [0, 1, 3, 4, 9, 10, 12, 13, 29, 30, 35, 37, 38, 42, 43, 52, 53, 78, 79, 87, 88, 90, 125]]
[181, 2.89162, [0, 1, 3, 4, 9, 10, 12, 13, 30, 34, 35, 37, 42, 46, 52, 53, 63, 77, 78, 86, 87, 90, 133, 158]]
[181, 2.89363, [0, 1, 3, 4, 9, 10, 12, 22, 26, 28, 29, 31, 37, 38, 60, 63, 68, 69, 79, 80, 84, 86, 87, 166]]
[181, 2.89274, [0, 1, 3, 4, 9, 10, 12, 22, 26, 28, 29, 31, 37, 38, 60, 63, 68, 69, 80, 81, 84, 86, 90, 166]]
[181, 2.89221, [0, 1, 3, 4, 9, 10, 12, 22, 26, 28, 29, 31, 37, 38, 60, 63, 68, 69, 80, 81, 86, 87, 90, 166]]

Search completed in 0 hours, 51 minutes, and 52.746 seconds.  Enter a string to quit.