Enter an integer k for which our Kempner sets are k-free: 3
Enter a positive integer modulus b: 31
Enter estimation parameters, or * for pre-computed parameters ([0.1275, 1.1369, 1.511]): *
Enter a threshold (e.g. 4.2) to determine printed output: 2.6
Enter a root for the search space (e.g. [0, 1, 2]) [or * for the root [0]]: *
Enter an upper bound for the size of allowable digit sets [or * to ignore]: *
Enter a maximal number of deviations from a greedy search [or * to ignore]: *
Searching for k-free sets mod b...

[31, 2.90211, [0, 1, 3, 4, 9, 10, 12, 13]]
[31, 2.71026, [0, 1, 3, 4, 9, 10, 13]]
[31, 2.65659, [0, 1, 3, 4, 9, 10, 26]]
[31, 2.70734, [0, 1, 3, 4, 9, 11, 12]]
[31, 2.64791, [0, 1, 3, 4, 9, 11, 25]]
[31, 2.68974, [0, 1, 3, 4, 9, 12, 13]]
[31, 2.64172, [0, 1, 3, 4, 9, 13, 21]]
[31, 2.86066, [0, 1, 3, 4, 10, 11, 13, 14]]
[31, 2.84662, [0, 1, 3, 4, 10, 11, 14, 15]]
[31, 2.67257, [0, 1, 3, 4, 10, 11, 15]]
[31, 2.76365, [0, 1, 3, 4, 10, 11, 24, 25]]
[31, 2.63474, [0, 1, 3, 4, 10, 11, 25]]
[31, 2.84419, [0, 1, 3, 4, 10, 12, 13, 15]]
[31, 2.66313, [0, 1, 3, 4, 10, 12, 15]]
[31, 2.62295, [0, 1, 3, 4, 10, 12, 26]]
[31, 2.66127, [0, 1, 3, 4, 10, 13, 14]]
[31, 2.65499, [0, 1, 3, 4, 10, 13, 15]]
[31, 2.64787, [0, 1, 3, 4, 10, 14, 15]]
[31, 2.60771, [0, 1, 3, 4, 10, 14, 26]]
[31, 2.82515, [0, 1, 3, 4, 11, 12, 14, 15]]
[31, 2.65207, [0, 1, 3, 4, 11, 12, 15]]
[31, 2.65021, [0, 1, 3, 4, 11, 13, 14]]
[31, 2.63681, [0, 1, 3, 4, 11, 14, 15]]
[31, 2.6345, [0, 1, 3, 4, 12, 13, 15]]
[31, 2.62739, [0, 1, 3, 4, 12, 14, 15]]
[31, 2.71863, [0, 1, 3, 4, 14, 15, 20, 21]]
[31, 2.64151, [0, 1, 3, 4, 20, 21, 23, 24]]
[31, 2.63606, [0, 1, 3, 4, 20, 21, 24, 25]]
[31, 2.63559, [0, 1, 3, 4, 20, 22, 23, 25]]
[31, 2.62919, [0, 1, 3, 4, 21, 22, 24, 25]]
[31, 2.61776, [0, 1, 3, 4, 22, 23, 25, 26]]
[31, 2.72669, [0, 1, 3, 7, 9, 10, 12, 29]]
[31, 2.654, [0, 1, 3, 8, 10, 11, 18, 24]]
[31, 2.64559, [0, 1, 3, 9, 10, 12, 13, 29]]
[31, 2.62669, [0, 1, 3, 9, 11, 12, 14, 29]]
[31, 2.69835, [0, 1, 4, 5, 11, 12, 14, 15]]
[31, 2.71664, [0, 1, 4, 6, 9, 10, 13, 15]]
[31, 2.67078, [0, 1, 4, 6, 9, 10, 13, 28]]
[31, 2.61556, [0, 1, 4, 6, 9, 10, 26, 28]]
[31, 2.60969, [0, 1, 5, 6, 8, 13, 14, 24]]

Search completed in 0 hours, 0 minutes, and 0.018 seconds.  Enter a string to quit.