Enter an integer k for which our Kempner sets are k-free: 3
Enter a positive integer modulus b: 251
Enter estimation parameters, or * for pre-computed parameters ([0.075, 1.516, 1.2166]): *
Enter a threshold (e.g. 4.2) to determine printed output: 2.975
Enter a root for the search space (e.g. [0, 1, 2]) [or * for the root [0]]: *
Enter an upper bound for the size of allowable digit sets [or * to ignore]: 37
Enter a maximal number of deviations from a greedy search [or * to ignore]: *
Searching for k-free sets mod b...

[251, 2.99599, [0, 1, 3, 4, 9, 10, 12, 13, 27, 28, 30, 31, 36, 37, 39, 40, 81, 82, 84, 85, 90, 91, 93, 94, 108, 109, 111, 112, 117, 118, 120, 121]]
[251, 2.97637, [0, 1, 3, 4, 9, 10, 12, 13, 27, 28, 30, 31, 36, 37, 39, 40, 81, 82, 84, 85, 90, 91, 93, 94, 108, 109, 111, 112, 117, 118, 121]]
[251, 2.97637, [0, 1, 3, 4, 9, 10, 12, 13, 27, 28, 30, 31, 36, 37, 39, 40, 81, 82, 84, 85, 90, 91, 93, 94, 108, 109, 111, 112, 117, 119, 120]]
[251, 2.97619, [0, 1, 3, 4, 9, 10, 12, 13, 27, 28, 30, 31, 36, 37, 39, 40, 81, 82, 84, 85, 90, 91, 93, 94, 108, 109, 111, 112, 117, 120, 121]]
[251, 2.97619, [0, 1, 3, 4, 9, 10, 12, 13, 27, 28, 30, 31, 36, 37, 39, 40, 81, 82, 84, 85, 90, 91, 93, 94, 108, 109, 111, 112, 118, 119, 121]]
[251, 2.9761, [0, 1, 3, 4, 9, 10, 12, 13, 27, 28, 30, 31, 36, 37, 39, 40, 81, 82, 84, 85, 90, 91, 93, 94, 108, 109, 111, 112, 118, 120, 121]]
[251, 2.97617, [0, 1, 3, 4, 9, 10, 12, 13, 27, 28, 30, 31, 36, 37, 39, 40, 81, 82, 84, 85, 90, 91, 93, 94, 108, 109, 111, 115, 117, 118, 120]]
[251, 2.97598, [0, 1, 3, 4, 9, 10, 12, 13, 27, 28, 30, 31, 36, 37, 39, 40, 81, 82, 84, 85, 90, 91, 93, 94, 108, 109, 111, 116, 117, 119, 120]]
[251, 2.97562, [0, 1, 3, 4, 9, 10, 12, 13, 27, 28, 30, 31, 36, 37, 39, 40, 81, 82, 84, 85, 90, 91, 93, 94, 108, 109, 111, 117, 118, 120, 121]]
[251, 2.97607, [0, 1, 3, 4, 9, 10, 12, 13, 27, 28, 30, 31, 36, 37, 39, 40, 81, 82, 84, 85, 90, 91, 93, 94, 108, 109, 112, 114, 117, 118, 121]]
[251, 2.97552, [0, 1, 3, 4, 9, 10, 12, 13, 27, 28, 30, 31, 36, 37, 39, 40, 81, 82, 84, 85, 90, 91, 93, 94, 108, 109, 112, 117, 118, 120, 121]]
[251, 2.97617, [0, 1, 3, 4, 9, 10, 12, 13, 27, 28, 30, 31, 36, 37, 39, 40, 81, 82, 84, 85, 90, 91, 93, 94, 108, 110, 111, 113, 117, 119, 120]]
[251, 2.97588, [0, 1, 3, 4, 9, 10, 12, 13, 27, 28, 30, 31, 36, 37, 39, 40, 81, 82, 84, 85, 90, 91, 93, 94, 108, 110, 111, 116, 117, 119, 120]]
[251, 2.97552, [0, 1, 3, 4, 9, 10, 12, 13, 27, 28, 30, 31, 36, 37, 39, 40, 81, 82, 84, 85, 90, 91, 93, 94, 108, 110, 111, 117, 118, 120, 121]]
[251, 2.97559, [0, 1, 3, 4, 9, 10, 12, 13, 27, 28, 30, 31, 36, 37, 39, 40, 81, 82, 84, 85, 90, 91, 93, 94, 108, 111, 112, 115, 117, 120, 121]]
[251, 2.97531, [0, 1, 3, 4, 9, 10, 12, 13, 27, 28, 30, 31, 36, 37, 39, 40, 81, 82, 84, 85, 90, 91, 93, 94, 108, 111, 112, 117, 118, 120, 121]]
[251, 2.97578, [0, 1, 3, 4, 9, 10, 12, 13, 27, 28, 30, 31, 36, 37, 39, 40, 81, 82, 84, 85, 90, 91, 93, 94, 109, 110, 112, 113, 118, 119, 121]]
[251, 2.97569, [0, 1, 3, 4, 9, 10, 12, 13, 27, 28, 30, 31, 36, 37, 39, 40, 81, 82, 84, 85, 90, 91, 93, 94, 109, 110, 112, 113, 118, 120, 121]]
[251, 2.97549, [0, 1, 3, 4, 9, 10, 12, 13, 27, 28, 30, 31, 36, 37, 39, 40, 81, 82, 84, 85, 90, 91, 93, 94, 109, 110, 112, 116, 118, 119, 121]]
[251, 2.97531, [0, 1, 3, 4, 9, 10, 12, 13, 27, 28, 30, 31, 36, 37, 39, 40, 81, 82, 84, 85, 90, 91, 93, 94, 109, 110, 112, 117, 118, 120, 121]]
[251, 2.97549, [0, 1, 3, 4, 9, 10, 12, 13, 27, 28, 30, 31, 36, 37, 39, 40, 81, 82, 84, 85, 90, 91, 93, 94, 109, 111, 112, 114, 118, 120, 121]]
[251, 2.97532, [0, 1, 3, 4, 9, 10, 12, 13, 27, 28, 30, 31, 36, 37, 39, 40, 81, 82, 84, 85, 90, 91, 93, 103, 108, 109, 111, 112, 117, 118, 120]]
[251, 2.97528, [0, 1, 3, 4, 9, 10, 12, 13, 27, 28, 30, 31, 36, 37, 39, 40, 81, 82, 84, 88, 90, 91, 93, 97, 108, 109, 111, 115, 117, 118, 120]]
[251, 2.97554, [0, 1, 3, 4, 9, 10, 12, 13, 27, 28, 30, 31, 36, 37, 39, 40, 81, 83, 84, 86, 90, 92, 93, 95, 108, 110, 111, 113, 117, 119, 120]]
[251, 2.97525, [0, 1, 3, 4, 9, 10, 12, 13, 27, 28, 30, 31, 36, 37, 39, 40, 81, 83, 84, 86, 90, 92, 93, 95, 108, 110, 111, 116, 117, 119, 120]]
[251, 2.99302, [0, 1, 3, 4, 9, 10, 12, 13, 27, 28, 30, 31, 36, 37, 39, 40, 81, 84, 85, 88, 90, 93, 94, 97, 108, 111, 112, 115, 117, 120, 121, 124]]
[251, 2.99395, [0, 1, 3, 4, 9, 10, 12, 13, 27, 28, 30, 31, 36, 37, 39, 40, 82, 83, 85, 86, 91, 92, 94, 95, 109, 110, 112, 113, 118, 119, 121, 122]]
[251, 2.99319, [0, 1, 3, 4, 9, 10, 12, 13, 27, 28, 30, 31, 36, 37, 39, 40, 82, 83, 85, 86, 91, 92, 94, 95, 110, 111, 113, 114, 119, 120, 122, 123]]
[251, 2.99296, [0, 1, 3, 4, 9, 10, 12, 13, 27, 28, 30, 31, 36, 37, 39, 40, 82, 84, 85, 87, 91, 93, 94, 96, 109, 111, 112, 114, 118, 120, 121, 123]]
[251, 2.99195, [0, 1, 3, 4, 9, 10, 12, 13, 27, 28, 30, 31, 36, 37, 39, 40, 83, 84, 86, 87, 92, 93, 95, 96, 110, 111, 113, 114, 119, 120, 122, 123]]
[251, 2.9912, [0, 1, 3, 4, 9, 10, 12, 13, 27, 28, 30, 31, 36, 37, 39, 40, 83, 84, 86, 87, 92, 93, 95, 96, 111, 112, 114, 115, 120, 121, 123, 124]]
[251, 2.99086, [0, 1, 3, 4, 9, 10, 12, 13, 27, 28, 30, 31, 36, 37, 39, 40, 83, 84, 86, 87, 92, 93, 95, 96, 111, 112, 114, 115, 121, 122, 124, 125]]
[251, 2.99084, [0, 1, 3, 4, 9, 10, 12, 13, 27, 28, 30, 31, 36, 37, 39, 40, 83, 84, 86, 87, 92, 93, 95, 96, 111, 113, 114, 116, 120, 122, 123, 125]]
[251, 2.99047, [0, 1, 3, 4, 9, 10, 12, 13, 27, 28, 30, 31, 36, 37, 39, 40, 83, 84, 86, 87, 92, 93, 95, 96, 112, 113, 115, 116, 121, 122, 124, 125]]
[251, 2.98992, [0, 1, 3, 4, 9, 10, 12, 13, 27, 28, 30, 31, 36, 37, 39, 40, 83, 84, 86, 87, 93, 94, 96, 97, 112, 113, 115, 116, 121, 122, 124, 125]]
[251, 2.99053, [0, 1, 3, 4, 9, 10, 12, 13, 27, 28, 30, 31, 36, 37, 39, 40, 83, 84, 87, 89, 92, 93, 96, 98, 110, 111, 114, 116, 119, 120, 123, 125]]
[251, 2.99098, [0, 1, 3, 4, 9, 10, 12, 13, 27, 28, 30, 31, 36, 37, 39, 40, 83, 85, 86, 88, 92, 94, 95, 97, 110, 112, 113, 115, 119, 121, 122, 124]]
[251, 2.98987, [0, 1, 3, 4, 9, 10, 12, 13, 27, 28, 30, 31, 36, 37, 39, 40, 83, 85, 86, 88, 92, 94, 95, 97, 112, 113, 115, 116, 121, 122, 124, 125]]
[251, 2.98956, [0, 1, 3, 4, 9, 10, 12, 13, 27, 28, 30, 31, 36, 37, 39, 40, 83, 85, 88, 89, 92, 94, 97, 98, 110, 112, 115, 116, 119, 121, 124, 125]]
[251, 2.98999, [0, 1, 3, 4, 9, 10, 12, 13, 27, 28, 30, 31, 36, 37, 39, 40, 84, 85, 87, 88, 93, 94, 96, 97, 111, 112, 114, 115, 120, 121, 123, 124]]
[251, 2.98925, [0, 1, 3, 4, 9, 10, 12, 13, 27, 28, 30, 31, 36, 37, 39, 40, 84, 85, 87, 88, 93, 94, 96, 97, 112, 113, 115, 116, 121, 122, 124, 125]]
[251, 2.98903, [0, 1, 3, 4, 9, 10, 12, 13, 27, 28, 30, 31, 36, 37, 39, 40, 84, 86, 87, 89, 93, 95, 96, 98, 111, 113, 114, 116, 120, 122, 123, 125]]
[251, 2.98806, [0, 1, 3, 4, 9, 10, 12, 13, 27, 28, 30, 31, 36, 37, 39, 40, 85, 86, 88, 89, 94, 95, 97, 98, 112, 113, 115, 116, 121, 122, 124, 125]]
[251, 2.98383, [0, 1, 3, 4, 9, 10, 12, 13, 28, 29, 31, 32, 37, 38, 40, 41, 83, 84, 86, 87, 92, 93, 95, 96, 110, 111, 113, 114, 119, 120, 122, 123]]
[251, 2.98309, [0, 1, 3, 4, 9, 10, 12, 13, 28, 29, 31, 32, 37, 38, 40, 41, 83, 84, 86, 87, 92, 93, 95, 96, 111, 112, 114, 115, 120, 121, 123, 124]]
[251, 2.98286, [0, 1, 3, 4, 9, 10, 12, 13, 28, 29, 31, 32, 37, 38, 40, 41, 83, 85, 86, 88, 92, 94, 95, 97, 110, 112, 113, 115, 119, 121, 122, 124]]
[251, 2.98187, [0, 1, 3, 4, 9, 10, 12, 13, 28, 29, 31, 32, 37, 38, 40, 41, 84, 85, 87, 88, 93, 94, 96, 97, 111, 112, 114, 115, 120, 121, 123, 124]]
[251, 2.98113, [0, 1, 3, 4, 9, 10, 12, 13, 28, 29, 31, 32, 37, 38, 40, 41, 84, 85, 87, 88, 93, 94, 96, 97, 112, 113, 115, 116, 121, 122, 124, 125]]
[251, 2.98092, [0, 1, 3, 4, 9, 10, 12, 13, 28, 29, 31, 32, 37, 38, 40, 41, 84, 86, 87, 89, 93, 95, 96, 98, 111, 113, 114, 116, 120, 122, 123, 125]]
[251, 2.97994, [0, 1, 3, 4, 9, 10, 12, 13, 28, 29, 31, 32, 37, 38, 40, 41, 85, 86, 88, 89, 94, 95, 97, 98, 112, 113, 115, 116, 121, 122, 124, 125]]
[251, 2.97705, [0, 1, 3, 4, 9, 10, 12, 13, 28, 29, 31, 32, 38, 39, 41, 42, 85, 86, 88, 89, 94, 95, 97, 98, 112, 113, 115, 116, 121, 122, 124, 125]]
[251, 2.97623, [0, 1, 3, 4, 9, 10, 12, 13, 28, 30, 31, 33, 37, 39, 40, 42, 85, 86, 88, 89, 94, 95, 97, 98, 112, 113, 115, 116, 121, 122, 124, 125]]

Search completed in 32 hours, 32 minutes, and 21.089 seconds.  Enter a string to quit.