Enter an integer k for which our Kempner sets are k-free: 3
Enter a positive integer modulus b: 53
Enter estimation parameters, or * for pre-computed parameters ([0.1028, 1.1086, 1.445]): *
Enter a threshold (e.g. 4.2) to determine printed output: 2.67
Enter a root for the search space (e.g. [0, 1, 2]) [or * for the root [0]]: *
Enter an upper bound for the size of allowable digit sets [or * to ignore]: *
Enter a maximal number of deviations from a greedy search [or * to ignore]: *
Searching for k-free sets mod b...

[53, 2.76425, [0, 1, 3, 4, 9, 10, 12, 22, 25, 26]]
[53, 2.67176, [0, 1, 3, 4, 9, 10, 12, 22, 26]]
[53, 2.70311, [0, 1, 3, 4, 9, 10, 12, 35, 39, 40]]
[53, 2.69618, [0, 1, 3, 4, 9, 10, 12, 39, 40, 42]]
[53, 2.67141, [0, 1, 3, 4, 9, 10, 13, 21, 24]]
[53, 2.71805, [0, 1, 3, 4, 9, 10, 13, 24, 34, 41]]
[53, 2.72591, [0, 1, 3, 4, 9, 10, 21, 22, 24, 25]]
[53, 2.7217, [0, 1, 3, 4, 9, 10, 21, 22, 25, 26]]
[53, 2.72135, [0, 1, 3, 4, 9, 10, 21, 23, 24, 26]]
[53, 2.71642, [0, 1, 3, 4, 9, 10, 22, 23, 25, 26]]
[53, 2.69718, [0, 1, 3, 4, 9, 10, 23, 24, 26, 34]]
[53, 2.67759, [0, 1, 3, 4, 9, 10, 23, 24, 34, 41]]
[53, 2.77527, [0, 1, 3, 4, 9, 11, 12, 16, 25, 26]]
[53, 2.68252, [0, 1, 3, 4, 9, 11, 12, 16, 26]]
[53, 2.68894, [0, 1, 3, 4, 9, 11, 12, 35, 39, 45]]
[53, 2.68377, [0, 1, 3, 4, 9, 11, 12, 39, 40, 45]]
[53, 2.73571, [0, 1, 3, 4, 9, 11, 16, 20, 25, 26]]
[53, 2.70936, [0, 1, 3, 4, 9, 11, 16, 20, 26, 47]]
[53, 2.70831, [0, 1, 3, 4, 9, 11, 16, 24, 25, 38]]
[53, 2.70628, [0, 1, 3, 4, 9, 11, 16, 24, 26, 38]]
[53, 2.68669, [0, 1, 3, 4, 9, 11, 16, 24, 38, 41]]
[53, 2.70411, [0, 1, 3, 4, 9, 11, 16, 25, 26, 38]]
[53, 2.70219, [0, 1, 3, 4, 9, 11, 25, 38, 40, 43, 45]]
[53, 2.68607, [0, 1, 3, 4, 9, 12, 13, 32, 36, 38]]
[53, 2.70547, [0, 1, 3, 4, 9, 12, 16, 19, 25, 48]]
[53, 2.72145, [0, 1, 3, 4, 9, 12, 16, 22, 25, 26]]
[53, 2.69646, [0, 1, 3, 4, 9, 12, 16, 22, 25, 48]]
[53, 2.69191, [0, 1, 3, 4, 9, 12, 16, 25, 26, 42]]
[53, 2.67323, [0, 1, 3, 4, 9, 12, 16, 25, 40, 42]]
[53, 2.67313, [0, 1, 3, 4, 9, 12, 16, 26, 38, 42]]
[53, 2.68121, [0, 1, 3, 4, 9, 13, 16, 20, 34, 47]]
[53, 2.67813, [0, 1, 3, 4, 9, 13, 16, 24, 34, 38]]
[53, 2.70027, [0, 1, 3, 4, 9, 13, 19, 20, 24, 32]]
[53, 2.69094, [0, 1, 3, 4, 9, 16, 19, 20, 25, 26]]
[53, 2.69214, [0, 1, 3, 4, 9, 16, 19, 21, 24, 25]]
[53, 2.68192, [0, 1, 3, 4, 9, 16, 20, 22, 25, 26]]
[53, 2.73495, [0, 1, 3, 4, 9, 16, 20, 22, 26, 34, 47]]
[53, 2.68313, [0, 1, 3, 4, 9, 16, 21, 22, 24, 25]]
[53, 2.7414, [0, 1, 3, 4, 10, 11, 13, 14, 31, 36]]
[53, 2.69371, [0, 1, 3, 4, 10, 11, 13, 24, 36, 41]]
[53, 2.67806, [0, 1, 3, 4, 10, 11, 13, 31, 39, 41]]
[53, 2.71557, [0, 1, 3, 4, 10, 11, 14, 23, 26, 31]]
[53, 2.68544, [0, 1, 3, 4, 10, 11, 14, 26, 31, 46]]
[53, 2.67761, [0, 1, 3, 4, 10, 11, 14, 31, 36, 38]]
[53, 2.67569, [0, 1, 3, 4, 10, 11, 14, 31, 36, 40]]
[53, 2.67358, [0, 1, 3, 4, 10, 11, 14, 31, 38, 40]]
[53, 2.70296, [0, 1, 3, 4, 10, 11, 15, 23, 24, 41]]
[53, 2.67033, [0, 1, 3, 4, 10, 11, 15, 31, 35, 41]]
[53, 2.67695, [0, 1, 3, 4, 10, 11, 23, 25, 26, 31]]
[53, 2.72621, [0, 1, 3, 4, 10, 12, 13, 15, 31, 37]]
[53, 2.69395, [0, 1, 3, 4, 10, 12, 15, 22, 25, 42]]
[53, 2.68058, [0, 1, 3, 4, 10, 12, 18, 22, 25, 42]]
[53, 2.69037, [0, 1, 3, 4, 10, 13, 14, 21, 31, 36]]
[53, 2.68301, [0, 1, 3, 4, 10, 14, 15, 21, 23, 48]]
[53, 2.68026, [0, 1, 3, 4, 10, 14, 15, 22, 23, 48]]
[53, 2.68829, [0, 1, 3, 4, 10, 15, 18, 22, 23, 25]]
[53, 2.75768, [0, 1, 3, 4, 10, 15, 18, 22, 24, 25, 42]]
[53, 2.67608, [0, 1, 3, 4, 10, 15, 21, 22, 24, 25]]
[53, 2.70982, [0, 1, 3, 4, 11, 12, 14, 15, 31, 37]]
[53, 2.67477, [0, 1, 3, 4, 11, 12, 14, 26, 31, 37]]
[53, 2.67836, [0, 1, 3, 4, 11, 12, 15, 17, 39, 45]]
[53, 2.71601, [0, 1, 3, 4, 11, 12, 16, 17, 25, 26]]
[53, 2.69041, [0, 1, 3, 4, 11, 12, 16, 17, 26, 46]]
[53, 2.69719, [0, 1, 3, 4, 11, 13, 16, 17, 20, 47]]
[53, 2.67648, [0, 1, 3, 4, 11, 16, 17, 20, 25, 26]]
[53, 2.69446, [0, 1, 3, 4, 11, 17, 20, 24, 26, 43, 46]]
[53, 2.67741, [0, 1, 3, 4, 12, 13, 15, 19, 31, 32]]
[53, 2.67328, [0, 1, 3, 4, 12, 14, 15, 19, 22, 48]]
[53, 2.67104, [0, 1, 3, 4, 12, 14, 15, 19, 31, 32]]
[53, 2.71266, [0, 1, 3, 4, 12, 14, 17, 19, 32, 46, 48]]
[53, 2.69747, [0, 1, 3, 4, 12, 16, 18, 25, 26, 42, 44]]
[53, 2.67829, [0, 1, 3, 4, 12, 16, 18, 26, 38, 42, 44]]
[53, 2.67194, [0, 1, 3, 4, 13, 14, 18, 19, 21, 31]]
[53, 2.67608, [0, 1, 3, 4, 13, 15, 19, 31, 32, 39, 41]]
[53, 2.71517, [0, 1, 3, 4, 14, 15, 19, 20, 22, 32, 48]]
[53, 2.69275, [0, 1, 3, 4, 15, 16, 19, 21, 25, 33, 48]]
[53, 2.6775, [0, 1, 3, 7, 8, 17, 18, 22, 23, 25, 40]]
[53, 2.69102, [0, 1, 4, 5, 11, 13, 14, 16, 20, 30, 38]]
[53, 2.71162, [0, 1, 4, 6, 9, 10, 13, 21, 23, 24, 28]]

Search completed in 0 hours, 0 minutes, and 0.162 seconds.  Enter a string to quit.