Enter an integer k for which our Kempner sets are k-free: 3
Enter a positive integer modulus b: 83
Enter estimation parameters, or * for pre-computed parameters ([0.0913, 1.0814, 1.4329]): *
Enter a threshold (e.g. 4.2) to determine printed output: 2.89
Enter a root for the search space (e.g. [0, 1, 2]) [or * for the root [0]]: *
Enter an upper bound for the size of allowable digit sets [or * to ignore]: *
Enter a maximal number of deviations from a greedy search [or * to ignore]: *
Searching for k-free sets mod b...

[83, 3.00713, [0, 1, 3, 4, 9, 10, 12, 13, 27, 28, 30, 31, 36, 37, 39, 40]]
[83, 2.94315, [0, 1, 3, 4, 9, 10, 12, 13, 27, 28, 30, 31, 36, 37, 40]]
[83, 2.94307, [0, 1, 3, 4, 9, 10, 12, 13, 27, 28, 30, 31, 36, 38, 39]]
[83, 2.94132, [0, 1, 3, 4, 9, 10, 12, 13, 27, 28, 30, 31, 36, 39, 40]]
[83, 2.94123, [0, 1, 3, 4, 9, 10, 12, 13, 27, 28, 30, 31, 37, 38, 40]]
[83, 2.92669, [0, 1, 3, 4, 9, 10, 12, 13, 27, 28, 30, 31, 37, 38, 68]]
[83, 2.94033, [0, 1, 3, 4, 9, 10, 12, 13, 27, 28, 30, 31, 37, 39, 40]]
[83, 2.91073, [0, 1, 3, 4, 9, 10, 12, 13, 27, 28, 30, 31, 37, 67, 68]]
[83, 2.89488, [0, 1, 3, 4, 9, 10, 12, 13, 27, 28, 30, 31, 65, 66, 68]]
[83, 2.89454, [0, 1, 3, 4, 9, 10, 12, 13, 27, 28, 30, 31, 65, 67, 68]]
[83, 2.94035, [0, 1, 3, 4, 9, 10, 12, 13, 27, 28, 30, 34, 36, 37, 39]]
[83, 2.93832, [0, 1, 3, 4, 9, 10, 12, 13, 27, 28, 30, 35, 36, 38, 39]]
[83, 2.93455, [0, 1, 3, 4, 9, 10, 12, 13, 27, 28, 30, 36, 37, 39, 40]]
[83, 2.89223, [0, 1, 3, 4, 9, 10, 12, 13, 27, 28, 31, 32, 65, 66, 68]]
[83, 2.89189, [0, 1, 3, 4, 9, 10, 12, 13, 27, 28, 31, 32, 65, 67, 68]]
[83, 2.93928, [0, 1, 3, 4, 9, 10, 12, 13, 27, 28, 31, 33, 36, 37, 40]]
[83, 2.93319, [0, 1, 3, 4, 9, 10, 12, 13, 27, 28, 31, 36, 37, 39, 40]]
[83, 2.94023, [0, 1, 3, 4, 9, 10, 12, 13, 27, 29, 30, 32, 36, 38, 39]]
[83, 2.89205, [0, 1, 3, 4, 9, 10, 12, 13, 27, 29, 30, 32, 65, 66, 68]]
[83, 2.89171, [0, 1, 3, 4, 9, 10, 12, 13, 27, 29, 30, 32, 65, 67, 68]]
[83, 2.93678, [0, 1, 3, 4, 9, 10, 12, 13, 27, 29, 30, 35, 36, 38, 39]]
[83, 2.93301, [0, 1, 3, 4, 9, 10, 12, 13, 27, 29, 30, 36, 37, 39, 40]]
[83, 2.9333, [0, 1, 3, 4, 9, 10, 12, 13, 27, 30, 31, 34, 36, 39, 40]]
[83, 2.93019, [0, 1, 3, 4, 9, 10, 12, 13, 27, 30, 31, 36, 37, 39, 40]]
[83, 2.99754, [0, 1, 3, 4, 9, 10, 12, 13, 28, 29, 31, 32, 37, 38, 40, 41]]
[83, 2.93456, [0, 1, 3, 4, 9, 10, 12, 13, 28, 29, 31, 32, 37, 38, 41]]
[83, 2.92084, [0, 1, 3, 4, 9, 10, 12, 13, 28, 29, 31, 32, 37, 38, 68]]
[83, 2.93449, [0, 1, 3, 4, 9, 10, 12, 13, 28, 29, 31, 32, 37, 39, 40]]
[83, 2.93282, [0, 1, 3, 4, 9, 10, 12, 13, 28, 29, 31, 32, 37, 40, 41]]
[83, 2.90489, [0, 1, 3, 4, 9, 10, 12, 13, 28, 29, 31, 32, 37, 67, 68]]
[83, 2.93273, [0, 1, 3, 4, 9, 10, 12, 13, 28, 29, 31, 32, 38, 39, 41]]
[83, 2.93188, [0, 1, 3, 4, 9, 10, 12, 13, 28, 29, 31, 32, 38, 40, 41]]
[83, 2.91661, [0, 1, 3, 4, 9, 10, 12, 13, 28, 29, 31, 32, 40, 41, 65]]
[83, 2.93192, [0, 1, 3, 4, 9, 10, 12, 13, 28, 29, 31, 35, 37, 38, 40]]
[83, 2.92999, [0, 1, 3, 4, 9, 10, 12, 13, 28, 29, 31, 36, 37, 39, 40]]
[83, 2.9264, [0, 1, 3, 4, 9, 10, 12, 13, 28, 29, 31, 37, 38, 40, 41]]
[83, 2.93091, [0, 1, 3, 4, 9, 10, 12, 13, 28, 29, 32, 34, 37, 38, 41]]
[83, 2.92511, [0, 1, 3, 4, 9, 10, 12, 13, 28, 29, 32, 37, 38, 40, 41]]
[83, 2.90576, [0, 1, 3, 4, 9, 10, 12, 13, 28, 29, 37, 38, 40, 41, 59]]
[83, 2.93182, [0, 1, 3, 4, 9, 10, 12, 13, 28, 30, 31, 33, 37, 39, 40]]
[83, 2.9019, [0, 1, 3, 4, 9, 10, 12, 13, 28, 30, 31, 33, 37, 67, 69]]
[83, 2.92854, [0, 1, 3, 4, 9, 10, 12, 13, 28, 30, 31, 36, 37, 39, 40]]
[83, 2.92495, [0, 1, 3, 4, 9, 10, 12, 13, 28, 30, 31, 37, 38, 40, 41]]
[83, 2.92526, [0, 1, 3, 4, 9, 10, 12, 13, 28, 31, 32, 35, 37, 40, 41]]
[83, 2.9223, [0, 1, 3, 4, 9, 10, 12, 13, 28, 31, 32, 37, 38, 40, 41]]
[83, 2.92723, [0, 1, 3, 4, 9, 10, 12, 13, 29, 30, 32, 33, 38, 39, 41]]
[83, 2.92638, [0, 1, 3, 4, 9, 10, 12, 13, 29, 30, 32, 33, 38, 40, 41]]
[83, 2.92396, [0, 1, 3, 4, 9, 10, 12, 13, 29, 30, 32, 36, 38, 39, 41]]
[83, 2.92212, [0, 1, 3, 4, 9, 10, 12, 13, 29, 30, 32, 37, 38, 40, 41]]
[83, 2.92387, [0, 1, 3, 4, 9, 10, 12, 13, 29, 31, 32, 34, 38, 40, 41]]
[83, 2.92075, [0, 1, 3, 4, 9, 10, 12, 13, 29, 31, 32, 37, 38, 40, 41]]
[83, 2.89862, [0, 1, 3, 4, 9, 10, 12, 13, 31, 32, 37, 38, 40, 41, 56]]
[83, 2.91135, [0, 1, 3, 4, 9, 10, 12, 13, 37, 38, 40, 41, 55, 56, 58, 59]]
[83, 2.90772, [0, 1, 3, 4, 9, 10, 12, 22, 27, 28, 30, 31, 36, 37, 39]]
[83, 2.89744, [0, 1, 3, 4, 9, 10, 12, 25, 27, 28, 30, 34, 36, 37, 39]]
[83, 2.89198, [0, 1, 3, 4, 9, 10, 12, 26, 27, 29, 30, 35, 36, 38, 39]]
[83, 2.90239, [0, 1, 3, 4, 9, 10, 13, 21, 27, 28, 30, 31, 36, 37, 40]]
[83, 2.89134, [0, 1, 3, 4, 9, 10, 13, 24, 27, 28, 31, 33, 36, 37, 40]]
[83, 2.89794, [0, 1, 3, 4, 9, 11, 12, 16, 25, 27, 33, 36, 37, 40, 59]]
[83, 2.8926, [0, 1, 3, 4, 10, 11, 13, 14, 29, 30, 32, 33, 38, 39, 41]]
[83, 2.89175, [0, 1, 3, 4, 10, 11, 13, 14, 29, 30, 32, 33, 38, 40, 41]]

Search completed in 0 hours, 0 minutes, and 8.672 seconds.  Enter a string to quit.