Enter an integer k for which our Kempner sets are k-free: 3
Enter a positive integer modulus b: 48
Enter estimation parameters, or * for pre-computed parameters ([0.1069, 1.1123, 1.4579]): *
Enter a threshold (e.g. 4.2) to determine printed output: 2.62
Enter a root for the search space (e.g. [0, 1, 2]) [or * for the root [0]]: *
Enter an upper bound for the size of allowable digit sets [or * to ignore]: *
Enter a maximal number of deviations from a greedy search [or * to ignore]: *
Searching for k-free sets mod b...

[48, 2.65955, [0, 1, 3, 4, 9, 10, 12, 13]]
[48, 2.62219, [0, 1, 3, 4, 9, 10, 12, 22]]
[48, 2.63396, [0, 1, 3, 4, 9, 10, 23, 32, 35]]
[48, 2.63311, [0, 1, 3, 4, 9, 11, 12, 16]]
[48, 2.65269, [0, 1, 3, 4, 9, 11, 20, 23, 32]]
[48, 2.64554, [0, 1, 3, 4, 9, 11, 20, 23, 38]]
[48, 2.68253, [0, 1, 3, 4, 9, 13, 16, 20, 21]]
[48, 2.63755, [0, 1, 3, 4, 9, 13, 19, 20, 42]]
[48, 2.62674, [0, 1, 3, 4, 9, 19, 20, 22, 23]]
[48, 2.62456, [0, 1, 3, 4, 10, 11, 13, 14]]
[48, 2.71216, [0, 1, 3, 4, 10, 11, 14, 15, 23]]
[48, 2.6401, [0, 1, 3, 4, 10, 11, 14, 32, 41]]
[48, 2.65907, [0, 1, 3, 4, 10, 13, 14, 21, 30]]
[48, 2.66324, [0, 1, 3, 4, 10, 14, 15, 21, 22]]
[48, 2.66067, [0, 1, 3, 4, 10, 14, 15, 21, 23]]
[48, 2.63801, [0, 1, 3, 4, 10, 14, 15, 21, 37]]
[48, 2.63234, [0, 1, 3, 4, 10, 14, 15, 21, 43]]
[48, 2.65789, [0, 1, 3, 4, 10, 14, 15, 22, 23]]
[48, 2.65336, [0, 1, 3, 4, 10, 14, 30, 32, 35, 37]]
[48, 2.63876, [0, 1, 3, 4, 10, 15, 18, 22, 23]]
[48, 2.68951, [0, 1, 3, 4, 11, 13, 14, 16, 20]]
[48, 2.6744, [0, 1, 3, 4, 11, 13, 16, 17, 20]]
[48, 2.63853, [0, 1, 3, 4, 11, 13, 16, 17, 42]]
[48, 2.63712, [0, 1, 3, 4, 11, 13, 16, 20, 33]]
[48, 2.62309, [0, 1, 3, 4, 11, 13, 17, 20, 42]]
[48, 2.65002, [0, 1, 3, 4, 11, 13, 29, 33, 34, 38]]
[48, 2.65362, [0, 1, 3, 4, 11, 14, 15, 20, 23]]
[48, 2.64862, [0, 1, 3, 4, 11, 14, 16, 20, 23]]
[48, 2.64299, [0, 1, 3, 4, 11, 15, 16, 20, 23]]
[48, 2.63691, [0, 1, 3, 4, 12, 13, 17, 18, 29]]
[48, 2.62329, [0, 1, 3, 4, 12, 13, 17, 18, 40]]
[48, 2.62772, [0, 1, 3, 4, 12, 14, 15, 17, 43]]
[48, 2.65095, [0, 1, 3, 4, 12, 14, 15, 19, 22]]
[48, 2.6305, [0, 1, 3, 4, 12, 14, 17, 18, 29]]
[48, 2.63805, [0, 1, 3, 4, 13, 14, 16, 20, 21]]
[48, 2.62314, [0, 1, 3, 4, 13, 14, 17, 18, 29]]
[48, 2.63287, [0, 1, 3, 4, 13, 14, 18, 19, 21]]
[48, 2.62956, [0, 1, 3, 4, 13, 14, 18, 20, 21]]
[48, 2.63241, [0, 1, 3, 4, 13, 15, 16, 20, 21]]
[48, 2.62314, [0, 1, 3, 4, 14, 15, 17, 18, 23]]
[48, 2.635, [0, 1, 3, 4, 14, 18, 19, 23, 39, 41]]
[48, 2.6327, [0, 1, 3, 4, 15, 17, 20, 22, 38, 42]]

Search completed in 0 hours, 0 minutes, and 0.052 seconds.  Enter a string to quit.