Enter an integer k for which our Kempner sets are k-free: 3
Enter a positive integer modulus b: 219
Enter estimation parameters, or * for pre-computed parameters ([0.0715, 1.0466, 1.3881]): *
Enter a threshold (e.g. 4.2) to determine printed output: 2.945
Enter a root for the search space (e.g. [0, 1, 2]) [or * for the root [0]]: *
Enter an upper bound for the size of allowable digit sets [or * to ignore]: 34
Enter a maximal number of deviations from a greedy search [or * to ignore]: *
Searching for k-free sets mod b...

[219, 2.94827, [0, 1, 3, 4, 9, 10, 12, 13, 27, 28, 30, 31, 36, 37, 39, 40, 81, 82, 84, 88, 89, 91, 99, 102, 103, 106, 108]]
[219, 2.94792, [0, 1, 3, 4, 9, 10, 12, 13, 27, 28, 30, 31, 36, 37, 39, 40, 81, 82, 84, 88, 89, 91, 99, 103, 105, 106, 108]]
[219, 2.94609, [0, 1, 3, 4, 9, 10, 12, 13, 27, 28, 30, 31, 36, 37, 39, 40, 81, 82, 84, 91, 92, 96, 97, 104, 106, 107, 109]]
[219, 2.94665, [0, 1, 3, 4, 9, 10, 12, 13, 27, 28, 30, 31, 36, 37, 39, 40, 81, 82, 85, 86, 94, 96, 99, 100, 105, 108, 109]]
[219, 2.94547, [0, 1, 3, 4, 9, 10, 12, 13, 27, 28, 30, 31, 36, 37, 39, 40, 81, 82, 85, 86, 96, 99, 100, 103, 105, 108, 109]]
[219, 2.94911, [0, 1, 3, 4, 9, 10, 12, 13, 27, 28, 30, 31, 36, 37, 39, 40, 81, 82, 85, 87, 90, 91, 94, 96, 104, 108, 109]]
[219, 2.94867, [0, 1, 3, 4, 9, 10, 12, 13, 27, 28, 30, 31, 36, 37, 39, 40, 81, 82, 85, 87, 90, 91, 94, 102, 104, 105, 109]]
[219, 2.94833, [0, 1, 3, 4, 9, 10, 12, 13, 27, 28, 30, 31, 36, 37, 39, 40, 81, 82, 85, 87, 90, 91, 94, 102, 104, 108, 109]]
[219, 2.94797, [0, 1, 3, 4, 9, 10, 12, 13, 27, 28, 30, 31, 36, 37, 39, 40, 81, 82, 85, 87, 90, 91, 94, 104, 105, 108, 109]]
[219, 2.94793, [0, 1, 3, 4, 9, 10, 12, 13, 27, 28, 30, 31, 36, 37, 39, 40, 81, 82, 85, 87, 90, 91, 96, 103, 104, 108, 109]]
[219, 2.94705, [0, 1, 3, 4, 9, 10, 12, 13, 27, 28, 30, 31, 36, 37, 39, 40, 81, 82, 85, 87, 90, 96, 100, 101, 103, 108, 109]]
[219, 2.94657, [0, 1, 3, 4, 9, 10, 12, 13, 27, 28, 30, 31, 36, 37, 39, 40, 81, 82, 85, 87, 90, 96, 101, 103, 104, 108, 109]]
[219, 2.9482, [0, 1, 3, 4, 9, 10, 12, 13, 27, 28, 30, 31, 36, 37, 39, 40, 81, 82, 85, 87, 91, 96, 98, 99, 103, 104, 106]]
[219, 2.94663, [0, 1, 3, 4, 9, 10, 12, 13, 27, 28, 30, 31, 36, 37, 39, 40, 81, 82, 85, 90, 91, 94, 96, 104, 105, 108, 109]]
[219, 2.94684, [0, 1, 3, 4, 9, 10, 12, 13, 27, 28, 30, 31, 36, 37, 39, 40, 81, 82, 86, 87, 89, 94, 100, 103, 105, 108, 109]]
[219, 2.948, [0, 1, 3, 4, 9, 10, 12, 13, 27, 28, 30, 31, 36, 37, 39, 40, 81, 82, 86, 87, 89, 95, 99, 100, 102, 106, 107]]
[219, 2.947, [0, 1, 3, 4, 9, 10, 12, 13, 27, 28, 30, 31, 36, 37, 39, 40, 81, 82, 86, 87, 89, 98, 99, 101, 105, 106, 108]]
[219, 2.94687, [0, 1, 3, 4, 9, 10, 12, 13, 27, 28, 30, 31, 36, 37, 39, 40, 81, 82, 86, 87, 89, 98, 100, 101, 105, 106, 108]]
[219, 2.94655, [0, 1, 3, 4, 9, 10, 12, 13, 27, 28, 30, 31, 36, 37, 39, 40, 81, 82, 86, 87, 94, 96, 99, 100, 103, 108, 109]]
[219, 2.94542, [0, 1, 3, 4, 9, 10, 12, 13, 27, 28, 30, 31, 36, 37, 39, 40, 81, 82, 86, 87, 94, 99, 100, 103, 105, 108, 109]]
[219, 2.94799, [0, 1, 3, 4, 9, 10, 12, 13, 27, 28, 30, 31, 36, 37, 39, 40, 81, 82, 86, 88, 89, 93, 99, 101, 102, 106, 107]]
[219, 2.94788, [0, 1, 3, 4, 9, 10, 12, 13, 27, 28, 30, 31, 36, 37, 39, 40, 81, 82, 86, 88, 89, 93, 99, 101, 102, 106, 108]]
[219, 2.94777, [0, 1, 3, 4, 9, 10, 12, 13, 27, 28, 30, 31, 36, 37, 39, 40, 81, 82, 86, 88, 89, 93, 99, 101, 102, 107, 108]]
[219, 2.94764, [0, 1, 3, 4, 9, 10, 12, 13, 27, 28, 30, 31, 36, 37, 39, 40, 81, 82, 86, 88, 89, 93, 99, 102, 103, 106, 108]]
[219, 2.94698, [0, 1, 3, 4, 9, 10, 12, 13, 27, 28, 30, 31, 36, 37, 39, 40, 81, 82, 86, 88, 92, 97, 99, 100, 104, 105, 107]]
[219, 2.94732, [0, 1, 3, 4, 9, 10, 12, 13, 27, 28, 30, 31, 36, 37, 39, 40, 81, 82, 87, 88, 90, 96, 97, 100, 101, 108, 109]]
[219, 2.94678, [0, 1, 3, 4, 9, 10, 12, 13, 27, 28, 30, 31, 36, 37, 39, 40, 81, 82, 87, 88, 90, 96, 100, 101, 103, 107, 108]]
[219, 2.94667, [0, 1, 3, 4, 9, 10, 12, 13, 27, 28, 30, 31, 36, 37, 39, 40, 81, 82, 87, 88, 90, 96, 100, 101, 103, 107, 109]]
[219, 2.94656, [0, 1, 3, 4, 9, 10, 12, 13, 27, 28, 30, 31, 36, 37, 39, 40, 81, 82, 87, 88, 90, 96, 100, 101, 103, 108, 109]]
[219, 2.94689, [0, 1, 3, 4, 9, 10, 12, 13, 27, 28, 30, 31, 36, 37, 39, 40, 81, 82, 87, 89, 90, 94, 100, 102, 103, 105, 109]]
[219, 2.94655, [0, 1, 3, 4, 9, 10, 12, 13, 27, 28, 30, 31, 36, 37, 39, 40, 81, 82, 87, 89, 90, 94, 100, 102, 103, 108, 109]]
[219, 2.9462, [0, 1, 3, 4, 9, 10, 12, 13, 27, 28, 30, 31, 36, 37, 39, 40, 81, 82, 87, 89, 90, 94, 100, 103, 105, 108, 109]]
[219, 2.94653, [0, 1, 3, 4, 9, 10, 12, 13, 27, 28, 30, 31, 36, 37, 39, 40, 81, 82, 87, 90, 91, 94, 96, 103, 104, 108, 109]]
[219, 2.94563, [0, 1, 3, 4, 9, 10, 12, 13, 27, 28, 30, 31, 36, 37, 39, 40, 81, 82, 89, 90, 93, 94, 100, 102, 103, 108, 109]]
[219, 2.94812, [0, 1, 3, 4, 9, 10, 12, 13, 27, 28, 30, 31, 36, 37, 39, 40, 81, 83, 84, 86, 90, 92, 93, 104, 106, 107, 109]]
[219, 2.94705, [0, 1, 3, 4, 9, 10, 12, 13, 27, 28, 30, 31, 36, 37, 39, 40, 81, 83, 84, 86, 90, 98, 100, 101, 103, 107, 109]]
[219, 2.94693, [0, 1, 3, 4, 9, 10, 12, 13, 27, 28, 30, 31, 36, 37, 39, 40, 81, 83, 84, 86, 90, 98, 100, 101, 105, 107, 108]]
[219, 2.94669, [0, 1, 3, 4, 9, 10, 12, 13, 27, 28, 30, 31, 36, 37, 39, 40, 81, 83, 84, 86, 90, 98, 100, 103, 104, 107, 109]]
[219, 2.94712, [0, 1, 3, 4, 9, 10, 12, 13, 27, 28, 30, 31, 36, 37, 39, 40, 81, 83, 84, 86, 92, 93, 97, 104, 106, 107, 109]]
[219, 2.94799, [0, 1, 3, 4, 9, 10, 12, 13, 27, 28, 30, 31, 36, 37, 39, 40, 81, 83, 84, 86, 92, 96, 97, 99, 104, 105, 107]]
[219, 2.9472, [0, 1, 3, 4, 9, 10, 12, 13, 27, 28, 30, 31, 36, 37, 39, 40, 81, 83, 84, 86, 93, 94, 98, 99, 106, 108, 109]]
[219, 2.94628, [0, 1, 3, 4, 9, 10, 12, 13, 27, 28, 30, 31, 36, 37, 39, 40, 81, 83, 84, 86, 93, 97, 98, 104, 106, 107, 109]]
[219, 2.9457, [0, 1, 3, 4, 9, 10, 12, 13, 27, 28, 30, 31, 36, 37, 39, 40, 81, 83, 84, 86, 97, 98, 100, 101, 106, 107, 109]]
[219, 2.94534, [0, 1, 3, 4, 9, 10, 12, 13, 27, 28, 30, 31, 36, 37, 39, 40, 81, 83, 84, 86, 97, 98, 100, 104, 106, 107, 109]]
[219, 2.9492, [0, 1, 3, 4, 9, 10, 12, 13, 27, 28, 30, 31, 36, 37, 39, 40, 81, 83, 84, 88, 89, 91, 96, 100, 102, 105, 106]]
[219, 2.94909, [0, 1, 3, 4, 9, 10, 12, 13, 27, 28, 30, 31, 36, 37, 39, 40, 81, 83, 84, 88, 89, 91, 96, 100, 102, 105, 107]]
[219, 2.94897, [0, 1, 3, 4, 9, 10, 12, 13, 27, 28, 30, 31, 36, 37, 39, 40, 81, 83, 84, 88, 89, 91, 96, 100, 102, 106, 107]]
[219, 2.94785, [0, 1, 3, 4, 9, 10, 12, 13, 27, 28, 30, 31, 36, 37, 39, 40, 81, 83, 84, 88, 89, 91, 100, 102, 103, 107, 108]]
[219, 2.9477, [0, 1, 3, 4, 9, 10, 12, 13, 27, 28, 30, 31, 36, 37, 39, 40, 81, 83, 84, 88, 90, 91, 100, 102, 103, 107, 108]]
[219, 2.94673, [0, 1, 3, 4, 9, 10, 12, 13, 27, 28, 30, 31, 36, 37, 39, 40, 81, 83, 84, 88, 90, 98, 100, 101, 103, 107, 109]]
[219, 2.94636, [0, 1, 3, 4, 9, 10, 12, 13, 27, 28, 30, 31, 36, 37, 39, 40, 81, 83, 84, 88, 90, 98, 100, 103, 104, 107, 109]]
[219, 2.94764, [0, 1, 3, 4, 9, 10, 12, 13, 27, 28, 30, 31, 36, 37, 39, 40, 81, 83, 84, 89, 90, 92, 93, 104, 106, 107, 109]]
[219, 2.94798, [0, 1, 3, 4, 9, 10, 12, 13, 27, 28, 30, 31, 36, 37, 39, 40, 81, 83, 84, 89, 91, 92, 96, 102, 104, 105, 107]]
[219, 2.94714, [0, 1, 3, 4, 9, 10, 12, 13, 27, 28, 30, 31, 36, 37, 39, 40, 81, 83, 86, 87, 90, 92, 100, 102, 105, 106, 109]]
[219, 2.94691, [0, 1, 3, 4, 9, 10, 12, 13, 27, 28, 30, 31, 36, 37, 39, 40, 81, 83, 86, 87, 90, 92, 100, 102, 106, 107, 109]]
[219, 2.94667, [0, 1, 3, 4, 9, 10, 12, 13, 27, 28, 30, 31, 36, 37, 39, 40, 81, 83, 86, 87, 90, 92, 100, 104, 106, 107, 109]]
[219, 2.94692, [0, 1, 3, 4, 9, 10, 12, 13, 27, 28, 30, 31, 36, 37, 39, 40, 81, 83, 86, 87, 90, 96, 100, 101, 103, 107, 108]]
[219, 2.94642, [0, 1, 3, 4, 9, 10, 12, 13, 27, 28, 30, 31, 36, 37, 39, 40, 81, 83, 86, 87, 90, 98, 100, 101, 105, 107, 108]]
[219, 2.9468, [0, 1, 3, 4, 9, 10, 12, 13, 27, 28, 30, 31, 36, 37, 39, 40, 81, 83, 86, 88, 92, 97, 99, 100, 104, 105, 107]]
[219, 2.9466, [0, 1, 3, 4, 9, 10, 12, 13, 27, 28, 30, 31, 36, 37, 39, 40, 81, 83, 87, 88, 90, 96, 100, 101, 103, 107, 108]]
[219, 2.94665, [0, 1, 3, 4, 9, 10, 12, 13, 27, 28, 30, 31, 36, 37, 39, 40, 81, 83, 87, 89, 90, 92, 100, 102, 105, 106, 109]]
[219, 2.94642, [0, 1, 3, 4, 9, 10, 12, 13, 27, 28, 30, 31, 36, 37, 39, 40, 81, 83, 87, 89, 90, 92, 100, 102, 106, 107, 109]]
[219, 2.94618, [0, 1, 3, 4, 9, 10, 12, 13, 27, 28, 30, 31, 36, 37, 39, 40, 81, 83, 87, 89, 90, 92, 100, 104, 106, 107, 109]]
[219, 2.94637, [0, 1, 3, 4, 9, 10, 12, 13, 27, 28, 30, 31, 36, 37, 39, 40, 81, 83, 87, 89, 90, 94, 100, 102, 103, 108, 109]]
[219, 2.94638, [0, 1, 3, 4, 9, 10, 12, 13, 27, 28, 30, 31, 36, 37, 39, 40, 81, 84, 85, 88, 90, 98, 100, 101, 103, 107, 109]]
[219, 2.94602, [0, 1, 3, 4, 9, 10, 12, 13, 27, 28, 30, 31, 36, 37, 39, 40, 81, 84, 85, 88, 90, 98, 100, 103, 104, 107, 109]]
[219, 2.94603, [0, 1, 3, 4, 9, 10, 12, 13, 27, 28, 30, 31, 36, 37, 39, 40, 81, 85, 87, 88, 90, 96, 100, 101, 103, 108, 109]]
[219, 2.94668, [0, 1, 3, 4, 9, 10, 12, 13, 27, 28, 30, 31, 36, 37, 39, 40, 82, 83, 85, 89, 90, 92, 100, 103, 104, 107, 109]]
[219, 2.94633, [0, 1, 3, 4, 9, 10, 12, 13, 27, 28, 30, 31, 36, 37, 39, 40, 82, 83, 85, 89, 90, 92, 100, 104, 106, 107, 109]]
[219, 2.96534, [0, 1, 3, 4, 9, 10, 12, 13, 27, 28, 30, 31, 36, 37, 39, 40, 82, 83, 86, 88, 92, 97, 99, 100, 104, 105, 107, 150]]
[219, 2.94641, [0, 1, 3, 4, 9, 10, 12, 13, 27, 28, 30, 31, 36, 37, 39, 40, 82, 83, 87, 88, 90, 96, 100, 101, 103, 107, 108]]
[219, 2.94543, [0, 1, 3, 4, 9, 10, 12, 13, 27, 28, 30, 31, 36, 37, 39, 40, 82, 83, 87, 88, 90, 99, 100, 102, 106, 107, 109]]
[219, 2.94531, [0, 1, 3, 4, 9, 10, 12, 13, 27, 28, 30, 31, 36, 37, 39, 40, 82, 83, 87, 88, 90, 99, 101, 102, 106, 107, 109]]
[219, 2.94641, [0, 1, 3, 4, 9, 10, 12, 13, 27, 28, 30, 31, 36, 37, 39, 40, 82, 83, 87, 89, 90, 94, 100, 102, 103, 107, 108]]
[219, 2.9463, [0, 1, 3, 4, 9, 10, 12, 13, 27, 28, 30, 31, 36, 37, 39, 40, 82, 83, 87, 89, 90, 94, 100, 102, 103, 107, 109]]
[219, 2.94619, [0, 1, 3, 4, 9, 10, 12, 13, 27, 28, 30, 31, 36, 37, 39, 40, 82, 83, 87, 89, 90, 94, 100, 102, 103, 108, 109]]
[219, 2.94606, [0, 1, 3, 4, 9, 10, 12, 13, 27, 28, 30, 31, 36, 37, 39, 40, 82, 83, 87, 89, 90, 94, 100, 103, 104, 107, 109]]
[219, 2.94542, [0, 1, 3, 4, 9, 10, 12, 13, 27, 28, 30, 31, 36, 37, 39, 40, 82, 83, 87, 89, 93, 98, 100, 101, 105, 106, 108]]
[219, 2.95853, [0, 1, 3, 4, 9, 10, 12, 13, 27, 28, 30, 31, 36, 37, 39, 40, 82, 83, 88, 91, 92, 97, 104, 105, 107, 108, 150, 159]]
[219, 2.95831, [0, 1, 3, 4, 9, 10, 12, 13, 27, 28, 30, 31, 36, 37, 39, 40, 82, 83, 88, 91, 92, 97, 104, 105, 108, 109, 150, 159]]
[219, 2.95744, [0, 1, 3, 4, 9, 10, 12, 13, 27, 28, 30, 31, 36, 37, 39, 40, 82, 83, 88, 91, 97, 101, 102, 104, 108, 109, 150, 159]]
[219, 2.94536, [0, 1, 3, 4, 9, 10, 12, 13, 27, 28, 30, 31, 36, 37, 39, 40, 82, 84, 85, 87, 91, 99, 101, 102, 106, 108, 109]]
[219, 2.94641, [0, 1, 3, 4, 9, 10, 12, 13, 27, 28, 30, 31, 36, 37, 39, 40, 82, 84, 85, 87, 93, 97, 98, 100, 105, 106, 108]]
[219, 2.94759, [0, 1, 3, 4, 9, 10, 12, 13, 27, 28, 30, 31, 36, 37, 39, 40, 82, 84, 85, 89, 90, 92, 97, 101, 103, 106, 107]]
[219, 2.94748, [0, 1, 3, 4, 9, 10, 12, 13, 27, 28, 30, 31, 36, 37, 39, 40, 82, 84, 85, 89, 90, 92, 97, 101, 103, 106, 108]]
[219, 2.94737, [0, 1, 3, 4, 9, 10, 12, 13, 27, 28, 30, 31, 36, 37, 39, 40, 82, 84, 85, 89, 90, 92, 97, 101, 103, 107, 108]]
[219, 2.94627, [0, 1, 3, 4, 9, 10, 12, 13, 27, 28, 30, 31, 36, 37, 39, 40, 82, 84, 85, 89, 90, 92, 101, 103, 104, 108, 109]]
[219, 2.94612, [0, 1, 3, 4, 9, 10, 12, 13, 27, 28, 30, 31, 36, 37, 39, 40, 82, 84, 85, 89, 91, 92, 101, 103, 104, 108, 109]]
[219, 2.9464, [0, 1, 3, 4, 9, 10, 12, 13, 27, 28, 30, 31, 36, 37, 39, 40, 82, 84, 85, 90, 92, 93, 97, 103, 105, 106, 108]]
[219, 2.94536, [0, 1, 3, 4, 9, 10, 12, 13, 27, 28, 30, 31, 36, 37, 39, 40, 82, 84, 87, 88, 91, 97, 101, 102, 104, 108, 109]]
[219, 2.95709, [0, 1, 3, 4, 9, 10, 12, 13, 27, 28, 30, 31, 36, 37, 39, 40, 82, 85, 86, 91, 99, 101, 102, 106, 108, 109, 150, 156]]
[219, 2.9566, [0, 1, 3, 4, 9, 10, 12, 13, 27, 28, 30, 31, 36, 37, 39, 40, 82, 86, 88, 91, 99, 101, 102, 106, 108, 109, 150, 156]]
[219, 2.95029, [0, 1, 3, 4, 9, 10, 12, 13, 27, 28, 30, 31, 36, 37, 39, 40, 82, 88, 91, 97, 101, 102, 104, 108, 109, 150, 153, 159]]
[219, 2.95011, [0, 1, 3, 4, 9, 10, 12, 13, 27, 28, 30, 31, 36, 37, 39, 40, 82, 88, 91, 97, 101, 102, 104, 108, 109, 150, 156, 159]]
[219, 2.96357, [0, 1, 3, 4, 9, 10, 12, 13, 27, 28, 30, 31, 36, 37, 39, 40, 83, 85, 86, 88, 94, 98, 99, 101, 106, 107, 109, 150]]
[219, 2.94602, [0, 1, 3, 4, 9, 10, 12, 13, 27, 28, 30, 31, 36, 37, 39, 40, 83, 85, 86, 90, 91, 93, 98, 102, 104, 107, 108]]
[219, 2.94591, [0, 1, 3, 4, 9, 10, 12, 13, 27, 28, 30, 31, 36, 37, 39, 40, 83, 85, 86, 90, 91, 93, 98, 102, 104, 107, 109]]
[219, 2.9458, [0, 1, 3, 4, 9, 10, 12, 13, 27, 28, 30, 31, 36, 37, 39, 40, 83, 85, 86, 90, 91, 93, 98, 102, 104, 108, 109]]
[219, 2.95715, [0, 1, 3, 4, 9, 10, 12, 13, 27, 28, 30, 31, 36, 37, 39, 40, 83, 85, 86, 94, 98, 99, 101, 106, 107, 109, 150, 155]]
[219, 2.95806, [0, 1, 3, 4, 9, 10, 12, 13, 27, 28, 30, 31, 36, 37, 39, 40, 83, 86, 88, 92, 97, 99, 100, 104, 105, 107, 150, 152]]
[219, 2.95244, [0, 1, 3, 4, 9, 10, 12, 13, 27, 28, 30, 31, 36, 37, 39, 76, 79, 83, 84, 86, 94, 97, 98, 101, 103, 106, 107, 150]]
[219, 2.95095, [0, 1, 3, 4, 9, 10, 12, 13, 27, 28, 30, 31, 36, 37, 39, 76, 79, 83, 84, 86, 97, 98, 100, 101, 106, 107, 109, 150]]
[219, 2.95058, [0, 1, 3, 4, 9, 10, 12, 13, 27, 28, 30, 31, 36, 37, 39, 76, 79, 83, 84, 86, 97, 98, 100, 104, 106, 107, 109, 150]]
[219, 2.9527, [0, 1, 3, 4, 9, 10, 12, 13, 27, 28, 30, 31, 36, 37, 39, 76, 79, 83, 85, 86, 88, 98, 99, 101, 102, 107, 109, 150]]
[219, 2.95223, [0, 1, 3, 4, 9, 10, 12, 13, 27, 28, 30, 31, 36, 37, 39, 76, 79, 83, 85, 86, 88, 98, 99, 101, 106, 107, 109, 150]]
[219, 2.94735, [0, 1, 3, 4, 9, 10, 12, 13, 27, 28, 30, 31, 36, 37, 39, 76, 79, 83, 85, 86, 88, 98, 99, 101, 106, 107, 150, 179]]
[219, 2.94698, [0, 1, 3, 4, 9, 10, 12, 13, 27, 28, 30, 31, 36, 37, 39, 76, 79, 83, 85, 86, 88, 98, 99, 104, 106, 107, 150, 179]]
[219, 2.95172, [0, 1, 3, 4, 9, 10, 12, 13, 27, 28, 30, 31, 36, 37, 39, 76, 79, 83, 85, 86, 88, 99, 101, 102, 106, 107, 109, 150]]
[219, 2.95161, [0, 1, 3, 4, 9, 10, 12, 13, 27, 28, 30, 31, 36, 37, 39, 76, 79, 83, 85, 86, 88, 99, 101, 102, 106, 108, 109, 150]]
[219, 2.94537, [0, 1, 3, 4, 9, 10, 12, 13, 27, 28, 30, 31, 36, 37, 39, 76, 79, 85, 86, 88, 98, 99, 101, 102, 107, 109, 150, 156]]
[219, 2.94667, [0, 1, 3, 4, 9, 10, 12, 13, 27, 28, 30, 31, 36, 38, 39, 79, 81, 82, 86, 88, 96, 99, 100, 103, 105, 108, 109, 184]]
[219, 2.94614, [0, 1, 3, 4, 9, 10, 12, 13, 27, 28, 30, 31, 36, 38, 39, 79, 81, 85, 86, 88, 96, 99, 100, 103, 105, 108, 109, 184]]
[219, 2.95081, [0, 1, 3, 4, 9, 10, 12, 13, 27, 28, 30, 31, 37, 39, 40, 63, 83, 88, 94, 97, 101, 102, 104, 109, 132, 150, 152, 159, 183]]
[219, 2.94927, [0, 1, 3, 4, 9, 10, 12, 13, 27, 28, 30, 34, 36, 37, 39, 76, 79, 83, 84, 86, 94, 97, 98, 101, 103, 106, 107, 150]]
[219, 2.94778, [0, 1, 3, 4, 9, 10, 12, 13, 27, 28, 30, 34, 36, 37, 39, 76, 79, 83, 84, 86, 97, 98, 100, 101, 106, 107, 109, 150]]
[219, 2.94741, [0, 1, 3, 4, 9, 10, 12, 13, 27, 28, 30, 34, 36, 37, 39, 76, 79, 83, 84, 86, 97, 98, 100, 104, 106, 107, 109, 150]]
[219, 2.94953, [0, 1, 3, 4, 9, 10, 12, 13, 27, 28, 30, 34, 36, 37, 39, 76, 79, 83, 85, 86, 88, 98, 99, 101, 102, 107, 109, 150]]
[219, 2.94905, [0, 1, 3, 4, 9, 10, 12, 13, 27, 28, 30, 34, 36, 37, 39, 76, 79, 83, 85, 86, 88, 98, 99, 101, 106, 107, 109, 150]]
[219, 2.94854, [0, 1, 3, 4, 9, 10, 12, 13, 27, 28, 30, 34, 36, 37, 39, 76, 79, 83, 85, 86, 88, 99, 101, 102, 106, 107, 109, 150]]
[219, 2.94843, [0, 1, 3, 4, 9, 10, 12, 13, 27, 28, 30, 34, 36, 37, 39, 76, 79, 83, 85, 86, 88, 99, 101, 102, 106, 108, 109, 150]]

Search completed in 12 hours, 14 minutes, and 7.399 seconds.  Enter a string to quit.