Enter an integer k for which our Kempner sets are k-free: 3
Enter a positive integer modulus b: 175
Enter estimation parameters, or * for pre-computed parameters ([0.0724, 1.0656, 1.3653]): *
Enter a threshold (e.g. 4.2) to determine printed output: 2.88
Enter a root for the search space (e.g. [0, 1, 2]) [or * for the root [0]]: *
Enter an upper bound for the size of allowable digit sets [or * to ignore]: 29
Enter a maximal number of deviations from a greedy search [or * to ignore]: *
Searching for k-free sets mod b...

[175, 2.88131, [0, 1, 3, 4, 9, 10, 12, 13, 27, 28, 30, 31, 36, 37, 66, 67, 75, 79, 80, 82, 86, 87]]
[175, 2.88493, [0, 1, 3, 4, 9, 10, 12, 13, 27, 28, 30, 31, 36, 39, 40, 64, 73, 81, 83, 86, 87, 140]]
[175, 2.88045, [0, 1, 3, 4, 9, 10, 12, 13, 27, 28, 30, 31, 36, 39, 64, 67, 73, 76, 83, 84, 86, 87]]
[175, 2.88232, [0, 1, 3, 4, 9, 10, 12, 13, 27, 28, 30, 31, 36, 40, 64, 66, 73, 74, 78, 81, 85, 86]]
[175, 2.88215, [0, 1, 3, 4, 9, 10, 12, 13, 27, 28, 30, 31, 36, 40, 64, 66, 73, 74, 78, 81, 85, 87]]
[175, 2.88198, [0, 1, 3, 4, 9, 10, 12, 13, 27, 28, 30, 31, 36, 40, 64, 66, 73, 74, 78, 81, 86, 87]]
[175, 2.881, [0, 1, 3, 4, 9, 10, 12, 13, 27, 28, 30, 31, 36, 40, 64, 66, 73, 74, 81, 83, 86, 87]]
[175, 2.90505, [0, 1, 3, 4, 9, 10, 12, 13, 27, 28, 30, 31, 36, 40, 65, 66, 73, 74, 78, 84, 85, 87, 113]]
[175, 2.88112, [0, 1, 3, 4, 9, 10, 12, 13, 27, 28, 30, 31, 36, 40, 65, 66, 73, 74, 78, 84, 86, 87]]
[175, 2.89065, [0, 1, 3, 4, 9, 10, 12, 13, 27, 28, 30, 31, 36, 65, 66, 73, 74, 77, 78, 84, 85, 87, 113]]
[175, 2.8967, [0, 1, 3, 4, 9, 10, 12, 13, 27, 28, 30, 31, 37, 63, 66, 68, 72, 77, 79, 80, 84, 85, 87]]
[175, 2.89318, [0, 1, 3, 4, 9, 10, 12, 13, 27, 28, 30, 31, 37, 63, 66, 68, 72, 77, 79, 80, 84, 87, 110]]
[175, 2.88129, [0, 1, 3, 4, 9, 10, 12, 13, 27, 28, 30, 31, 65, 67, 68, 78, 79, 81, 86, 87, 111, 119, 138, 139]]
[175, 2.88111, [0, 1, 3, 4, 9, 10, 12, 13, 27, 28, 30, 34, 35, 37, 49, 72, 76, 77, 79, 83, 84, 113]]
[175, 2.8804, [0, 1, 3, 4, 9, 10, 12, 13, 27, 28, 30, 34, 35, 37, 49, 72, 76, 77, 79, 84, 87, 113]]
[175, 2.88875, [0, 1, 3, 4, 9, 10, 12, 13, 27, 28, 30, 34, 35, 39, 49, 62, 72, 73, 76, 81, 83, 87]]
[175, 2.88342, [0, 1, 3, 4, 9, 10, 12, 13, 27, 28, 30, 34, 35, 39, 62, 63, 71, 72, 76, 83, 84, 86]]
[175, 2.88105, [0, 1, 3, 4, 9, 10, 12, 13, 27, 28, 30, 34, 36, 37, 49, 66, 76, 77, 79, 84, 87, 113]]
[175, 2.88084, [0, 1, 3, 4, 9, 10, 12, 13, 27, 28, 30, 34, 36, 37, 49, 66, 76, 78, 79, 84, 87, 113]]
[175, 2.88861, [0, 1, 3, 4, 9, 10, 12, 13, 27, 28, 32, 33, 35, 40, 49, 59, 72, 73, 75, 81, 82, 84]]
[175, 2.88049, [0, 1, 3, 4, 9, 10, 12, 13, 27, 28, 32, 33, 35, 40, 49, 59, 72, 73, 81, 82, 84, 139]]
[175, 2.88838, [0, 1, 3, 4, 9, 10, 12, 13, 27, 28, 32, 33, 35, 40, 49, 59, 72, 74, 75, 81, 82, 84]]
[175, 2.88729, [0, 1, 3, 4, 9, 10, 12, 13, 27, 28, 32, 33, 35, 40, 49, 59, 72, 74, 75, 82, 84, 87]]
[175, 2.88536, [0, 1, 3, 4, 9, 10, 12, 13, 27, 28, 32, 33, 35, 48, 49, 59, 72, 73, 75, 76, 81, 82]]
[175, 2.88493, [0, 1, 3, 4, 9, 10, 12, 13, 27, 28, 32, 33, 35, 48, 49, 59, 72, 73, 75, 79, 80, 82]]
[175, 2.88474, [0, 1, 3, 4, 9, 10, 12, 13, 27, 28, 32, 33, 35, 48, 49, 59, 72, 73, 75, 79, 81, 82]]
[175, 2.88472, [0, 1, 3, 4, 9, 10, 12, 13, 27, 28, 32, 33, 35, 48, 49, 59, 72, 73, 76, 78, 81, 82]]
[175, 2.90554, [0, 1, 3, 4, 9, 10, 12, 13, 27, 28, 32, 33, 35, 48, 49, 59, 72, 73, 78, 79, 81, 82, 139]]
[175, 2.8847, [0, 1, 3, 4, 9, 10, 12, 13, 27, 28, 32, 33, 35, 48, 49, 59, 72, 74, 75, 79, 80, 82]]
[175, 2.88451, [0, 1, 3, 4, 9, 10, 12, 13, 27, 28, 32, 33, 35, 48, 49, 59, 72, 74, 75, 79, 81, 82]]
[175, 2.89779, [0, 1, 3, 4, 9, 10, 12, 13, 27, 28, 32, 33, 35, 48, 49, 59, 72, 77, 78, 80, 81, 138, 139]]
[175, 2.89698, [0, 1, 3, 4, 9, 10, 12, 13, 27, 28, 32, 33, 35, 48, 49, 59, 72, 78, 79, 81, 82, 138, 139]]
[175, 2.88873, [0, 1, 3, 4, 9, 10, 12, 13, 27, 28, 32, 33, 35, 49, 59, 72, 76, 77, 79, 84, 87, 113, 138]]
[175, 2.88036, [0, 1, 3, 4, 9, 10, 12, 13, 27, 28, 32, 33, 35, 49, 59, 75, 76, 78, 79, 87, 113, 135, 159]]
[175, 2.89229, [0, 1, 3, 4, 9, 10, 12, 13, 27, 28, 32, 33, 48, 49, 58, 59, 72, 73, 78, 79, 81, 82, 139]]
[175, 2.88454, [0, 1, 3, 4, 9, 10, 12, 13, 27, 28, 32, 33, 48, 49, 58, 59, 72, 77, 78, 80, 81, 138, 139]]
[175, 2.88374, [0, 1, 3, 4, 9, 10, 12, 13, 27, 28, 32, 33, 48, 49, 58, 59, 72, 78, 79, 81, 82, 138, 139]]
[175, 2.88091, [0, 1, 3, 4, 9, 10, 12, 13, 27, 28, 32, 33, 48, 49, 59, 67, 72, 78, 79, 81, 82, 138, 139]]
[175, 2.88598, [0, 1, 3, 4, 9, 10, 12, 13, 27, 28, 32, 34, 35, 39, 48, 49, 72, 73, 79, 80, 82, 139]]
[175, 2.88578, [0, 1, 3, 4, 9, 10, 12, 13, 27, 28, 32, 34, 35, 39, 48, 49, 72, 73, 79, 81, 82, 139]]
[175, 2.88642, [0, 1, 3, 4, 9, 10, 12, 13, 27, 28, 32, 34, 35, 39, 49, 62, 72, 73, 76, 81, 83, 87]]
[175, 2.8811, [0, 1, 3, 4, 9, 10, 12, 13, 27, 28, 33, 35, 40, 48, 49, 59, 64, 72, 74, 75, 81, 82]]
[175, 2.88694, [0, 1, 3, 4, 9, 10, 12, 13, 27, 29, 30, 32, 36, 38, 65, 74, 79, 81, 82, 87, 115, 123, 140]]
[175, 2.88814, [0, 1, 3, 4, 9, 10, 12, 13, 27, 29, 30, 32, 36, 65, 66, 73, 74, 77, 78, 84, 85, 87, 113]]
[175, 2.8923, [0, 1, 3, 4, 9, 10, 12, 13, 27, 29, 30, 32, 38, 40, 65, 69, 74, 81, 82, 85, 87, 115, 123]]
[175, 2.88335, [0, 1, 3, 4, 9, 10, 12, 13, 27, 29, 30, 32, 38, 65, 68, 70, 74, 79, 81, 82, 86, 87, 141]]
[175, 2.88691, [0, 1, 3, 4, 9, 10, 12, 13, 27, 29, 30, 34, 35, 37, 52, 63, 72, 76, 78, 79, 83, 85]]
[175, 2.8862, [0, 1, 3, 4, 9, 10, 12, 13, 27, 29, 30, 34, 35, 37, 52, 63, 72, 76, 78, 79, 85, 87]]
[175, 2.88632, [0, 1, 3, 4, 9, 10, 12, 13, 27, 29, 30, 34, 35, 37, 52, 63, 72, 76, 78, 82, 83, 85]]
[175, 2.88598, [0, 1, 3, 4, 9, 10, 12, 13, 27, 29, 30, 34, 35, 37, 52, 63, 72, 76, 78, 82, 83, 87]]
[175, 2.88561, [0, 1, 3, 4, 9, 10, 12, 13, 27, 29, 30, 34, 35, 37, 52, 63, 72, 76, 78, 82, 85, 87]]
[175, 2.8856, [0, 1, 3, 4, 9, 10, 12, 13, 27, 29, 30, 34, 35, 37, 52, 63, 72, 76, 78, 83, 85, 86]]
[175, 2.88525, [0, 1, 3, 4, 9, 10, 12, 13, 27, 29, 30, 34, 35, 37, 52, 63, 72, 76, 78, 83, 86, 87]]
[175, 2.88504, [0, 1, 3, 4, 9, 10, 12, 13, 27, 29, 30, 34, 35, 37, 52, 63, 72, 76, 79, 84, 85, 87]]
[175, 2.88481, [0, 1, 3, 4, 9, 10, 12, 13, 27, 29, 30, 34, 35, 37, 52, 63, 72, 76, 82, 83, 85, 86]]
[175, 2.88446, [0, 1, 3, 4, 9, 10, 12, 13, 27, 29, 30, 34, 35, 37, 52, 63, 72, 76, 82, 83, 86, 87]]
[175, 2.88445, [0, 1, 3, 4, 9, 10, 12, 13, 27, 29, 30, 34, 35, 37, 52, 63, 72, 76, 82, 84, 85, 87]]
[175, 2.88409, [0, 1, 3, 4, 9, 10, 12, 13, 27, 29, 30, 34, 35, 37, 52, 63, 72, 76, 83, 84, 86, 87]]
[175, 2.88421, [0, 1, 3, 4, 9, 10, 12, 13, 27, 29, 30, 34, 35, 37, 52, 63, 72, 79, 80, 84, 85, 87]]
[175, 2.88427, [0, 1, 3, 4, 9, 10, 12, 13, 27, 29, 30, 34, 35, 37, 52, 63, 76, 78, 79, 81, 85, 87]]
[175, 2.88424, [0, 1, 3, 4, 9, 10, 12, 13, 27, 29, 30, 34, 35, 37, 52, 63, 76, 78, 79, 83, 84, 86]]
[175, 2.88406, [0, 1, 3, 4, 9, 10, 12, 13, 27, 29, 30, 34, 35, 37, 52, 63, 76, 78, 79, 83, 85, 86]]
[175, 2.8837, [0, 1, 3, 4, 9, 10, 12, 13, 27, 29, 30, 34, 35, 37, 52, 63, 76, 78, 79, 84, 85, 87]]
[175, 2.88353, [0, 1, 3, 4, 9, 10, 12, 13, 27, 29, 30, 34, 35, 37, 52, 63, 76, 78, 79, 84, 86, 87]]
[175, 2.88368, [0, 1, 3, 4, 9, 10, 12, 13, 27, 29, 30, 34, 35, 37, 52, 63, 76, 78, 81, 82, 85, 87]]
[175, 2.88312, [0, 1, 3, 4, 9, 10, 12, 13, 27, 29, 30, 34, 35, 37, 52, 63, 76, 78, 82, 84, 85, 87]]
[175, 2.88276, [0, 1, 3, 4, 9, 10, 12, 13, 27, 29, 30, 34, 35, 37, 52, 63, 76, 78, 83, 84, 86, 87]]
[175, 2.90558, [0, 1, 3, 4, 9, 10, 12, 13, 27, 29, 30, 34, 35, 37, 52, 72, 76, 78, 79, 81, 85, 87, 113]]
[175, 2.88124, [0, 1, 3, 4, 9, 10, 12, 13, 27, 29, 30, 34, 35, 37, 52, 72, 76, 78, 81, 82, 85, 87]]
[175, 2.90048, [0, 1, 3, 4, 9, 10, 12, 13, 27, 29, 30, 34, 35, 52, 62, 63, 71, 76, 78, 83, 84, 86, 87]]
[175, 2.90092, [0, 1, 3, 4, 9, 10, 12, 13, 27, 29, 30, 34, 35, 52, 62, 63, 73, 76, 78, 81, 82, 85, 87]]
[175, 2.88968, [0, 1, 3, 4, 9, 10, 12, 13, 27, 29, 30, 34, 35, 52, 62, 73, 76, 78, 81, 82, 85, 87, 138]]
[175, 2.90624, [0, 1, 3, 4, 9, 10, 12, 13, 27, 29, 30, 34, 36, 37, 52, 66, 76, 78, 79, 81, 85, 87, 113]]
[175, 2.90056, [0, 1, 3, 4, 9, 10, 12, 13, 27, 29, 30, 34, 36, 37, 52, 66, 76, 78, 79, 81, 85, 113, 137]]
[175, 2.90568, [0, 1, 3, 4, 9, 10, 12, 13, 27, 29, 30, 34, 36, 37, 52, 66, 76, 78, 79, 84, 85, 87, 113]]
[175, 2.9, [0, 1, 3, 4, 9, 10, 12, 13, 27, 29, 30, 34, 36, 37, 52, 66, 76, 78, 79, 84, 85, 113, 137]]
[175, 2.8819, [0, 1, 3, 4, 9, 10, 12, 13, 27, 29, 30, 34, 36, 37, 52, 66, 76, 78, 81, 82, 85, 87]]
[175, 2.88134, [0, 1, 3, 4, 9, 10, 12, 13, 27, 29, 30, 34, 36, 37, 52, 66, 76, 78, 82, 84, 85, 87]]
[175, 2.8994, [0, 1, 3, 4, 9, 10, 12, 13, 27, 29, 30, 34, 36, 37, 52, 66, 76, 79, 81, 84, 85, 113, 137]]
[175, 2.88026, [0, 1, 3, 4, 9, 10, 12, 13, 27, 29, 30, 34, 36, 40, 52, 66, 73, 78, 81, 82, 85, 87]]
[175, 2.88347, [0, 1, 3, 4, 9, 10, 12, 13, 27, 29, 30, 34, 40, 52, 61, 62, 66, 78, 83, 86, 87, 130, 158]]
[175, 2.89931, [0, 1, 3, 4, 9, 10, 12, 13, 27, 29, 30, 34, 40, 52, 62, 63, 66, 73, 78, 81, 82, 85, 87]]
[175, 2.88806, [0, 1, 3, 4, 9, 10, 12, 13, 27, 29, 30, 34, 40, 52, 62, 66, 73, 78, 81, 82, 85, 87, 138]]
[175, 2.8859, [0, 1, 3, 4, 9, 10, 12, 13, 27, 29, 30, 34, 52, 61, 63, 69, 71, 72, 76, 82, 84, 85, 87]]
[175, 2.88513, [0, 1, 3, 4, 9, 10, 12, 13, 27, 29, 30, 34, 52, 62, 63, 66, 73, 76, 78, 81, 82, 85, 87]]
[175, 2.88796, [0, 1, 3, 4, 9, 10, 12, 13, 27, 29, 33, 34, 36, 40, 52, 73, 74, 81, 83, 84, 86, 140, 151]]
[175, 2.89356, [0, 1, 3, 4, 9, 10, 12, 13, 27, 29, 33, 34, 38, 40, 52, 60, 69, 74, 81, 83, 84, 140, 151]]
[175, 2.8932, [0, 1, 3, 4, 9, 10, 12, 13, 27, 29, 33, 34, 38, 40, 52, 60, 69, 74, 81, 84, 85, 140, 151]]
[175, 2.89057, [0, 1, 3, 4, 9, 10, 12, 13, 27, 29, 33, 34, 40, 52, 60, 61, 69, 73, 74, 81, 83, 84, 151]]
[175, 2.88574, [0, 1, 3, 4, 9, 10, 12, 13, 27, 29, 33, 34, 40, 52, 60, 69, 73, 74, 81, 82, 84, 85, 140]]
[175, 2.88031, [0, 1, 3, 4, 9, 10, 12, 13, 27, 29, 34, 36, 40, 47, 52, 66, 74, 78, 83, 86, 87, 124, 158]]
[175, 2.88453, [0, 1, 3, 4, 9, 10, 12, 13, 27, 29, 34, 40, 52, 60, 66, 69, 73, 74, 81, 83, 84, 113, 140, 151]]
[175, 2.88417, [0, 1, 3, 4, 9, 10, 12, 13, 27, 29, 34, 40, 52, 60, 66, 69, 73, 74, 81, 84, 85, 113, 140, 151]]
[175, 2.8916, [0, 1, 3, 4, 9, 10, 12, 13, 27, 30, 31, 34, 36, 46, 66, 73, 74, 76, 77, 84, 85, 87, 113]]
[175, 2.89118, [0, 1, 3, 4, 9, 10, 12, 13, 27, 30, 31, 34, 36, 46, 66, 73, 74, 77, 78, 84, 85, 87, 113]]
[175, 2.88171, [0, 1, 3, 4, 9, 10, 12, 13, 27, 30, 31, 34, 39, 43, 46, 70, 71, 84, 87, 102, 119, 121, 157]]
[175, 2.88449, [0, 1, 3, 4, 9, 10, 12, 13, 27, 30, 34, 35, 39, 52, 63, 71, 72, 76, 82, 83, 85, 86, 102]]
[175, 2.89089, [0, 1, 3, 4, 9, 10, 12, 13, 27, 31, 34, 36, 40, 47, 66, 74, 78, 83, 86, 87, 102, 104, 124, 158]]
[175, 2.90335, [0, 1, 3, 4, 9, 10, 12, 13, 28, 29, 33, 34, 36, 50, 51, 61, 70, 75, 77, 78, 82, 83, 85]]
[175, 2.8891, [0, 1, 3, 4, 9, 10, 12, 13, 28, 29, 33, 35, 39, 40, 59, 64, 72, 73, 81, 84, 86, 101, 151]]
[175, 2.88153, [0, 1, 3, 4, 9, 10, 12, 13, 28, 29, 33, 35, 39, 40, 59, 64, 72, 73, 81, 86, 101, 151, 157]]
[175, 2.88301, [0, 1, 3, 4, 9, 10, 12, 13, 28, 29, 33, 35, 39, 40, 64, 72, 73, 81, 83, 84, 86, 101, 151]]
[175, 2.88535, [0, 1, 3, 4, 9, 10, 12, 13, 28, 29, 33, 35, 39, 51, 59, 64, 71, 72, 81, 82, 86, 87, 157]]
[175, 2.8821, [0, 1, 3, 4, 9, 10, 12, 13, 28, 29, 33, 36, 40, 41, 50, 74, 75, 83, 85, 86, 105, 111, 123]]
[175, 2.88147, [0, 1, 3, 4, 9, 10, 12, 13, 28, 30, 34, 35, 37, 49, 54, 72, 76, 77, 79, 83, 84, 113, 137]]
[175, 2.8813, [0, 1, 3, 4, 9, 10, 12, 13, 28, 34, 35, 38, 39, 49, 51, 54, 62, 71, 79, 81, 84, 135, 151]]
[175, 2.8967, [0, 1, 3, 4, 9, 10, 12, 22, 25, 26, 29, 31, 39, 60, 64, 65, 67, 71, 73, 76, 83, 84, 96, 147]]
[175, 2.88653, [0, 1, 3, 4, 9, 10, 12, 22, 26, 28, 29, 31, 37, 38, 60, 63, 68, 69, 77, 79, 80, 84, 87]]
[175, 2.88498, [0, 1, 3, 4, 9, 10, 12, 22, 26, 28, 29, 31, 37, 38, 60, 63, 68, 69, 79, 80, 84, 85, 87]]
[175, 2.8848, [0, 1, 3, 4, 9, 10, 12, 22, 26, 28, 29, 31, 37, 38, 60, 63, 68, 69, 79, 80, 84, 86, 87]]
[175, 2.8833, [0, 1, 3, 4, 9, 10, 12, 22, 26, 28, 29, 31, 37, 38, 60, 63, 68, 77, 78, 80, 84, 85, 87]]
[175, 2.88309, [0, 1, 3, 4, 9, 10, 12, 22, 26, 28, 29, 31, 37, 38, 60, 63, 68, 77, 79, 80, 84, 85, 87]]
[175, 2.88265, [0, 1, 3, 4, 9, 10, 12, 22, 26, 28, 29, 31, 37, 38, 60, 63, 69, 77, 79, 80, 84, 86, 87]]
[175, 2.8958, [0, 1, 3, 4, 9, 10, 12, 22, 27, 28, 30, 31, 36, 49, 65, 66, 73, 74, 77, 78, 84, 85, 87, 113]]

Search completed in 0 hours, 58 minutes, and 43.02 seconds.  Enter a string to quit.