Enter an integer k for which our Kempner sets are k-free: 3
Enter a positive integer modulus b: 62
Enter estimation parameters, or * for pre-computed parameters ([0.0983, 1.0981, 1.439]): *
Enter a threshold (e.g. 4.2) to determine printed output: 2.71
Enter a root for the search space (e.g. [0, 1, 2]) [or * for the root [0]]: *
Enter an upper bound for the size of allowable digit sets [or * to ignore]: *
Enter a maximal number of deviations from a greedy search [or * to ignore]: *
Searching for k-free sets mod b...

[62, 2.80393, [0, 1, 3, 4, 9, 10, 12, 13, 27, 28, 30]]
[62, 2.78663, [0, 1, 3, 4, 9, 10, 12, 13, 27, 28, 48]]
[62, 2.80233, [0, 1, 3, 4, 9, 10, 12, 13, 27, 29, 30]]
[62, 2.72262, [0, 1, 3, 4, 9, 10, 12, 13, 27, 30]]
[62, 2.76688, [0, 1, 3, 4, 9, 10, 12, 13, 27, 47, 48]]
[62, 2.72242, [0, 1, 3, 4, 9, 10, 12, 13, 28, 29]]
[62, 2.72095, [0, 1, 3, 4, 9, 10, 12, 13, 28, 30]]
[62, 2.71938, [0, 1, 3, 4, 9, 10, 12, 13, 29, 30]]
[62, 2.74749, [0, 1, 3, 4, 9, 10, 12, 13, 45, 46, 48]]
[62, 2.74681, [0, 1, 3, 4, 9, 10, 12, 13, 45, 47, 48]]
[62, 2.77586, [0, 1, 3, 4, 9, 10, 12, 22, 25, 26, 29]]
[62, 2.77253, [0, 1, 3, 4, 9, 10, 12, 22, 25, 27, 30]]
[62, 2.76923, [0, 1, 3, 4, 9, 10, 12, 22, 25, 29, 30]]
[62, 2.77208, [0, 1, 3, 4, 9, 10, 12, 22, 26, 27, 29]]
[62, 2.77038, [0, 1, 3, 4, 9, 10, 12, 22, 26, 28, 29]]
[62, 2.75202, [0, 1, 3, 4, 9, 10, 12, 22, 26, 29, 45]]
[62, 2.76705, [0, 1, 3, 4, 9, 10, 12, 22, 27, 28, 30]]
[62, 2.74479, [0, 1, 3, 4, 9, 10, 12, 22, 27, 28, 57]]
[62, 2.76545, [0, 1, 3, 4, 9, 10, 12, 22, 27, 29, 30]]
[62, 2.74433, [0, 1, 3, 4, 9, 10, 12, 22, 28, 30, 49]]
[62, 2.74539, [0, 1, 3, 4, 9, 10, 12, 22, 29, 30, 45]]
[62, 2.72598, [0, 1, 3, 4, 9, 10, 12, 22, 30, 45, 49]]
[62, 2.76357, [0, 1, 3, 4, 9, 10, 12, 25, 26, 28, 29]]
[62, 2.76046, [0, 1, 3, 4, 9, 10, 12, 25, 26, 29, 30]]
[62, 2.76024, [0, 1, 3, 4, 9, 10, 12, 25, 27, 28, 30]]
[62, 2.75669, [0, 1, 3, 4, 9, 10, 12, 26, 27, 29, 30]]
[62, 2.73855, [0, 1, 3, 4, 9, 10, 12, 26, 27, 30, 47]]
[62, 2.73663, [0, 1, 3, 4, 9, 10, 12, 26, 29, 30, 45]]
[62, 2.7185, [0, 1, 3, 4, 9, 10, 12, 26, 30, 45, 47]]
[62, 2.71549, [0, 1, 3, 4, 9, 10, 12, 29, 30, 44, 45]]
[62, 2.76844, [0, 1, 3, 4, 9, 10, 13, 21, 24, 28, 30]]
[62, 2.76257, [0, 1, 3, 4, 9, 10, 13, 21, 27, 28, 30]]
[62, 2.73705, [0, 1, 3, 4, 9, 10, 21, 22, 24, 25, 30]]
[62, 2.71797, [0, 1, 3, 4, 9, 10, 21, 22, 24, 25, 51]]
[62, 2.73308, [0, 1, 3, 4, 9, 10, 21, 22, 24, 28, 29]]
[62, 2.73158, [0, 1, 3, 4, 9, 10, 21, 22, 24, 28, 30]]
[62, 2.71249, [0, 1, 3, 4, 9, 10, 21, 22, 24, 28, 51]]
[62, 2.72998, [0, 1, 3, 4, 9, 10, 21, 22, 24, 29, 30]]
[62, 2.73118, [0, 1, 3, 4, 9, 10, 21, 22, 25, 27, 30]]
[62, 2.73073, [0, 1, 3, 4, 9, 10, 21, 22, 26, 27, 29]]
[62, 2.72903, [0, 1, 3, 4, 9, 10, 21, 22, 26, 28, 29]]
[62, 2.71069, [0, 1, 3, 4, 9, 10, 21, 22, 26, 29, 45]]
[62, 2.72571, [0, 1, 3, 4, 9, 10, 21, 22, 27, 28, 30]]
[62, 2.72411, [0, 1, 3, 4, 9, 10, 21, 22, 27, 29, 30]]
[62, 2.73265, [0, 1, 3, 4, 9, 10, 21, 23, 24, 26, 30]]
[62, 2.71415, [0, 1, 3, 4, 9, 10, 21, 23, 24, 26, 50]]
[62, 2.73063, [0, 1, 3, 4, 9, 10, 21, 23, 24, 28, 29]]
[62, 2.72913, [0, 1, 3, 4, 9, 10, 21, 23, 24, 28, 30]]
[62, 2.71004, [0, 1, 3, 4, 9, 10, 21, 23, 24, 28, 51]]
[62, 2.72753, [0, 1, 3, 4, 9, 10, 21, 23, 24, 29, 30]]
[62, 2.72678, [0, 1, 3, 4, 9, 10, 21, 23, 26, 27, 30]]
[62, 2.72326, [0, 1, 3, 4, 9, 10, 21, 23, 27, 28, 30]]
[62, 2.72166, [0, 1, 3, 4, 9, 10, 21, 23, 27, 29, 30]]
[62, 2.72477, [0, 1, 3, 4, 9, 10, 21, 24, 25, 28, 30]]
[62, 2.72122, [0, 1, 3, 4, 9, 10, 21, 24, 26, 29, 30]]
[62, 2.7189, [0, 1, 3, 4, 9, 10, 21, 25, 27, 28, 30]]
[62, 2.71535, [0, 1, 3, 4, 9, 10, 21, 26, 27, 29, 30]]
[62, 2.72278, [0, 1, 3, 4, 9, 10, 22, 23, 25, 29, 30]]
[62, 2.7206, [0, 1, 3, 4, 9, 10, 22, 23, 27, 28, 30]]
[62, 2.719, [0, 1, 3, 4, 9, 10, 22, 23, 27, 29, 30]]
[62, 2.72052, [0, 1, 3, 4, 9, 10, 22, 24, 25, 29, 30]]
[62, 2.78495, [0, 1, 3, 4, 9, 11, 12, 16, 25, 26, 30]]
[62, 2.78313, [0, 1, 3, 4, 9, 11, 12, 16, 25, 27, 30]]
[62, 2.78117, [0, 1, 3, 4, 9, 11, 12, 16, 26, 27, 30]]
[62, 2.75377, [0, 1, 3, 4, 9, 11, 12, 25, 26, 28, 29]]
[62, 2.75066, [0, 1, 3, 4, 9, 11, 12, 25, 26, 29, 30]]
[62, 2.75044, [0, 1, 3, 4, 9, 11, 12, 25, 27, 28, 30]]
[62, 2.74689, [0, 1, 3, 4, 9, 11, 12, 26, 27, 29, 30]]
[62, 2.72876, [0, 1, 3, 4, 9, 11, 12, 26, 27, 30, 47]]
[62, 2.72684, [0, 1, 3, 4, 9, 11, 12, 26, 29, 30, 45]]
[62, 2.72575, [0, 1, 3, 4, 9, 11, 12, 27, 29, 30, 44]]
[62, 2.74272, [0, 1, 3, 4, 9, 11, 16, 20, 26, 27, 30]]
[62, 2.72097, [0, 1, 3, 4, 9, 11, 16, 20, 26, 27, 56]]
[62, 2.72267, [0, 1, 3, 4, 9, 11, 16, 20, 26, 30, 45]]
[62, 2.71636, [0, 1, 3, 4, 9, 11, 20, 23, 27, 28, 30]]
[62, 2.75053, [0, 1, 3, 4, 9, 12, 13, 19, 27, 28, 30]]
[62, 2.73326, [0, 1, 3, 4, 9, 12, 13, 19, 27, 28, 48]]
[62, 2.72499, [0, 1, 3, 4, 9, 12, 13, 19, 28, 30, 54]]
[62, 2.71252, [0, 1, 3, 4, 9, 12, 13, 19, 28, 46, 48]]
[62, 2.73953, [0, 1, 3, 4, 9, 12, 16, 19, 25, 27, 30]]
[62, 2.7308, [0, 1, 3, 4, 9, 12, 16, 22, 25, 27, 30]]
[62, 2.71367, [0, 1, 3, 4, 9, 12, 19, 22, 27, 28, 30]]
[62, 2.71864, [0, 1, 3, 4, 9, 13, 16, 20, 21, 30, 45]]
[62, 2.75307, [0, 1, 3, 4, 9, 13, 19, 20, 24, 30, 52, 54]]
[62, 2.77329, [0, 1, 3, 4, 9, 13, 19, 21, 24, 28, 30, 54]]
[62, 2.71032, [0, 1, 3, 4, 10, 11, 13, 24, 27, 29, 56]]
[62, 2.74228, [0, 1, 3, 4, 10, 12, 13, 18, 27, 28, 30]]
[62, 2.72501, [0, 1, 3, 4, 10, 12, 13, 18, 27, 28, 48]]
[62, 2.74068, [0, 1, 3, 4, 10, 12, 13, 18, 27, 29, 30]]
[62, 2.7109, [0, 1, 3, 4, 10, 12, 18, 22, 25, 27, 30]]
[62, 2.7209, [0, 1, 3, 4, 10, 13, 15, 18, 24, 28, 37]]
[62, 2.71134, [0, 1, 3, 4, 10, 13, 15, 21, 24, 28, 37]]
[62, 2.71791, [0, 1, 3, 4, 11, 12, 16, 17, 25, 27, 36]]
[62, 2.71287, [0, 1, 3, 4, 11, 13, 16, 17, 24, 27, 36]]
[62, 2.73508, [0, 1, 3, 4, 11, 13, 17, 24, 27, 29, 36, 56]]
[62, 2.71992, [0, 1, 3, 4, 11, 16, 17, 20, 26, 27, 55, 56]]
[62, 2.71847, [0, 1, 3, 4, 13, 14, 16, 17, 36, 37, 42, 43]]
[62, 2.75377, [0, 1, 3, 7, 8, 10, 18, 21, 22, 25, 27, 30]]
[62, 2.71778, [0, 1, 4, 6, 9, 10, 13, 21, 23, 24, 28, 30]]
[62, 2.71184, [0, 1, 4, 6, 9, 10, 13, 21, 23, 27, 28, 30]]

Search completed in 0 hours, 0 minutes, and 0.346 seconds.  Enter a string to quit.