Enter an integer k for which our Kempner sets are k-free: 3
Enter a positive integer modulus b: 259
Enter estimation parameters, or * for pre-computed parameters ([0.0755, 1.5312, 1.2124]): *
Enter a threshold (e.g. 4.2) to determine printed output: 2.975
Enter a root for the search space (e.g. [0, 1, 2]) [or * for the root [0]]: *
Enter an upper bound for the size of allowable digit sets [or * to ignore]: 37
Enter a maximal number of deviations from a greedy search [or * to ignore]: *
Searching for k-free sets mod b...

[259, 2.98573, [0, 1, 3, 4, 9, 10, 12, 13, 27, 28, 30, 31, 36, 37, 39, 40, 81, 82, 84, 85, 90, 91, 93, 94, 108, 109, 111, 112, 117, 118, 120, 121]]
[259, 2.98159, [0, 1, 3, 4, 9, 10, 12, 13, 27, 28, 30, 31, 36, 37, 39, 40, 81, 82, 85, 90, 91, 93, 94, 102, 108, 109, 112, 117, 118, 120, 121, 129]]
[259, 2.98279, [0, 1, 3, 4, 9, 10, 12, 13, 27, 28, 30, 31, 36, 37, 39, 40, 81, 84, 85, 88, 90, 93, 94, 97, 108, 111, 112, 115, 117, 120, 121, 124]]
[259, 2.98172, [0, 1, 3, 4, 9, 10, 12, 13, 27, 28, 30, 31, 36, 37, 39, 40, 81, 84, 85, 88, 90, 93, 94, 97, 108, 111, 115, 117, 118, 120, 124, 127]]
[259, 2.98143, [0, 1, 3, 4, 9, 10, 12, 13, 27, 28, 30, 31, 36, 37, 39, 40, 81, 84, 85, 90, 91, 93, 94, 100, 108, 111, 112, 117, 118, 120, 121, 127]]
[259, 2.98, [0, 1, 3, 4, 9, 10, 12, 13, 27, 28, 30, 31, 36, 37, 39, 40, 81, 84, 88, 90, 91, 93, 97, 100, 108, 111, 115, 117, 118, 120, 124, 127]]
[259, 2.97573, [0, 1, 3, 4, 9, 10, 12, 13, 27, 28, 30, 31, 36, 37, 39, 40, 81, 85, 87, 88, 90, 94, 96, 97, 110, 112, 115, 116, 119, 121, 129, 213]]
[259, 2.97864, [0, 1, 3, 4, 9, 10, 12, 13, 27, 28, 30, 31, 36, 37, 39, 40, 81, 85, 88, 90, 93, 94, 97, 102, 108, 112, 115, 117, 120, 121, 124, 129]]
[259, 2.97757, [0, 1, 3, 4, 9, 10, 12, 13, 27, 28, 30, 31, 36, 37, 39, 40, 81, 85, 88, 90, 93, 94, 97, 102, 108, 115, 117, 118, 120, 124, 127, 129]]
[259, 2.97729, [0, 1, 3, 4, 9, 10, 12, 13, 27, 28, 30, 31, 36, 37, 39, 40, 81, 85, 90, 91, 93, 94, 100, 102, 108, 112, 117, 118, 120, 121, 127, 129]]
[259, 2.97585, [0, 1, 3, 4, 9, 10, 12, 13, 27, 28, 30, 31, 36, 37, 39, 40, 81, 88, 90, 91, 93, 97, 100, 102, 108, 115, 117, 118, 120, 124, 127, 129]]
[259, 2.98371, [0, 1, 3, 4, 9, 10, 12, 13, 27, 28, 30, 31, 36, 37, 39, 40, 82, 83, 85, 86, 91, 92, 94, 95, 109, 110, 112, 113, 118, 119, 121, 122]]
[259, 2.98296, [0, 1, 3, 4, 9, 10, 12, 13, 27, 28, 30, 31, 36, 37, 39, 40, 82, 83, 85, 86, 91, 92, 94, 95, 110, 111, 113, 114, 119, 120, 122, 123]]
[259, 2.98273, [0, 1, 3, 4, 9, 10, 12, 13, 27, 28, 30, 31, 36, 37, 39, 40, 82, 84, 85, 87, 91, 93, 94, 96, 109, 111, 112, 114, 118, 120, 121, 123]]
[259, 2.98165, [0, 1, 3, 4, 9, 10, 12, 13, 27, 28, 30, 31, 36, 37, 39, 40, 82, 84, 85, 87, 91, 93, 94, 96, 109, 112, 114, 117, 118, 121, 123, 126]]
[259, 2.98135, [0, 1, 3, 4, 9, 10, 12, 13, 27, 28, 30, 31, 36, 37, 39, 40, 82, 84, 85, 90, 91, 93, 94, 99, 109, 111, 112, 117, 118, 120, 121, 126]]
[259, 2.97989, [0, 1, 3, 4, 9, 10, 12, 13, 27, 28, 30, 31, 36, 37, 39, 40, 82, 85, 87, 90, 91, 94, 96, 99, 109, 112, 114, 117, 118, 121, 123, 126]]
[259, 2.97885, [0, 1, 3, 4, 9, 10, 12, 13, 27, 28, 30, 31, 36, 37, 39, 40, 82, 85, 87, 90, 91, 94, 96, 99, 109, 112, 117, 118, 120, 121, 126, 129]]
[259, 2.97858, [0, 1, 3, 4, 9, 10, 12, 13, 27, 28, 30, 31, 36, 37, 39, 40, 82, 85, 87, 91, 93, 94, 96, 102, 109, 112, 114, 118, 120, 121, 123, 129]]
[259, 2.9772, [0, 1, 3, 4, 9, 10, 12, 13, 27, 28, 30, 31, 36, 37, 39, 40, 82, 85, 90, 91, 93, 94, 99, 102, 109, 112, 117, 118, 120, 121, 126, 129]]
[259, 2.98173, [0, 1, 3, 4, 9, 10, 12, 13, 27, 28, 30, 31, 36, 37, 39, 40, 83, 84, 86, 87, 92, 93, 95, 96, 110, 111, 113, 114, 119, 120, 122, 123]]
[259, 2.98099, [0, 1, 3, 4, 9, 10, 12, 13, 27, 28, 30, 31, 36, 37, 39, 40, 83, 84, 86, 87, 92, 93, 95, 96, 111, 112, 114, 115, 120, 121, 123, 124]]
[259, 2.98065, [0, 1, 3, 4, 9, 10, 12, 13, 27, 28, 30, 31, 36, 37, 39, 40, 83, 84, 86, 87, 92, 93, 95, 96, 111, 112, 114, 115, 121, 122, 124, 125]]
[259, 2.98063, [0, 1, 3, 4, 9, 10, 12, 13, 27, 28, 30, 31, 36, 37, 39, 40, 83, 84, 86, 87, 92, 93, 95, 96, 111, 113, 114, 116, 120, 122, 123, 125]]
[259, 2.98026, [0, 1, 3, 4, 9, 10, 12, 13, 27, 28, 30, 31, 36, 37, 39, 40, 83, 84, 86, 87, 92, 93, 95, 96, 112, 113, 115, 116, 121, 122, 124, 125]]
[259, 2.97971, [0, 1, 3, 4, 9, 10, 12, 13, 27, 28, 30, 31, 36, 37, 39, 40, 83, 84, 86, 87, 93, 94, 96, 97, 112, 113, 115, 116, 121, 122, 124, 125]]
[259, 2.98032, [0, 1, 3, 4, 9, 10, 12, 13, 27, 28, 30, 31, 36, 37, 39, 40, 83, 84, 87, 89, 92, 93, 96, 98, 110, 111, 114, 116, 119, 120, 123, 125]]
[259, 2.98076, [0, 1, 3, 4, 9, 10, 12, 13, 27, 28, 30, 31, 36, 37, 39, 40, 83, 85, 86, 88, 92, 94, 95, 97, 110, 112, 113, 115, 119, 121, 122, 124]]
[259, 2.97966, [0, 1, 3, 4, 9, 10, 12, 13, 27, 28, 30, 31, 36, 37, 39, 40, 83, 85, 86, 88, 92, 94, 95, 97, 112, 113, 115, 116, 121, 122, 124, 125]]
[259, 2.97934, [0, 1, 3, 4, 9, 10, 12, 13, 27, 28, 30, 31, 36, 37, 39, 40, 83, 85, 86, 88, 92, 94, 95, 97, 112, 113, 115, 116, 121, 123, 124, 128]]
[259, 2.97917, [0, 1, 3, 4, 9, 10, 12, 13, 27, 28, 30, 31, 36, 37, 39, 40, 83, 85, 86, 88, 92, 94, 95, 97, 112, 113, 115, 116, 121, 124, 125, 128]]
[259, 2.97915, [0, 1, 3, 4, 9, 10, 12, 13, 27, 28, 30, 31, 36, 37, 39, 40, 83, 85, 86, 88, 92, 94, 95, 97, 112, 113, 115, 119, 121, 122, 124, 128]]
[259, 2.97861, [0, 1, 3, 4, 9, 10, 12, 13, 27, 28, 30, 31, 36, 37, 39, 40, 83, 85, 86, 88, 92, 94, 95, 97, 112, 115, 116, 119, 121, 124, 125, 128]]
[259, 2.9778, [0, 1, 3, 4, 9, 10, 12, 13, 27, 28, 30, 31, 36, 37, 39, 40, 83, 85, 86, 88, 94, 95, 97, 98, 112, 115, 116, 119, 121, 124, 125, 128]]
[259, 2.97883, [0, 1, 3, 4, 9, 10, 12, 13, 27, 28, 30, 31, 36, 37, 39, 40, 83, 85, 86, 88, 94, 95, 97, 101, 110, 112, 113, 115, 121, 122, 124, 128]]
[259, 2.97936, [0, 1, 3, 4, 9, 10, 12, 13, 27, 28, 30, 31, 36, 37, 39, 40, 83, 85, 88, 89, 92, 94, 97, 98, 110, 112, 115, 116, 119, 121, 124, 125]]
[259, 2.97774, [0, 1, 3, 4, 9, 10, 12, 13, 27, 28, 30, 31, 36, 37, 39, 40, 83, 85, 88, 89, 92, 94, 97, 98, 112, 115, 116, 119, 121, 124, 125, 128]]
[259, 2.97742, [0, 1, 3, 4, 9, 10, 12, 13, 27, 28, 30, 31, 36, 37, 39, 40, 83, 85, 88, 89, 94, 97, 98, 101, 110, 112, 115, 116, 121, 124, 125, 128]]
[259, 2.97978, [0, 1, 3, 4, 9, 10, 12, 13, 27, 28, 30, 31, 36, 37, 39, 40, 84, 85, 87, 88, 93, 94, 96, 97, 111, 112, 114, 115, 120, 121, 123, 124]]
[259, 2.97871, [0, 1, 3, 4, 9, 10, 12, 13, 27, 28, 30, 31, 36, 37, 39, 40, 84, 85, 87, 88, 93, 94, 96, 97, 111, 114, 115, 118, 120, 123, 124, 127]]
[259, 2.97905, [0, 1, 3, 4, 9, 10, 12, 13, 27, 28, 30, 31, 36, 37, 39, 40, 84, 85, 87, 88, 93, 94, 96, 97, 112, 113, 115, 116, 121, 122, 124, 125]]
[259, 2.97872, [0, 1, 3, 4, 9, 10, 12, 13, 27, 28, 30, 31, 36, 37, 39, 40, 84, 85, 87, 88, 93, 94, 96, 97, 112, 113, 115, 116, 122, 123, 125, 126]]
[259, 2.9787, [0, 1, 3, 4, 9, 10, 12, 13, 27, 28, 30, 31, 36, 37, 39, 40, 84, 85, 87, 88, 93, 94, 96, 97, 112, 114, 115, 117, 121, 123, 124, 126]]
[259, 2.97834, [0, 1, 3, 4, 9, 10, 12, 13, 27, 28, 30, 31, 36, 37, 39, 40, 84, 85, 87, 88, 93, 94, 96, 97, 113, 114, 116, 117, 122, 123, 125, 126]]
[259, 2.97801, [0, 1, 3, 4, 9, 10, 12, 13, 27, 28, 30, 31, 36, 37, 39, 40, 84, 85, 87, 88, 93, 94, 96, 97, 113, 114, 116, 117, 123, 124, 126, 127]]
[259, 2.97799, [0, 1, 3, 4, 9, 10, 12, 13, 27, 28, 30, 31, 36, 37, 39, 40, 84, 85, 87, 88, 93, 94, 96, 97, 113, 115, 116, 118, 122, 124, 125, 127]]
[259, 2.97763, [0, 1, 3, 4, 9, 10, 12, 13, 27, 28, 30, 31, 36, 37, 39, 40, 84, 85, 87, 88, 93, 94, 96, 97, 114, 115, 117, 118, 123, 124, 126, 127]]
[259, 2.9778, [0, 1, 3, 4, 9, 10, 12, 13, 27, 28, 30, 31, 36, 37, 39, 40, 84, 85, 87, 88, 94, 95, 97, 98, 113, 114, 116, 117, 122, 123, 125, 126]]
[259, 2.97747, [0, 1, 3, 4, 9, 10, 12, 13, 27, 28, 30, 31, 36, 37, 39, 40, 84, 85, 87, 88, 94, 95, 97, 98, 113, 114, 116, 117, 123, 124, 126, 127]]
[259, 2.97745, [0, 1, 3, 4, 9, 10, 12, 13, 27, 28, 30, 31, 36, 37, 39, 40, 84, 85, 87, 88, 94, 95, 97, 98, 113, 115, 116, 118, 122, 124, 125, 127]]
[259, 2.97709, [0, 1, 3, 4, 9, 10, 12, 13, 27, 28, 30, 31, 36, 37, 39, 40, 84, 85, 87, 88, 94, 95, 97, 98, 114, 115, 117, 118, 123, 124, 126, 127]]
[259, 2.97843, [0, 1, 3, 4, 9, 10, 12, 13, 27, 28, 30, 31, 36, 37, 39, 40, 84, 85, 87, 91, 93, 94, 96, 100, 111, 112, 114, 118, 120, 121, 123, 127]]
[259, 2.97734, [0, 1, 3, 4, 9, 10, 12, 13, 27, 28, 30, 31, 36, 37, 39, 40, 84, 85, 87, 91, 93, 94, 96, 100, 112, 114, 117, 118, 121, 123, 126, 127]]
[259, 2.9784, [0, 1, 3, 4, 9, 10, 12, 13, 27, 28, 30, 31, 36, 37, 39, 40, 84, 85, 88, 90, 93, 94, 97, 99, 111, 112, 115, 117, 120, 121, 124, 126]]
[259, 2.97733, [0, 1, 3, 4, 9, 10, 12, 13, 27, 28, 30, 31, 36, 37, 39, 40, 84, 85, 88, 90, 93, 94, 97, 99, 111, 115, 117, 118, 120, 124, 126, 127]]
[259, 2.97705, [0, 1, 3, 4, 9, 10, 12, 13, 27, 28, 30, 31, 36, 37, 39, 40, 84, 85, 90, 91, 93, 94, 99, 100, 111, 112, 117, 118, 120, 121, 126, 127]]
[259, 2.97884, [0, 1, 3, 4, 9, 10, 12, 13, 27, 28, 30, 31, 36, 37, 39, 40, 84, 86, 87, 89, 93, 95, 96, 98, 111, 113, 114, 116, 120, 122, 123, 125]]
[259, 2.97775, [0, 1, 3, 4, 9, 10, 12, 13, 27, 28, 30, 31, 36, 37, 39, 40, 84, 86, 87, 89, 93, 95, 96, 98, 113, 114, 116, 117, 122, 123, 125, 126]]
[259, 2.97742, [0, 1, 3, 4, 9, 10, 12, 13, 27, 28, 30, 31, 36, 37, 39, 40, 84, 86, 87, 89, 93, 95, 96, 98, 113, 114, 116, 117, 123, 124, 126, 127]]
[259, 2.9774, [0, 1, 3, 4, 9, 10, 12, 13, 27, 28, 30, 31, 36, 37, 39, 40, 84, 86, 87, 89, 93, 95, 96, 98, 113, 115, 116, 118, 122, 124, 125, 127]]
[259, 2.97704, [0, 1, 3, 4, 9, 10, 12, 13, 27, 28, 30, 31, 36, 37, 39, 40, 84, 86, 87, 89, 93, 95, 96, 98, 114, 115, 117, 118, 123, 124, 126, 127]]
[259, 2.97746, [0, 1, 3, 4, 9, 10, 12, 13, 27, 28, 30, 31, 36, 37, 39, 40, 84, 86, 89, 90, 93, 95, 98, 99, 111, 113, 116, 117, 120, 122, 125, 126]]
[259, 2.977, [0, 1, 3, 4, 9, 10, 12, 13, 27, 28, 30, 31, 36, 37, 39, 40, 84, 87, 88, 91, 93, 96, 97, 100, 111, 114, 115, 118, 120, 123, 124, 127]]
[259, 2.97591, [0, 1, 3, 4, 9, 10, 12, 13, 27, 28, 30, 31, 36, 37, 39, 40, 84, 87, 88, 91, 93, 96, 97, 100, 114, 115, 117, 118, 123, 124, 126, 127]]
[259, 2.97562, [0, 1, 3, 4, 9, 10, 12, 13, 27, 28, 30, 31, 36, 37, 39, 40, 84, 88, 90, 91, 93, 97, 99, 100, 111, 115, 117, 118, 120, 124, 126, 127]]
[259, 2.97787, [0, 1, 3, 4, 9, 10, 12, 13, 27, 28, 30, 31, 36, 37, 39, 40, 85, 86, 88, 89, 94, 95, 97, 98, 112, 113, 115, 116, 121, 122, 124, 125]]
[259, 2.97682, [0, 1, 3, 4, 9, 10, 12, 13, 27, 28, 30, 31, 36, 37, 39, 40, 85, 86, 88, 89, 94, 95, 97, 98, 112, 115, 116, 119, 121, 124, 125, 128]]
[259, 2.97715, [0, 1, 3, 4, 9, 10, 12, 13, 27, 28, 30, 31, 36, 37, 39, 40, 85, 86, 88, 89, 94, 95, 97, 98, 113, 114, 116, 117, 122, 123, 125, 126]]
[259, 2.97683, [0, 1, 3, 4, 9, 10, 12, 13, 27, 28, 30, 31, 36, 37, 39, 40, 85, 86, 88, 89, 94, 95, 97, 98, 113, 114, 116, 117, 123, 124, 126, 127]]
[259, 2.9768, [0, 1, 3, 4, 9, 10, 12, 13, 27, 28, 30, 31, 36, 37, 39, 40, 85, 86, 88, 89, 94, 95, 97, 98, 113, 115, 116, 118, 122, 124, 125, 127]]
[259, 2.97645, [0, 1, 3, 4, 9, 10, 12, 13, 27, 28, 30, 31, 36, 37, 39, 40, 85, 86, 88, 89, 94, 95, 97, 98, 114, 115, 117, 118, 123, 124, 126, 127]]
[259, 2.97612, [0, 1, 3, 4, 9, 10, 12, 13, 27, 28, 30, 31, 36, 37, 39, 40, 85, 86, 88, 89, 94, 95, 97, 98, 114, 115, 117, 118, 124, 125, 127, 128]]
[259, 2.97597, [0, 1, 3, 4, 9, 10, 12, 13, 27, 28, 30, 31, 36, 37, 39, 40, 85, 86, 88, 89, 94, 95, 97, 98, 114, 115, 117, 118, 124, 125, 128, 129]]
[259, 2.97596, [0, 1, 3, 4, 9, 10, 12, 13, 27, 28, 30, 31, 36, 37, 39, 40, 85, 86, 88, 89, 94, 95, 97, 98, 114, 115, 117, 118, 124, 126, 127, 129]]
[259, 2.9758, [0, 1, 3, 4, 9, 10, 12, 13, 27, 28, 30, 31, 36, 37, 39, 40, 85, 86, 88, 89, 94, 95, 97, 98, 114, 115, 117, 118, 125, 126, 128, 129]]
[259, 2.97562, [0, 1, 3, 4, 9, 10, 12, 13, 27, 28, 30, 31, 36, 37, 39, 40, 85, 86, 88, 89, 94, 95, 97, 98, 114, 115, 118, 119, 125, 126, 128, 129]]
[259, 2.97594, [0, 1, 3, 4, 9, 10, 12, 13, 27, 28, 30, 31, 36, 37, 39, 40, 85, 86, 88, 89, 94, 95, 97, 98, 114, 115, 118, 120, 123, 124, 127, 129]]
[259, 2.9761, [0, 1, 3, 4, 9, 10, 12, 13, 27, 28, 30, 31, 36, 37, 39, 40, 85, 86, 88, 89, 94, 95, 97, 98, 114, 116, 117, 119, 123, 125, 126, 128]]
[259, 2.97562, [0, 1, 3, 4, 9, 10, 12, 13, 27, 28, 30, 31, 36, 37, 39, 40, 85, 86, 88, 89, 94, 95, 97, 98, 114, 116, 117, 119, 125, 126, 128, 129]]
[259, 2.9756, [0, 1, 3, 4, 9, 10, 12, 13, 27, 28, 30, 31, 36, 37, 39, 40, 85, 86, 88, 89, 94, 95, 97, 98, 114, 116, 119, 120, 123, 125, 128, 129]]
[259, 2.97575, [0, 1, 3, 4, 9, 10, 12, 13, 27, 28, 30, 31, 36, 37, 39, 40, 85, 86, 88, 89, 94, 95, 97, 98, 115, 116, 118, 119, 124, 125, 127, 128]]
[259, 2.97543, [0, 1, 3, 4, 9, 10, 12, 13, 27, 28, 30, 31, 36, 37, 39, 40, 85, 86, 88, 89, 94, 95, 97, 98, 115, 116, 118, 119, 125, 126, 128, 129]]
[259, 2.97541, [0, 1, 3, 4, 9, 10, 12, 13, 27, 28, 30, 31, 36, 37, 39, 40, 85, 86, 88, 89, 94, 95, 97, 98, 115, 117, 118, 120, 124, 126, 127, 129]]
[259, 2.97592, [0, 1, 3, 4, 9, 10, 12, 13, 27, 28, 30, 31, 36, 37, 39, 40, 85, 86, 88, 89, 95, 96, 98, 99, 114, 115, 117, 118, 123, 124, 126, 127]]
[259, 2.9756, [0, 1, 3, 4, 9, 10, 12, 13, 27, 28, 30, 31, 36, 37, 39, 40, 85, 86, 88, 89, 95, 96, 98, 99, 114, 115, 117, 118, 124, 125, 127, 128]]
[259, 2.97558, [0, 1, 3, 4, 9, 10, 12, 13, 27, 28, 30, 31, 36, 37, 39, 40, 85, 86, 88, 89, 95, 96, 98, 99, 114, 116, 117, 119, 123, 125, 126, 128]]
[259, 2.97654, [0, 1, 3, 4, 9, 10, 12, 13, 27, 28, 30, 31, 36, 37, 39, 40, 85, 86, 88, 92, 94, 95, 97, 101, 112, 113, 115, 119, 121, 122, 124, 128]]
[259, 2.97547, [0, 1, 3, 4, 9, 10, 12, 13, 27, 28, 30, 31, 36, 37, 39, 40, 85, 86, 88, 92, 94, 95, 97, 101, 113, 115, 118, 119, 122, 124, 127, 128]]
[259, 2.97652, [0, 1, 3, 4, 9, 10, 12, 13, 27, 28, 30, 31, 36, 37, 39, 40, 85, 86, 89, 91, 94, 95, 98, 100, 112, 113, 116, 118, 121, 122, 125, 127]]
[259, 2.97547, [0, 1, 3, 4, 9, 10, 12, 13, 27, 28, 30, 31, 36, 37, 39, 40, 85, 86, 89, 91, 94, 95, 98, 100, 112, 116, 118, 119, 121, 125, 127, 128]]
[259, 2.97694, [0, 1, 3, 4, 9, 10, 12, 13, 27, 28, 30, 31, 36, 37, 39, 40, 85, 87, 88, 90, 94, 96, 97, 99, 112, 114, 115, 117, 121, 123, 124, 126]]
[259, 2.97591, [0, 1, 3, 4, 9, 10, 12, 13, 27, 28, 30, 31, 36, 37, 39, 40, 85, 87, 88, 90, 94, 96, 97, 99, 112, 115, 117, 120, 121, 124, 126, 129]]
[259, 2.97588, [0, 1, 3, 4, 9, 10, 12, 13, 27, 28, 30, 31, 36, 37, 39, 40, 85, 87, 88, 90, 94, 96, 97, 99, 114, 115, 117, 118, 123, 124, 126, 127]]
[259, 2.97555, [0, 1, 3, 4, 9, 10, 12, 13, 27, 28, 30, 31, 36, 37, 39, 40, 85, 87, 88, 90, 94, 96, 97, 99, 114, 115, 117, 118, 124, 125, 127, 128]]
[259, 2.97553, [0, 1, 3, 4, 9, 10, 12, 13, 27, 28, 30, 31, 36, 37, 39, 40, 85, 87, 88, 90, 94, 96, 97, 99, 114, 116, 117, 119, 123, 125, 126, 128]]
[259, 2.97564, [0, 1, 3, 4, 9, 10, 12, 13, 27, 28, 30, 31, 36, 37, 39, 40, 85, 87, 88, 93, 94, 96, 97, 102, 112, 114, 115, 120, 121, 123, 124, 129]]
[259, 2.97559, [0, 1, 3, 4, 9, 10, 12, 13, 27, 28, 30, 31, 36, 37, 39, 40, 85, 87, 90, 91, 94, 96, 99, 100, 112, 114, 117, 118, 121, 123, 126, 127]]
[259, 2.976, [0, 1, 3, 4, 9, 10, 12, 13, 27, 28, 30, 31, 36, 37, 39, 40, 86, 87, 89, 90, 95, 96, 98, 99, 113, 114, 116, 117, 122, 123, 125, 126]]
[259, 2.97529, [0, 1, 3, 4, 9, 10, 12, 13, 27, 28, 30, 31, 36, 37, 39, 40, 86, 87, 89, 90, 95, 96, 98, 99, 114, 115, 117, 118, 123, 124, 126, 127]]

Search completed in 32 hours, 59 minutes, and 31.966 seconds.  Enter a string to quit.