Enter an integer k for which our Kempner sets are k-free: 3
Enter a positive integer modulus b: 228
Enter estimation parameters, or * for pre-computed parameters ([0.0693, 1.0534, 1.3688]): *
Enter a threshold (e.g. 4.2) to determine printed output: 2.955
Enter a root for the search space (e.g. [0, 1, 2]) [or * for the root [0]]: *
Enter an upper bound for the size of allowable digit sets [or * to ignore]: 35
Enter a maximal number of deviations from a greedy search [or * to ignore]: *
Searching for k-free sets mod b...

[228, 2.95726, [0, 1, 3, 4, 9, 10, 12, 13, 27, 28, 30, 31, 36, 37, 39, 40, 81, 82, 84, 85, 90, 91, 93, 94, 108, 109, 111, 112]]
[228, 2.95705, [0, 1, 3, 4, 9, 10, 12, 13, 27, 28, 30, 31, 36, 37, 39, 40, 81, 82, 84, 85, 90, 91, 93, 94, 108, 109, 112, 113]]
[228, 2.95705, [0, 1, 3, 4, 9, 10, 12, 13, 27, 28, 30, 31, 36, 37, 39, 40, 81, 82, 84, 85, 90, 91, 93, 94, 108, 110, 111, 113]]
[228, 2.95684, [0, 1, 3, 4, 9, 10, 12, 13, 27, 28, 30, 31, 36, 37, 39, 40, 81, 82, 84, 85, 90, 91, 93, 94, 109, 110, 112, 113]]
[228, 2.95664, [0, 1, 3, 4, 9, 10, 12, 13, 27, 28, 30, 31, 36, 37, 39, 40, 81, 82, 84, 85, 90, 91, 93, 103, 106, 107, 110, 112]]
[228, 2.95642, [0, 1, 3, 4, 9, 10, 12, 13, 27, 28, 30, 31, 36, 37, 39, 40, 81, 82, 84, 85, 90, 91, 93, 103, 106, 108, 111, 112]]
[228, 2.95631, [0, 1, 3, 4, 9, 10, 12, 13, 27, 28, 30, 31, 36, 37, 39, 40, 81, 82, 84, 85, 90, 91, 93, 103, 107, 109, 110, 112]]
[228, 2.95609, [0, 1, 3, 4, 9, 10, 12, 13, 27, 28, 30, 31, 36, 37, 39, 40, 81, 82, 84, 85, 90, 91, 93, 103, 108, 109, 111, 112]]
[228, 2.95641, [0, 1, 3, 4, 9, 10, 12, 13, 27, 28, 30, 31, 36, 37, 39, 40, 81, 82, 84, 85, 90, 91, 94, 102, 105, 109, 111, 112]]
[228, 2.95607, [0, 1, 3, 4, 9, 10, 12, 13, 27, 28, 30, 31, 36, 37, 39, 40, 81, 82, 84, 85, 90, 91, 94, 102, 108, 109, 111, 112]]
[228, 2.95557, [0, 1, 3, 4, 9, 10, 12, 13, 27, 28, 30, 31, 36, 37, 39, 40, 81, 82, 84, 85, 90, 91, 102, 103, 105, 106, 111, 112]]
[228, 2.95535, [0, 1, 3, 4, 9, 10, 12, 13, 27, 28, 30, 31, 36, 37, 39, 40, 81, 82, 84, 85, 90, 91, 102, 103, 105, 109, 110, 112]]
[228, 2.95602, [0, 1, 3, 4, 9, 10, 12, 13, 27, 28, 30, 31, 36, 37, 39, 40, 81, 82, 84, 85, 90, 93, 94, 100, 108, 109, 111, 112]]
[228, 2.95582, [0, 1, 3, 4, 9, 10, 12, 13, 27, 28, 30, 31, 36, 37, 39, 40, 81, 82, 84, 85, 90, 93, 94, 100, 108, 109, 112, 113]]
[228, 2.956, [0, 1, 3, 4, 9, 10, 12, 13, 27, 28, 30, 31, 36, 37, 39, 40, 81, 82, 84, 85, 91, 93, 94, 99, 108, 109, 111, 112]]
[228, 2.97776, [0, 1, 3, 4, 9, 10, 12, 13, 27, 28, 30, 31, 36, 37, 39, 40, 81, 82, 84, 88, 89, 91, 99, 102, 103, 106, 108, 111, 112]]
[228, 2.95628, [0, 1, 3, 4, 9, 10, 12, 13, 27, 28, 30, 31, 36, 37, 39, 40, 81, 82, 84, 88, 89, 91, 99, 102, 103, 106, 108, 112]]
[228, 2.95596, [0, 1, 3, 4, 9, 10, 12, 13, 27, 28, 30, 31, 36, 37, 39, 40, 81, 82, 84, 88, 89, 91, 99, 102, 103, 106, 111, 112]]
[228, 2.95574, [0, 1, 3, 4, 9, 10, 12, 13, 27, 28, 30, 31, 36, 37, 39, 40, 81, 82, 84, 88, 89, 91, 99, 102, 103, 108, 111, 112]]
[228, 2.95539, [0, 1, 3, 4, 9, 10, 12, 13, 27, 28, 30, 31, 36, 37, 39, 40, 81, 82, 84, 88, 89, 91, 99, 102, 106, 108, 111, 112]]
[228, 2.95572, [0, 1, 3, 4, 9, 10, 12, 13, 27, 28, 30, 31, 36, 37, 39, 40, 81, 82, 84, 88, 89, 91, 99, 103, 104, 106, 111, 112]]
[228, 2.95593, [0, 1, 3, 4, 9, 10, 12, 13, 27, 28, 30, 31, 36, 37, 39, 40, 81, 82, 84, 88, 89, 91, 99, 103, 105, 106, 108, 112]]
[228, 2.95527, [0, 1, 3, 4, 9, 10, 12, 13, 27, 28, 30, 31, 36, 37, 39, 40, 81, 82, 84, 88, 89, 91, 99, 103, 106, 108, 111, 112]]
[228, 2.95615, [0, 1, 3, 4, 9, 10, 12, 13, 27, 28, 30, 31, 36, 37, 39, 40, 81, 82, 84, 88, 90, 91, 93, 103, 106, 107, 110, 112]]
[228, 2.95593, [0, 1, 3, 4, 9, 10, 12, 13, 27, 28, 30, 31, 36, 37, 39, 40, 81, 82, 84, 88, 90, 91, 93, 103, 106, 108, 111, 112]]
[228, 2.95582, [0, 1, 3, 4, 9, 10, 12, 13, 27, 28, 30, 31, 36, 37, 39, 40, 81, 82, 84, 88, 90, 91, 93, 103, 107, 109, 110, 112]]
[228, 2.9556, [0, 1, 3, 4, 9, 10, 12, 13, 27, 28, 30, 31, 36, 37, 39, 40, 81, 82, 84, 88, 90, 91, 93, 103, 108, 109, 111, 112]]
[228, 2.95522, [0, 1, 3, 4, 9, 10, 12, 13, 27, 28, 30, 31, 36, 37, 39, 40, 81, 82, 85, 86, 92, 94, 100, 101, 104, 105, 111, 112]]
[228, 2.95512, [0, 1, 3, 4, 9, 10, 12, 13, 27, 28, 30, 31, 36, 37, 39, 40, 81, 82, 85, 86, 92, 94, 100, 101, 104, 105, 111, 113]]
[228, 2.95534, [0, 1, 3, 4, 9, 10, 12, 13, 27, 28, 30, 31, 36, 37, 39, 40, 81, 82, 85, 86, 92, 95, 97, 100, 106, 107, 110, 111]]
[228, 2.95701, [0, 1, 3, 4, 9, 10, 12, 13, 27, 28, 30, 31, 36, 37, 39, 40, 81, 82, 85, 87, 90, 91, 94, 96, 104, 108, 109, 113]]
[228, 2.95613, [0, 1, 3, 4, 9, 10, 12, 13, 27, 28, 30, 31, 36, 37, 39, 40, 81, 82, 85, 87, 90, 91, 94, 96, 108, 109, 112, 113]]
[228, 2.97816, [0, 1, 3, 4, 9, 10, 12, 13, 27, 28, 30, 31, 36, 37, 39, 40, 81, 82, 85, 87, 90, 91, 94, 102, 104, 105, 109, 111, 112]]
[228, 2.95668, [0, 1, 3, 4, 9, 10, 12, 13, 27, 28, 30, 31, 36, 37, 39, 40, 81, 82, 85, 87, 90, 91, 94, 102, 104, 105, 109, 112]]
[228, 2.95646, [0, 1, 3, 4, 9, 10, 12, 13, 27, 28, 30, 31, 36, 37, 39, 40, 81, 82, 85, 87, 90, 91, 94, 102, 104, 105, 111, 112]]
[228, 2.95644, [0, 1, 3, 4, 9, 10, 12, 13, 27, 28, 30, 31, 36, 37, 39, 40, 81, 82, 85, 87, 90, 91, 94, 102, 104, 108, 109, 111]]
[228, 2.95602, [0, 1, 3, 4, 9, 10, 12, 13, 27, 28, 30, 31, 36, 37, 39, 40, 81, 82, 85, 87, 90, 91, 94, 102, 104, 109, 111, 112]]
[228, 2.9559, [0, 1, 3, 4, 9, 10, 12, 13, 27, 28, 30, 31, 36, 37, 39, 40, 81, 82, 85, 87, 90, 91, 94, 102, 105, 109, 111, 112]]
[228, 2.95557, [0, 1, 3, 4, 9, 10, 12, 13, 27, 28, 30, 31, 36, 37, 39, 40, 81, 82, 85, 87, 90, 91, 94, 102, 108, 109, 111, 112]]
[228, 2.95578, [0, 1, 3, 4, 9, 10, 12, 13, 27, 28, 30, 31, 36, 37, 39, 40, 81, 82, 85, 87, 90, 91, 94, 104, 105, 108, 110, 113]]
[228, 2.95577, [0, 1, 3, 4, 9, 10, 12, 13, 27, 28, 30, 31, 36, 37, 39, 40, 81, 82, 85, 87, 90, 91, 94, 104, 105, 109, 110, 112]]
[228, 2.95567, [0, 1, 3, 4, 9, 10, 12, 13, 27, 28, 30, 31, 36, 37, 39, 40, 81, 82, 85, 87, 90, 91, 94, 104, 105, 109, 111, 112]]
[228, 2.95546, [0, 1, 3, 4, 9, 10, 12, 13, 27, 28, 30, 31, 36, 37, 39, 40, 81, 82, 85, 87, 90, 91, 94, 104, 105, 110, 111, 113]]
[228, 2.95535, [0, 1, 3, 4, 9, 10, 12, 13, 27, 28, 30, 31, 36, 37, 39, 40, 81, 82, 85, 87, 90, 91, 94, 104, 105, 110, 112, 113]]
[228, 2.95642, [0, 1, 3, 4, 9, 10, 12, 13, 27, 28, 30, 31, 36, 37, 39, 40, 81, 83, 84, 86, 90, 92, 93, 95, 108, 110, 111, 113]]
[228, 2.95603, [0, 1, 3, 4, 9, 10, 12, 13, 27, 28, 30, 31, 36, 37, 39, 40, 81, 83, 84, 86, 90, 92, 93, 104, 106, 107, 109, 113]]
[228, 2.95592, [0, 1, 3, 4, 9, 10, 12, 13, 27, 28, 30, 31, 36, 37, 39, 40, 81, 83, 84, 86, 90, 92, 93, 104, 106, 107, 111, 112]]
[228, 2.95582, [0, 1, 3, 4, 9, 10, 12, 13, 27, 28, 30, 31, 36, 37, 39, 40, 81, 83, 84, 86, 90, 92, 93, 104, 106, 107, 111, 113]]
[228, 2.95572, [0, 1, 3, 4, 9, 10, 12, 13, 27, 28, 30, 31, 36, 37, 39, 40, 81, 83, 84, 86, 90, 92, 93, 104, 106, 107, 112, 113]]
[228, 2.95571, [0, 1, 3, 4, 9, 10, 12, 13, 27, 28, 30, 31, 36, 37, 39, 40, 81, 83, 84, 86, 90, 92, 93, 104, 106, 109, 110, 113]]
[228, 2.95549, [0, 1, 3, 4, 9, 10, 12, 13, 27, 28, 30, 31, 36, 37, 39, 40, 81, 83, 84, 86, 90, 92, 93, 104, 106, 110, 111, 113]]
[228, 2.95539, [0, 1, 3, 4, 9, 10, 12, 13, 27, 28, 30, 31, 36, 37, 39, 40, 81, 83, 84, 86, 90, 92, 93, 104, 106, 110, 112, 113]]
[228, 2.9556, [0, 1, 3, 4, 9, 10, 12, 13, 27, 28, 30, 31, 36, 37, 39, 40, 81, 83, 84, 86, 90, 92, 93, 104, 107, 108, 111, 113]]
[228, 2.95539, [0, 1, 3, 4, 9, 10, 12, 13, 27, 28, 30, 31, 36, 37, 39, 40, 81, 83, 84, 86, 90, 92, 93, 104, 107, 109, 112, 113]]
[228, 2.95556, [0, 1, 3, 4, 9, 10, 12, 13, 27, 28, 30, 31, 36, 37, 39, 40, 81, 83, 84, 86, 90, 92, 95, 102, 105, 110, 111, 113]]
[228, 2.95532, [0, 1, 3, 4, 9, 10, 12, 13, 27, 28, 30, 31, 36, 37, 39, 40, 81, 83, 84, 86, 93, 94, 98, 99, 106, 108, 109, 111]]
[228, 2.95607, [0, 1, 3, 4, 9, 10, 12, 13, 27, 28, 30, 31, 36, 37, 39, 40, 81, 83, 84, 88, 89, 91, 100, 102, 103, 107, 108, 110]]
[228, 2.95555, [0, 1, 3, 4, 9, 10, 12, 13, 27, 28, 30, 31, 36, 37, 39, 40, 81, 83, 84, 89, 90, 92, 93, 104, 106, 107, 109, 113]]
[228, 2.95544, [0, 1, 3, 4, 9, 10, 12, 13, 27, 28, 30, 31, 36, 37, 39, 40, 81, 83, 84, 89, 90, 92, 93, 104, 106, 107, 111, 112]]
[228, 2.95534, [0, 1, 3, 4, 9, 10, 12, 13, 27, 28, 30, 31, 36, 37, 39, 40, 81, 83, 84, 89, 90, 92, 93, 104, 106, 107, 111, 113]]
[228, 2.9555, [0, 1, 3, 4, 9, 10, 12, 13, 27, 28, 30, 31, 36, 37, 39, 40, 81, 83, 86, 87, 90, 92, 95, 102, 105, 106, 111, 113]]
[228, 2.95556, [0, 1, 3, 4, 9, 10, 12, 13, 27, 28, 30, 31, 36, 37, 39, 40, 82, 83, 85, 86, 91, 92, 94, 95, 109, 110, 112, 113]]
[228, 2.97597, [0, 1, 3, 4, 9, 10, 12, 13, 27, 28, 30, 31, 36, 37, 39, 40, 82, 83, 85, 89, 90, 92, 100, 103, 104, 107, 109, 112, 113]]
[228, 2.97636, [0, 1, 3, 4, 9, 10, 12, 13, 27, 28, 30, 31, 36, 37, 39, 40, 82, 83, 86, 88, 91, 92, 95, 103, 105, 106, 110, 112, 113]]
[228, 2.96982, [0, 1, 3, 4, 9, 10, 12, 13, 27, 28, 30, 31, 36, 37, 39, 40, 82, 83, 86, 91, 92, 95, 103, 105, 106, 110, 112, 113, 158]]
[228, 2.96376, [0, 1, 3, 4, 9, 10, 12, 13, 27, 28, 30, 31, 36, 37, 39, 40, 82, 85, 89, 91, 94, 102, 104, 105, 109, 111, 112, 156, 162]]
[228, 2.96954, [0, 1, 3, 4, 9, 10, 12, 13, 27, 28, 30, 31, 36, 37, 39, 40, 82, 86, 88, 89, 91, 95, 103, 105, 106, 110, 112, 113, 156]]
[228, 2.96279, [0, 1, 3, 4, 9, 10, 12, 13, 27, 28, 30, 31, 36, 37, 39, 40, 82, 86, 88, 91, 95, 103, 105, 106, 110, 112, 113, 156, 165]]
[228, 2.963, [0, 1, 3, 4, 9, 10, 12, 13, 27, 28, 30, 31, 36, 37, 39, 40, 82, 86, 89, 91, 95, 103, 105, 106, 110, 112, 113, 156, 158]]
[228, 2.95625, [0, 1, 3, 4, 9, 10, 12, 13, 27, 28, 30, 31, 36, 37, 39, 40, 82, 86, 91, 95, 103, 105, 106, 110, 112, 113, 156, 158, 165]]
[228, 2.96906, [0, 1, 3, 4, 9, 10, 12, 13, 27, 28, 30, 31, 36, 37, 39, 40, 83, 85, 86, 90, 92, 100, 103, 104, 107, 109, 112, 113, 155]]
[228, 2.97002, [0, 1, 3, 4, 9, 10, 12, 13, 27, 28, 30, 31, 36, 37, 39, 40, 83, 85, 88, 89, 92, 94, 102, 104, 107, 108, 111, 113, 155]]
[228, 2.96359, [0, 1, 3, 4, 9, 10, 12, 13, 27, 28, 30, 31, 36, 37, 39, 40, 83, 85, 88, 92, 94, 102, 104, 107, 108, 111, 113, 155, 159]]
[228, 2.96858, [0, 1, 3, 4, 9, 10, 12, 13, 27, 28, 30, 31, 36, 37, 39, 40, 83, 85, 89, 90, 92, 100, 103, 104, 107, 109, 112, 113, 155]]
[228, 2.96273, [0, 1, 3, 4, 9, 10, 12, 13, 27, 28, 30, 31, 36, 37, 39, 40, 83, 86, 88, 92, 95, 103, 105, 106, 110, 112, 113, 155, 161]]
[228, 2.95603, [0, 1, 3, 4, 9, 10, 12, 13, 27, 28, 30, 31, 36, 37, 39, 40, 83, 86, 92, 95, 103, 105, 106, 110, 112, 113, 155, 158, 164]]
[228, 2.95587, [0, 1, 3, 4, 9, 10, 12, 13, 27, 28, 30, 31, 36, 37, 39, 40, 83, 86, 92, 95, 103, 105, 106, 110, 112, 113, 155, 161, 164]]
[228, 2.95695, [0, 1, 3, 4, 9, 10, 12, 13, 27, 28, 30, 31, 36, 37, 39, 40, 85, 88, 89, 94, 102, 104, 105, 107, 111, 113, 155, 156, 162]]
[228, 2.95683, [0, 1, 3, 4, 9, 10, 12, 13, 27, 28, 30, 31, 36, 37, 39, 40, 85, 88, 89, 94, 102, 104, 105, 109, 111, 112, 155, 156, 162]]
[228, 2.95661, [0, 1, 3, 4, 9, 10, 12, 13, 27, 28, 30, 31, 36, 37, 39, 40, 85, 88, 89, 94, 102, 104, 107, 108, 111, 113, 155, 156, 162]]
[228, 2.95591, [0, 1, 3, 4, 9, 10, 12, 13, 27, 28, 30, 31, 36, 37, 39, 40, 86, 88, 89, 95, 103, 105, 106, 110, 112, 113, 155, 156, 161]]
[228, 2.96503, [0, 1, 3, 4, 9, 10, 12, 13, 27, 28, 30, 31, 36, 39, 40, 64, 81, 82, 85, 87, 90, 91, 94, 102, 104, 105, 109, 111, 112]]
[228, 2.95577, [0, 1, 3, 4, 9, 10, 12, 13, 27, 28, 30, 34, 35, 37, 63, 75, 76, 79, 81, 84, 85, 88, 90, 102, 103, 106, 108, 111, 112]]
[228, 2.95544, [0, 1, 3, 4, 9, 10, 12, 13, 27, 28, 30, 34, 35, 37, 63, 75, 76, 79, 81, 84, 85, 88, 90, 102, 103, 108, 109, 111, 112]]

Search completed in 15 hours, 1 minutes, and 3.017 seconds.  Enter a string to quit.