Enter an integer k for which our Kempner sets are k-free: 3
Enter a positive integer modulus b: 121
Enter estimation parameters, or * for pre-computed parameters ([0.0812, 1.071, 1.4001]): *
Enter a threshold (e.g. 4.2) to determine printed output: 2.85
Enter a root for the search space (e.g. [0, 1, 2]) [or * for the root [0]]: *
Enter an upper bound for the size of allowable digit sets [or * to ignore]: *
Enter a maximal number of deviations from a greedy search [or * to ignore]: *
Searching for k-free sets mod b...

[121, 2.86705, [0, 1, 3, 4, 9, 10, 12, 13, 27, 28, 30, 31, 37, 39, 83, 87, 103, 105]]
[121, 2.85186, [0, 1, 3, 4, 9, 10, 12, 13, 27, 28, 32, 33, 35, 40, 49, 59, 103]]
[121, 2.8565, [0, 1, 3, 4, 9, 10, 12, 13, 27, 28, 32, 34, 35, 39, 48, 49, 103]]
[121, 2.85126, [0, 1, 3, 4, 9, 10, 12, 13, 27, 28, 33, 36, 37, 40, 48, 58, 78]]
[121, 2.86136, [0, 1, 3, 4, 9, 10, 12, 13, 27, 29, 33, 35, 36, 47, 52, 97, 99, 107]]
[121, 2.88701, [0, 1, 3, 4, 9, 10, 12, 13, 27, 29, 35, 36, 39, 40, 47, 52, 56, 97]]
[121, 2.86636, [0, 1, 3, 4, 9, 10, 12, 13, 27, 29, 35, 36, 39, 47, 52, 56, 97, 107]]
[121, 2.85577, [0, 1, 3, 4, 9, 10, 12, 13, 27, 29, 35, 36, 39, 47, 52, 97, 99, 107]]
[121, 2.85371, [0, 1, 3, 4, 9, 10, 12, 13, 27, 29, 35, 36, 39, 47, 56, 97, 101, 107]]
[121, 2.85032, [0, 1, 3, 4, 9, 10, 12, 13, 27, 29, 35, 37, 38, 40, 52, 56, 59]]
[121, 2.86377, [0, 1, 3, 4, 9, 10, 12, 13, 27, 31, 32, 34, 38, 40, 43, 47, 57]]
[121, 2.85269, [0, 1, 3, 4, 9, 10, 12, 13, 27, 31, 32, 34, 38, 40, 43, 47, 106]]
[121, 2.8598, [0, 1, 3, 4, 9, 10, 12, 13, 27, 31, 32, 34, 38, 43, 46, 47, 57]]
[121, 2.85831, [0, 1, 3, 4, 9, 10, 12, 13, 27, 31, 32, 36, 38, 39, 43, 56, 57]]
[121, 2.88772, [0, 1, 3, 4, 9, 10, 12, 13, 27, 31, 32, 36, 38, 43, 46, 47, 57, 106]]
[121, 2.87221, [0, 1, 3, 4, 9, 10, 12, 13, 27, 31, 32, 36, 38, 43, 47, 57, 99, 106]]
[121, 2.86627, [0, 1, 3, 4, 9, 10, 12, 13, 27, 31, 32, 36, 43, 47, 56, 57, 75, 106]]
[121, 2.85568, [0, 1, 3, 4, 9, 10, 12, 13, 27, 31, 32, 36, 43, 47, 57, 75, 99, 106]]
[121, 2.86291, [0, 1, 3, 4, 9, 10, 12, 13, 27, 31, 32, 40, 43, 47, 56, 57, 75, 106]]
[121, 2.85629, [0, 1, 3, 4, 9, 10, 12, 13, 27, 31, 33, 37, 38, 40, 46, 48, 60]]
[121, 2.85184, [0, 1, 3, 4, 9, 10, 12, 13, 27, 31, 33, 37, 38, 40, 48, 55, 60]]
[121, 2.853, [0, 1, 3, 4, 9, 10, 12, 13, 27, 31, 34, 36, 40, 43, 47, 48, 57]]
[121, 2.87432, [0, 1, 3, 4, 9, 10, 12, 13, 27, 31, 34, 36, 40, 43, 47, 57, 75, 97]]
[121, 2.86314, [0, 1, 3, 4, 9, 10, 12, 13, 27, 31, 34, 36, 40, 43, 47, 75, 97, 106]]
[121, 2.89022, [0, 1, 3, 4, 9, 10, 12, 13, 27, 31, 36, 40, 43, 47, 56, 57, 75, 97, 106]]
[121, 2.85877, [0, 1, 3, 4, 9, 10, 12, 13, 27, 31, 36, 40, 43, 47, 56, 57, 75, 106]]
[121, 2.85449, [0, 1, 3, 4, 9, 10, 12, 13, 27, 31, 36, 40, 43, 47, 56, 57, 97, 106]]
[121, 2.86077, [0, 1, 3, 4, 9, 10, 12, 13, 27, 31, 38, 39, 46, 48, 55, 56, 60, 105]]
[121, 2.8519, [0, 1, 3, 4, 9, 10, 12, 13, 27, 32, 36, 43, 47, 49, 56, 57, 75, 106]]
[121, 2.87065, [0, 1, 3, 4, 9, 10, 12, 13, 27, 33, 37, 38, 40, 48, 52, 55, 60, 78]]
[121, 2.85349, [0, 1, 3, 4, 9, 10, 12, 13, 27, 33, 38, 47, 48, 52, 55, 59, 60, 78]]
[121, 2.85494, [0, 1, 3, 4, 9, 10, 12, 13, 27, 37, 38, 40, 48, 52, 55, 57, 60, 78]]
[121, 2.87879, [0, 1, 3, 4, 9, 10, 12, 13, 28, 29, 31, 37, 39, 51, 83, 87, 97, 103, 105]]
[121, 2.85477, [0, 1, 3, 4, 9, 10, 12, 13, 28, 29, 33, 35, 39, 51, 59, 87, 97, 103]]
[121, 2.85334, [0, 1, 3, 4, 9, 10, 12, 13, 28, 29, 33, 35, 39, 51, 59, 87, 103, 107]]
[121, 2.85163, [0, 1, 3, 4, 9, 10, 12, 13, 28, 29, 33, 35, 39, 51, 59, 97, 103, 107]]
[121, 2.85188, [0, 1, 3, 4, 9, 10, 12, 13, 28, 29, 34, 37, 38, 41, 50, 51, 60]]
[121, 2.88102, [0, 1, 3, 4, 9, 10, 12, 13, 28, 30, 31, 36, 40, 54, 74, 84, 86, 100, 106]]
[121, 2.85011, [0, 1, 3, 4, 9, 10, 12, 13, 28, 30, 31, 36, 40, 54, 74, 84, 86, 106]]
[121, 2.8757, [0, 1, 3, 4, 9, 10, 12, 13, 28, 30, 31, 36, 40, 54, 84, 86, 100, 102, 106]]
[121, 2.8565, [0, 1, 3, 4, 9, 10, 12, 13, 28, 31, 33, 37, 39, 40, 42, 48, 60]]
[121, 2.85131, [0, 1, 3, 4, 9, 10, 12, 13, 28, 31, 33, 37, 39, 40, 48, 51, 60]]
[121, 2.85061, [0, 1, 3, 4, 9, 10, 12, 13, 28, 33, 35, 36, 40, 41, 48, 50, 51]]
[121, 2.85367, [0, 1, 3, 4, 9, 10, 12, 13, 28, 33, 35, 39, 41, 48, 51, 59, 103, 107]]
[121, 2.85715, [0, 1, 3, 4, 9, 10, 12, 13, 28, 33, 37, 39, 48, 49, 51, 58, 60, 105]]
[121, 2.87362, [0, 1, 3, 4, 9, 10, 12, 13, 28, 36, 37, 40, 41, 48, 50, 51, 57, 58]]
[121, 2.86536, [0, 1, 3, 4, 9, 10, 12, 13, 29, 30, 33, 35, 38, 39, 42, 44, 52]]
[121, 2.8538, [0, 1, 3, 4, 9, 10, 12, 13, 29, 30, 35, 37, 38, 42, 43, 52, 53]]
[121, 2.85198, [0, 1, 3, 4, 9, 10, 12, 13, 29, 31, 35, 36, 38, 42, 44, 51, 56]]
[121, 2.8534, [0, 1, 3, 4, 9, 10, 12, 13, 29, 33, 35, 39, 44, 47, 51, 52, 105, 107]]
[121, 2.87788, [0, 1, 3, 4, 9, 10, 12, 13, 29, 35, 37, 38, 42, 43, 50, 52, 53, 59]]
[121, 2.87658, [0, 1, 3, 4, 9, 10, 12, 13, 29, 35, 37, 38, 42, 43, 50, 52, 56, 59]]
[121, 2.86309, [0, 1, 3, 4, 9, 10, 12, 13, 29, 37, 38, 42, 43, 50, 52, 53, 59, 60]]
[121, 2.86227, [0, 1, 3, 4, 9, 10, 12, 13, 29, 37, 39, 42, 43, 50, 52, 53, 59, 60]]
[121, 2.86141, [0, 1, 3, 4, 9, 10, 12, 13, 29, 38, 39, 42, 43, 50, 52, 53, 59, 60]]
[121, 2.8513, [0, 1, 3, 4, 9, 10, 12, 13, 30, 31, 33, 34, 40, 41, 44, 45, 74]]
[121, 2.85359, [0, 1, 3, 4, 9, 10, 12, 13, 31, 32, 35, 37, 45, 47, 48, 56, 101, 105]]
[121, 2.86058, [0, 1, 3, 4, 9, 10, 12, 13, 31, 33, 34, 38, 40, 44, 51, 60, 74, 100]]
[121, 2.85502, [0, 1, 3, 4, 9, 10, 12, 13, 31, 33, 34, 38, 40, 44, 51, 60, 100, 104]]
[121, 2.85449, [0, 1, 3, 4, 9, 10, 12, 13, 31, 33, 38, 40, 46, 48, 51, 55, 60, 104]]
[121, 2.85185, [0, 1, 3, 4, 9, 10, 12, 13, 31, 37, 39, 40, 45, 46, 54, 56, 57, 97]]
[121, 2.86025, [0, 1, 3, 4, 9, 10, 12, 13, 32, 33, 37, 38, 46, 47, 49, 50, 58, 105]]
[121, 2.86184, [0, 1, 3, 4, 9, 10, 12, 13, 32, 33, 37, 39, 40, 44, 50, 58, 59, 98]]
[121, 2.85587, [0, 1, 3, 4, 9, 10, 12, 13, 32, 36, 37, 39, 43, 44, 53, 57, 58, 99]]
[121, 2.86299, [0, 1, 3, 4, 9, 10, 12, 13, 32, 37, 38, 40, 45, 46, 49, 56, 57, 59]]
[121, 2.8602, [0, 1, 3, 4, 9, 10, 12, 13, 32, 37, 38, 40, 46, 49, 50, 56, 57, 59]]
[121, 2.85679, [0, 1, 3, 4, 9, 10, 12, 13, 32, 37, 38, 45, 46, 49, 50, 56, 57, 59]]
[121, 2.8659, [0, 1, 3, 4, 9, 10, 12, 13, 33, 34, 37, 39, 42, 46, 48, 49, 60, 76]]
[121, 2.86441, [0, 1, 3, 4, 9, 10, 12, 13, 33, 34, 37, 39, 42, 46, 48, 52, 60, 76]]
[121, 2.86274, [0, 1, 3, 4, 9, 10, 12, 13, 33, 34, 37, 39, 42, 48, 49, 52, 60, 76]]
[121, 2.85161, [0, 1, 3, 4, 9, 10, 12, 13, 33, 37, 38, 42, 44, 45, 49, 58, 59, 93]]
[121, 2.85085, [0, 1, 3, 4, 9, 10, 12, 13, 33, 37, 39, 42, 46, 48, 49, 58, 60, 76]]
[121, 2.85674, [0, 1, 3, 4, 9, 10, 12, 13, 33, 38, 39, 41, 47, 48, 51, 52, 59, 60]]
[121, 2.85507, [0, 1, 3, 4, 9, 10, 12, 13, 33, 39, 40, 42, 43, 48, 52, 55, 59, 60]]
[121, 2.86033, [0, 1, 3, 4, 9, 10, 12, 13, 34, 37, 38, 41, 43, 50, 51, 53, 54, 60]]
[121, 2.86097, [0, 1, 3, 4, 9, 10, 12, 13, 35, 37, 38, 42, 43, 45, 50, 54, 56, 59]]
[121, 2.85807, [0, 1, 3, 4, 9, 10, 12, 13, 35, 37, 38, 42, 43, 50, 52, 53, 55, 59]]
[121, 2.85678, [0, 1, 3, 4, 9, 10, 12, 13, 35, 37, 38, 42, 43, 50, 52, 55, 56, 59]]
[121, 2.85641, [0, 1, 3, 4, 9, 10, 12, 13, 35, 37, 38, 42, 45, 50, 51, 54, 56, 59]]
[121, 2.85623, [0, 1, 3, 4, 9, 10, 12, 22, 30, 31, 33, 42, 46, 47, 49, 55, 69, 102, 104]]
[121, 2.86239, [0, 1, 3, 4, 9, 10, 12, 25, 26, 36, 37, 39, 44, 45, 55, 56, 58, 59, 99]]
[121, 2.85025, [0, 1, 3, 4, 9, 10, 13, 21, 27, 31, 36, 40, 43, 47, 56, 57, 75, 97, 115]]
[121, 2.85151, [0, 1, 3, 4, 9, 11, 12, 16, 25, 35, 37, 40, 42, 48, 52, 53, 57, 60]]
[121, 2.88389, [0, 1, 3, 4, 9, 11, 12, 16, 25, 35, 37, 42, 43, 48, 52, 55, 57, 60, 76]]
[121, 2.85603, [0, 1, 3, 4, 9, 11, 12, 16, 26, 27, 37, 39, 44, 46, 56, 57, 59, 60]]
[121, 2.85669, [0, 1, 3, 4, 9, 11, 12, 16, 27, 35, 37, 40, 41, 44, 46, 49, 56, 60]]
[121, 2.85628, [0, 1, 3, 4, 9, 11, 12, 16, 30, 34, 36, 39, 40, 43, 45, 53, 55, 58]]
[121, 2.85351, [0, 1, 3, 4, 9, 11, 12, 16, 30, 35, 37, 38, 42, 43, 50, 52, 53, 55]]
[121, 2.86369, [0, 1, 3, 4, 9, 11, 12, 25, 29, 31, 34, 35, 40, 42, 48, 52, 60, 74, 107]]
[121, 2.85692, [0, 1, 3, 4, 9, 11, 12, 25, 29, 31, 34, 35, 40, 42, 48, 52, 60, 107, 113]]
[121, 2.86499, [0, 1, 3, 4, 10, 11, 13, 14, 29, 31, 32, 34, 38, 41, 43, 46, 56, 70]]
[121, 2.85446, [0, 1, 3, 4, 10, 11, 13, 14, 29, 31, 34, 38, 41, 43, 46, 50, 56, 60]]
[121, 2.8513, [0, 1, 3, 4, 10, 11, 13, 14, 29, 31, 34, 38, 41, 43, 46, 50, 56, 70]]
[121, 2.86229, [0, 1, 3, 4, 10, 11, 13, 14, 29, 32, 34, 37, 38, 41, 43, 46, 56, 59]]
[121, 2.85875, [0, 1, 3, 4, 10, 11, 13, 14, 29, 32, 34, 37, 38, 41, 46, 49, 56, 59]]
[121, 2.85726, [0, 1, 3, 4, 10, 11, 13, 14, 29, 32, 34, 37, 38, 41, 46, 52, 56, 59]]
[121, 2.85559, [0, 1, 3, 4, 10, 11, 13, 14, 29, 32, 34, 37, 38, 41, 49, 52, 56, 59]]
[121, 2.88974, [0, 1, 3, 4, 10, 11, 13, 14, 29, 32, 34, 38, 40, 41, 43, 49, 56, 59, 96]]
[121, 2.88465, [0, 1, 3, 4, 10, 11, 13, 14, 29, 32, 34, 38, 40, 41, 49, 52, 56, 59, 96]]
[121, 2.87398, [0, 1, 3, 4, 10, 11, 13, 14, 29, 32, 34, 38, 40, 41, 49, 52, 59, 96, 99]]
[121, 2.88496, [0, 1, 3, 4, 10, 11, 13, 14, 29, 32, 37, 38, 40, 41, 46, 49, 56, 59, 96]]
[121, 2.87524, [0, 1, 3, 4, 10, 11, 13, 14, 29, 32, 37, 38, 40, 41, 46, 49, 59, 93, 96]]
[121, 2.88177, [0, 1, 3, 4, 10, 11, 13, 14, 29, 32, 37, 38, 40, 41, 49, 52, 56, 59, 96]]
[121, 2.88129, [0, 1, 3, 4, 10, 11, 13, 14, 29, 32, 37, 38, 41, 43, 46, 52, 56, 59, 96]]
[121, 2.87713, [0, 1, 3, 4, 10, 11, 13, 14, 29, 32, 38, 40, 41, 43, 49, 52, 56, 59, 96]]
[121, 2.86646, [0, 1, 3, 4, 10, 11, 13, 14, 29, 32, 38, 40, 41, 43, 49, 52, 59, 96, 99]]
[121, 2.85256, [0, 1, 3, 4, 10, 11, 13, 14, 29, 32, 40, 41, 43, 49, 52, 59, 65, 96, 99]]
[121, 2.85921, [0, 1, 3, 4, 10, 11, 13, 14, 31, 36, 37, 40, 42, 50, 54, 55, 57, 65, 102]]
[121, 2.85466, [0, 1, 3, 4, 10, 11, 13, 14, 33, 38, 39, 41, 46, 47, 50, 57, 58, 60, 98]]

Search completed in 0 hours, 40 minutes, and 59.23 seconds.  Enter a string to quit.