Enter an integer k for which our Kempner sets are k-free: 3
Enter a positive integer modulus b: 206
Enter estimation parameters, or * for pre-computed parameters ([0.073, 1.0495, 1.3962]): *
Enter a threshold (e.g. 4.2) to determine printed output: 2.92
Enter a root for the search space (e.g. [0, 1, 2]) [or * for the root [0]]: *
Enter an upper bound for the size of allowable digit sets [or * to ignore]: 32
Enter a maximal number of deviations from a greedy search [or * to ignore]: *
Searching for k-free sets mod b...

[206, 2.92317, [0, 1, 3, 4, 9, 10, 12, 13, 27, 28, 30, 31, 36, 37, 39, 40, 81, 82, 84, 85, 90, 94, 97, 101, 102]]
[206, 2.92379, [0, 1, 3, 4, 9, 10, 12, 13, 27, 28, 30, 31, 36, 37, 39, 40, 81, 82, 84, 85, 92, 94, 95, 97, 101]]
[206, 2.92338, [0, 1, 3, 4, 9, 10, 12, 13, 27, 28, 30, 31, 36, 37, 39, 40, 81, 82, 84, 85, 92, 94, 97, 98, 101]]
[206, 2.92244, [0, 1, 3, 4, 9, 10, 12, 13, 27, 28, 30, 31, 36, 37, 39, 40, 81, 82, 84, 85, 94, 95, 97, 101, 102]]
[206, 2.9223, [0, 1, 3, 4, 9, 10, 12, 13, 27, 28, 30, 31, 36, 37, 39, 40, 81, 82, 84, 85, 94, 95, 99, 100, 102]]
[206, 2.92217, [0, 1, 3, 4, 9, 10, 12, 13, 27, 28, 30, 31, 36, 37, 39, 40, 81, 82, 84, 85, 94, 95, 99, 101, 102]]
[206, 2.9223, [0, 1, 3, 4, 9, 10, 12, 13, 27, 28, 30, 31, 36, 37, 39, 40, 81, 82, 84, 85, 94, 96, 97, 101, 102]]
[206, 2.92201, [0, 1, 3, 4, 9, 10, 12, 13, 27, 28, 30, 31, 36, 37, 39, 40, 81, 82, 84, 88, 89, 98, 99, 101, 102]]
[206, 2.9226, [0, 1, 3, 4, 9, 10, 12, 13, 27, 28, 30, 31, 36, 37, 39, 40, 81, 82, 84, 89, 92, 93, 98, 99, 101]]
[206, 2.92162, [0, 1, 3, 4, 9, 10, 12, 13, 27, 28, 30, 31, 36, 37, 39, 40, 81, 82, 84, 90, 94, 95, 97, 101, 102]]
[206, 2.92344, [0, 1, 3, 4, 9, 10, 12, 13, 27, 28, 30, 31, 36, 37, 39, 40, 81, 82, 85, 86, 92, 94, 95, 97, 101]]
[206, 2.92305, [0, 1, 3, 4, 9, 10, 12, 13, 27, 28, 30, 31, 36, 37, 39, 40, 81, 82, 85, 86, 92, 94, 95, 100, 101]]
[206, 2.92263, [0, 1, 3, 4, 9, 10, 12, 13, 27, 28, 30, 31, 36, 37, 39, 40, 81, 82, 85, 86, 92, 95, 97, 100, 101]]
[206, 2.92276, [0, 1, 3, 4, 9, 10, 12, 13, 27, 28, 30, 31, 36, 37, 39, 40, 81, 82, 85, 86, 93, 95, 96, 98, 102]]
[206, 2.92236, [0, 1, 3, 4, 9, 10, 12, 13, 27, 28, 30, 31, 36, 37, 39, 40, 81, 82, 85, 86, 93, 95, 98, 99, 102]]
[206, 2.92263, [0, 1, 3, 4, 9, 10, 12, 13, 27, 28, 30, 31, 36, 37, 39, 40, 81, 82, 85, 87, 90, 96, 97, 100, 101]]
[206, 2.92179, [0, 1, 3, 4, 9, 10, 12, 13, 27, 28, 30, 31, 36, 37, 39, 40, 81, 82, 85, 87, 94, 95, 99, 100, 102]]
[206, 2.92356, [0, 1, 3, 4, 9, 10, 12, 13, 27, 28, 30, 31, 36, 37, 39, 40, 81, 82, 86, 87, 89, 94, 95, 98, 100]]
[206, 2.92263, [0, 1, 3, 4, 9, 10, 12, 13, 27, 28, 30, 31, 36, 37, 39, 40, 81, 82, 86, 87, 89, 95, 98, 99, 102]]
[206, 2.92237, [0, 1, 3, 4, 9, 10, 12, 13, 27, 28, 30, 31, 36, 37, 39, 40, 81, 82, 86, 87, 89, 95, 99, 100, 102]]
[206, 2.92183, [0, 1, 3, 4, 9, 10, 12, 13, 27, 28, 30, 31, 36, 37, 39, 40, 81, 82, 86, 87, 89, 98, 99, 101, 102]]
[206, 2.92236, [0, 1, 3, 4, 9, 10, 12, 13, 27, 28, 30, 31, 36, 37, 39, 40, 81, 82, 86, 88, 89, 93, 99, 101, 102]]
[206, 2.92167, [0, 1, 3, 4, 9, 10, 12, 13, 27, 28, 30, 31, 36, 37, 39, 40, 81, 82, 86, 88, 89, 98, 99, 101, 102]]
[206, 2.9217, [0, 1, 3, 4, 9, 10, 12, 13, 27, 28, 30, 31, 36, 37, 39, 40, 81, 82, 86, 89, 93, 95, 98, 99, 102]]
[206, 2.9209, [0, 1, 3, 4, 9, 10, 12, 13, 27, 28, 30, 31, 36, 37, 39, 40, 81, 82, 86, 89, 93, 98, 99, 101, 102]]
[206, 2.92213, [0, 1, 3, 4, 9, 10, 12, 13, 27, 28, 30, 31, 36, 37, 39, 40, 81, 82, 87, 88, 90, 96, 97, 100, 101]]
[206, 2.92262, [0, 1, 3, 4, 9, 10, 12, 13, 27, 28, 30, 31, 36, 37, 39, 40, 81, 83, 84, 86, 93, 94, 98, 99, 101]]
[206, 2.92335, [0, 1, 3, 4, 9, 10, 12, 13, 27, 28, 30, 31, 36, 37, 39, 40, 81, 83, 84, 88, 89, 91, 96, 100, 102]]
[206, 2.92261, [0, 1, 3, 4, 9, 10, 12, 13, 27, 28, 30, 31, 36, 37, 39, 40, 81, 83, 84, 88, 89, 96, 98, 99, 101]]
[206, 2.92223, [0, 1, 3, 4, 9, 10, 12, 13, 27, 28, 30, 31, 36, 37, 39, 40, 81, 83, 84, 88, 89, 96, 98, 101, 102]]
[206, 2.92183, [0, 1, 3, 4, 9, 10, 12, 13, 27, 28, 30, 31, 36, 37, 39, 40, 81, 83, 84, 88, 89, 98, 99, 101, 102]]
[206, 2.92218, [0, 1, 3, 4, 9, 10, 12, 13, 27, 28, 30, 31, 36, 37, 39, 40, 81, 83, 84, 88, 91, 96, 97, 100, 102]]
[206, 2.92162, [0, 1, 3, 4, 9, 10, 12, 13, 27, 28, 30, 31, 36, 37, 39, 40, 81, 83, 84, 88, 94, 96, 97, 101, 102]]
[206, 2.92259, [0, 1, 3, 4, 9, 10, 12, 13, 27, 28, 30, 31, 36, 37, 39, 40, 81, 83, 84, 89, 90, 93, 98, 100, 101]]
[206, 2.92279, [0, 1, 3, 4, 9, 10, 12, 13, 27, 28, 30, 31, 36, 37, 39, 40, 81, 83, 86, 87, 92, 94, 95, 99, 100]]
[206, 2.92173, [0, 1, 3, 4, 9, 10, 12, 13, 27, 28, 30, 31, 36, 37, 39, 40, 81, 83, 86, 87, 92, 95, 99, 100, 102]]
[206, 2.92049, [0, 1, 3, 4, 9, 10, 12, 13, 27, 28, 30, 31, 36, 37, 39, 40, 81, 83, 87, 92, 94, 95, 99, 100, 102]]
[206, 2.92214, [0, 1, 3, 4, 9, 10, 12, 13, 27, 28, 30, 31, 36, 37, 39, 40, 81, 84, 85, 88, 90, 94, 97, 101, 102]]
[206, 2.92184, [0, 1, 3, 4, 9, 10, 12, 13, 27, 28, 30, 31, 36, 37, 39, 40, 81, 84, 85, 88, 90, 97, 98, 100, 101]]
[206, 2.92159, [0, 1, 3, 4, 9, 10, 12, 13, 27, 28, 30, 31, 36, 37, 39, 40, 81, 84, 85, 88, 90, 97, 98, 101, 102]]
[206, 2.92127, [0, 1, 3, 4, 9, 10, 12, 13, 27, 28, 30, 31, 36, 37, 39, 40, 81, 84, 85, 88, 94, 96, 97, 101, 102]]
[206, 2.9216, [0, 1, 3, 4, 9, 10, 12, 13, 27, 28, 30, 31, 36, 37, 39, 40, 81, 85, 87, 88, 90, 96, 97, 100, 101]]
[206, 2.92133, [0, 1, 3, 4, 9, 10, 12, 13, 27, 28, 30, 31, 36, 37, 39, 40, 81, 85, 87, 88, 90, 97, 98, 100, 101]]
[206, 2.92108, [0, 1, 3, 4, 9, 10, 12, 13, 27, 28, 30, 31, 36, 37, 39, 40, 81, 85, 87, 88, 90, 97, 98, 101, 102]]
[206, 2.92239, [0, 1, 3, 4, 9, 10, 12, 13, 27, 28, 30, 31, 36, 37, 39, 40, 82, 83, 85, 86, 93, 95, 96, 98, 102]]
[206, 2.92199, [0, 1, 3, 4, 9, 10, 12, 13, 27, 28, 30, 31, 36, 37, 39, 40, 82, 83, 85, 86, 93, 95, 98, 99, 102]]
[206, 2.92123, [0, 1, 3, 4, 9, 10, 12, 13, 27, 28, 30, 31, 36, 37, 39, 40, 82, 83, 85, 90, 93, 94, 99, 100, 102]]
[206, 2.92206, [0, 1, 3, 4, 9, 10, 12, 13, 27, 28, 30, 31, 36, 37, 39, 40, 82, 83, 86, 87, 93, 95, 96, 98, 102]]
[206, 2.92167, [0, 1, 3, 4, 9, 10, 12, 13, 27, 28, 30, 31, 36, 37, 39, 40, 82, 83, 86, 87, 93, 95, 96, 101, 102]]
[206, 2.92126, [0, 1, 3, 4, 9, 10, 12, 13, 27, 28, 30, 31, 36, 37, 39, 40, 82, 83, 86, 87, 93, 96, 98, 101, 102]]
[206, 2.92126, [0, 1, 3, 4, 9, 10, 12, 13, 27, 28, 30, 31, 36, 37, 39, 40, 82, 83, 86, 88, 91, 97, 98, 101, 102]]
[206, 2.92217, [0, 1, 3, 4, 9, 10, 12, 13, 27, 28, 30, 31, 36, 37, 39, 40, 82, 83, 87, 88, 90, 95, 96, 99, 101]]
[206, 2.92077, [0, 1, 3, 4, 9, 10, 12, 13, 27, 28, 30, 31, 36, 37, 39, 40, 82, 83, 88, 89, 91, 97, 98, 101, 102]]
[206, 2.92124, [0, 1, 3, 4, 9, 10, 12, 13, 27, 28, 30, 31, 36, 37, 39, 40, 82, 84, 85, 87, 94, 95, 99, 100, 102]]
[206, 2.92124, [0, 1, 3, 4, 9, 10, 12, 13, 27, 28, 30, 31, 36, 37, 39, 40, 82, 84, 85, 89, 90, 97, 99, 100, 102]]
[206, 2.92122, [0, 1, 3, 4, 9, 10, 12, 13, 27, 28, 30, 31, 36, 37, 39, 40, 82, 84, 85, 90, 91, 94, 99, 101, 102]]
[206, 2.92141, [0, 1, 3, 4, 9, 10, 12, 13, 27, 28, 30, 31, 36, 37, 39, 40, 82, 84, 87, 88, 93, 95, 96, 100, 101]]
[206, 2.92048, [0, 1, 3, 4, 9, 10, 12, 13, 27, 28, 30, 31, 36, 37, 39, 40, 82, 85, 86, 89, 91, 98, 99, 101, 102]]
[206, 2.92081, [0, 1, 3, 4, 9, 10, 12, 13, 27, 28, 30, 31, 36, 37, 39, 40, 83, 84, 88, 89, 91, 96, 97, 100, 102]]
[206, 2.92217, [0, 1, 3, 4, 9, 10, 12, 13, 27, 28, 30, 31, 36, 37, 39, 67, 83, 85, 91, 93, 94, 96, 100, 102, 144, 148]]
[206, 2.92793, [0, 1, 3, 4, 9, 10, 12, 13, 27, 28, 30, 31, 36, 37, 40, 75, 78, 82, 83, 85, 90, 94, 96, 99, 101, 173]]
[206, 2.92667, [0, 1, 3, 4, 9, 10, 12, 13, 27, 28, 30, 31, 36, 37, 40, 75, 78, 83, 85, 86, 90, 96, 98, 99, 101, 173]]
[206, 2.92686, [0, 1, 3, 4, 9, 10, 12, 13, 27, 28, 30, 31, 36, 37, 40, 75, 81, 82, 84, 85, 92, 94, 97, 98, 101, 173]]
[206, 2.9254, [0, 1, 3, 4, 9, 10, 12, 13, 27, 28, 30, 34, 35, 39, 62, 71, 72, 76, 79, 83, 84, 88, 98, 99, 101, 102]]
[206, 2.92278, [0, 1, 3, 4, 9, 10, 12, 13, 27, 28, 30, 34, 35, 39, 62, 71, 72, 76, 79, 88, 91, 92, 98, 99, 101, 102]]
[206, 2.92704, [0, 1, 3, 4, 9, 10, 12, 13, 27, 28, 31, 33, 36, 37, 48, 67, 75, 77, 78, 82, 85, 90, 91, 94, 99, 192]]
[206, 2.92413, [0, 1, 3, 4, 9, 10, 12, 13, 27, 28, 32, 33, 35, 40, 59, 72, 73, 75, 81, 82, 84, 88, 97, 99, 100, 102]]
[206, 2.92309, [0, 1, 3, 4, 9, 10, 12, 13, 27, 28, 32, 33, 35, 40, 59, 72, 73, 75, 81, 82, 88, 93, 96, 97, 100, 102]]
[206, 2.92269, [0, 1, 3, 4, 9, 10, 12, 13, 27, 28, 32, 33, 35, 40, 59, 72, 73, 75, 81, 82, 88, 93, 97, 99, 100, 102]]
[206, 2.92308, [0, 1, 3, 4, 9, 10, 12, 13, 27, 28, 32, 34, 35, 39, 62, 71, 72, 76, 79, 83, 84, 88, 98, 99, 101, 102]]
[206, 2.92146, [0, 1, 3, 4, 9, 10, 12, 13, 27, 28, 33, 35, 36, 40, 48, 64, 73, 74, 78, 81, 85, 91, 94, 99, 102, 183]]
[206, 2.92354, [0, 1, 3, 4, 9, 10, 12, 13, 27, 31, 33, 34, 38, 46, 48, 60, 70, 71, 77, 78, 81, 90, 97, 98, 100, 101]]

Search completed in 3 hours, 6 minutes, and 54.257 seconds.  Enter a string to quit.