Enter an integer k for which our Kempner sets are k-free: 3
Enter a positive integer modulus b: 303
Enter estimation parameters, or * for pre-computed parameters ([0.0808, 1.613, 1.1999]): *
Enter a threshold (e.g. 4.2) to determine printed output: 2.945
Enter a root for the search space (e.g. [0, 1, 2]) [or * for the root [0]]: *
Enter an upper bound for the size of allowable digit sets [or * to ignore]: 36
Enter a maximal number of deviations from a greedy search [or * to ignore]: *
Searching for k-free sets mod b...

[303, 2.94973, [0, 1, 3, 4, 9, 10, 12, 13, 27, 28, 30, 31, 36, 37, 39, 40, 81, 83, 84, 97, 99, 103, 105, 106, 108, 118, 120, 121, 142, 144, 147, 148, 151, 250]]
[303, 2.94619, [0, 1, 3, 4, 9, 10, 12, 13, 27, 28, 30, 31, 36, 37, 39, 40, 81, 83, 87, 97, 99, 103, 105, 106, 118, 121, 141, 142, 148, 151, 225, 231, 249, 250, 261]]
[303, 2.95084, [0, 1, 3, 4, 9, 10, 12, 13, 27, 28, 30, 31, 36, 37, 39, 40, 82, 83, 85, 96, 97, 102, 103, 105, 106, 117, 118, 120, 141, 145, 147, 148, 150, 249]]
[303, 2.94711, [0, 1, 3, 4, 9, 10, 12, 13, 27, 28, 30, 31, 36, 37, 39, 40, 82, 83, 85, 96, 97, 102, 103, 105, 106, 117, 118, 120, 141, 146, 147, 150, 249, 250]]
[303, 2.94699, [0, 1, 3, 4, 9, 10, 12, 13, 27, 28, 30, 31, 36, 37, 39, 40, 82, 83, 85, 96, 97, 102, 103, 105, 106, 117, 118, 120, 141, 147, 148, 150, 249, 250]]
[303, 2.94854, [0, 1, 3, 4, 9, 10, 12, 13, 27, 28, 30, 31, 36, 37, 39, 40, 82, 83, 85, 98, 100, 104, 106, 107, 109, 119, 121, 122, 141, 145, 147, 148, 150, 249]]
[303, 2.94688, [0, 1, 3, 4, 9, 10, 12, 13, 27, 28, 30, 31, 36, 37, 39, 40, 82, 83, 85, 98, 104, 106, 107, 109, 117, 118, 121, 122, 141, 145, 147, 148, 150, 249]]
[303, 2.94671, [0, 1, 3, 4, 9, 10, 12, 13, 27, 28, 30, 31, 36, 37, 39, 40, 82, 83, 85, 98, 104, 106, 107, 109, 118, 119, 121, 122, 141, 145, 147, 148, 150, 249]]
[303, 2.94735, [0, 1, 3, 4, 9, 10, 12, 13, 27, 28, 30, 31, 36, 37, 39, 40, 82, 83, 96, 97, 99, 103, 105, 106, 108, 118, 121, 132, 141, 142, 144, 148, 149, 250]]
[303, 2.94649, [0, 1, 3, 4, 9, 10, 12, 13, 27, 28, 30, 31, 36, 37, 39, 40, 82, 83, 96, 97, 99, 103, 105, 106, 117, 118, 121, 132, 141, 142, 144, 148, 149, 250]]
[303, 2.94548, [0, 1, 3, 4, 9, 10, 12, 13, 27, 28, 30, 31, 36, 37, 39, 40, 82, 83, 96, 97, 103, 105, 106, 108, 117, 118, 121, 132, 141, 142, 144, 148, 149, 250]]
[303, 2.9475, [0, 1, 3, 4, 9, 10, 12, 13, 27, 28, 30, 31, 36, 37, 39, 40, 82, 84, 95, 96, 98, 102, 104, 105, 118, 119, 123, 130, 135, 139, 145, 146, 149, 249]]
[303, 2.94697, [0, 1, 3, 4, 9, 10, 12, 13, 27, 28, 30, 31, 36, 37, 39, 40, 82, 84, 96, 97, 100, 102, 105, 106, 109, 117, 119, 135, 139, 145, 146, 148, 149, 249]]
[303, 2.94617, [0, 1, 3, 4, 9, 10, 12, 13, 27, 28, 30, 31, 36, 37, 39, 40, 82, 84, 96, 98, 102, 103, 105, 109, 117, 118, 123, 130, 135, 139, 145, 146, 149, 249]]
[303, 2.94623, [0, 1, 3, 4, 9, 10, 12, 13, 27, 28, 30, 31, 36, 37, 39, 40, 82, 84, 96, 98, 102, 104, 105, 109, 115, 118, 119, 130, 135, 139, 147, 149, 150, 249]]
[303, 2.94538, [0, 1, 3, 4, 9, 10, 12, 13, 27, 28, 30, 31, 36, 37, 39, 40, 82, 84, 96, 98, 102, 104, 105, 109, 118, 119, 121, 130, 135, 145, 147, 148, 150, 249]]
[303, 2.94589, [0, 1, 3, 4, 9, 10, 12, 13, 27, 28, 30, 31, 36, 37, 39, 40, 82, 84, 96, 98, 102, 104, 105, 109, 118, 119, 123, 130, 135, 139, 145, 146, 149, 249]]
[303, 2.94524, [0, 1, 3, 4, 9, 10, 12, 13, 27, 28, 30, 31, 36, 37, 39, 40, 82, 86, 96, 98, 102, 104, 105, 107, 115, 119, 120, 130, 139, 146, 147, 149, 150, 249]]
[303, 2.94985, [0, 1, 3, 4, 9, 10, 12, 13, 27, 28, 30, 31, 36, 37, 39, 40, 82, 92, 94, 97, 98, 103, 107, 113, 115, 118, 126, 130, 131, 135, 141, 143, 146, 150]]
[303, 2.94674, [0, 1, 3, 4, 9, 10, 12, 13, 27, 28, 30, 31, 36, 37, 39, 40, 83, 84, 90, 98, 102, 105, 107, 110, 111, 119, 123, 125, 134, 142, 146, 147, 151, 251]]
[303, 2.94613, [0, 1, 3, 4, 9, 10, 12, 13, 27, 28, 30, 31, 36, 37, 39, 40, 83, 84, 96, 98, 101, 105, 107, 110, 111, 123, 125, 133, 134, 144, 146, 147, 151, 203]]
[303, 2.94678, [0, 1, 3, 4, 9, 10, 12, 13, 27, 28, 30, 31, 36, 37, 39, 40, 83, 84, 97, 99, 100, 105, 107, 108, 112, 118, 120, 134, 142, 144, 145, 147, 151, 192]]
[303, 2.94667, [0, 1, 3, 4, 9, 10, 12, 13, 27, 28, 30, 31, 36, 37, 39, 40, 83, 84, 97, 99, 100, 105, 107, 108, 112, 118, 120, 134, 142, 144, 145, 149, 151, 192]]
[303, 2.94638, [0, 1, 3, 4, 9, 10, 12, 13, 27, 28, 30, 31, 36, 37, 39, 40, 83, 84, 97, 99, 100, 105, 107, 108, 112, 118, 122, 134, 142, 143, 148, 149, 151, 192]]
[303, 2.94576, [0, 1, 3, 4, 9, 10, 12, 13, 27, 28, 30, 31, 36, 37, 39, 40, 83, 85, 97, 98, 100, 101, 106, 107, 120, 121, 125, 128, 132, 137, 147, 148, 151, 248]]
[303, 2.94643, [0, 1, 3, 4, 9, 10, 12, 13, 27, 28, 30, 31, 36, 37, 39, 40, 83, 86, 91, 97, 100, 101, 104, 113, 120, 121, 123, 128, 131, 137, 147, 148, 150, 248]]
[303, 2.94723, [0, 1, 3, 4, 9, 10, 12, 13, 27, 28, 30, 31, 36, 37, 39, 40, 83, 91, 94, 101, 104, 110, 113, 120, 121, 123, 128, 131, 140, 147, 150, 194, 221, 224, 251]]
[303, 2.94652, [0, 1, 3, 4, 9, 10, 12, 13, 27, 28, 30, 31, 36, 37, 39, 40, 83, 93, 97, 99, 106, 107, 109, 110, 116, 118, 128, 132, 134, 141, 142, 144, 145, 151]]
[303, 2.94601, [0, 1, 3, 4, 9, 10, 12, 13, 27, 28, 30, 31, 36, 37, 39, 40, 84, 96, 97, 100, 102, 106, 111, 113, 114, 119, 121, 133, 134, 139, 143, 148, 150, 151]]
[303, 2.94892, [0, 1, 3, 4, 9, 10, 12, 13, 27, 28, 30, 31, 36, 37, 39, 40, 85, 91, 95, 98, 100, 103, 104, 107, 112, 125, 127, 132, 135, 136, 141, 144, 148, 149]]
[303, 2.94582, [0, 1, 3, 4, 9, 10, 12, 13, 27, 28, 30, 31, 36, 37, 39, 40, 85, 97, 98, 101, 103, 107, 112, 114, 115, 119, 120, 122, 136, 138, 144, 148, 149, 151]]
[303, 2.948, [0, 1, 3, 4, 9, 10, 12, 13, 27, 28, 30, 31, 36, 37, 39, 40, 90, 92, 97, 98, 100, 105, 109, 111, 114, 115, 127, 129, 134, 135, 137, 142, 146, 151]]
[303, 2.9491, [0, 1, 3, 4, 9, 10, 12, 13, 27, 28, 30, 31, 36, 37, 39, 40, 90, 94, 96, 97, 99, 105, 106, 109, 110, 117, 127, 131, 133, 134, 136, 142, 146, 147]]
[303, 2.94528, [0, 1, 3, 4, 9, 10, 12, 13, 27, 28, 30, 31, 36, 37, 39, 40, 90, 97, 98, 101, 102, 108, 110, 111, 113, 117, 127, 134, 135, 138, 139, 145, 147, 148]]
[303, 2.94707, [0, 1, 3, 4, 9, 10, 12, 13, 27, 28, 30, 31, 36, 37, 39, 40, 91, 92, 97, 98, 100, 106, 107, 110, 111, 126, 127, 132, 134, 135, 139, 140, 149, 150]]
[303, 2.94736, [0, 1, 3, 4, 9, 10, 12, 13, 27, 28, 30, 31, 36, 37, 39, 40, 91, 95, 97, 98, 100, 106, 107, 110, 111, 118, 128, 132, 134, 135, 137, 144, 147, 148]]
[303, 2.9463, [0, 1, 3, 4, 9, 10, 12, 13, 27, 28, 30, 31, 36, 37, 39, 40, 92, 93, 95, 96, 102, 104, 105, 107, 120, 124, 126, 127, 129, 137, 139, 140, 142, 193]]
[303, 2.94738, [0, 1, 3, 4, 9, 10, 12, 13, 27, 30, 31, 34, 36, 39, 40, 43, 94, 98, 100, 101, 103, 109, 110, 113, 114, 121, 131, 135, 137, 138, 140, 146, 147, 150, 151]]

Search completed in 29 hours, 5 minutes, and 10.618 seconds.  Enter a string to quit.