Enter an integer k for which our Kempner sets are k-free: 3
Enter a positive integer modulus b: 80
Enter estimation parameters, or * for pre-computed parameters ([0.0895, 1.0913, 1.4091]): *
Enter a threshold (e.g. 4.2) to determine printed output: 2.87
Enter a root for the search space (e.g. [0, 1, 2]) [or * for the root [0]]: *
Enter an upper bound for the size of allowable digit sets [or * to ignore]: *
Enter a maximal number of deviations from a greedy search [or * to ignore]: *
Searching for k-free sets mod b...

[80, 2.96152, [0, 1, 3, 4, 9, 10, 12, 13, 27, 28, 30, 31, 36, 37, 39]]
[80, 2.94657, [0, 1, 3, 4, 9, 10, 12, 13, 27, 28, 30, 31, 36, 37, 66]]
[80, 2.96057, [0, 1, 3, 4, 9, 10, 12, 13, 27, 28, 30, 31, 36, 38, 39]]
[80, 2.89575, [0, 1, 3, 4, 9, 10, 12, 13, 27, 28, 30, 31, 36, 39]]
[80, 2.93013, [0, 1, 3, 4, 9, 10, 12, 13, 27, 28, 30, 31, 36, 65, 66]]
[80, 2.88103, [0, 1, 3, 4, 9, 10, 12, 13, 27, 28, 30, 31, 36, 66]]
[80, 2.89566, [0, 1, 3, 4, 9, 10, 12, 13, 27, 28, 30, 31, 37, 38]]
[80, 2.89477, [0, 1, 3, 4, 9, 10, 12, 13, 27, 28, 30, 31, 37, 39]]
[80, 2.88004, [0, 1, 3, 4, 9, 10, 12, 13, 27, 28, 30, 31, 37, 66]]
[80, 2.89383, [0, 1, 3, 4, 9, 10, 12, 13, 27, 28, 30, 31, 38, 39]]
[80, 2.8793, [0, 1, 3, 4, 9, 10, 12, 13, 27, 28, 30, 31, 39, 63]]
[80, 2.9138, [0, 1, 3, 4, 9, 10, 12, 13, 27, 28, 30, 31, 63, 64, 66]]
[80, 2.91343, [0, 1, 3, 4, 9, 10, 12, 13, 27, 28, 30, 31, 63, 65, 66]]
[80, 2.89497, [0, 1, 3, 4, 9, 10, 12, 13, 27, 28, 30, 34, 35, 37]]
[80, 2.89314, [0, 1, 3, 4, 9, 10, 12, 13, 27, 28, 30, 34, 35, 39]]
[80, 2.95782, [0, 1, 3, 4, 9, 10, 12, 13, 27, 28, 30, 34, 36, 37, 39]]
[80, 2.89211, [0, 1, 3, 4, 9, 10, 12, 13, 27, 28, 30, 34, 36, 39]]
[80, 2.89113, [0, 1, 3, 4, 9, 10, 12, 13, 27, 28, 30, 34, 37, 39]]
[80, 2.95576, [0, 1, 3, 4, 9, 10, 12, 13, 27, 28, 30, 35, 36, 38, 39]]
[80, 2.89102, [0, 1, 3, 4, 9, 10, 12, 13, 27, 28, 30, 35, 36, 39]]
[80, 2.89093, [0, 1, 3, 4, 9, 10, 12, 13, 27, 28, 30, 35, 37, 38]]
[80, 2.8891, [0, 1, 3, 4, 9, 10, 12, 13, 27, 28, 30, 35, 38, 39]]
[80, 2.889, [0, 1, 3, 4, 9, 10, 12, 13, 27, 28, 30, 36, 37, 39]]
[80, 2.87428, [0, 1, 3, 4, 9, 10, 12, 13, 27, 28, 30, 36, 37, 66]]
[80, 2.88807, [0, 1, 3, 4, 9, 10, 12, 13, 27, 28, 30, 36, 38, 39]]
[80, 2.89128, [0, 1, 3, 4, 9, 10, 12, 13, 27, 28, 30, 62, 63, 65, 66]]
[80, 2.89119, [0, 1, 3, 4, 9, 10, 12, 13, 27, 28, 31, 32, 38, 39]]
[80, 2.89372, [0, 1, 3, 4, 9, 10, 12, 13, 27, 28, 31, 33, 36, 37]]
[80, 2.88764, [0, 1, 3, 4, 9, 10, 12, 13, 27, 28, 31, 36, 37, 39]]
[80, 2.87292, [0, 1, 3, 4, 9, 10, 12, 13, 27, 28, 31, 36, 37, 66]]
[80, 2.88671, [0, 1, 3, 4, 9, 10, 12, 13, 27, 28, 31, 36, 38, 39]]
[80, 2.8905, [0, 1, 3, 4, 9, 10, 12, 13, 27, 28, 32, 34, 35, 39]]
[80, 2.88755, [0, 1, 3, 4, 9, 10, 12, 13, 27, 28, 32, 34, 38, 39]]
[80, 2.87143, [0, 1, 3, 4, 9, 10, 12, 13, 27, 28, 32, 38, 39, 57]]
[80, 2.89008, [0, 1, 3, 4, 9, 10, 12, 13, 27, 28, 33, 34, 36, 37]]
[80, 2.88593, [0, 1, 3, 4, 9, 10, 12, 13, 27, 28, 34, 35, 37, 38]]
[80, 2.8841, [0, 1, 3, 4, 9, 10, 12, 13, 27, 28, 34, 35, 38, 39]]
[80, 2.884, [0, 1, 3, 4, 9, 10, 12, 13, 27, 28, 34, 36, 37, 39]]
[80, 2.88198, [0, 1, 3, 4, 9, 10, 12, 13, 27, 28, 35, 36, 38, 39]]
[80, 2.9577, [0, 1, 3, 4, 9, 10, 12, 13, 27, 29, 30, 32, 36, 38, 39]]
[80, 2.89293, [0, 1, 3, 4, 9, 10, 12, 13, 27, 29, 30, 32, 36, 39]]
[80, 2.87856, [0, 1, 3, 4, 9, 10, 12, 13, 27, 29, 30, 32, 36, 65]]
[80, 2.89101, [0, 1, 3, 4, 9, 10, 12, 13, 27, 29, 30, 32, 38, 39]]
[80, 2.89343, [0, 1, 3, 4, 9, 10, 12, 13, 27, 29, 30, 34, 35, 37]]
[80, 2.8924, [0, 1, 3, 4, 9, 10, 12, 13, 27, 29, 30, 34, 36, 37]]
[80, 2.9542, [0, 1, 3, 4, 9, 10, 12, 13, 27, 29, 30, 35, 36, 38, 39]]
[80, 2.88948, [0, 1, 3, 4, 9, 10, 12, 13, 27, 29, 30, 35, 36, 39]]
[80, 2.88939, [0, 1, 3, 4, 9, 10, 12, 13, 27, 29, 30, 35, 37, 38]]
[80, 2.88756, [0, 1, 3, 4, 9, 10, 12, 13, 27, 29, 30, 35, 38, 39]]
[80, 2.88747, [0, 1, 3, 4, 9, 10, 12, 13, 27, 29, 30, 36, 37, 39]]
[80, 2.87274, [0, 1, 3, 4, 9, 10, 12, 13, 27, 29, 30, 36, 37, 66]]
[80, 2.88653, [0, 1, 3, 4, 9, 10, 12, 13, 27, 29, 30, 36, 38, 39]]
[80, 2.88971, [0, 1, 3, 4, 9, 10, 12, 13, 27, 29, 30, 62, 63, 65, 66]]
[80, 2.88997, [0, 1, 3, 4, 9, 10, 12, 13, 27, 29, 32, 33, 36, 38]]
[80, 2.88389, [0, 1, 3, 4, 9, 10, 12, 13, 27, 29, 32, 36, 38, 39]]
[80, 2.88652, [0, 1, 3, 4, 9, 10, 12, 13, 27, 29, 33, 35, 36, 38]]
[80, 2.88439, [0, 1, 3, 4, 9, 10, 12, 13, 27, 29, 34, 35, 37, 38]]
[80, 2.88044, [0, 1, 3, 4, 9, 10, 12, 13, 27, 29, 35, 36, 38, 39]]
[80, 2.88776, [0, 1, 3, 4, 9, 10, 12, 13, 27, 30, 31, 34, 36, 39]]
[80, 2.88466, [0, 1, 3, 4, 9, 10, 12, 13, 27, 30, 31, 36, 37, 39]]
[80, 2.88372, [0, 1, 3, 4, 9, 10, 12, 13, 27, 30, 31, 36, 38, 39]]
[80, 2.88539, [0, 1, 3, 4, 9, 10, 12, 13, 27, 30, 32, 35, 36, 39]]
[80, 2.88244, [0, 1, 3, 4, 9, 10, 12, 13, 27, 30, 32, 36, 38, 39]]
[80, 2.88102, [0, 1, 3, 4, 9, 10, 12, 13, 27, 30, 34, 36, 37, 39]]
[80, 2.87899, [0, 1, 3, 4, 9, 10, 12, 13, 27, 30, 35, 36, 38, 39]]
[80, 2.8832, [0, 1, 3, 4, 9, 10, 12, 13, 27, 31, 32, 34, 38, 39]]
[80, 2.88108, [0, 1, 3, 4, 9, 10, 12, 13, 27, 31, 32, 36, 38, 39]]
[80, 2.88983, [0, 1, 3, 4, 9, 10, 12, 13, 28, 29, 31, 32, 37, 38]]
[80, 2.88894, [0, 1, 3, 4, 9, 10, 12, 13, 28, 29, 31, 32, 37, 39]]
[80, 2.88801, [0, 1, 3, 4, 9, 10, 12, 13, 28, 29, 31, 32, 38, 39]]
[80, 2.88737, [0, 1, 3, 4, 9, 10, 12, 13, 28, 29, 31, 35, 36, 38]]
[80, 2.88639, [0, 1, 3, 4, 9, 10, 12, 13, 28, 29, 31, 35, 37, 38]]
[80, 2.88446, [0, 1, 3, 4, 9, 10, 12, 13, 28, 29, 31, 36, 37, 39]]
[80, 2.88353, [0, 1, 3, 4, 9, 10, 12, 13, 28, 29, 31, 36, 38, 39]]
[80, 2.88619, [0, 1, 3, 4, 9, 10, 12, 13, 28, 29, 32, 34, 37, 38]]
[80, 2.88274, [0, 1, 3, 4, 9, 10, 12, 13, 28, 29, 34, 35, 37, 38]]
[80, 2.87879, [0, 1, 3, 4, 9, 10, 12, 13, 28, 29, 35, 36, 38, 39]]
[80, 2.88628, [0, 1, 3, 4, 9, 10, 12, 13, 28, 30, 31, 33, 37, 39]]
[80, 2.88592, [0, 1, 3, 4, 9, 10, 12, 13, 28, 30, 31, 35, 36, 38]]
[80, 2.88494, [0, 1, 3, 4, 9, 10, 12, 13, 28, 30, 31, 35, 37, 38]]
[80, 2.88302, [0, 1, 3, 4, 9, 10, 12, 13, 28, 30, 31, 36, 37, 39]]
[80, 2.88208, [0, 1, 3, 4, 9, 10, 12, 13, 28, 30, 31, 36, 38, 39]]
[80, 2.88264, [0, 1, 3, 4, 9, 10, 12, 13, 28, 30, 33, 34, 37, 39]]
[80, 2.87937, [0, 1, 3, 4, 9, 10, 12, 13, 28, 30, 34, 36, 37, 39]]
[80, 2.87735, [0, 1, 3, 4, 9, 10, 12, 13, 28, 30, 35, 36, 38, 39]]
[80, 2.88253, [0, 1, 3, 4, 9, 10, 12, 13, 29, 30, 32, 33, 38, 39]]
[80, 2.88019, [0, 1, 3, 4, 9, 10, 12, 13, 29, 30, 32, 36, 37, 39]]
[80, 2.87926, [0, 1, 3, 4, 9, 10, 12, 13, 29, 30, 32, 36, 38, 39]]
[80, 2.87908, [0, 1, 3, 4, 9, 10, 12, 13, 29, 30, 33, 35, 38, 39]]
[80, 2.87581, [0, 1, 3, 4, 9, 10, 12, 13, 29, 30, 35, 36, 38, 39]]
[80, 2.87883, [0, 1, 3, 4, 9, 10, 12, 13, 29, 31, 32, 36, 37, 39]]
[80, 2.8779, [0, 1, 3, 4, 9, 10, 12, 13, 29, 31, 32, 36, 38, 39]]
[80, 2.91047, [0, 1, 3, 4, 9, 10, 12, 22, 26, 28, 29, 31, 38, 39, 63]]
[80, 2.92485, [0, 1, 3, 4, 9, 10, 12, 22, 27, 28, 30, 31, 36, 37, 39]]
[80, 2.90709, [0, 1, 3, 4, 9, 10, 12, 22, 27, 28, 30, 31, 36, 37, 75]]
[80, 2.91445, [0, 1, 3, 4, 9, 10, 12, 25, 27, 28, 30, 34, 36, 37, 39]]
[80, 2.90892, [0, 1, 3, 4, 9, 10, 12, 26, 27, 29, 30, 35, 36, 38, 39]]
[80, 2.87707, [0, 1, 3, 4, 9, 10, 21, 22, 27, 28, 30, 31, 36, 37, 48]]
[80, 2.89909, [0, 1, 3, 4, 9, 11, 12, 26, 27, 29, 30, 35, 36, 38, 39]]

Search completed in 0 hours, 0 minutes, and 4.334 seconds.  Enter a string to quit.