Enter an integer k for which our Kempner sets are k-free: 3
Enter a positive integer modulus b: 55
Enter estimation parameters, or * for pre-computed parameters ([0.1007, 1.108, 1.4356]): *
Enter a threshold (e.g. 4.2) to determine printed output: 2.69
Enter a root for the search space (e.g. [0, 1, 2]) [or * for the root [0]]: *
Enter an upper bound for the size of allowable digit sets [or * to ignore]: *
Enter a maximal number of deviations from a greedy search [or * to ignore]: *
Searching for k-free sets mod b...

[55, 2.69154, [0, 1, 3, 4, 9, 10, 12, 13, 27]]
[55, 2.74677, [0, 1, 3, 4, 9, 10, 12, 22, 25, 26]]
[55, 2.74491, [0, 1, 3, 4, 9, 10, 12, 22, 25, 27]]
[55, 2.74291, [0, 1, 3, 4, 9, 10, 12, 22, 26, 27]]
[55, 2.73032, [0, 1, 3, 4, 9, 10, 12, 22, 26, 36]]
[55, 2.71887, [0, 1, 3, 4, 9, 10, 12, 22, 26, 50]]
[55, 2.71017, [0, 1, 3, 4, 9, 10, 12, 22, 36, 42]]
[55, 2.78942, [0, 1, 3, 4, 9, 10, 12, 25, 26, 39, 44]]
[55, 2.71605, [0, 1, 3, 4, 9, 10, 12, 25, 26, 44]]
[55, 2.71845, [0, 1, 3, 4, 9, 10, 12, 25, 27, 39]]
[55, 2.69857, [0, 1, 3, 4, 9, 10, 12, 25, 39, 44]]
[55, 2.71646, [0, 1, 3, 4, 9, 10, 12, 26, 27, 39]]
[55, 2.69961, [0, 1, 3, 4, 9, 10, 12, 26, 36, 44]]
[55, 2.69657, [0, 1, 3, 4, 9, 10, 12, 26, 39, 44]]
[55, 2.69243, [0, 1, 3, 4, 9, 10, 12, 26, 39, 50]]
[55, 2.75016, [0, 1, 3, 4, 9, 10, 12, 36, 41, 42, 44]]
[55, 2.74705, [0, 1, 3, 4, 9, 10, 12, 39, 41, 42, 44]]
[55, 2.72505, [0, 1, 3, 4, 9, 10, 13, 21, 27, 35]]
[55, 2.71312, [0, 1, 3, 4, 9, 10, 13, 21, 27, 49]]
[55, 2.69178, [0, 1, 3, 4, 9, 10, 13, 27, 38, 40]]
[55, 2.70891, [0, 1, 3, 4, 9, 10, 21, 22, 24, 25]]
[55, 2.70476, [0, 1, 3, 4, 9, 10, 21, 22, 25, 26]]
[55, 2.7029, [0, 1, 3, 4, 9, 10, 21, 22, 25, 27]]
[55, 2.7009, [0, 1, 3, 4, 9, 10, 21, 22, 26, 27]]
[55, 2.70441, [0, 1, 3, 4, 9, 10, 21, 23, 24, 26]]
[55, 2.69109, [0, 1, 3, 4, 9, 10, 21, 23, 24, 35]]
[55, 2.6984, [0, 1, 3, 4, 9, 10, 21, 23, 26, 27]]
[55, 2.69955, [0, 1, 3, 4, 9, 10, 22, 23, 25, 26]]
[55, 2.69569, [0, 1, 3, 4, 9, 10, 22, 23, 26, 27]]
[55, 2.69538, [0, 1, 3, 4, 9, 10, 22, 24, 25, 27]]
[55, 2.69088, [0, 1, 3, 4, 9, 10, 23, 24, 26, 27]]
[55, 2.70643, [0, 1, 3, 4, 9, 10, 24, 35, 36, 42, 43]]
[55, 2.75763, [0, 1, 3, 4, 9, 11, 12, 16, 25, 26]]
[55, 2.75576, [0, 1, 3, 4, 9, 11, 12, 16, 25, 27]]
[55, 2.75376, [0, 1, 3, 4, 9, 11, 12, 16, 26, 27]]
[55, 2.71052, [0, 1, 3, 4, 9, 11, 12, 25, 27, 37]]
[55, 2.71856, [0, 1, 3, 4, 9, 11, 16, 20, 25, 26]]
[55, 2.7167, [0, 1, 3, 4, 9, 11, 16, 20, 25, 27]]
[55, 2.7147, [0, 1, 3, 4, 9, 11, 16, 20, 26, 27]]
[55, 2.70622, [0, 1, 3, 4, 9, 11, 16, 24, 25, 27]]
[55, 2.70422, [0, 1, 3, 4, 9, 11, 16, 24, 26, 27]]
[55, 2.73816, [0, 1, 3, 4, 9, 11, 16, 24, 38, 42, 43]]
[55, 2.69558, [0, 1, 3, 4, 9, 11, 20, 23, 24, 27]]
[55, 2.69113, [0, 1, 3, 4, 9, 11, 20, 24, 25, 27]]
[55, 2.69305, [0, 1, 3, 4, 9, 11, 24, 36, 38, 42, 43]]
[55, 2.72718, [0, 1, 3, 4, 9, 12, 13, 16, 27, 33]]
[55, 2.71531, [0, 1, 3, 4, 9, 12, 13, 19, 27, 33]]
[55, 2.69789, [0, 1, 3, 4, 9, 12, 13, 19, 33, 41]]
[55, 2.79143, [0, 1, 3, 4, 9, 12, 16, 19, 25, 27, 33]]
[55, 2.70246, [0, 1, 3, 4, 9, 12, 16, 19, 25, 33]]
[55, 2.6986, [0, 1, 3, 4, 9, 12, 16, 19, 27, 33]]
[55, 2.70448, [0, 1, 3, 4, 9, 12, 16, 22, 25, 26]]
[55, 2.70262, [0, 1, 3, 4, 9, 12, 16, 22, 25, 27]]
[55, 2.70062, [0, 1, 3, 4, 9, 12, 16, 22, 26, 27]]
[55, 2.69804, [0, 1, 3, 4, 9, 12, 25, 27, 37, 39, 44]]
[55, 2.71968, [0, 1, 3, 4, 9, 13, 19, 20, 33, 45, 49]]
[55, 2.72445, [0, 1, 3, 4, 9, 13, 19, 21, 27, 47, 49]]
[55, 2.75145, [0, 1, 3, 4, 9, 16, 19, 20, 25, 27, 33]]
[55, 2.74432, [0, 1, 3, 4, 9, 16, 19, 21, 24, 25, 43]]
[55, 2.73408, [0, 1, 3, 4, 9, 16, 20, 21, 25, 27, 44]]
[55, 2.71247, [0, 1, 3, 4, 9, 16, 21, 24, 25, 35, 43]]
[55, 2.70553, [0, 1, 3, 4, 9, 16, 21, 25, 27, 35, 44]]
[55, 2.7218, [0, 1, 3, 4, 10, 11, 13, 14, 32, 37]]
[55, 2.69945, [0, 1, 3, 4, 10, 11, 13, 24, 27, 32]]
[55, 2.708, [0, 1, 3, 4, 10, 11, 14, 15, 32, 39]]
[55, 2.71792, [0, 1, 3, 4, 10, 11, 14, 32, 39, 42, 48]]
[55, 2.70187, [0, 1, 3, 4, 10, 11, 26, 27, 32, 39, 40]]
[55, 2.70685, [0, 1, 3, 4, 10, 12, 13, 15, 32, 38]]
[55, 2.70917, [0, 1, 3, 4, 10, 12, 15, 32, 36, 38, 50]]
[55, 2.70607, [0, 1, 3, 4, 10, 12, 15, 32, 38, 39, 50]]
[55, 2.7033, [0, 1, 3, 4, 10, 12, 18, 22, 42, 46, 48]]
[55, 2.70609, [0, 1, 3, 4, 10, 13, 14, 32, 38, 40, 46]]
[55, 2.69876, [0, 1, 3, 4, 10, 14, 21, 22, 26, 46, 50]]
[55, 2.70268, [0, 1, 3, 4, 10, 15, 18, 23, 24, 49, 50]]
[55, 2.69065, [0, 1, 3, 4, 11, 12, 14, 15, 32, 38]]
[55, 2.69907, [0, 1, 3, 4, 11, 12, 16, 17, 25, 26]]
[55, 2.69721, [0, 1, 3, 4, 11, 12, 16, 17, 25, 27]]
[55, 2.69521, [0, 1, 3, 4, 11, 12, 16, 17, 26, 27]]
[55, 2.69212, [0, 1, 3, 4, 11, 13, 16, 17, 24, 27]]
[55, 2.70026, [0, 1, 3, 4, 11, 16, 17, 20, 27, 42, 48]]
[55, 2.69518, [0, 1, 3, 4, 12, 13, 15, 32, 33, 38, 39]]
[55, 2.71629, [0, 1, 3, 4, 13, 15, 16, 20, 21, 33, 49]]
[55, 2.69405, [0, 1, 3, 4, 14, 17, 18, 21, 23, 26, 50]]
[55, 2.72942, [0, 1, 3, 7, 8, 10, 18, 21, 22, 25, 27]]
[55, 2.72175, [0, 1, 3, 7, 8, 10, 18, 22, 24, 25, 27]]
[55, 2.70221, [0, 1, 3, 7, 8, 10, 21, 23, 24, 26, 30]]

Search completed in 0 hours, 0 minutes, and 0.235 seconds.  Enter a string to quit.