Enter an integer k for which our Kempner sets are k-free: 3
Enter a positive integer modulus b: 58
Enter estimation parameters, or * for pre-computed parameters ([0.1007, 1.1022, 1.4462]): *
Enter a threshold (e.g. 4.2) to determine printed output: 2.69
Enter a root for the search space (e.g. [0, 1, 2]) [or * for the root [0]]: *
Enter an upper bound for the size of allowable digit sets [or * to ignore]: *
Enter a maximal number of deviations from a greedy search [or * to ignore]: *
Searching for k-free sets mod b...

[58, 2.75342, [0, 1, 3, 4, 9, 10, 12, 13, 27, 28]]
[58, 2.71694, [0, 1, 3, 4, 9, 10, 12, 13, 43, 44]]
[58, 2.72388, [0, 1, 3, 4, 9, 10, 12, 22, 25, 26]]
[58, 2.72205, [0, 1, 3, 4, 9, 10, 12, 22, 25, 27]]
[58, 2.72009, [0, 1, 3, 4, 9, 10, 12, 22, 26, 27]]
[58, 2.71838, [0, 1, 3, 4, 9, 10, 12, 22, 26, 28]]
[58, 2.71655, [0, 1, 3, 4, 9, 10, 12, 22, 27, 28]]
[58, 2.71155, [0, 1, 3, 4, 9, 10, 12, 25, 26, 28]]
[58, 2.69306, [0, 1, 3, 4, 9, 10, 12, 25, 26, 45]]
[58, 2.70972, [0, 1, 3, 4, 9, 10, 12, 25, 27, 28]]
[58, 2.71301, [0, 1, 3, 4, 9, 10, 12, 42, 44, 45, 47]]
[58, 2.71798, [0, 1, 3, 4, 9, 10, 13, 21, 24, 28]]
[58, 2.71209, [0, 1, 3, 4, 9, 10, 13, 21, 27, 28]]
[58, 2.7047, [0, 1, 3, 4, 9, 10, 13, 24, 27, 28]]
[58, 2.74293, [0, 1, 3, 4, 9, 10, 21, 22, 26, 27, 46]]
[58, 2.73452, [0, 1, 3, 4, 9, 11, 12, 16, 25, 26]]
[58, 2.73269, [0, 1, 3, 4, 9, 11, 12, 16, 25, 27]]
[58, 2.73073, [0, 1, 3, 4, 9, 11, 12, 16, 26, 27]]
[58, 2.70178, [0, 1, 3, 4, 9, 11, 12, 25, 26, 28]]
[58, 2.69995, [0, 1, 3, 4, 9, 11, 12, 25, 27, 28]]
[58, 2.6961, [0, 1, 3, 4, 9, 11, 16, 20, 25, 26]]
[58, 2.75492, [0, 1, 3, 4, 9, 11, 16, 20, 25, 27, 52]]
[58, 2.69231, [0, 1, 3, 4, 9, 11, 16, 20, 26, 27]]
[58, 2.74625, [0, 1, 3, 4, 9, 11, 16, 24, 26, 27, 46]]
[58, 2.70011, [0, 1, 3, 4, 9, 12, 13, 19, 27, 28]]
[58, 2.76229, [0, 1, 3, 4, 9, 12, 16, 19, 25, 27, 36]]
[58, 2.71497, [0, 1, 3, 4, 9, 13, 19, 24, 27, 28, 46]]
[58, 2.71175, [0, 1, 3, 4, 9, 16, 19, 20, 25, 26, 53]]
[58, 2.72006, [0, 1, 3, 4, 9, 16, 19, 21, 25, 27, 36]]
[58, 2.69489, [0, 1, 3, 4, 9, 16, 19, 21, 27, 36, 46]]
[58, 2.70178, [0, 1, 3, 4, 9, 16, 19, 24, 26, 27, 46]]
[58, 2.70153, [0, 1, 3, 4, 9, 16, 20, 22, 25, 27, 52]]
[58, 2.69088, [0, 1, 3, 4, 9, 19, 21, 22, 24, 28, 46]]
[58, 2.6919, [0, 1, 3, 4, 10, 12, 13, 18, 27, 28]]
[58, 2.69228, [0, 1, 3, 4, 10, 13, 18, 21, 28, 44, 49]]
[58, 2.73013, [0, 1, 3, 4, 11, 13, 16, 17, 24, 27, 52]]
[58, 2.69105, [0, 1, 3, 4, 11, 13, 17, 20, 24, 50, 52]]
[58, 2.70567, [0, 1, 3, 4, 11, 14, 16, 20, 23, 34, 51]]
[58, 2.69603, [0, 1, 3, 4, 11, 16, 17, 20, 25, 27, 52]]
[58, 2.70336, [0, 1, 3, 4, 12, 16, 17, 19, 25, 27, 36]]
[58, 2.70823, [0, 1, 3, 4, 13, 14, 16, 20, 21, 34, 35]]
[58, 2.70267, [0, 1, 3, 4, 13, 15, 16, 20, 21, 34, 35]]
[58, 2.70466, [0, 1, 3, 7, 8, 10, 18, 21, 22, 25, 27]]
[58, 2.69714, [0, 1, 3, 7, 8, 10, 18, 22, 24, 25, 27]]

Search completed in 0 hours, 0 minutes, and 0.16 seconds.  Enter a string to quit.