Enter an integer k for which our Kempner sets are k-free: 3
Enter a positive integer modulus b: 178
Enter estimation parameters, or * for pre-computed parameters ([0.0745, 1.0591, 1.3906]): *
Enter a threshold (e.g. 4.2) to determine printed output: 2.88
Enter a root for the search space (e.g. [0, 1, 2]) [or * for the root [0]]: *
Enter an upper bound for the size of allowable digit sets [or * to ignore]: 29
Enter a maximal number of deviations from a greedy search [or * to ignore]: *
Searching for k-free sets mod b...

[178, 2.88778, [0, 1, 3, 4, 9, 10, 12, 13, 27, 28, 30, 31, 36, 37, 39, 67, 76, 80, 81, 83, 87, 88]]
[178, 2.88077, [0, 1, 3, 4, 9, 10, 12, 13, 27, 28, 30, 31, 36, 37, 39, 67, 79, 80, 82, 86, 87, 140]]
[178, 2.88057, [0, 1, 3, 4, 9, 10, 12, 13, 27, 28, 30, 31, 36, 37, 39, 67, 79, 81, 82, 86, 87, 140]]
[178, 2.89529, [0, 1, 3, 4, 9, 10, 12, 13, 27, 28, 30, 31, 36, 37, 66, 67, 75, 77, 78, 80, 86, 115, 139]]
[178, 2.8945, [0, 1, 3, 4, 9, 10, 12, 13, 27, 28, 30, 31, 36, 37, 66, 67, 75, 77, 80, 82, 86, 115, 139]]
[178, 2.89957, [0, 1, 3, 4, 9, 10, 12, 13, 27, 28, 30, 31, 36, 37, 66, 67, 75, 78, 79, 85, 86, 88, 115]]
[178, 2.89971, [0, 1, 3, 4, 9, 10, 12, 13, 27, 28, 30, 31, 36, 37, 66, 67, 75, 79, 80, 82, 86, 88, 115]]
[178, 2.89408, [0, 1, 3, 4, 9, 10, 12, 13, 27, 28, 30, 31, 36, 37, 66, 67, 75, 79, 80, 82, 86, 115, 139]]
[178, 2.89348, [0, 1, 3, 4, 9, 10, 12, 13, 27, 28, 30, 31, 36, 37, 66, 67, 77, 78, 80, 84, 86, 115, 139]]
[178, 2.89365, [0, 1, 3, 4, 9, 10, 12, 13, 27, 28, 30, 31, 36, 37, 66, 67, 77, 79, 80, 82, 86, 115, 139]]
[178, 2.89328, [0, 1, 3, 4, 9, 10, 12, 13, 27, 28, 30, 31, 36, 37, 66, 67, 77, 79, 80, 84, 86, 115, 139]]
[178, 2.89123, [0, 1, 3, 4, 9, 10, 12, 13, 27, 28, 30, 31, 36, 37, 67, 75, 77, 78, 80, 84, 86, 115, 139]]
[178, 2.88319, [0, 1, 3, 4, 9, 10, 12, 13, 27, 28, 30, 31, 36, 37, 67, 77, 79, 80, 82, 86, 115, 139, 140]]
[178, 2.89439, [0, 1, 3, 4, 9, 10, 12, 13, 27, 28, 30, 31, 36, 38, 65, 70, 78, 80, 81, 85, 87, 88, 141]]
[178, 2.90339, [0, 1, 3, 4, 9, 10, 12, 13, 27, 28, 30, 31, 36, 40, 65, 66, 73, 74, 78, 84, 85, 87, 88]]
[178, 2.89358, [0, 1, 3, 4, 9, 10, 12, 13, 27, 28, 30, 31, 36, 64, 65, 67, 73, 74, 77, 78, 85, 86, 88]]
[178, 2.89231, [0, 1, 3, 4, 9, 10, 12, 13, 27, 28, 30, 31, 36, 64, 65, 67, 73, 77, 78, 80, 85, 86, 88]]
[178, 2.89268, [0, 1, 3, 4, 9, 10, 12, 13, 27, 28, 30, 31, 36, 64, 65, 67, 74, 75, 79, 80, 82, 87, 88]]
[178, 2.89106, [0, 1, 3, 4, 9, 10, 12, 13, 27, 28, 30, 31, 36, 64, 65, 67, 75, 78, 79, 82, 84, 87, 88]]
[178, 2.88334, [0, 1, 3, 4, 9, 10, 12, 13, 27, 28, 30, 31, 36, 64, 65, 67, 78, 79, 81, 82, 87, 88, 141]]
[178, 2.8828, [0, 1, 3, 4, 9, 10, 12, 13, 27, 28, 30, 31, 36, 64, 65, 67, 78, 79, 81, 85, 87, 88, 141]]
[178, 2.8826, [0, 1, 3, 4, 9, 10, 12, 13, 27, 28, 30, 31, 36, 64, 65, 67, 78, 80, 81, 85, 87, 88, 141]]
[178, 2.88181, [0, 1, 3, 4, 9, 10, 12, 13, 27, 28, 30, 31, 36, 64, 65, 70, 78, 80, 81, 85, 87, 88, 141]]
[178, 2.89225, [0, 1, 3, 4, 9, 10, 12, 13, 27, 28, 30, 31, 36, 64, 66, 67, 74, 75, 78, 79, 85, 87, 88]]
[178, 2.88306, [0, 1, 3, 4, 9, 10, 12, 13, 27, 28, 30, 31, 36, 64, 66, 67, 78, 79, 81, 82, 87, 88, 141]]
[178, 2.88251, [0, 1, 3, 4, 9, 10, 12, 13, 27, 28, 30, 31, 36, 64, 66, 67, 78, 79, 81, 85, 87, 88, 141]]
[178, 2.88231, [0, 1, 3, 4, 9, 10, 12, 13, 27, 28, 30, 31, 36, 64, 66, 67, 78, 80, 81, 85, 87, 88, 141]]
[178, 2.88152, [0, 1, 3, 4, 9, 10, 12, 13, 27, 28, 30, 31, 36, 64, 66, 70, 78, 80, 81, 85, 87, 88, 141]]
[178, 2.88123, [0, 1, 3, 4, 9, 10, 12, 13, 27, 28, 30, 31, 36, 65, 66, 70, 78, 80, 81, 85, 87, 88, 141]]
[178, 2.88095, [0, 1, 3, 4, 9, 10, 12, 13, 27, 28, 30, 31, 36, 65, 67, 70, 78, 80, 81, 85, 87, 88, 141]]
[178, 2.88066, [0, 1, 3, 4, 9, 10, 12, 13, 27, 28, 30, 31, 36, 66, 67, 70, 78, 80, 81, 85, 87, 88, 141]]
[178, 2.88356, [0, 1, 3, 4, 9, 10, 12, 13, 27, 28, 30, 31, 36, 66, 67, 74, 75, 78, 79, 85, 86, 88, 115]]
[178, 2.88258, [0, 1, 3, 4, 9, 10, 12, 13, 27, 28, 30, 31, 37, 63, 66, 67, 78, 79, 81, 82, 87, 88, 140]]
[178, 2.89175, [0, 1, 3, 4, 9, 10, 12, 13, 27, 28, 30, 31, 37, 63, 66, 68, 72, 77, 79, 80, 84, 85, 87]]
[178, 2.88274, [0, 1, 3, 4, 9, 10, 12, 13, 27, 28, 30, 31, 37, 63, 67, 69, 77, 78, 80, 81, 86, 88, 140]]
[178, 2.88234, [0, 1, 3, 4, 9, 10, 12, 13, 27, 28, 30, 31, 37, 63, 67, 69, 77, 79, 80, 82, 86, 88, 140]]
[178, 2.88177, [0, 1, 3, 4, 9, 10, 12, 13, 27, 28, 30, 31, 37, 63, 67, 69, 77, 79, 82, 83, 86, 88, 140]]
[178, 2.89044, [0, 1, 3, 4, 9, 10, 12, 13, 27, 28, 30, 31, 39, 63, 64, 70, 71, 73, 80, 81, 85, 86, 88]]
[178, 2.88171, [0, 1, 3, 4, 9, 10, 12, 13, 27, 28, 30, 31, 40, 63, 65, 69, 72, 74, 82, 84, 87, 88, 142]]
[178, 2.90091, [0, 1, 3, 4, 9, 10, 12, 13, 27, 28, 30, 34, 35, 37, 63, 72, 76, 77, 79, 84, 85, 87, 88]]
[178, 2.88401, [0, 1, 3, 4, 9, 10, 12, 13, 27, 28, 30, 34, 35, 39, 49, 62, 72, 73, 76, 81, 83, 87]]
[178, 2.89302, [0, 1, 3, 4, 9, 10, 12, 13, 27, 28, 30, 34, 35, 39, 63, 71, 73, 76, 80, 85, 86, 88, 155]]
[178, 2.892, [0, 1, 3, 4, 9, 10, 12, 13, 27, 28, 30, 34, 35, 39, 63, 71, 73, 80, 81, 85, 86, 88, 155]]
[178, 2.88991, [0, 1, 3, 4, 9, 10, 12, 13, 27, 28, 30, 34, 35, 62, 63, 71, 72, 76, 77, 84, 85, 87, 88]]
[178, 2.88812, [0, 1, 3, 4, 9, 10, 12, 13, 27, 28, 30, 34, 35, 62, 63, 72, 76, 77, 79, 84, 85, 87, 88]]
[178, 2.88387, [0, 1, 3, 4, 9, 10, 12, 13, 27, 28, 32, 33, 35, 40, 49, 59, 72, 73, 75, 81, 82, 84]]
[178, 2.88364, [0, 1, 3, 4, 9, 10, 12, 13, 27, 28, 32, 33, 35, 40, 49, 59, 72, 74, 75, 81, 82, 84]]
[178, 2.88256, [0, 1, 3, 4, 9, 10, 12, 13, 27, 28, 32, 33, 35, 40, 49, 59, 72, 74, 75, 82, 84, 87]]
[178, 2.88063, [0, 1, 3, 4, 9, 10, 12, 13, 27, 28, 32, 33, 35, 48, 49, 59, 72, 73, 75, 76, 81, 82]]
[178, 2.8802, [0, 1, 3, 4, 9, 10, 12, 13, 27, 28, 32, 33, 35, 48, 49, 59, 72, 73, 75, 79, 80, 82]]
[178, 2.89151, [0, 1, 3, 4, 9, 10, 12, 13, 27, 28, 32, 33, 35, 48, 49, 59, 73, 78, 79, 81, 82, 140, 141]]
[178, 2.88491, [0, 1, 3, 4, 9, 10, 12, 13, 27, 28, 32, 33, 35, 48, 49, 59, 73, 79, 81, 82, 128, 140, 141]]
[178, 2.89007, [0, 1, 3, 4, 9, 10, 12, 13, 27, 28, 32, 33, 35, 48, 59, 71, 73, 77, 79, 80, 82, 88, 140]]
[178, 2.88966, [0, 1, 3, 4, 9, 10, 12, 13, 27, 28, 32, 33, 35, 48, 59, 71, 73, 78, 79, 81, 82, 88, 140]]
[178, 2.88955, [0, 1, 3, 4, 9, 10, 12, 13, 27, 28, 32, 34, 35, 39, 48, 71, 73, 80, 81, 85, 88, 140, 155]]
[178, 2.88169, [0, 1, 3, 4, 9, 10, 12, 13, 27, 28, 32, 34, 35, 39, 49, 62, 72, 73, 76, 81, 83, 87]]
[178, 2.89732, [0, 1, 3, 4, 9, 10, 12, 13, 27, 28, 33, 35, 40, 48, 49, 59, 64, 72, 74, 75, 81, 82, 142]]
[178, 2.88106, [0, 1, 3, 4, 9, 10, 12, 13, 27, 29, 30, 32, 36, 66, 67, 74, 75, 78, 79, 85, 86, 88, 115]]
[178, 2.88586, [0, 1, 3, 4, 9, 10, 12, 13, 27, 29, 30, 32, 38, 40, 62, 65, 69, 82, 83, 87, 88, 141, 143]]
[178, 2.8807, [0, 1, 3, 4, 9, 10, 12, 13, 27, 29, 30, 32, 38, 62, 65, 69, 70, 80, 81, 83, 87, 88, 141]]
[178, 2.88051, [0, 1, 3, 4, 9, 10, 12, 13, 27, 29, 30, 32, 38, 62, 65, 69, 70, 80, 82, 83, 87, 88, 141]]
[178, 2.8812, [0, 1, 3, 4, 9, 10, 12, 13, 27, 29, 30, 32, 38, 62, 65, 69, 71, 74, 82, 84, 87, 88, 143]]
[178, 2.88218, [0, 1, 3, 4, 9, 10, 12, 13, 27, 29, 30, 34, 35, 37, 52, 63, 72, 76, 78, 79, 83, 85]]
[178, 2.9083, [0, 1, 3, 4, 9, 10, 12, 13, 27, 29, 30, 34, 35, 37, 52, 63, 72, 76, 78, 79, 85, 87, 88]]
[178, 2.90266, [0, 1, 3, 4, 9, 10, 12, 13, 27, 29, 30, 34, 35, 37, 52, 63, 72, 76, 78, 79, 85, 88, 137]]
[178, 2.90239, [0, 1, 3, 4, 9, 10, 12, 13, 27, 29, 30, 34, 35, 37, 52, 63, 72, 76, 78, 79, 87, 88, 136]]
[178, 2.89674, [0, 1, 3, 4, 9, 10, 12, 13, 27, 29, 30, 34, 35, 37, 52, 63, 72, 76, 78, 79, 88, 136, 137]]
[178, 2.88159, [0, 1, 3, 4, 9, 10, 12, 13, 27, 29, 30, 34, 35, 37, 52, 63, 72, 76, 78, 82, 83, 85]]
[178, 2.88125, [0, 1, 3, 4, 9, 10, 12, 13, 27, 29, 30, 34, 35, 37, 52, 63, 72, 76, 78, 82, 83, 87]]
[178, 2.88089, [0, 1, 3, 4, 9, 10, 12, 13, 27, 29, 30, 34, 35, 37, 52, 63, 72, 76, 78, 82, 85, 87]]
[178, 2.88087, [0, 1, 3, 4, 9, 10, 12, 13, 27, 29, 30, 34, 35, 37, 52, 63, 72, 76, 78, 83, 85, 86]]
[178, 2.88053, [0, 1, 3, 4, 9, 10, 12, 13, 27, 29, 30, 34, 35, 37, 52, 63, 72, 76, 78, 83, 86, 87]]
[178, 2.88051, [0, 1, 3, 4, 9, 10, 12, 13, 27, 29, 30, 34, 35, 37, 52, 63, 72, 76, 79, 83, 84, 88]]
[178, 2.88033, [0, 1, 3, 4, 9, 10, 12, 13, 27, 29, 30, 34, 35, 37, 52, 63, 72, 76, 79, 83, 85, 88]]
[178, 2.90714, [0, 1, 3, 4, 9, 10, 12, 13, 27, 29, 30, 34, 35, 37, 52, 63, 72, 76, 79, 84, 85, 87, 88]]
[178, 2.88015, [0, 1, 3, 4, 9, 10, 12, 13, 27, 29, 30, 34, 35, 37, 52, 63, 72, 76, 79, 84, 85, 88]]
[178, 2.90637, [0, 1, 3, 4, 9, 10, 12, 13, 27, 29, 30, 34, 35, 37, 52, 63, 76, 78, 79, 81, 85, 87, 88]]
[178, 2.90072, [0, 1, 3, 4, 9, 10, 12, 13, 27, 29, 30, 34, 35, 37, 52, 63, 76, 78, 79, 81, 85, 88, 137]]
[178, 2.9058, [0, 1, 3, 4, 9, 10, 12, 13, 27, 29, 30, 34, 35, 37, 52, 63, 76, 78, 79, 84, 85, 87, 88]]
[178, 2.90392, [0, 1, 3, 4, 9, 10, 12, 13, 27, 29, 30, 34, 35, 37, 52, 72, 76, 78, 79, 81, 85, 87, 88]]
[178, 2.89828, [0, 1, 3, 4, 9, 10, 12, 13, 27, 29, 30, 34, 35, 37, 52, 72, 76, 78, 79, 81, 85, 88, 137]]
[178, 2.89954, [0, 1, 3, 4, 9, 10, 12, 13, 27, 29, 30, 34, 35, 37, 63, 72, 76, 77, 79, 84, 85, 87, 88]]
[178, 2.89659, [0, 1, 3, 4, 9, 10, 12, 13, 27, 29, 30, 34, 35, 52, 62, 63, 71, 73, 78, 81, 82, 87, 88]]
[178, 2.89551, [0, 1, 3, 4, 9, 10, 12, 13, 27, 29, 30, 34, 35, 52, 62, 63, 71, 76, 78, 83, 84, 86, 87]]
[178, 2.89595, [0, 1, 3, 4, 9, 10, 12, 13, 27, 29, 30, 34, 35, 52, 62, 63, 73, 76, 78, 81, 82, 85, 87]]
[178, 2.89489, [0, 1, 3, 4, 9, 10, 12, 13, 27, 29, 30, 34, 35, 52, 62, 63, 73, 76, 78, 81, 85, 87, 88]]
[178, 2.89481, [0, 1, 3, 4, 9, 10, 12, 13, 27, 29, 30, 34, 35, 52, 62, 63, 73, 78, 79, 81, 82, 87, 88]]
[178, 2.89423, [0, 1, 3, 4, 9, 10, 12, 13, 27, 29, 30, 34, 35, 52, 62, 63, 73, 78, 80, 81, 85, 86, 88]]
[178, 2.89358, [0, 1, 3, 4, 9, 10, 12, 13, 27, 29, 30, 34, 35, 52, 62, 63, 76, 78, 79, 81, 85, 87, 88]]
[178, 2.89302, [0, 1, 3, 4, 9, 10, 12, 13, 27, 29, 30, 34, 35, 52, 62, 63, 76, 78, 79, 84, 85, 87, 88]]
[178, 2.88854, [0, 1, 3, 4, 9, 10, 12, 13, 27, 29, 30, 34, 35, 62, 63, 71, 72, 76, 77, 84, 85, 87, 88]]
[178, 2.88675, [0, 1, 3, 4, 9, 10, 12, 13, 27, 29, 30, 34, 35, 62, 63, 72, 76, 77, 79, 84, 85, 87, 88]]
[178, 2.90458, [0, 1, 3, 4, 9, 10, 12, 13, 27, 29, 30, 34, 36, 37, 52, 66, 76, 78, 79, 81, 85, 87, 88]]
[178, 2.90402, [0, 1, 3, 4, 9, 10, 12, 13, 27, 29, 30, 34, 36, 37, 52, 66, 76, 78, 79, 84, 85, 87, 88]]
[178, 2.89141, [0, 1, 3, 4, 9, 10, 12, 13, 27, 29, 30, 34, 37, 52, 63, 66, 72, 76, 79, 84, 85, 87, 88]]
[178, 2.89063, [0, 1, 3, 4, 9, 10, 12, 13, 27, 29, 30, 34, 37, 52, 63, 66, 76, 78, 79, 81, 85, 87, 88]]
[178, 2.89007, [0, 1, 3, 4, 9, 10, 12, 13, 27, 29, 30, 34, 37, 52, 63, 66, 76, 78, 79, 84, 85, 87, 88]]
[178, 2.89059, [0, 1, 3, 4, 9, 10, 12, 13, 27, 29, 30, 34, 37, 52, 63, 69, 72, 76, 79, 84, 85, 87, 88]]
[178, 2.89434, [0, 1, 3, 4, 9, 10, 12, 13, 27, 29, 30, 34, 40, 52, 62, 63, 66, 73, 78, 81, 82, 85, 87]]
[178, 2.89382, [0, 1, 3, 4, 9, 10, 12, 13, 27, 29, 30, 34, 40, 52, 62, 63, 66, 73, 78, 81, 82, 87, 88]]
[178, 2.89328, [0, 1, 3, 4, 9, 10, 12, 13, 27, 29, 30, 34, 40, 52, 62, 63, 66, 73, 78, 81, 85, 87, 88]]
[178, 2.88098, [0, 1, 3, 4, 9, 10, 12, 13, 27, 29, 30, 34, 52, 61, 63, 69, 71, 72, 76, 82, 84, 85, 87]]
[178, 2.88086, [0, 1, 3, 4, 9, 10, 12, 13, 27, 29, 30, 34, 52, 62, 63, 66, 71, 73, 78, 81, 82, 87, 88]]
[178, 2.8909, [0, 1, 3, 4, 9, 10, 12, 13, 27, 29, 30, 35, 39, 52, 63, 64, 71, 73, 80, 81, 85, 86, 88]]
[178, 2.88415, [0, 1, 3, 4, 9, 10, 12, 13, 27, 30, 34, 35, 37, 46, 52, 63, 72, 76, 78, 86, 87, 105, 136]]
[178, 2.88554, [0, 1, 3, 4, 9, 10, 12, 13, 28, 29, 31, 35, 37, 51, 63, 72, 76, 77, 79, 84, 85, 87, 88]]
[178, 2.89836, [0, 1, 3, 4, 9, 10, 12, 13, 28, 29, 33, 34, 36, 50, 51, 61, 70, 75, 77, 78, 82, 83, 85]]
[178, 2.88027, [0, 1, 3, 4, 9, 10, 12, 13, 28, 29, 33, 34, 36, 51, 61, 70, 75, 76, 78, 84, 85, 87, 154]]
[178, 2.88234, [0, 1, 3, 4, 9, 10, 12, 13, 28, 29, 34, 35, 37, 51, 63, 72, 76, 77, 79, 84, 85, 87, 88]]
[178, 2.88679, [0, 1, 3, 4, 9, 10, 12, 13, 28, 30, 31, 33, 37, 45, 67, 68, 72, 75, 79, 84, 85, 88, 115]]
[178, 2.88633, [0, 1, 3, 4, 9, 10, 12, 13, 29, 30, 34, 35, 37, 42, 52, 53, 63, 78, 79, 82, 88, 137, 140]]
[178, 2.88158, [0, 1, 3, 4, 9, 10, 12, 22, 26, 28, 29, 31, 37, 38, 60, 63, 68, 69, 77, 79, 80, 84, 87]]
[178, 2.88897, [0, 1, 3, 4, 9, 10, 12, 22, 26, 28, 29, 31, 38, 60, 63, 65, 68, 69, 77, 79, 80, 84, 87, 141]]
[178, 2.88235, [0, 1, 3, 4, 9, 11, 12, 16, 25, 26, 30, 33, 37, 42, 53, 61, 67, 77, 79, 82, 86, 88, 137]]

Search completed in 0 hours, 40 minutes, and 3.602 seconds.  Enter a string to quit.