Enter an integer k for which our Kempner sets are k-free: 3
Enter a positive integer modulus b: 89
Enter estimation parameters, or * for pre-computed parameters ([0.0883, 1.0824, 1.4168]): *
Enter a threshold (e.g. 4.2) to determine printed output: 2.89
Enter a root for the search space (e.g. [0, 1, 2]) [or * for the root [0]]: *
Enter an upper bound for the size of allowable digit sets [or * to ignore]: *
Enter a maximal number of deviations from a greedy search [or * to ignore]: *
Searching for k-free sets mod b...

[89, 2.97062, [0, 1, 3, 4, 9, 10, 12, 13, 27, 28, 30, 31, 36, 37, 39, 40]]
[89, 2.90996, [0, 1, 3, 4, 9, 10, 12, 13, 27, 28, 30, 31, 36, 37, 40]]
[89, 2.90988, [0, 1, 3, 4, 9, 10, 12, 13, 27, 28, 30, 31, 36, 38, 39]]
[89, 2.90818, [0, 1, 3, 4, 9, 10, 12, 13, 27, 28, 30, 31, 36, 39, 40]]
[89, 2.90809, [0, 1, 3, 4, 9, 10, 12, 13, 27, 28, 30, 31, 37, 38, 40]]
[89, 2.90722, [0, 1, 3, 4, 9, 10, 12, 13, 27, 28, 30, 31, 37, 39, 40]]
[89, 2.89058, [0, 1, 3, 4, 9, 10, 12, 13, 27, 28, 30, 34, 35, 39, 71]]
[89, 2.90723, [0, 1, 3, 4, 9, 10, 12, 13, 27, 28, 30, 34, 36, 37, 39]]
[89, 2.90525, [0, 1, 3, 4, 9, 10, 12, 13, 27, 28, 30, 35, 36, 38, 39]]
[89, 2.90158, [0, 1, 3, 4, 9, 10, 12, 13, 27, 28, 30, 36, 37, 39, 40]]
[89, 2.90619, [0, 1, 3, 4, 9, 10, 12, 13, 27, 28, 31, 33, 36, 37, 40]]
[89, 2.90025, [0, 1, 3, 4, 9, 10, 12, 13, 27, 28, 31, 36, 37, 39, 40]]
[89, 2.90711, [0, 1, 3, 4, 9, 10, 12, 13, 27, 29, 30, 32, 36, 38, 39]]
[89, 2.90125, [0, 1, 3, 4, 9, 10, 12, 13, 27, 29, 30, 32, 38, 39, 43]]
[89, 2.90042, [0, 1, 3, 4, 9, 10, 12, 13, 27, 29, 30, 32, 38, 40, 43]]
[89, 2.89955, [0, 1, 3, 4, 9, 10, 12, 13, 27, 29, 30, 32, 39, 40, 43]]
[89, 2.90374, [0, 1, 3, 4, 9, 10, 12, 13, 27, 29, 30, 35, 36, 38, 39]]
[89, 2.90007, [0, 1, 3, 4, 9, 10, 12, 13, 27, 29, 30, 36, 37, 39, 40]]
[89, 2.89552, [0, 1, 3, 4, 9, 10, 12, 13, 27, 29, 32, 34, 38, 40, 43]]
[89, 2.95771, [0, 1, 3, 4, 9, 10, 12, 13, 27, 30, 31, 34, 36, 39, 40, 43]]
[89, 2.89807, [0, 1, 3, 4, 9, 10, 12, 13, 27, 30, 31, 34, 36, 39, 43]]
[89, 2.89724, [0, 1, 3, 4, 9, 10, 12, 13, 27, 30, 31, 34, 36, 40, 43]]
[89, 2.89449, [0, 1, 3, 4, 9, 10, 12, 13, 27, 30, 31, 34, 39, 40, 43]]
[89, 2.89732, [0, 1, 3, 4, 9, 10, 12, 13, 27, 30, 31, 36, 37, 39, 40]]
[89, 2.89412, [0, 1, 3, 4, 9, 10, 12, 13, 27, 30, 31, 36, 38, 39, 43]]
[89, 2.89242, [0, 1, 3, 4, 9, 10, 12, 13, 27, 30, 31, 36, 39, 40, 43]]
[89, 2.89286, [0, 1, 3, 4, 9, 10, 12, 13, 27, 30, 32, 36, 38, 39, 43]]
[89, 2.89147, [0, 1, 3, 4, 9, 10, 12, 13, 27, 30, 34, 36, 37, 39, 43]]
[89, 2.8936, [0, 1, 3, 4, 9, 10, 12, 13, 27, 31, 32, 34, 38, 39, 43]]
[89, 2.89277, [0, 1, 3, 4, 9, 10, 12, 13, 27, 31, 32, 34, 38, 40, 43]]
[89, 2.8919, [0, 1, 3, 4, 9, 10, 12, 13, 27, 31, 32, 34, 39, 40, 43]]
[89, 2.89153, [0, 1, 3, 4, 9, 10, 12, 13, 27, 31, 32, 36, 38, 39, 43]]
[89, 2.89346, [0, 1, 3, 4, 9, 10, 12, 13, 27, 31, 33, 34, 36, 40, 43]]
[89, 2.96127, [0, 1, 3, 4, 9, 10, 12, 13, 28, 29, 31, 32, 37, 38, 40, 41]]
[89, 2.90158, [0, 1, 3, 4, 9, 10, 12, 13, 28, 29, 31, 32, 37, 38, 41]]
[89, 2.90151, [0, 1, 3, 4, 9, 10, 12, 13, 28, 29, 31, 32, 37, 39, 40]]
[89, 2.89988, [0, 1, 3, 4, 9, 10, 12, 13, 28, 29, 31, 32, 37, 40, 41]]
[89, 2.95789, [0, 1, 3, 4, 9, 10, 12, 13, 28, 29, 31, 32, 38, 39, 41, 42]]
[89, 2.89904, [0, 1, 3, 4, 9, 10, 12, 13, 28, 29, 31, 32, 38, 39, 42]]
[89, 2.89896, [0, 1, 3, 4, 9, 10, 12, 13, 28, 29, 31, 32, 38, 40, 41]]
[89, 2.89741, [0, 1, 3, 4, 9, 10, 12, 13, 28, 29, 31, 32, 38, 41, 42]]
[89, 2.89733, [0, 1, 3, 4, 9, 10, 12, 13, 28, 29, 31, 32, 39, 40, 42]]
[89, 2.89654, [0, 1, 3, 4, 9, 10, 12, 13, 28, 29, 31, 32, 39, 41, 42]]
[89, 2.899, [0, 1, 3, 4, 9, 10, 12, 13, 28, 29, 31, 35, 37, 38, 40]]
[89, 2.89712, [0, 1, 3, 4, 9, 10, 12, 13, 28, 29, 31, 36, 37, 39, 40]]
[89, 2.89474, [0, 1, 3, 4, 9, 10, 12, 13, 28, 29, 31, 36, 37, 40, 42]]
[89, 2.89362, [0, 1, 3, 4, 9, 10, 12, 13, 28, 29, 31, 37, 38, 40, 41]]
[89, 2.89207, [0, 1, 3, 4, 9, 10, 12, 13, 28, 29, 31, 37, 38, 41, 42]]
[89, 2.89199, [0, 1, 3, 4, 9, 10, 12, 13, 28, 29, 31, 37, 39, 40, 42]]
[89, 2.89489, [0, 1, 3, 4, 9, 10, 12, 13, 28, 29, 32, 33, 39, 40, 42]]
[89, 2.89409, [0, 1, 3, 4, 9, 10, 12, 13, 28, 29, 32, 33, 39, 41, 42]]
[89, 2.89802, [0, 1, 3, 4, 9, 10, 12, 13, 28, 29, 32, 34, 37, 38, 41]]
[89, 2.89237, [0, 1, 3, 4, 9, 10, 12, 13, 28, 29, 32, 37, 38, 40, 41]]
[89, 2.89453, [0, 1, 3, 4, 9, 10, 12, 13, 28, 29, 33, 34, 36, 41, 42]]
[89, 2.89038, [0, 1, 3, 4, 9, 10, 12, 13, 28, 29, 34, 36, 37, 41, 42]]
[89, 2.95698, [0, 1, 3, 4, 9, 10, 12, 13, 28, 30, 31, 33, 37, 39, 40, 42]]
[89, 2.89735, [0, 1, 3, 4, 9, 10, 12, 13, 28, 30, 31, 33, 37, 39, 42]]
[89, 2.89651, [0, 1, 3, 4, 9, 10, 12, 13, 28, 30, 31, 33, 37, 40, 42]]
[89, 2.89473, [0, 1, 3, 4, 9, 10, 12, 13, 28, 30, 31, 33, 39, 40, 42]]
[89, 2.89393, [0, 1, 3, 4, 9, 10, 12, 13, 28, 30, 31, 33, 39, 41, 42]]
[89, 2.89475, [0, 1, 3, 4, 9, 10, 12, 13, 28, 30, 31, 33, 68, 70, 71, 73]]
[89, 2.89571, [0, 1, 3, 4, 9, 10, 12, 13, 28, 30, 31, 36, 37, 39, 40]]
[89, 2.89221, [0, 1, 3, 4, 9, 10, 12, 13, 28, 30, 31, 37, 38, 40, 41]]
[89, 2.89065, [0, 1, 3, 4, 9, 10, 12, 13, 28, 30, 31, 37, 38, 41, 42]]
[89, 2.89057, [0, 1, 3, 4, 9, 10, 12, 13, 28, 30, 31, 37, 39, 40, 42]]
[89, 2.89378, [0, 1, 3, 4, 9, 10, 12, 13, 28, 30, 33, 34, 37, 39, 42]]
[89, 2.89037, [0, 1, 3, 4, 9, 10, 12, 13, 28, 30, 33, 34, 39, 41, 42]]
[89, 2.8925, [0, 1, 3, 4, 9, 10, 12, 13, 28, 31, 32, 35, 37, 40, 41]]
[89, 2.95244, [0, 1, 3, 4, 9, 10, 12, 13, 29, 30, 32, 33, 38, 39, 41, 42]]
[89, 2.89367, [0, 1, 3, 4, 9, 10, 12, 13, 29, 30, 32, 33, 38, 39, 42]]
[89, 2.8936, [0, 1, 3, 4, 9, 10, 12, 13, 29, 30, 32, 33, 38, 40, 41]]
[89, 2.89204, [0, 1, 3, 4, 9, 10, 12, 13, 29, 30, 32, 33, 38, 41, 42]]
[89, 2.9492, [0, 1, 3, 4, 9, 10, 12, 13, 29, 30, 32, 33, 39, 40, 42, 43]]
[89, 2.94776, [0, 1, 3, 4, 9, 10, 12, 13, 29, 30, 32, 33, 39, 40, 43, 44]]
[89, 2.93453, [0, 1, 3, 4, 9, 10, 12, 13, 29, 30, 32, 33, 39, 40, 44, 72]]
[89, 2.94769, [0, 1, 3, 4, 9, 10, 12, 13, 29, 30, 32, 33, 39, 41, 42, 44]]
[89, 2.94611, [0, 1, 3, 4, 9, 10, 12, 13, 29, 30, 32, 33, 40, 41, 43, 44]]
[89, 2.89133, [0, 1, 3, 4, 9, 10, 12, 13, 29, 30, 32, 33, 69, 70, 72, 73]]
[89, 2.89123, [0, 1, 3, 4, 9, 10, 12, 13, 29, 30, 32, 36, 38, 39, 41]]
[89, 2.94377, [0, 1, 3, 4, 9, 10, 12, 13, 29, 30, 33, 34, 40, 41, 43, 44]]
[89, 2.9468, [0, 1, 3, 4, 9, 10, 12, 13, 29, 30, 33, 35, 38, 39, 42, 44]]
[89, 2.94837, [0, 1, 3, 4, 9, 10, 12, 13, 29, 31, 32, 34, 38, 40, 41, 43]]
[89, 2.94362, [0, 1, 3, 4, 9, 10, 12, 13, 29, 31, 32, 34, 40, 41, 43, 44]]
[89, 2.91509, [0, 1, 3, 4, 9, 10, 12, 13, 29, 31, 32, 34, 40, 44, 72, 74]]
[89, 2.94273, [0, 1, 3, 4, 9, 10, 12, 13, 29, 31, 34, 35, 38, 40, 43, 44]]
[89, 2.94407, [0, 1, 3, 4, 9, 10, 12, 13, 30, 31, 33, 34, 39, 40, 42, 43]]
[89, 2.94098, [0, 1, 3, 4, 9, 10, 12, 13, 30, 31, 33, 34, 40, 41, 43, 44]]
[89, 2.94021, [0, 1, 3, 4, 9, 10, 12, 13, 30, 32, 33, 35, 39, 41, 42, 44]]
[89, 2.93614, [0, 1, 3, 4, 9, 10, 12, 13, 31, 32, 34, 35, 40, 41, 43, 44]]
[89, 2.91593, [0, 1, 3, 4, 9, 10, 12, 22, 27, 28, 30, 31, 36, 37, 39, 84]]
[89, 2.89374, [0, 1, 3, 4, 9, 10, 12, 26, 27, 30, 32, 35, 36, 39, 41, 84]]
[89, 2.89751, [0, 1, 3, 4, 9, 12, 13, 19, 27, 28, 30, 31, 36, 39, 40, 81]]
[89, 2.91794, [0, 1, 3, 4, 10, 11, 13, 14, 29, 30, 32, 33, 38, 39, 41, 42]]
[89, 2.91471, [0, 1, 3, 4, 10, 11, 13, 14, 29, 30, 32, 33, 39, 40, 42, 43]]
[89, 2.91387, [0, 1, 3, 4, 10, 11, 13, 14, 29, 31, 32, 34, 38, 40, 41, 43]]
[89, 2.90958, [0, 1, 3, 4, 10, 11, 13, 14, 30, 31, 33, 34, 39, 40, 42, 43]]
[89, 2.90649, [0, 1, 3, 4, 10, 11, 13, 14, 30, 31, 33, 34, 40, 41, 43, 44]]
[89, 2.90572, [0, 1, 3, 4, 10, 11, 13, 14, 30, 32, 33, 35, 39, 41, 42, 44]]
[89, 2.90165, [0, 1, 3, 4, 10, 11, 13, 14, 31, 32, 34, 35, 40, 41, 43, 44]]

Search completed in 0 hours, 0 minutes, and 19.834 seconds.  Enter a string to quit.