Enter an integer k for which our Kempner sets are k-free: 3
Enter a positive integer modulus b: 309
Enter estimation parameters, or * for pre-computed parameters ([0.0819, 1.6207, 1.202]): *
Enter a threshold (e.g. 4.2) to determine printed output: 2.94
Enter a root for the search space (e.g. [0, 1, 2]) [or * for the root [0]]: *
Enter an upper bound for the size of allowable digit sets [or * to ignore]: 37
Enter a maximal number of deviations from a greedy search [or * to ignore]: *
Searching for k-free sets mod b...

[309, 2.94335, [0, 1, 3, 4, 9, 10, 12, 13, 27, 28, 30, 31, 36, 37, 39, 40, 81, 82, 93, 94, 96, 97, 102, 103, 114, 115, 120, 121, 129, 130, 141, 142, 264, 265]]
[309, 2.94483, [0, 1, 3, 4, 9, 10, 12, 13, 27, 28, 30, 31, 36, 37, 39, 40, 81, 84, 94, 96, 102, 103, 105, 106, 113, 117, 127, 133, 136, 143, 144, 146, 147, 154]]
[309, 2.94178, [0, 1, 3, 4, 9, 10, 12, 13, 27, 28, 30, 31, 36, 37, 39, 40, 81, 85, 93, 96, 100, 102, 106, 109, 114, 120, 121, 124, 129, 141, 145, 151, 154, 264]]
[309, 2.94063, [0, 1, 3, 4, 9, 10, 12, 13, 27, 28, 30, 31, 36, 37, 39, 40, 81, 85, 97, 98, 101, 103, 106, 107, 110, 112, 128, 136, 137, 141, 147, 148, 151, 249]]
[309, 2.94084, [0, 1, 3, 4, 9, 10, 12, 13, 27, 28, 30, 31, 36, 37, 39, 40, 81, 88, 93, 96, 100, 102, 103, 109, 114, 120, 124, 129, 133, 141, 143, 151, 154, 264]]
[309, 2.94124, [0, 1, 3, 4, 9, 10, 12, 13, 27, 28, 30, 31, 36, 37, 39, 40, 81, 88, 93, 96, 100, 102, 103, 114, 120, 121, 124, 129, 130, 133, 141, 143, 151, 264]]
[309, 2.94131, [0, 1, 3, 4, 9, 10, 12, 13, 27, 28, 30, 31, 36, 37, 39, 40, 81, 93, 94, 96, 97, 102, 103, 106, 114, 124, 128, 130, 133, 139, 140, 143, 144, 264]]
[309, 2.94118, [0, 1, 3, 4, 9, 10, 12, 13, 27, 28, 30, 31, 36, 37, 39, 40, 81, 93, 94, 96, 97, 102, 103, 106, 114, 124, 128, 130, 133, 140, 141, 143, 144, 264]]
[309, 2.94168, [0, 1, 3, 4, 9, 10, 12, 13, 27, 28, 30, 31, 36, 37, 39, 40, 81, 93, 94, 97, 102, 103, 106, 108, 116, 120, 127, 128, 133, 141, 142, 144, 145, 198]]
[309, 2.94061, [0, 1, 3, 4, 9, 10, 12, 13, 27, 28, 30, 31, 36, 37, 39, 40, 81, 93, 95, 98, 99, 102, 107, 108, 120, 124, 127, 129, 137, 139, 143, 144, 148, 199]]
[309, 2.94168, [0, 1, 3, 4, 9, 10, 12, 13, 27, 28, 30, 31, 36, 37, 39, 40, 81, 94, 95, 97, 98, 103, 106, 110, 116, 124, 127, 128, 133, 136, 141, 143, 147, 198]]
[309, 2.9429, [0, 1, 3, 4, 9, 10, 12, 13, 27, 28, 30, 31, 36, 37, 39, 40, 82, 84, 85, 97, 99, 104, 105, 107, 108, 118, 120, 121, 144, 146, 149, 150, 153, 254]]
[309, 2.94273, [0, 1, 3, 4, 9, 10, 12, 13, 27, 28, 30, 31, 36, 37, 39, 40, 82, 84, 85, 97, 99, 104, 105, 107, 108, 118, 121, 122, 144, 146, 149, 150, 153, 254]]
[309, 2.94263, [0, 1, 3, 4, 9, 10, 12, 13, 27, 28, 30, 31, 36, 37, 39, 40, 82, 84, 85, 98, 99, 103, 105, 106, 110, 118, 120, 123, 144, 146, 149, 150, 153, 254]]
[309, 2.94349, [0, 1, 3, 4, 9, 10, 12, 13, 27, 28, 30, 31, 36, 37, 39, 40, 82, 84, 94, 96, 97, 101, 102, 109, 111, 114, 115, 130, 135, 142, 143, 147, 150, 265]]
[309, 2.94098, [0, 1, 3, 4, 9, 10, 12, 13, 27, 28, 30, 31, 36, 37, 39, 40, 82, 84, 94, 96, 97, 101, 103, 114, 115, 121, 126, 130, 135, 142, 143, 147, 150, 265]]
[309, 2.94307, [0, 1, 3, 4, 9, 10, 12, 13, 27, 28, 30, 31, 36, 37, 39, 40, 82, 84, 94, 96, 97, 102, 103, 105, 111, 115, 121, 130, 135, 142, 143, 147, 150, 265]]
[309, 2.94217, [0, 1, 3, 4, 9, 10, 12, 13, 27, 28, 30, 31, 36, 37, 39, 40, 82, 84, 94, 96, 97, 102, 103, 111, 114, 115, 121, 130, 135, 142, 143, 147, 150, 265]]
[309, 2.94172, [0, 1, 3, 4, 9, 10, 12, 13, 27, 28, 30, 31, 36, 37, 39, 40, 82, 84, 94, 97, 99, 103, 105, 108, 115, 120, 121, 123, 130, 142, 144, 150, 153, 265]]
[309, 2.94111, [0, 1, 3, 4, 9, 10, 12, 13, 27, 28, 30, 31, 36, 37, 39, 40, 82, 84, 94, 97, 102, 103, 105, 111, 114, 115, 121, 130, 135, 142, 143, 147, 150, 265]]
[309, 2.94094, [0, 1, 3, 4, 9, 10, 12, 13, 27, 28, 30, 31, 36, 37, 39, 40, 82, 84, 94, 97, 102, 103, 105, 111, 114, 115, 121, 130, 135, 142, 143, 147, 153, 265]]
[309, 2.94077, [0, 1, 3, 4, 9, 10, 12, 13, 27, 28, 30, 31, 36, 37, 39, 40, 82, 84, 94, 97, 102, 103, 105, 111, 114, 115, 121, 130, 135, 142, 143, 150, 153, 265]]
[309, 2.94338, [0, 1, 3, 4, 9, 10, 12, 13, 27, 28, 30, 31, 36, 37, 39, 40, 82, 84, 97, 98, 102, 104, 105, 109, 118, 119, 123, 130, 135, 143, 145, 146, 150, 153]]
[309, 2.94342, [0, 1, 3, 4, 9, 10, 12, 13, 27, 28, 30, 31, 36, 37, 39, 40, 82, 86, 94, 96, 97, 101, 103, 107, 115, 119, 121, 126, 130, 138, 140, 143, 147, 265]]
[309, 2.94134, [0, 1, 3, 4, 9, 10, 12, 13, 27, 28, 30, 31, 36, 37, 39, 40, 82, 86, 98, 100, 105, 106, 108, 115, 117, 120, 121, 131, 138, 139, 143, 149, 150, 153]]
[309, 2.94124, [0, 1, 3, 4, 9, 10, 12, 13, 27, 28, 30, 31, 36, 37, 39, 40, 82, 86, 98, 100, 105, 107, 108, 115, 117, 120, 121, 131, 138, 139, 143, 149, 150, 153]]
[309, 2.94369, [0, 1, 3, 4, 9, 10, 12, 13, 27, 28, 30, 31, 36, 37, 39, 40, 82, 87, 93, 94, 97, 103, 105, 108, 114, 115, 121, 126, 130, 132, 140, 142, 153, 265]]
[309, 2.94268, [0, 1, 3, 4, 9, 10, 12, 13, 27, 28, 30, 31, 36, 37, 39, 40, 82, 90, 94, 96, 100, 101, 103, 107, 109, 126, 129, 130, 135, 139, 142, 146, 147, 195]]
[309, 2.9444, [0, 1, 3, 4, 9, 10, 12, 13, 27, 28, 30, 31, 36, 37, 39, 40, 82, 92, 94, 97, 98, 103, 107, 113, 115, 118, 126, 130, 131, 135, 141, 143, 146, 150]]
[309, 2.94136, [0, 1, 3, 4, 9, 10, 12, 13, 27, 28, 30, 31, 36, 37, 39, 40, 83, 84, 86, 87, 99, 101, 106, 107, 109, 120, 121, 123, 124, 148, 150, 151, 253, 255]]
[309, 2.94125, [0, 1, 3, 4, 9, 10, 12, 13, 27, 28, 30, 31, 36, 37, 39, 40, 83, 84, 86, 87, 99, 101, 106, 107, 109, 120, 121, 123, 124, 148, 151, 152, 253, 255]]
[309, 2.94243, [0, 1, 3, 4, 9, 10, 12, 13, 27, 28, 30, 31, 36, 37, 39, 40, 83, 84, 86, 98, 100, 101, 105, 106, 108, 120, 121, 123, 143, 147, 149, 150, 152, 253]]
[309, 2.94232, [0, 1, 3, 4, 9, 10, 12, 13, 27, 28, 30, 31, 36, 37, 39, 40, 83, 84, 86, 98, 100, 101, 105, 107, 108, 120, 121, 123, 143, 147, 149, 150, 152, 253]]
[309, 2.94296, [0, 1, 3, 4, 9, 10, 12, 13, 27, 28, 30, 31, 36, 37, 39, 40, 83, 84, 86, 99, 100, 105, 106, 108, 109, 120, 122, 123, 125, 143, 148, 149, 152, 253]]
[309, 2.94125, [0, 1, 3, 4, 9, 10, 12, 13, 27, 28, 30, 31, 36, 37, 39, 40, 83, 84, 86, 99, 100, 105, 106, 108, 109, 120, 122, 123, 143, 148, 149, 151, 152, 253]]
[309, 2.94043, [0, 1, 3, 4, 9, 10, 12, 13, 27, 28, 30, 31, 36, 37, 39, 40, 83, 84, 87, 98, 100, 104, 106, 107, 115, 119, 122, 133, 142, 145, 149, 150, 152, 255]]
[309, 2.9402, [0, 1, 3, 4, 9, 10, 12, 13, 27, 28, 30, 31, 36, 37, 39, 40, 83, 84, 87, 100, 104, 106, 107, 109, 115, 119, 120, 122, 142, 145, 149, 150, 152, 255]]
[309, 2.94368, [0, 1, 3, 4, 9, 10, 12, 13, 27, 28, 30, 31, 36, 37, 39, 40, 83, 84, 97, 98, 100, 104, 106, 107, 109, 119, 122, 133, 142, 143, 145, 149, 150, 152]]
[309, 2.94175, [0, 1, 3, 4, 9, 10, 12, 13, 27, 28, 30, 31, 36, 37, 39, 40, 83, 84, 98, 100, 104, 106, 107, 109, 115, 119, 122, 133, 142, 143, 145, 149, 150, 152]]
[309, 2.94504, [0, 1, 3, 4, 9, 10, 12, 13, 27, 28, 30, 31, 36, 37, 39, 40, 83, 85, 97, 98, 101, 103, 106, 107, 110, 118, 120, 128, 132, 141, 145, 147, 148, 152]]
[309, 2.94094, [0, 1, 3, 4, 9, 10, 12, 13, 27, 28, 30, 31, 36, 37, 39, 40, 83, 86, 87, 99, 101, 102, 107, 108, 110, 120, 122, 123, 140, 148, 149, 151, 152, 254]]
[309, 2.94706, [0, 1, 3, 4, 9, 10, 12, 13, 27, 28, 30, 31, 36, 37, 39, 40, 83, 86, 87, 99, 101, 102, 107, 109, 110, 114, 120, 122, 123, 140, 148, 149, 151, 152]]
[309, 2.94036, [0, 1, 3, 4, 9, 10, 12, 13, 27, 28, 30, 31, 36, 37, 39, 40, 83, 86, 87, 99, 101, 102, 107, 110, 114, 120, 122, 123, 140, 148, 149, 151, 152, 254]]
[309, 2.94729, [0, 1, 3, 4, 9, 10, 12, 13, 27, 28, 30, 31, 36, 37, 39, 40, 83, 86, 87, 99, 101, 102, 109, 110, 113, 114, 120, 122, 123, 128, 148, 149, 151, 152]]
[309, 2.94297, [0, 1, 3, 4, 9, 10, 12, 13, 27, 28, 30, 31, 36, 37, 39, 40, 83, 86, 97, 99, 103, 104, 116, 119, 121, 131, 137, 140, 147, 148, 150, 151, 200, 227, 251]]
[309, 2.94647, [0, 1, 3, 4, 9, 10, 12, 13, 27, 28, 30, 31, 36, 37, 39, 40, 83, 87, 93, 97, 100, 102, 105, 106, 109, 120, 122, 128, 132, 133, 141, 145, 148, 152]]
[309, 2.94108, [0, 1, 3, 4, 9, 10, 12, 13, 27, 28, 30, 31, 36, 37, 39, 40, 83, 93, 97, 99, 106, 107, 109, 110, 116, 118, 128, 132, 134, 141, 142, 144, 145, 151]]
[309, 2.94041, [0, 1, 3, 4, 9, 10, 12, 13, 27, 28, 30, 31, 36, 37, 39, 40, 84, 85, 87, 99, 100, 102, 106, 107, 109, 121, 123, 124, 145, 150, 151, 153, 154, 252]]
[309, 2.94232, [0, 1, 3, 4, 9, 10, 12, 13, 27, 28, 30, 31, 36, 37, 39, 40, 84, 85, 87, 100, 101, 106, 107, 109, 110, 121, 123, 124, 126, 149, 150, 153, 154, 195]]
[309, 2.94021, [0, 1, 3, 4, 9, 10, 12, 13, 27, 28, 30, 31, 36, 37, 39, 40, 84, 85, 87, 100, 101, 106, 108, 109, 114, 121, 123, 124, 126, 149, 150, 153, 154, 253]]
[309, 2.94376, [0, 1, 3, 4, 9, 10, 12, 13, 27, 28, 30, 31, 36, 37, 39, 40, 84, 85, 88, 99, 101, 102, 107, 108, 111, 122, 124, 125, 127, 135, 144, 150, 154, 196]]
[309, 2.94205, [0, 1, 3, 4, 9, 10, 12, 13, 27, 28, 30, 31, 36, 37, 39, 40, 84, 85, 88, 99, 101, 102, 107, 108, 111, 122, 124, 127, 135, 144, 150, 151, 154, 196]]
[309, 2.94365, [0, 1, 3, 4, 9, 10, 12, 13, 27, 28, 30, 31, 36, 37, 39, 40, 84, 85, 93, 99, 100, 106, 108, 109, 111, 120, 121, 124, 135, 144, 145, 151, 152, 154]]
[309, 2.94179, [0, 1, 3, 4, 9, 10, 12, 13, 27, 28, 30, 31, 36, 37, 39, 40, 84, 85, 93, 100, 106, 108, 109, 111, 117, 120, 121, 124, 135, 144, 145, 151, 152, 154]]
[309, 2.94064, [0, 1, 3, 4, 9, 10, 12, 13, 27, 28, 30, 31, 36, 37, 39, 40, 84, 85, 99, 100, 102, 106, 108, 109, 111, 121, 124, 135, 144, 145, 147, 151, 152, 154]]
[309, 2.94214, [0, 1, 3, 4, 9, 10, 12, 13, 27, 28, 30, 31, 36, 37, 39, 40, 84, 85, 99, 100, 105, 107, 108, 112, 118, 120, 121, 123, 127, 144, 145, 148, 150, 153]]
[309, 2.94042, [0, 1, 3, 4, 9, 10, 12, 13, 27, 28, 30, 31, 36, 37, 39, 40, 84, 85, 99, 100, 105, 107, 108, 112, 118, 120, 121, 123, 144, 145, 148, 150, 153, 154]]
[309, 2.94191, [0, 1, 3, 4, 9, 10, 12, 13, 27, 28, 30, 31, 36, 37, 39, 40, 84, 86, 98, 99, 104, 105, 108, 113, 115, 116, 120, 123, 139, 143, 149, 150, 152, 153]]
[309, 2.94072, [0, 1, 3, 4, 9, 10, 12, 13, 27, 28, 30, 31, 36, 37, 39, 40, 84, 87, 88, 98, 99, 102, 104, 115, 118, 122, 123, 125, 130, 133, 150, 153, 154, 252]]
[309, 2.94232, [0, 1, 3, 4, 9, 10, 12, 13, 27, 28, 30, 31, 36, 37, 39, 40, 84, 87, 97, 100, 101, 104, 106, 109, 119, 120, 122, 130, 133, 142, 145, 149, 150, 152]]
[309, 2.94047, [0, 1, 3, 4, 9, 10, 12, 13, 27, 28, 30, 31, 36, 37, 39, 40, 84, 87, 97, 100, 101, 104, 106, 109, 119, 122, 130, 133, 139, 142, 149, 150, 152, 153]]
[309, 2.94077, [0, 1, 3, 4, 9, 10, 12, 13, 27, 28, 30, 31, 36, 37, 39, 40, 84, 90, 98, 101, 102, 108, 110, 111, 113, 117, 127, 134, 135, 139, 145, 147, 148, 154]]
[309, 2.94058, [0, 1, 3, 4, 9, 10, 12, 13, 27, 28, 30, 31, 36, 37, 39, 40, 84, 96, 97, 100, 102, 106, 111, 113, 114, 119, 121, 133, 134, 139, 143, 148, 150, 151]]
[309, 2.94162, [0, 1, 3, 4, 9, 10, 12, 13, 27, 28, 30, 31, 36, 37, 39, 40, 85, 86, 90, 96, 98, 104, 108, 109, 113, 115, 119, 124, 137, 138, 147, 151, 154, 253]]
[309, 2.94075, [0, 1, 3, 4, 9, 10, 12, 13, 27, 28, 30, 31, 36, 37, 39, 40, 85, 87, 93, 102, 105, 109, 110, 112, 120, 121, 124, 126, 129, 141, 145, 151, 152, 154]]
[309, 2.94347, [0, 1, 3, 4, 9, 10, 12, 13, 27, 28, 30, 31, 36, 37, 39, 40, 85, 91, 95, 98, 100, 103, 104, 107, 112, 125, 127, 132, 135, 136, 141, 144, 148, 149]]
[309, 2.9412, [0, 1, 3, 4, 9, 10, 12, 13, 27, 28, 30, 31, 36, 37, 39, 40, 85, 95, 99, 101, 102, 104, 110, 111, 114, 115, 122, 132, 136, 138, 141, 147, 148, 152]]
[309, 2.94039, [0, 1, 3, 4, 9, 10, 12, 13, 27, 28, 30, 31, 36, 37, 39, 40, 85, 97, 98, 101, 103, 107, 112, 114, 115, 119, 120, 122, 136, 138, 144, 148, 149, 151]]
[309, 2.94028, [0, 1, 3, 4, 9, 10, 12, 13, 27, 28, 30, 31, 36, 37, 39, 40, 85, 99, 100, 102, 106, 114, 116, 117, 121, 124, 138, 141, 145, 150, 151, 153, 154, 256, 258]]
[309, 2.94048, [0, 1, 3, 4, 9, 10, 12, 13, 27, 28, 30, 31, 36, 37, 39, 40, 86, 88, 89, 93, 94, 96, 101, 105, 107, 110, 123, 129, 130, 143, 154, 195, 196, 265]]
[309, 2.94434, [0, 1, 3, 4, 9, 10, 12, 13, 27, 28, 30, 31, 36, 37, 39, 40, 86, 89, 91, 94, 98, 100, 103, 104, 116, 118, 123, 124, 126, 131, 137, 140, 153, 254]]
[309, 2.94155, [0, 1, 3, 4, 9, 10, 12, 13, 27, 28, 30, 31, 36, 37, 39, 40, 87, 93, 97, 98, 100, 105, 106, 108, 122, 124, 127, 128, 131, 133, 141, 145, 152, 153]]
[309, 2.94108, [0, 1, 3, 4, 9, 10, 12, 13, 27, 28, 30, 31, 36, 37, 39, 40, 87, 98, 99, 103, 106, 112, 115, 122, 123, 130, 133, 139, 142, 149, 150, 152, 153, 225, 252]]
[309, 2.94168, [0, 1, 3, 4, 9, 10, 12, 13, 27, 28, 30, 31, 36, 37, 39, 40, 89, 92, 97, 100, 104, 106, 109, 110, 113, 124, 125, 127, 132, 133, 136, 143, 149, 152]]
[309, 2.94256, [0, 1, 3, 4, 9, 10, 12, 13, 27, 28, 30, 31, 36, 37, 39, 40, 90, 92, 97, 98, 100, 105, 109, 111, 114, 115, 127, 129, 134, 135, 137, 142, 146, 151]]
[309, 2.94365, [0, 1, 3, 4, 9, 10, 12, 13, 27, 28, 30, 31, 36, 37, 39, 40, 90, 94, 96, 97, 99, 105, 106, 109, 110, 117, 127, 131, 133, 134, 136, 142, 146, 147]]
[309, 2.94163, [0, 1, 3, 4, 9, 10, 12, 13, 27, 28, 30, 31, 36, 37, 39, 40, 91, 92, 97, 98, 100, 106, 107, 110, 111, 126, 127, 132, 134, 135, 139, 140, 149, 150]]
[309, 2.94192, [0, 1, 3, 4, 9, 10, 12, 13, 27, 28, 30, 31, 36, 37, 39, 40, 91, 95, 97, 98, 100, 106, 107, 110, 111, 118, 128, 132, 134, 135, 137, 144, 147, 148]]
[309, 2.94026, [0, 1, 3, 4, 9, 10, 12, 13, 27, 28, 30, 31, 36, 37, 39, 40, 92, 93, 96, 97, 103, 105, 106, 108, 112, 125, 126, 129, 130, 136, 137, 139, 151, 195]]
[309, 2.94345, [0, 1, 3, 4, 9, 10, 12, 13, 27, 28, 30, 31, 36, 37, 39, 40, 92, 97, 98, 103, 105, 106, 110, 116, 119, 130, 136, 138, 139, 143, 149, 151, 152, 215, 254]]
[309, 2.94413, [0, 1, 3, 4, 9, 10, 12, 13, 27, 28, 30, 31, 36, 37, 39, 40, 93, 99, 101, 102, 104, 110, 113, 114, 130, 131, 136, 138, 139, 143, 144, 151, 153, 154, 254]]
[309, 2.94344, [0, 1, 3, 4, 9, 10, 12, 13, 27, 28, 30, 31, 36, 37, 39, 40, 93, 101, 102, 104, 105, 110, 113, 114, 130, 131, 136, 138, 139, 143, 144, 151, 153, 154, 254]]
[309, 2.94562, [0, 1, 3, 4, 9, 10, 12, 13, 27, 28, 30, 34, 36, 37, 39, 49, 79, 84, 99, 100, 103, 105, 108, 112, 115, 120, 123, 133, 139, 142, 144, 150, 152, 153, 259]]
[309, 2.94167, [0, 1, 3, 4, 9, 10, 12, 13, 27, 28, 30, 34, 36, 37, 39, 49, 79, 84, 99, 100, 103, 105, 108, 112, 115, 120, 123, 133, 139, 142, 150, 152, 153, 252, 259]]
[309, 2.94166, [0, 1, 3, 4, 9, 10, 12, 13, 27, 28, 30, 34, 36, 37, 39, 49, 79, 84, 99, 100, 103, 105, 108, 112, 115, 120, 123, 133, 139, 144, 150, 152, 153, 247, 259]]
[309, 2.9418, [0, 1, 3, 4, 9, 10, 12, 13, 27, 30, 31, 34, 36, 39, 40, 43, 94, 98, 100, 101, 103, 109, 110, 113, 114, 121, 131, 135, 137, 138, 140, 146, 147, 150, 151]]
[309, 2.94398, [0, 1, 3, 4, 9, 10, 12, 13, 28, 29, 31, 32, 37, 38, 40, 41, 84, 85, 99, 100, 105, 106, 108, 109, 120, 121, 123, 124, 144, 145, 150, 151, 153, 154, 255]]
[309, 2.9427, [0, 1, 3, 4, 9, 10, 12, 13, 28, 29, 31, 32, 37, 38, 40, 41, 84, 85, 99, 100, 106, 108, 109, 111, 120, 121, 124, 135, 144, 145, 147, 151, 152, 154, 255]]
[309, 2.94221, [0, 1, 3, 4, 9, 10, 12, 13, 28, 29, 31, 32, 38, 39, 41, 42, 85, 86, 88, 93, 102, 103, 107, 108, 110, 115, 124, 125, 136, 149, 150, 152, 153, 253, 254]]
[309, 2.94303, [0, 1, 3, 4, 9, 10, 12, 13, 29, 30, 33, 35, 38, 39, 42, 44, 52, 82, 98, 99, 102, 107, 108, 111, 113, 121, 133, 138, 139, 141, 142, 147, 148, 150, 199]]

Search completed in 171 hours, 55 minutes, and 39.069 seconds.  Enter a string to quit.