Enter an integer k for which our Kempner sets are k-free: 3
Enter a positive integer modulus b: 159
Enter estimation parameters, or * for pre-computed parameters ([0.077, 1.0571, 1.4009]): *
Enter a threshold (e.g. 4.2) to determine printed output: 2.86
Enter a root for the search space (e.g. [0, 1, 2]) [or * for the root [0]]: *
Enter an upper bound for the size of allowable digit sets [or * to ignore]: 29
Enter a maximal number of deviations from a greedy search [or * to ignore]: *
Searching for k-free sets mod b...

[159, 2.86294, [0, 1, 3, 4, 9, 10, 12, 13, 27, 28, 30, 31, 36, 38, 65, 74, 78, 106, 116, 122, 124]]
[159, 2.86292, [0, 1, 3, 4, 9, 10, 12, 13, 27, 28, 30, 31, 38, 65, 68, 69, 74, 77, 78, 104, 113]]
[159, 2.86199, [0, 1, 3, 4, 9, 10, 12, 13, 27, 28, 30, 31, 38, 65, 68, 69, 74, 77, 78, 104, 122]]
[159, 2.86192, [0, 1, 3, 4, 9, 10, 12, 13, 27, 28, 30, 31, 39, 64, 67, 71, 72, 76, 79, 102, 123]]
[159, 2.86228, [0, 1, 3, 4, 9, 10, 12, 13, 27, 28, 30, 34, 36, 37, 49, 66, 75, 76, 78, 79]]
[159, 2.87229, [0, 1, 3, 4, 9, 10, 12, 13, 27, 28, 30, 34, 36, 49, 61, 66, 74, 75, 78, 79, 142]]
[159, 2.87066, [0, 1, 3, 4, 9, 10, 12, 13, 27, 28, 30, 36, 40, 49, 61, 65, 66, 74, 75, 78, 142]]
[159, 2.87168, [0, 1, 3, 4, 9, 10, 12, 13, 27, 28, 30, 36, 40, 58, 61, 65, 66, 73, 75, 78, 97]]
[159, 2.86076, [0, 1, 3, 4, 9, 10, 12, 13, 27, 28, 30, 36, 40, 58, 65, 66, 73, 75, 78, 97, 124]]
[159, 2.86867, [0, 1, 3, 4, 9, 10, 12, 13, 27, 28, 30, 36, 49, 58, 61, 65, 66, 75, 76, 78, 79]]
[159, 2.86032, [0, 1, 3, 4, 9, 10, 12, 13, 27, 28, 30, 36, 49, 58, 61, 65, 66, 75, 78, 79, 142]]
[159, 2.86231, [0, 1, 3, 4, 9, 10, 12, 13, 27, 28, 31, 33, 36, 37, 48, 67, 75, 76, 78, 79]]
[159, 2.87206, [0, 1, 3, 4, 9, 10, 12, 13, 27, 28, 32, 33, 35, 48, 49, 72, 74, 75, 77, 114, 125]]
[159, 2.86746, [0, 1, 3, 4, 9, 10, 12, 13, 27, 28, 32, 33, 48, 49, 58, 59, 72, 74, 75, 79, 142]]
[159, 2.8668, [0, 1, 3, 4, 9, 10, 12, 13, 27, 28, 32, 33, 48, 49, 58, 59, 72, 74, 78, 79, 142]]
[159, 2.8661, [0, 1, 3, 4, 9, 10, 12, 13, 27, 28, 32, 33, 48, 49, 58, 59, 74, 75, 78, 79, 142]]
[159, 2.86394, [0, 1, 3, 4, 9, 10, 12, 13, 27, 28, 32, 33, 48, 49, 59, 67, 72, 74, 78, 79, 142]]
[159, 2.86964, [0, 1, 3, 4, 9, 10, 12, 13, 27, 28, 32, 33, 48, 58, 59, 67, 71, 72, 74, 78, 79]]
[159, 2.86796, [0, 1, 3, 4, 9, 10, 12, 13, 27, 28, 32, 35, 48, 49, 59, 62, 72, 73, 77, 79, 101]]
[159, 2.86773, [0, 1, 3, 4, 9, 10, 12, 13, 27, 28, 32, 35, 48, 49, 59, 62, 72, 74, 77, 79, 101]]
[159, 2.86749, [0, 1, 3, 4, 9, 10, 12, 13, 27, 28, 32, 35, 48, 49, 59, 62, 73, 74, 77, 79, 101]]
[159, 2.86656, [0, 1, 3, 4, 9, 10, 12, 13, 27, 28, 32, 35, 48, 49, 59, 65, 73, 74, 77, 79, 101]]
[159, 2.86555, [0, 1, 3, 4, 9, 10, 12, 13, 27, 28, 32, 35, 48, 49, 62, 65, 73, 74, 77, 79, 101]]
[159, 2.86574, [0, 1, 3, 4, 9, 10, 12, 13, 27, 28, 33, 34, 36, 37, 48, 49, 75, 76, 78, 79]]
[159, 2.8671, [0, 1, 3, 4, 9, 10, 12, 13, 27, 28, 33, 35, 36, 40, 48, 49, 64, 73, 74, 78]]
[159, 2.86687, [0, 1, 3, 4, 9, 10, 12, 13, 27, 28, 33, 35, 36, 40, 48, 49, 64, 73, 75, 78]]
[159, 2.86663, [0, 1, 3, 4, 9, 10, 12, 13, 27, 28, 33, 35, 36, 40, 48, 49, 64, 74, 75, 78]]
[159, 2.86084, [0, 1, 3, 4, 9, 10, 12, 13, 27, 29, 30, 32, 36, 65, 66, 73, 74, 77, 79, 107, 115]]
[159, 2.87051, [0, 1, 3, 4, 9, 10, 12, 13, 27, 29, 30, 32, 43, 65, 68, 69, 75, 79, 105, 113, 139, 143]]
[159, 2.86201, [0, 1, 3, 4, 9, 10, 12, 13, 27, 29, 30, 34, 35, 37, 52, 63, 72, 76, 78, 79]]
[159, 2.86828, [0, 1, 3, 4, 9, 10, 12, 13, 27, 29, 30, 34, 37, 43, 63, 66, 72, 75, 79, 112, 139]]
[159, 2.86592, [0, 1, 3, 4, 9, 10, 12, 13, 27, 29, 30, 38, 43, 52, 62, 68, 69, 71, 78, 79, 102]]
[159, 2.86323, [0, 1, 3, 4, 9, 10, 12, 13, 27, 29, 32, 36, 47, 56, 73, 74, 77, 78, 113, 115, 126, 128]]
[159, 2.86276, [0, 1, 3, 4, 9, 10, 12, 13, 27, 29, 32, 36, 47, 56, 74, 75, 77, 78, 113, 115, 126, 128]]
[159, 2.86037, [0, 1, 3, 4, 9, 10, 12, 13, 27, 29, 34, 38, 52, 60, 62, 71, 74, 79, 102, 122, 126, 128]]
[159, 2.89356, [0, 1, 3, 4, 9, 10, 12, 13, 27, 29, 34, 40, 47, 52, 61, 62, 66, 69, 73, 74, 78, 102]]
[159, 2.86326, [0, 1, 3, 4, 9, 10, 12, 13, 27, 29, 34, 40, 47, 52, 61, 62, 66, 69, 73, 74, 102]]
[159, 2.86237, [0, 1, 3, 4, 9, 10, 12, 13, 27, 29, 34, 40, 47, 52, 61, 62, 66, 69, 73, 78, 102]]
[159, 2.86214, [0, 1, 3, 4, 9, 10, 12, 13, 27, 29, 34, 40, 47, 52, 61, 62, 66, 69, 74, 78, 102]]
[159, 2.86113, [0, 1, 3, 4, 9, 10, 12, 13, 27, 29, 34, 40, 47, 52, 61, 62, 66, 73, 74, 78, 102]]
[159, 2.8603, [0, 1, 3, 4, 9, 10, 12, 13, 27, 29, 34, 40, 47, 52, 61, 62, 69, 73, 74, 78, 102]]
[159, 2.88147, [0, 1, 3, 4, 9, 10, 12, 13, 27, 29, 34, 40, 47, 52, 61, 66, 69, 73, 74, 78, 102, 141]]
[159, 2.88114, [0, 1, 3, 4, 9, 10, 12, 13, 27, 29, 34, 40, 47, 52, 62, 66, 69, 73, 74, 78, 102, 141]]
[159, 2.87047, [0, 1, 3, 4, 9, 10, 12, 13, 27, 29, 34, 40, 47, 52, 66, 69, 73, 74, 78, 102, 124, 141]]
[159, 2.86813, [0, 1, 3, 4, 9, 10, 12, 13, 27, 29, 34, 47, 52, 61, 62, 71, 73, 74, 78, 79, 102, 128]]
[159, 2.8655, [0, 1, 3, 4, 9, 10, 12, 13, 27, 29, 34, 47, 52, 61, 62, 71, 73, 74, 78, 79, 126, 128]]
[159, 2.86148, [0, 1, 3, 4, 9, 10, 12, 13, 27, 29, 34, 47, 52, 61, 62, 71, 73, 74, 79, 102, 126, 128]]
[159, 2.86797, [0, 1, 3, 4, 9, 10, 12, 13, 27, 31, 32, 34, 38, 43, 46, 47, 57, 69, 70, 78]]
[159, 2.87985, [0, 1, 3, 4, 9, 10, 12, 13, 27, 31, 32, 34, 38, 46, 47, 57, 69, 70, 77, 78, 117]]
[159, 2.87284, [0, 1, 3, 4, 9, 10, 12, 13, 27, 31, 32, 34, 46, 47, 57, 66, 70, 71, 73, 77, 78]]
[159, 2.86141, [0, 1, 3, 4, 9, 10, 12, 13, 27, 31, 32, 36, 38, 39, 43, 56, 57, 70, 79, 94]]
[159, 2.86131, [0, 1, 3, 4, 9, 10, 12, 13, 27, 31, 32, 36, 38, 48, 56, 57, 77, 79, 94, 107, 115]]
[159, 2.88051, [0, 1, 3, 4, 9, 10, 12, 13, 27, 31, 32, 36, 43, 47, 48, 56, 66, 70, 75, 78, 79]]
[159, 2.87095, [0, 1, 3, 4, 9, 10, 12, 13, 27, 31, 32, 36, 43, 47, 48, 56, 66, 75, 78, 79, 139]]
[159, 2.87229, [0, 1, 3, 4, 9, 10, 12, 13, 27, 31, 32, 36, 47, 48, 56, 57, 70, 73, 74, 77, 79]]
[159, 2.8689, [0, 1, 3, 4, 9, 10, 12, 13, 27, 31, 32, 36, 47, 48, 56, 66, 70, 73, 75, 78, 79]]
[159, 2.86169, [0, 1, 3, 4, 9, 10, 12, 13, 27, 31, 32, 36, 47, 48, 56, 66, 74, 75, 77, 78, 115]]
[159, 2.86127, [0, 1, 3, 4, 9, 10, 12, 13, 27, 31, 32, 36, 47, 48, 56, 66, 74, 75, 78, 79, 115]]
[159, 2.86331, [0, 1, 3, 4, 9, 10, 12, 13, 27, 31, 33, 34, 36, 46, 48, 74, 75, 78, 94, 106, 124]]
[159, 2.86056, [0, 1, 3, 4, 9, 10, 12, 13, 27, 31, 33, 36, 46, 48, 55, 67, 73, 75, 76, 78, 127]]
[159, 2.86435, [0, 1, 3, 4, 9, 10, 12, 13, 27, 32, 33, 35, 46, 47, 49, 68, 72, 74, 75, 77, 125]]
[159, 2.86382, [0, 1, 3, 4, 9, 10, 12, 13, 27, 32, 33, 35, 46, 48, 49, 68, 72, 74, 75, 77, 125]]
[159, 2.86527, [0, 1, 3, 4, 9, 10, 12, 13, 27, 33, 36, 43, 47, 48, 52, 55, 64, 70, 75, 78, 79]]
[159, 2.86109, [0, 1, 3, 4, 9, 10, 12, 13, 27, 36, 43, 47, 52, 55, 56, 64, 70, 75, 78, 79, 96, 126]]
[159, 2.87227, [0, 1, 3, 4, 9, 10, 12, 13, 28, 29, 31, 32, 38, 42, 65, 69, 70, 77, 78, 93, 104]]
[159, 2.8605, [0, 1, 3, 4, 9, 10, 12, 13, 28, 29, 31, 35, 36, 40, 64, 65, 74, 78, 110, 122, 140]]
[159, 2.86177, [0, 1, 3, 4, 9, 10, 12, 13, 28, 29, 31, 37, 41, 60, 63, 75, 77, 93, 115, 127, 129, 135]]
[159, 2.86185, [0, 1, 3, 4, 9, 10, 12, 13, 28, 29, 31, 37, 42, 60, 63, 67, 69, 76, 77, 79, 93]]
[159, 2.86115, [0, 1, 3, 4, 9, 10, 12, 13, 28, 29, 32, 33, 40, 50, 59, 69, 73, 75, 93, 103, 107]]
[159, 2.86559, [0, 1, 3, 4, 9, 10, 12, 13, 28, 29, 32, 33, 42, 50, 59, 69, 70, 73, 78, 93, 103]]
[159, 2.86468, [0, 1, 3, 4, 9, 10, 12, 13, 28, 29, 32, 33, 42, 50, 59, 69, 70, 77, 78, 93, 103]]
[159, 2.86022, [0, 1, 3, 4, 9, 10, 12, 13, 28, 29, 32, 33, 42, 50, 59, 69, 70, 78, 93, 103, 104]]
[159, 2.86368, [0, 1, 3, 4, 9, 10, 12, 13, 28, 29, 32, 33, 42, 50, 59, 70, 73, 77, 78, 93, 103]]
[159, 2.86347, [0, 1, 3, 4, 9, 10, 12, 13, 28, 29, 32, 33, 42, 50, 59, 70, 73, 77, 79, 93, 103]]
[159, 2.86326, [0, 1, 3, 4, 9, 10, 12, 13, 28, 29, 32, 33, 42, 50, 59, 70, 73, 78, 79, 93, 103]]
[159, 2.88447, [0, 1, 3, 4, 9, 10, 12, 13, 28, 29, 32, 33, 42, 59, 67, 69, 70, 77, 78, 93, 103, 104]]
[159, 2.86747, [0, 1, 3, 4, 9, 10, 12, 13, 28, 29, 32, 38, 42, 50, 59, 65, 69, 70, 77, 78, 93]]
[159, 2.86301, [0, 1, 3, 4, 9, 10, 12, 13, 28, 29, 32, 38, 42, 50, 59, 65, 69, 70, 78, 93, 104]]
[159, 2.86086, [0, 1, 3, 4, 9, 10, 12, 13, 28, 30, 33, 34, 45, 49, 61, 69, 71, 72, 76, 79, 123]]
[159, 2.86019, [0, 1, 3, 4, 9, 10, 12, 13, 28, 30, 36, 38, 49, 54, 58, 61, 74, 79, 114, 126, 132, 142]]
[159, 2.8622, [0, 1, 3, 4, 9, 10, 12, 13, 28, 32, 33, 37, 45, 48, 49, 67, 69, 72, 76, 79, 123]]
[159, 2.86423, [0, 1, 3, 4, 9, 10, 12, 13, 28, 32, 33, 37, 45, 48, 49, 67, 69, 75, 76, 79, 99]]
[159, 2.86561, [0, 1, 3, 4, 9, 10, 12, 13, 28, 33, 35, 41, 45, 51, 59, 68, 71, 75, 76, 113, 125, 145]]
[159, 2.86087, [0, 1, 3, 4, 9, 10, 12, 13, 28, 33, 35, 45, 49, 51, 59, 68, 71, 75, 76, 113, 125, 145]]
[159, 2.86151, [0, 1, 3, 4, 9, 10, 12, 13, 28, 36, 38, 49, 50, 54, 61, 74, 78, 79, 114, 126, 132, 140, 142]]
[159, 2.86535, [0, 1, 3, 4, 9, 10, 12, 13, 29, 30, 32, 38, 42, 43, 53, 62, 65, 69, 70, 104, 144]]
[159, 2.87387, [0, 1, 3, 4, 9, 10, 12, 13, 29, 35, 37, 38, 42, 43, 50, 52, 56, 59, 78, 79, 93]]
[159, 2.86186, [0, 1, 3, 4, 9, 10, 12, 13, 29, 35, 37, 38, 42, 43, 50, 53, 59, 78, 79, 95, 110]]
[159, 2.88819, [0, 1, 3, 4, 9, 10, 12, 13, 29, 35, 37, 38, 42, 43, 50, 56, 59, 78, 79, 93, 95, 110]]
[159, 2.86094, [0, 1, 3, 4, 9, 10, 12, 13, 29, 35, 37, 38, 42, 43, 50, 56, 59, 78, 79, 93, 110]]
[159, 2.86064, [0, 1, 3, 4, 9, 10, 12, 13, 29, 35, 37, 38, 42, 43, 50, 56, 59, 78, 79, 95, 110]]
[159, 2.87455, [0, 1, 3, 4, 9, 10, 12, 13, 30, 31, 33, 38, 42, 69, 70, 78, 93, 94, 104, 106, 112, 122, 124]]
[159, 2.88653, [0, 1, 3, 4, 9, 10, 12, 13, 30, 31, 35, 41, 44, 46, 54, 55, 63, 65, 68, 74, 140, 143]]
[159, 2.86404, [0, 1, 3, 4, 9, 10, 12, 13, 30, 31, 35, 41, 44, 46, 54, 55, 63, 65, 68, 74, 143]]
[159, 2.87698, [0, 1, 3, 4, 9, 10, 12, 13, 30, 31, 35, 41, 44, 46, 54, 55, 65, 68, 74, 116, 140, 143]]
[159, 2.86789, [0, 1, 3, 4, 9, 10, 12, 13, 30, 31, 35, 41, 44, 46, 54, 55, 65, 68, 116, 140, 143, 145]]
[159, 2.87619, [0, 1, 3, 4, 9, 10, 12, 13, 30, 31, 35, 41, 44, 46, 54, 55, 65, 71, 74, 116, 140, 143]]
[159, 2.8671, [0, 1, 3, 4, 9, 10, 12, 13, 30, 31, 35, 41, 44, 46, 54, 55, 65, 71, 116, 140, 143, 145]]
[159, 2.86625, [0, 1, 3, 4, 9, 10, 12, 13, 30, 31, 35, 41, 44, 46, 54, 55, 68, 71, 116, 140, 143, 145]]
[159, 2.86174, [0, 1, 3, 4, 9, 10, 12, 13, 30, 31, 35, 41, 44, 46, 54, 55, 68, 94, 116, 140, 143, 145]]
[159, 2.86334, [0, 1, 3, 4, 9, 10, 12, 13, 30, 32, 33, 40, 42, 46, 58, 69, 78, 93, 94, 118, 122, 136]]
[159, 2.86674, [0, 1, 3, 4, 9, 10, 12, 13, 30, 32, 38, 42, 43, 49, 53, 58, 62, 65, 69, 70, 79]]
[159, 2.88085, [0, 1, 3, 4, 9, 10, 12, 13, 31, 32, 35, 41, 45, 46, 48, 56, 68, 74, 76, 94, 98, 141]]
[159, 2.86823, [0, 1, 3, 4, 9, 10, 12, 13, 31, 33, 37, 38, 46, 48, 51, 60, 68, 78, 94, 106, 112, 138]]
[159, 2.86248, [0, 1, 3, 4, 9, 10, 12, 13, 31, 35, 36, 40, 42, 46, 47, 51, 64, 65, 73, 78, 140]]
[159, 2.8662, [0, 1, 3, 4, 9, 10, 12, 13, 31, 35, 36, 40, 42, 51, 55, 56, 64, 78, 94, 96, 138, 140]]
[159, 2.86214, [0, 1, 3, 4, 9, 10, 12, 13, 31, 35, 37, 40, 41, 44, 46, 54, 56, 63, 93, 94, 110]]
[159, 2.86279, [0, 1, 3, 4, 9, 10, 12, 13, 32, 35, 41, 45, 46, 48, 56, 59, 68, 74, 76, 94, 98, 141]]
[159, 2.88128, [0, 1, 3, 4, 9, 10, 12, 13, 35, 37, 38, 42, 43, 45, 50, 54, 56, 59, 79, 93, 94, 110]]
[159, 2.86971, [0, 1, 3, 4, 9, 10, 12, 13, 35, 37, 38, 42, 43, 45, 50, 54, 59, 79, 93, 94, 110, 112]]
[159, 2.86359, [0, 1, 3, 4, 9, 10, 12, 22, 25, 26, 29, 31, 39, 45, 60, 63, 67, 70, 72, 76, 79]]
[159, 2.8619, [0, 1, 3, 4, 9, 10, 12, 22, 25, 26, 29, 31, 39, 45, 60, 63, 67, 70, 72, 76, 88]]
[159, 2.86653, [0, 1, 3, 4, 9, 10, 12, 22, 25, 26, 33, 53, 55, 58, 59, 64, 68, 71, 76, 79, 123, 129, 131]]
[159, 2.86121, [0, 1, 3, 4, 9, 10, 12, 22, 26, 27, 31, 39, 46, 57, 60, 64, 67, 72, 73, 76, 96, 109]]
[159, 2.8668, [0, 1, 3, 4, 9, 10, 12, 22, 26, 28, 29, 33, 45, 59, 60, 67, 69, 70, 72, 76, 88, 121]]
[159, 2.86222, [0, 1, 3, 4, 9, 10, 12, 22, 26, 28, 29, 33, 45, 59, 60, 67, 69, 70, 72, 88, 103, 121]]
[159, 2.86444, [0, 1, 3, 4, 9, 11, 12, 16, 25, 26, 33, 44, 53, 56, 58, 61, 67, 70, 71, 74, 99, 146]]
[159, 2.86329, [0, 1, 3, 4, 9, 11, 12, 16, 25, 27, 30, 36, 55, 58, 62, 65, 67, 73, 77, 78, 117, 139]]
[159, 2.86425, [0, 1, 3, 4, 9, 11, 12, 16, 25, 27, 33, 36, 40, 48, 52, 58, 59, 67, 73, 74, 97]]
[159, 2.86756, [0, 1, 3, 4, 9, 11, 12, 16, 25, 27, 36, 40, 48, 52, 58, 59, 62, 67, 73, 74, 126, 128]]
[159, 2.86235, [0, 1, 3, 4, 9, 11, 12, 16, 25, 27, 36, 40, 48, 52, 58, 62, 67, 73, 74, 78, 126, 128]]
[159, 2.86212, [0, 1, 3, 4, 9, 11, 12, 16, 25, 27, 36, 40, 48, 52, 58, 62, 67, 73, 75, 78, 126, 128]]
[159, 2.86188, [0, 1, 3, 4, 9, 11, 12, 16, 25, 27, 36, 40, 48, 52, 58, 62, 67, 74, 75, 78, 126, 128]]

Search completed in 0 hours, 52 minutes, and 13.697 seconds.  Enter a string to quit.