Enter an integer k for which our Kempner sets are k-free: 3
Enter a positive integer modulus b: 205
Enter estimation parameters, or * for pre-computed parameters ([0.0717, 1.053, 1.3803]): *
Enter a threshold (e.g. 4.2) to determine printed output: 2.92
Enter a root for the search space (e.g. [0, 1, 2]) [or * for the root [0]]: *
Enter an upper bound for the size of allowable digit sets [or * to ignore]: 32
Enter a maximal number of deviations from a greedy search [or * to ignore]: *
Searching for k-free sets mod b...

[205, 2.92433, [0, 1, 3, 4, 9, 10, 12, 13, 27, 28, 30, 31, 36, 37, 39, 40, 81, 82, 84, 85, 90, 94, 97, 101, 102]]
[205, 2.92495, [0, 1, 3, 4, 9, 10, 12, 13, 27, 28, 30, 31, 36, 37, 39, 40, 81, 82, 84, 85, 92, 94, 95, 97, 101]]
[205, 2.92454, [0, 1, 3, 4, 9, 10, 12, 13, 27, 28, 30, 31, 36, 37, 39, 40, 81, 82, 84, 85, 92, 94, 97, 98, 101]]
[205, 2.92359, [0, 1, 3, 4, 9, 10, 12, 13, 27, 28, 30, 31, 36, 37, 39, 40, 81, 82, 84, 85, 94, 95, 97, 101, 102]]
[205, 2.92345, [0, 1, 3, 4, 9, 10, 12, 13, 27, 28, 30, 31, 36, 37, 39, 40, 81, 82, 84, 85, 94, 95, 99, 100, 102]]
[205, 2.92333, [0, 1, 3, 4, 9, 10, 12, 13, 27, 28, 30, 31, 36, 37, 39, 40, 81, 82, 84, 85, 94, 95, 99, 101, 102]]
[205, 2.92345, [0, 1, 3, 4, 9, 10, 12, 13, 27, 28, 30, 31, 36, 37, 39, 40, 81, 82, 84, 85, 94, 96, 97, 101, 102]]
[205, 2.92317, [0, 1, 3, 4, 9, 10, 12, 13, 27, 28, 30, 31, 36, 37, 39, 40, 81, 82, 84, 88, 89, 98, 99, 101, 102]]
[205, 2.92376, [0, 1, 3, 4, 9, 10, 12, 13, 27, 28, 30, 31, 36, 37, 39, 40, 81, 82, 84, 89, 92, 93, 98, 99, 101]]
[205, 2.92278, [0, 1, 3, 4, 9, 10, 12, 13, 27, 28, 30, 31, 36, 37, 39, 40, 81, 82, 84, 90, 94, 95, 97, 101, 102]]
[205, 2.9246, [0, 1, 3, 4, 9, 10, 12, 13, 27, 28, 30, 31, 36, 37, 39, 40, 81, 82, 85, 86, 92, 94, 95, 97, 101]]
[205, 2.92421, [0, 1, 3, 4, 9, 10, 12, 13, 27, 28, 30, 31, 36, 37, 39, 40, 81, 82, 85, 86, 92, 94, 95, 100, 101]]
[205, 2.92379, [0, 1, 3, 4, 9, 10, 12, 13, 27, 28, 30, 31, 36, 37, 39, 40, 81, 82, 85, 86, 92, 95, 97, 100, 101]]
[205, 2.92392, [0, 1, 3, 4, 9, 10, 12, 13, 27, 28, 30, 31, 36, 37, 39, 40, 81, 82, 85, 86, 93, 95, 96, 98, 102]]
[205, 2.92351, [0, 1, 3, 4, 9, 10, 12, 13, 27, 28, 30, 31, 36, 37, 39, 40, 81, 82, 85, 86, 93, 95, 98, 99, 102]]
[205, 2.92379, [0, 1, 3, 4, 9, 10, 12, 13, 27, 28, 30, 31, 36, 37, 39, 40, 81, 82, 85, 87, 90, 96, 97, 100, 101]]
[205, 2.92294, [0, 1, 3, 4, 9, 10, 12, 13, 27, 28, 30, 31, 36, 37, 39, 40, 81, 82, 85, 87, 94, 95, 99, 100, 102]]
[205, 2.92472, [0, 1, 3, 4, 9, 10, 12, 13, 27, 28, 30, 31, 36, 37, 39, 40, 81, 82, 86, 87, 89, 94, 95, 98, 100]]
[205, 2.92379, [0, 1, 3, 4, 9, 10, 12, 13, 27, 28, 30, 31, 36, 37, 39, 40, 81, 82, 86, 87, 89, 95, 98, 99, 102]]
[205, 2.92353, [0, 1, 3, 4, 9, 10, 12, 13, 27, 28, 30, 31, 36, 37, 39, 40, 81, 82, 86, 87, 89, 95, 99, 100, 102]]
[205, 2.92299, [0, 1, 3, 4, 9, 10, 12, 13, 27, 28, 30, 31, 36, 37, 39, 40, 81, 82, 86, 87, 89, 98, 99, 101, 102]]
[205, 2.92352, [0, 1, 3, 4, 9, 10, 12, 13, 27, 28, 30, 31, 36, 37, 39, 40, 81, 82, 86, 88, 89, 93, 99, 101, 102]]
[205, 2.92283, [0, 1, 3, 4, 9, 10, 12, 13, 27, 28, 30, 31, 36, 37, 39, 40, 81, 82, 86, 88, 89, 98, 99, 101, 102]]
[205, 2.92286, [0, 1, 3, 4, 9, 10, 12, 13, 27, 28, 30, 31, 36, 37, 39, 40, 81, 82, 86, 89, 93, 95, 98, 99, 102]]
[205, 2.92206, [0, 1, 3, 4, 9, 10, 12, 13, 27, 28, 30, 31, 36, 37, 39, 40, 81, 82, 86, 89, 93, 98, 99, 101, 102]]
[205, 2.92329, [0, 1, 3, 4, 9, 10, 12, 13, 27, 28, 30, 31, 36, 37, 39, 40, 81, 82, 87, 88, 90, 96, 97, 100, 101]]
[205, 2.92377, [0, 1, 3, 4, 9, 10, 12, 13, 27, 28, 30, 31, 36, 37, 39, 40, 81, 83, 84, 86, 93, 94, 98, 99, 101]]
[205, 2.92451, [0, 1, 3, 4, 9, 10, 12, 13, 27, 28, 30, 31, 36, 37, 39, 40, 81, 83, 84, 88, 89, 91, 96, 100, 102]]
[205, 2.92377, [0, 1, 3, 4, 9, 10, 12, 13, 27, 28, 30, 31, 36, 37, 39, 40, 81, 83, 84, 88, 89, 96, 98, 99, 101]]
[205, 2.92339, [0, 1, 3, 4, 9, 10, 12, 13, 27, 28, 30, 31, 36, 37, 39, 40, 81, 83, 84, 88, 89, 96, 98, 101, 102]]
[205, 2.92299, [0, 1, 3, 4, 9, 10, 12, 13, 27, 28, 30, 31, 36, 37, 39, 40, 81, 83, 84, 88, 89, 98, 99, 101, 102]]
[205, 2.92334, [0, 1, 3, 4, 9, 10, 12, 13, 27, 28, 30, 31, 36, 37, 39, 40, 81, 83, 84, 88, 91, 96, 97, 100, 102]]
[205, 2.92277, [0, 1, 3, 4, 9, 10, 12, 13, 27, 28, 30, 31, 36, 37, 39, 40, 81, 83, 84, 88, 94, 96, 97, 101, 102]]
[205, 2.92375, [0, 1, 3, 4, 9, 10, 12, 13, 27, 28, 30, 31, 36, 37, 39, 40, 81, 83, 84, 89, 90, 93, 98, 100, 101]]
[205, 2.92395, [0, 1, 3, 4, 9, 10, 12, 13, 27, 28, 30, 31, 36, 37, 39, 40, 81, 83, 86, 87, 92, 94, 95, 99, 100]]
[205, 2.92288, [0, 1, 3, 4, 9, 10, 12, 13, 27, 28, 30, 31, 36, 37, 39, 40, 81, 83, 86, 87, 92, 95, 99, 100, 102]]
[205, 2.92164, [0, 1, 3, 4, 9, 10, 12, 13, 27, 28, 30, 31, 36, 37, 39, 40, 81, 83, 87, 92, 94, 95, 99, 100, 102]]
[205, 2.9233, [0, 1, 3, 4, 9, 10, 12, 13, 27, 28, 30, 31, 36, 37, 39, 40, 81, 84, 85, 88, 90, 94, 97, 101, 102]]
[205, 2.923, [0, 1, 3, 4, 9, 10, 12, 13, 27, 28, 30, 31, 36, 37, 39, 40, 81, 84, 85, 88, 90, 97, 98, 100, 101]]
[205, 2.92275, [0, 1, 3, 4, 9, 10, 12, 13, 27, 28, 30, 31, 36, 37, 39, 40, 81, 84, 85, 88, 90, 97, 98, 101, 102]]
[205, 2.92242, [0, 1, 3, 4, 9, 10, 12, 13, 27, 28, 30, 31, 36, 37, 39, 40, 81, 84, 85, 88, 94, 96, 97, 101, 102]]
[205, 2.92276, [0, 1, 3, 4, 9, 10, 12, 13, 27, 28, 30, 31, 36, 37, 39, 40, 81, 85, 87, 88, 90, 96, 97, 100, 101]]
[205, 2.92249, [0, 1, 3, 4, 9, 10, 12, 13, 27, 28, 30, 31, 36, 37, 39, 40, 81, 85, 87, 88, 90, 97, 98, 100, 101]]
[205, 2.92224, [0, 1, 3, 4, 9, 10, 12, 13, 27, 28, 30, 31, 36, 37, 39, 40, 81, 85, 87, 88, 90, 97, 98, 101, 102]]
[205, 2.92355, [0, 1, 3, 4, 9, 10, 12, 13, 27, 28, 30, 31, 36, 37, 39, 40, 82, 83, 85, 86, 93, 95, 96, 98, 102]]
[205, 2.92315, [0, 1, 3, 4, 9, 10, 12, 13, 27, 28, 30, 31, 36, 37, 39, 40, 82, 83, 85, 86, 93, 95, 98, 99, 102]]
[205, 2.92238, [0, 1, 3, 4, 9, 10, 12, 13, 27, 28, 30, 31, 36, 37, 39, 40, 82, 83, 85, 90, 93, 94, 99, 100, 102]]
[205, 2.92321, [0, 1, 3, 4, 9, 10, 12, 13, 27, 28, 30, 31, 36, 37, 39, 40, 82, 83, 86, 87, 93, 95, 96, 98, 102]]
[205, 2.92283, [0, 1, 3, 4, 9, 10, 12, 13, 27, 28, 30, 31, 36, 37, 39, 40, 82, 83, 86, 87, 93, 95, 96, 101, 102]]
[205, 2.92242, [0, 1, 3, 4, 9, 10, 12, 13, 27, 28, 30, 31, 36, 37, 39, 40, 82, 83, 86, 87, 93, 96, 98, 101, 102]]
[205, 2.92241, [0, 1, 3, 4, 9, 10, 12, 13, 27, 28, 30, 31, 36, 37, 39, 40, 82, 83, 86, 88, 91, 97, 98, 101, 102]]
[205, 2.92333, [0, 1, 3, 4, 9, 10, 12, 13, 27, 28, 30, 31, 36, 37, 39, 40, 82, 83, 87, 88, 90, 95, 96, 99, 101]]
[205, 2.92193, [0, 1, 3, 4, 9, 10, 12, 13, 27, 28, 30, 31, 36, 37, 39, 40, 82, 83, 88, 89, 91, 97, 98, 101, 102]]
[205, 2.9224, [0, 1, 3, 4, 9, 10, 12, 13, 27, 28, 30, 31, 36, 37, 39, 40, 82, 84, 85, 87, 94, 95, 99, 100, 102]]
[205, 2.9224, [0, 1, 3, 4, 9, 10, 12, 13, 27, 28, 30, 31, 36, 37, 39, 40, 82, 84, 85, 89, 90, 97, 99, 100, 102]]
[205, 2.92238, [0, 1, 3, 4, 9, 10, 12, 13, 27, 28, 30, 31, 36, 37, 39, 40, 82, 84, 85, 90, 91, 94, 99, 101, 102]]
[205, 2.92257, [0, 1, 3, 4, 9, 10, 12, 13, 27, 28, 30, 31, 36, 37, 39, 40, 82, 84, 87, 88, 93, 95, 96, 100, 101]]
[205, 2.92164, [0, 1, 3, 4, 9, 10, 12, 13, 27, 28, 30, 31, 36, 37, 39, 40, 82, 85, 86, 89, 91, 98, 99, 101, 102]]
[205, 2.9214, [0, 1, 3, 4, 9, 10, 12, 13, 27, 28, 30, 31, 36, 37, 39, 40, 82, 86, 88, 89, 91, 97, 98, 101, 102]]
[205, 2.92114, [0, 1, 3, 4, 9, 10, 12, 13, 27, 28, 30, 31, 36, 37, 39, 40, 82, 86, 88, 89, 91, 98, 99, 101, 102]]
[205, 2.92196, [0, 1, 3, 4, 9, 10, 12, 13, 27, 28, 30, 31, 36, 37, 39, 40, 83, 84, 88, 89, 91, 96, 97, 100, 102]]
[205, 2.92122, [0, 1, 3, 4, 9, 10, 12, 13, 27, 28, 30, 31, 36, 37, 39, 40, 83, 85, 88, 89, 94, 96, 97, 101, 102]]
[205, 2.92265, [0, 1, 3, 4, 9, 10, 12, 13, 27, 28, 30, 31, 36, 37, 39, 76, 80, 81, 90, 94, 95, 97, 101, 102, 138, 146]]
[205, 2.9222, [0, 1, 3, 4, 9, 10, 12, 13, 27, 28, 30, 31, 36, 37, 39, 76, 80, 81, 92, 94, 95, 99, 100, 102, 138, 146]]
[205, 2.92208, [0, 1, 3, 4, 9, 10, 12, 13, 27, 28, 30, 31, 36, 37, 39, 76, 80, 81, 92, 94, 95, 99, 101, 102, 138, 146]]
[205, 2.92327, [0, 1, 3, 4, 9, 10, 12, 13, 27, 28, 30, 31, 36, 37, 39, 76, 80, 82, 90, 92, 95, 96, 99, 101, 138, 146]]
[205, 2.92246, [0, 1, 3, 4, 9, 10, 12, 13, 27, 28, 30, 31, 36, 37, 39, 76, 80, 82, 90, 94, 95, 97, 101, 102, 138, 146]]
[205, 2.9222, [0, 1, 3, 4, 9, 10, 12, 13, 27, 28, 30, 31, 36, 37, 39, 76, 80, 82, 90, 94, 95, 99, 101, 102, 138, 146]]
[205, 2.92298, [0, 1, 3, 4, 9, 10, 12, 13, 27, 28, 30, 31, 36, 37, 39, 76, 81, 82, 89, 92, 94, 98, 100, 101, 138, 146]]
[205, 2.92227, [0, 1, 3, 4, 9, 10, 12, 13, 27, 28, 30, 31, 36, 37, 39, 76, 81, 82, 90, 94, 95, 97, 101, 102, 138, 146]]
[205, 2.92661, [0, 1, 3, 4, 9, 10, 12, 13, 27, 28, 30, 34, 35, 39, 62, 71, 72, 76, 79, 83, 84, 88, 98, 99, 101, 102]]
[205, 2.92398, [0, 1, 3, 4, 9, 10, 12, 13, 27, 28, 30, 34, 35, 39, 62, 71, 72, 76, 79, 88, 91, 92, 98, 99, 101, 102]]
[205, 2.92182, [0, 1, 3, 4, 9, 10, 12, 13, 27, 28, 30, 34, 35, 39, 62, 72, 73, 79, 81, 87, 88, 91, 92, 98, 99, 129]]
[205, 2.92277, [0, 1, 3, 4, 9, 10, 12, 13, 27, 28, 31, 33, 36, 37, 48, 76, 77, 80, 81, 88, 90, 94, 97, 101, 102, 138]]
[205, 2.92222, [0, 1, 3, 4, 9, 10, 12, 13, 27, 28, 31, 33, 36, 37, 48, 76, 77, 80, 81, 88, 90, 97, 98, 101, 102, 138]]
[205, 2.92534, [0, 1, 3, 4, 9, 10, 12, 13, 27, 28, 32, 33, 35, 40, 59, 72, 73, 75, 81, 82, 84, 88, 97, 99, 100, 102]]
[205, 2.9243, [0, 1, 3, 4, 9, 10, 12, 13, 27, 28, 32, 33, 35, 40, 59, 72, 73, 75, 81, 82, 88, 93, 96, 97, 100, 102]]
[205, 2.92389, [0, 1, 3, 4, 9, 10, 12, 13, 27, 28, 32, 33, 35, 40, 59, 72, 73, 75, 81, 82, 88, 93, 97, 99, 100, 102]]
[205, 2.93183, [0, 1, 3, 4, 9, 10, 12, 13, 27, 28, 32, 33, 35, 59, 68, 72, 73, 75, 79, 80, 89, 93, 94, 96, 100, 102, 162]]
[205, 2.92429, [0, 1, 3, 4, 9, 10, 12, 13, 27, 28, 32, 34, 35, 39, 62, 71, 72, 76, 79, 83, 84, 88, 98, 99, 101, 102]]
[205, 2.92475, [0, 1, 3, 4, 9, 10, 12, 13, 27, 31, 33, 34, 38, 46, 48, 60, 70, 71, 77, 78, 81, 90, 97, 98, 100, 101]]
[205, 2.92108, [0, 1, 3, 4, 9, 10, 12, 13, 28, 29, 31, 32, 37, 39, 40, 72, 81, 82, 86, 88, 89, 93, 99, 101, 102, 156]]
[205, 2.92598, [0, 1, 3, 4, 9, 10, 12, 13, 28, 29, 31, 32, 37, 40, 41, 66, 75, 83, 85, 86, 90, 93, 98, 99, 102, 116]]
[205, 2.92156, [0, 1, 3, 4, 9, 10, 12, 13, 28, 29, 31, 37, 38, 41, 42, 60, 68, 77, 85, 87, 88, 90, 96, 100, 101, 156]]

Search completed in 4 hours, 36 minutes, and 8.794 seconds.  Enter a string to quit.