Enter an integer k for which our Kempner sets are k-free: 3
Enter a positive integer modulus b: 280
Enter estimation parameters, or * for pre-computed parameters ([0.0779, 1.5706, 1.2067]): *
Enter a threshold (e.g. 4.2) to determine printed output: 2.955
Enter a root for the search space (e.g. [0, 1, 2]) [or * for the root [0]]: *
Enter an upper bound for the size of allowable digit sets [or * to ignore]: 36
Enter a maximal number of deviations from a greedy search [or * to ignore]: *
Searching for k-free sets mod b...

[280, 2.96185, [0, 1, 3, 4, 9, 10, 12, 13, 27, 28, 30, 31, 36, 37, 39, 40, 81, 82, 84, 85, 90, 91, 93, 94, 108, 109, 111, 112, 117, 118, 120, 121]]
[280, 2.95786, [0, 1, 3, 4, 9, 10, 12, 13, 27, 28, 30, 31, 36, 37, 39, 40, 81, 82, 84, 90, 91, 93, 94, 103, 108, 109, 111, 117, 118, 120, 121, 130]]
[280, 2.95652, [0, 1, 3, 4, 9, 10, 12, 13, 27, 28, 30, 31, 36, 37, 39, 40, 81, 82, 84, 90, 91, 93, 94, 103, 108, 109, 111, 117, 118, 120, 130, 139]]
[280, 2.95628, [0, 1, 3, 4, 9, 10, 12, 13, 27, 28, 30, 31, 36, 37, 39, 40, 81, 82, 84, 90, 91, 93, 94, 108, 109, 111, 112, 117, 118, 120, 121, 139]]
[280, 2.95779, [0, 1, 3, 4, 9, 10, 12, 13, 27, 28, 30, 31, 36, 37, 39, 40, 81, 82, 85, 90, 91, 93, 94, 102, 108, 109, 112, 117, 118, 120, 121, 129]]
[280, 2.95642, [0, 1, 3, 4, 9, 10, 12, 13, 27, 28, 30, 31, 36, 37, 39, 40, 81, 82, 85, 90, 91, 93, 94, 102, 108, 109, 112, 117, 118, 121, 129, 138]]
[280, 2.95618, [0, 1, 3, 4, 9, 10, 12, 13, 27, 28, 30, 31, 36, 37, 39, 40, 81, 82, 85, 90, 91, 93, 94, 108, 109, 111, 112, 117, 118, 120, 121, 138]]
[280, 2.95896, [0, 1, 3, 4, 9, 10, 12, 13, 27, 28, 30, 31, 36, 37, 39, 40, 81, 84, 85, 88, 90, 93, 94, 97, 108, 111, 112, 115, 117, 120, 121, 124]]
[280, 2.95791, [0, 1, 3, 4, 9, 10, 12, 13, 27, 28, 30, 31, 36, 37, 39, 40, 81, 84, 85, 88, 90, 93, 94, 97, 108, 111, 115, 117, 118, 120, 124, 127]]
[280, 2.95763, [0, 1, 3, 4, 9, 10, 12, 13, 27, 28, 30, 31, 36, 37, 39, 40, 81, 84, 85, 90, 91, 93, 94, 100, 108, 111, 112, 117, 118, 120, 121, 127]]
[280, 2.95623, [0, 1, 3, 4, 9, 10, 12, 13, 27, 28, 30, 31, 36, 37, 39, 40, 81, 84, 85, 90, 91, 93, 94, 100, 108, 111, 112, 117, 120, 121, 127, 136]]
[280, 2.95598, [0, 1, 3, 4, 9, 10, 12, 13, 27, 28, 30, 31, 36, 37, 39, 40, 81, 84, 85, 90, 91, 93, 94, 108, 109, 111, 112, 117, 118, 120, 121, 136]]
[280, 2.95623, [0, 1, 3, 4, 9, 10, 12, 13, 27, 28, 30, 31, 36, 37, 39, 40, 81, 84, 88, 90, 91, 93, 97, 100, 108, 111, 115, 117, 118, 120, 124, 127]]
[280, 2.95523, [0, 1, 3, 4, 9, 10, 12, 13, 27, 28, 30, 31, 36, 37, 39, 40, 81, 84, 88, 90, 91, 93, 97, 100, 108, 111, 117, 118, 120, 121, 127, 130]]
[280, 2.95987, [0, 1, 3, 4, 9, 10, 12, 13, 27, 28, 30, 31, 36, 37, 39, 40, 82, 83, 85, 86, 91, 92, 94, 95, 109, 110, 112, 113, 118, 119, 121, 122]]
[280, 2.95913, [0, 1, 3, 4, 9, 10, 12, 13, 27, 28, 30, 31, 36, 37, 39, 40, 82, 83, 85, 86, 91, 92, 94, 95, 110, 111, 113, 114, 119, 120, 122, 123]]
[280, 2.9589, [0, 1, 3, 4, 9, 10, 12, 13, 27, 28, 30, 31, 36, 37, 39, 40, 82, 84, 85, 87, 91, 93, 94, 96, 109, 111, 112, 114, 118, 120, 121, 123]]
[280, 2.95784, [0, 1, 3, 4, 9, 10, 12, 13, 27, 28, 30, 31, 36, 37, 39, 40, 82, 84, 85, 87, 91, 93, 94, 96, 109, 112, 114, 117, 118, 121, 123, 126]]
[280, 2.95755, [0, 1, 3, 4, 9, 10, 12, 13, 27, 28, 30, 31, 36, 37, 39, 40, 82, 84, 85, 90, 91, 93, 94, 99, 109, 111, 112, 117, 118, 120, 121, 126]]
[280, 2.95613, [0, 1, 3, 4, 9, 10, 12, 13, 27, 28, 30, 31, 36, 37, 39, 40, 82, 84, 85, 90, 91, 93, 94, 99, 109, 111, 112, 118, 120, 121, 126, 135]]
[280, 2.95587, [0, 1, 3, 4, 9, 10, 12, 13, 27, 28, 30, 31, 36, 37, 39, 40, 82, 84, 85, 90, 91, 93, 94, 108, 109, 111, 112, 117, 118, 120, 121, 135]]
[280, 2.95612, [0, 1, 3, 4, 9, 10, 12, 13, 27, 28, 30, 31, 36, 37, 39, 40, 82, 85, 87, 90, 91, 94, 96, 99, 109, 112, 114, 117, 118, 121, 123, 126]]
[280, 2.95792, [0, 1, 3, 4, 9, 10, 12, 13, 27, 28, 30, 31, 36, 37, 39, 40, 83, 84, 86, 87, 92, 93, 95, 96, 110, 111, 113, 114, 119, 120, 122, 123]]
[280, 2.9572, [0, 1, 3, 4, 9, 10, 12, 13, 27, 28, 30, 31, 36, 37, 39, 40, 83, 84, 86, 87, 92, 93, 95, 96, 111, 112, 114, 115, 120, 121, 123, 124]]
[280, 2.95687, [0, 1, 3, 4, 9, 10, 12, 13, 27, 28, 30, 31, 36, 37, 39, 40, 83, 84, 86, 87, 92, 93, 95, 96, 111, 112, 114, 115, 121, 122, 124, 125]]
[280, 2.95684, [0, 1, 3, 4, 9, 10, 12, 13, 27, 28, 30, 31, 36, 37, 39, 40, 83, 84, 86, 87, 92, 93, 95, 96, 111, 113, 114, 116, 120, 122, 123, 125]]
[280, 2.95648, [0, 1, 3, 4, 9, 10, 12, 13, 27, 28, 30, 31, 36, 37, 39, 40, 83, 84, 86, 87, 92, 93, 95, 96, 112, 113, 115, 116, 121, 122, 124, 125]]
[280, 2.95595, [0, 1, 3, 4, 9, 10, 12, 13, 27, 28, 30, 31, 36, 37, 39, 40, 83, 84, 86, 87, 93, 94, 96, 97, 112, 113, 115, 116, 121, 122, 124, 125]]
[280, 2.95655, [0, 1, 3, 4, 9, 10, 12, 13, 27, 28, 30, 31, 36, 37, 39, 40, 83, 84, 87, 89, 92, 93, 96, 98, 110, 111, 114, 116, 119, 120, 123, 125]]
[280, 2.95698, [0, 1, 3, 4, 9, 10, 12, 13, 27, 28, 30, 31, 36, 37, 39, 40, 83, 85, 86, 88, 92, 94, 95, 97, 110, 112, 113, 115, 119, 121, 122, 124]]
[280, 2.9559, [0, 1, 3, 4, 9, 10, 12, 13, 27, 28, 30, 31, 36, 37, 39, 40, 83, 85, 86, 88, 92, 94, 95, 97, 112, 113, 115, 116, 121, 122, 124, 125]]
[280, 2.95558, [0, 1, 3, 4, 9, 10, 12, 13, 27, 28, 30, 31, 36, 37, 39, 40, 83, 85, 86, 88, 92, 94, 95, 97, 112, 113, 115, 116, 121, 123, 124, 128]]
[280, 2.95542, [0, 1, 3, 4, 9, 10, 12, 13, 27, 28, 30, 31, 36, 37, 39, 40, 83, 85, 86, 88, 92, 94, 95, 97, 112, 113, 115, 116, 121, 124, 125, 128]]
[280, 2.9554, [0, 1, 3, 4, 9, 10, 12, 13, 27, 28, 30, 31, 36, 37, 39, 40, 83, 85, 86, 88, 92, 94, 95, 97, 112, 113, 115, 119, 121, 122, 124, 128]]
[280, 2.9556, [0, 1, 3, 4, 9, 10, 12, 13, 27, 28, 30, 31, 36, 37, 39, 40, 83, 85, 88, 89, 92, 94, 97, 98, 110, 112, 115, 116, 119, 121, 124, 125]]
[280, 2.95601, [0, 1, 3, 4, 9, 10, 12, 13, 27, 28, 30, 31, 36, 37, 39, 40, 84, 85, 87, 88, 93, 94, 96, 97, 111, 112, 114, 115, 120, 121, 123, 124]]
[280, 2.9553, [0, 1, 3, 4, 9, 10, 12, 13, 27, 28, 30, 31, 36, 37, 39, 40, 84, 85, 87, 88, 93, 94, 96, 97, 112, 113, 115, 116, 121, 122, 124, 125]]
[280, 2.95582, [0, 1, 3, 4, 9, 10, 12, 13, 27, 28, 30, 31, 36, 37, 39, 40, 90, 91, 93, 94, 99, 100, 102, 103, 117, 122, 124, 125, 129, 130, 137, 139, 226]]

Search completed in 30 hours, 6 minutes, and 48.635 seconds.  Enter a string to quit.