Enter an integer k for which our Kempner sets are k-free: 6
Enter a positive integer modulus b: 11
Enter estimation parameters, or * for pre-computed parameters ([0.2284, 1.1762, 1.7635]): *
Enter a threshold (e.g. 4.2) to determine printed output: 3.5
Enter a root for the search space (e.g. [0, 1, 2]) [or * for the root [0]]: *
Enter an upper bound for the size of allowable digit sets [or * to ignore]: *
Enter a maximal number of deviations from a greedy search [or * to ignore]: *
Searching for k-free sets mod b...

[11, 6.05909, [0, 1, 2, 3, 4, 6, 7]]
[11, 6.0036, [0, 1, 2, 3, 4, 6, 8]]
[11, 5.88863, [0, 1, 2, 3, 4, 7, 9]]
[11, 5.83349, [0, 1, 2, 3, 4, 8, 9]]
[11, 4.58634, [0, 1, 2, 3, 4, 9]]
[11, 5.83179, [0, 1, 2, 3, 5, 6, 9]]
[11, 5.80726, [0, 1, 2, 3, 5, 7, 8]]
[11, 5.70752, [0, 1, 2, 3, 5, 8, 9]]
[11, 4.48705, [0, 1, 2, 3, 5, 9]]
[11, 5.67157, [0, 1, 2, 3, 6, 7, 9]]
[11, 4.45081, [0, 1, 2, 3, 6, 8]]
[11, 4.41559, [0, 1, 2, 3, 6, 9]]
[11, 4.3964, [0, 1, 2, 3, 7, 8]]
[11, 4.36128, [0, 1, 2, 3, 7, 9]]
[11, 4.31834, [0, 1, 2, 3, 8, 9]]
[11, 3.5383, [0, 1, 2, 3, 9]]
[11, 5.68748, [0, 1, 2, 4, 5, 6, 8]]
[11, 5.64293, [0, 1, 2, 4, 5, 6, 9]]
[11, 4.41705, [0, 1, 2, 4, 5, 7]]
[11, 4.37406, [0, 1, 2, 4, 5, 8]]
[11, 4.33907, [0, 1, 2, 4, 5, 9]]
[11, 4.34582, [0, 1, 2, 4, 6, 7]]
[11, 4.30299, [0, 1, 2, 4, 6, 8]]
[11, 4.26813, [0, 1, 2, 4, 6, 9]]
[11, 5.36136, [0, 1, 2, 4, 7, 8, 9]]
[11, 4.21427, [0, 1, 2, 4, 7, 9]]
[11, 4.17173, [0, 1, 2, 4, 8, 9]]
[11, 4.20489, [0, 1, 2, 5, 6, 8]]
[11, 4.17024, [0, 1, 2, 5, 6, 9]]
[11, 5.2374, [0, 1, 2, 5, 7, 8, 9]]
[11, 4.11665, [0, 1, 2, 5, 7, 9]]
[11, 4.07434, [0, 1, 2, 5, 8, 9]]
[11, 4.04646, [0, 1, 2, 6, 7, 9]]
[11, 4.00431, [0, 1, 2, 6, 8, 9]]
[11, 3.95116, [0, 1, 2, 7, 8, 9]]
[11, 5.42095, [0, 1, 3, 4, 5, 6, 7]]
[11, 5.36722, [0, 1, 3, 4, 5, 6, 8]]
[11, 4.16559, [0, 1, 3, 4, 5, 7]]
[11, 4.12344, [0, 1, 3, 4, 5, 8]]
[11, 4.08921, [0, 1, 3, 4, 5, 9]]
[11, 4.09543, [0, 1, 3, 4, 6, 7]]
[11, 4.05344, [0, 1, 3, 4, 6, 8]]
[11, 3.96642, [0, 1, 3, 4, 7, 9]]
[11, 3.92471, [0, 1, 3, 4, 8, 9]]
[11, 5.08702, [0, 1, 3, 5, 6, 7, 8]]
[11, 3.95661, [0, 1, 3, 5, 6, 8]]
[11, 3.92271, [0, 1, 3, 5, 6, 9]]
[11, 3.90385, [0, 1, 3, 5, 7, 8]]
[11, 3.82859, [0, 1, 3, 5, 8, 9]]
[11, 3.83459, [0, 1, 3, 6, 7, 8]]
[11, 3.80094, [0, 1, 3, 6, 7, 9]]
[11, 3.70741, [0, 1, 3, 7, 8, 9]]
[11, 4.86004, [0, 1, 4, 5, 6, 7, 9]]
[11, 3.81195, [0, 1, 4, 5, 6, 8]]
[11, 3.77842, [0, 1, 4, 5, 6, 9]]
[11, 3.72622, [0, 1, 4, 5, 7, 9]]
[11, 4.65409, [0, 1, 4, 6, 7, 8, 9]]
[11, 3.65762, [0, 1, 4, 6, 7, 9]]
[11, 3.6167, [0, 1, 4, 6, 8, 9]]
[11, 3.56494, [0, 1, 4, 7, 8, 9]]
[11, 4.53335, [0, 1, 5, 6, 7, 8, 9]]
[11, 3.56266, [0, 1, 5, 6, 7, 9]]
[11, 3.52198, [0, 1, 5, 6, 8, 9]]
[11, 4.63827, [0, 2, 3, 4, 5, 6, 9]]
[11, 4.61488, [0, 2, 3, 4, 5, 7, 8]]
[11, 4.52368, [0, 2, 3, 4, 5, 8, 9]]
[11, 3.55379, [0, 2, 3, 4, 5, 9]]
[11, 4.52987, [0, 2, 3, 4, 6, 7, 8]]
[11, 3.51918, [0, 2, 3, 4, 6, 8]]
[11, 4.17391, [0, 2, 3, 6, 7, 8, 9]]
[11, 4.23292, [0, 2, 4, 5, 6, 7, 8]]
[11, 3.88159, [0, 2, 5, 6, 7, 8, 9]]
[11, 3.89026, [0, 3, 4, 5, 6, 7, 9]]
[11, 3.78016, [0, 3, 4, 5, 7, 8, 9]]
[11, 3.69832, [0, 3, 4, 6, 7, 8, 9]]

Search completed in 0 hours, 0 minutes, and 0.036 seconds.  Enter a string to quit.