Enter an integer k for which our Kempner sets are k-free: 6
Enter a positive integer modulus b: 51
Enter estimation parameters, or * for pre-computed parameters ([0.1038, 1.1117, 1.4456]): *
Enter a threshold (e.g. 4.2) to determine printed output: 6.67
Enter a root for the search space (e.g. [0, 1, 2]) [or * for the root [0]]: *
Enter an upper bound for the size of allowable digit sets [or * to ignore]: *
Enter a maximal number of deviations from a greedy search [or * to ignore]: *
Searching for k-free sets mod b...

[51, 6.79413, [0, 1, 2, 3, 4, 6, 7, 8, 9, 11, 12, 13, 14, 16, 17, 18, 19, 21, 22, 23, 29, 32, 33, 37, 39, 41]]
[51, 6.77622, [0, 1, 2, 3, 4, 6, 7, 8, 9, 11, 12, 13, 14, 16, 17, 18, 19, 21, 22, 28, 29, 32, 33, 37, 39, 41]]
[51, 6.71769, [0, 1, 2, 3, 4, 6, 7, 8, 9, 11, 12, 13, 14, 16, 17, 18, 19, 23, 25, 27, 29, 37, 39, 41, 43, 44]]
[51, 6.74307, [0, 1, 2, 3, 4, 6, 7, 8, 9, 11, 12, 13, 14, 16, 17, 18, 19, 23, 26, 27, 29, 31, 33, 37, 44, 45]]
[51, 6.71756, [0, 1, 2, 3, 4, 6, 7, 8, 9, 11, 12, 13, 14, 16, 17, 18, 19, 23, 27, 29, 31, 33, 37, 39, 41, 44]]
[51, 6.70844, [0, 1, 2, 3, 4, 6, 7, 8, 9, 11, 12, 13, 14, 16, 17, 18, 19, 23, 27, 29, 31, 33, 37, 41, 44, 45]]
[51, 6.71332, [0, 1, 2, 3, 4, 6, 7, 8, 9, 11, 12, 13, 14, 16, 17, 18, 23, 24, 25, 27, 29, 31, 37, 39, 43, 44]]
[51, 6.67134, [0, 1, 2, 3, 4, 6, 7, 8, 9, 11, 12, 13, 14, 16, 17, 18, 23, 25, 27, 29, 31, 37, 39, 41, 43, 44]]
[51, 6.69845, [0, 1, 2, 3, 4, 6, 7, 8, 9, 11, 12, 13, 14, 17, 18, 19, 21, 22, 23, 29, 32, 33, 37, 39, 41, 47]]
[51, 6.68926, [0, 1, 2, 3, 4, 6, 7, 8, 9, 11, 12, 13, 14, 17, 19, 20, 21, 22, 24, 30, 31, 32, 35, 39, 43, 44]]
[51, 6.69159, [0, 1, 2, 3, 4, 6, 7, 8, 9, 11, 12, 13, 14, 17, 19, 21, 22, 23, 24, 25, 32, 33, 35, 37, 39, 47]]
[51, 6.70566, [0, 1, 2, 3, 4, 6, 7, 8, 9, 11, 12, 13, 14, 18, 19, 20, 21, 23, 26, 27, 29, 30, 31, 34, 44, 45]]
[51, 6.70295, [0, 1, 2, 3, 4, 6, 7, 8, 9, 11, 12, 13, 14, 18, 19, 20, 22, 23, 26, 27, 29, 31, 33, 34, 38, 45]]
[51, 6.67567, [0, 1, 2, 3, 4, 6, 7, 8, 9, 11, 12, 13, 14, 18, 20, 21, 22, 23, 25, 27, 30, 31, 34, 36, 44, 46]]
[51, 6.69887, [0, 1, 2, 3, 4, 6, 7, 8, 9, 11, 12, 13, 14, 19, 20, 21, 22, 23, 26, 27, 29, 30, 31, 34, 35, 45]]
[51, 6.68363, [0, 1, 2, 3, 4, 6, 7, 8, 9, 11, 12, 13, 14, 19, 20, 21, 22, 23, 26, 27, 29, 30, 31, 34, 44, 45]]
[51, 6.69084, [0, 1, 2, 3, 4, 6, 7, 8, 9, 11, 13, 14, 15, 16, 18, 20, 21, 22, 23, 25, 27, 31, 36, 43, 44, 46]]
[51, 6.68668, [0, 1, 2, 3, 4, 6, 7, 8, 9, 11, 13, 14, 15, 16, 18, 20, 21, 22, 23, 25, 27, 31, 39, 43, 44, 45]]
[51, 6.67624, [0, 1, 2, 3, 4, 6, 7, 8, 9, 11, 13, 14, 15, 16, 18, 20, 21, 22, 23, 25, 27, 31, 43, 44, 45, 46]]
[51, 6.68195, [0, 1, 2, 3, 4, 6, 7, 8, 9, 11, 13, 14, 15, 16, 18, 20, 21, 24, 25, 27, 29, 31, 32, 36, 44, 46]]
[51, 6.7245, [0, 1, 2, 3, 4, 6, 7, 8, 9, 11, 13, 14, 15, 16, 18, 20, 22, 23, 25, 27, 29, 30, 31, 32, 34, 38]]
[51, 6.70803, [0, 1, 2, 3, 4, 6, 7, 8, 9, 11, 13, 14, 15, 16, 18, 20, 22, 23, 25, 27, 30, 31, 32, 34, 36, 38]]
[51, 6.68614, [0, 1, 2, 3, 4, 6, 7, 8, 9, 11, 13, 14, 15, 16, 18, 20, 22, 23, 25, 27, 30, 31, 34, 36, 38, 44]]
[51, 6.68277, [0, 1, 2, 3, 4, 6, 7, 8, 9, 11, 13, 14, 15, 16, 18, 20, 23, 25, 27, 29, 30, 31, 32, 34, 36, 38]]
[51, 6.8125, [0, 1, 2, 3, 4, 6, 7, 8, 9, 11, 14, 15, 17, 18, 19, 20, 22, 24, 28, 30, 32, 40, 43, 44, 46, 47, 48]]
[51, 6.72339, [0, 1, 2, 3, 4, 6, 7, 8, 9, 11, 14, 15, 17, 19, 20, 22, 28, 30, 32, 33, 35, 40, 42, 43, 46, 47, 48]]
[51, 6.80917, [0, 1, 2, 3, 4, 6, 7, 8, 9, 13, 14, 15, 16, 17, 19, 20, 22, 23, 27, 28, 32, 42, 43, 44, 46, 47, 48]]
[51, 6.67601, [0, 1, 2, 3, 4, 6, 7, 9, 10, 11, 12, 13, 17, 18, 19, 21, 22, 23, 24, 26, 28, 29, 31, 32, 33, 37]]
[51, 6.70327, [0, 1, 2, 3, 4, 6, 7, 9, 10, 11, 14, 17, 19, 21, 22, 23, 25, 26, 29, 30, 31, 33, 35, 39, 45, 46, 47]]
[51, 6.80449, [0, 1, 2, 3, 4, 6, 7, 9, 11, 12, 13, 14, 16, 17, 18, 20, 23, 25, 27, 29, 30, 31, 41, 43, 44, 45, 49]]
[51, 6.69067, [0, 1, 2, 3, 4, 6, 8, 9, 11, 12, 13, 14, 16, 17, 21, 22, 29, 30, 31, 32, 35, 36, 37, 39, 40, 43, 44]]
[51, 6.7901, [0, 1, 2, 3, 4, 7, 8, 9, 10, 11, 13, 14, 15, 20, 21, 22, 23, 24, 27, 29, 30, 31, 32, 34, 35, 39, 46]]
[51, 6.79057, [0, 1, 2, 3, 5, 6, 7, 8, 9, 13, 14, 15, 16, 18, 20, 21, 22, 23, 25, 27, 31, 32, 34, 36, 38, 44, 46]]
[51, 6.83321, [0, 1, 2, 3, 5, 6, 7, 8, 10, 11, 12, 13, 16, 17, 19, 20, 21, 23, 28, 29, 30, 31, 38, 39, 42, 43, 49]]
[51, 6.8178, [0, 1, 2, 3, 5, 6, 7, 8, 10, 11, 12, 13, 16, 18, 19, 20, 23, 24, 26, 27, 31, 32, 34, 39, 46, 47, 48]]
[51, 6.75162, [0, 1, 2, 3, 5, 6, 7, 8, 10, 11, 13, 16, 17, 18, 20, 21, 22, 23, 25, 27, 29, 36, 38, 43, 45, 46, 48]]
[51, 6.69877, [0, 1, 2, 3, 5, 6, 7, 8, 11, 12, 13, 14, 15, 21, 22, 23, 24, 25, 27, 31, 33, 34, 35, 37, 38, 47, 49]]
[51, 6.73336, [0, 1, 2, 3, 5, 6, 7, 10, 11, 12, 13, 15, 16, 17, 18, 23, 24, 25, 26, 28, 29, 31, 32, 36, 37, 42, 44]]

Search completed in 1 hours, 38 minutes, and 33.852 seconds.  Enter a string to quit.