Enter an integer k for which our Kempner sets are k-free: 6
Enter a positive integer modulus b: 13
Enter estimation parameters, or * for pre-computed parameters ([0.2051, 1.176, 1.7078]): *
Enter a threshold (e.g. 4.2) to determine printed output: 4.5
Enter a root for the search space (e.g. [0, 1, 2]) [or * for the root [0]]: *
Enter an upper bound for the size of allowable digit sets [or * to ignore]: *
Enter a maximal number of deviations from a greedy search [or * to ignore]: *
Searching for k-free sets mod b...

[13, 6.029, [0, 1, 2, 3, 4, 6, 7, 9]]
[13, 5.96618, [0, 1, 2, 3, 4, 6, 7, 11]]
[13, 5.97899, [0, 1, 2, 3, 4, 6, 8, 9]]
[13, 5.90444, [0, 1, 2, 3, 4, 6, 9, 10]]
[13, 5.84189, [0, 1, 2, 3, 4, 6, 10, 11]]
[13, 4.81287, [0, 1, 2, 3, 4, 6, 11]]
[13, 5.85323, [0, 1, 2, 3, 4, 7, 8, 11]]
[13, 4.81256, [0, 1, 2, 3, 4, 7, 9]]
[13, 4.76098, [0, 1, 2, 3, 4, 7, 11]]
[13, 5.76306, [0, 1, 2, 3, 4, 8, 9, 11]]
[13, 5.7294, [0, 1, 2, 3, 4, 8, 10, 11]]
[13, 4.72002, [0, 1, 2, 3, 4, 8, 11]]
[13, 4.71031, [0, 1, 2, 3, 4, 9, 10]]
[13, 4.68671, [0, 1, 2, 3, 4, 9, 11]]
[13, 4.65896, [0, 1, 2, 3, 4, 10, 11]]
[13, 5.91312, [0, 1, 2, 3, 5, 6, 7, 9]]
[13, 5.87931, [0, 1, 2, 3, 5, 6, 7, 10]]
[13, 5.85062, [0, 1, 2, 3, 5, 6, 7, 11]]
[13, 5.8633, [0, 1, 2, 3, 5, 6, 8, 9]]
[13, 5.76051, [0, 1, 2, 3, 5, 6, 9, 11]]
[13, 4.74165, [0, 1, 2, 3, 5, 6, 10]]
[13, 4.71804, [0, 1, 2, 3, 5, 6, 11]]
[13, 5.7381, [0, 1, 2, 3, 5, 7, 8, 11]]
[13, 5.72631, [0, 1, 2, 3, 5, 7, 9, 10]]
[13, 5.66422, [0, 1, 2, 3, 5, 7, 10, 11]]
[13, 4.66634, [0, 1, 2, 3, 5, 7, 11]]
[13, 5.64832, [0, 1, 2, 3, 5, 8, 9, 11]]
[13, 4.62556, [0, 1, 2, 3, 5, 8, 11]]
[13, 5.57467, [0, 1, 2, 3, 5, 9, 10, 11]]
[13, 4.59241, [0, 1, 2, 3, 5, 9, 11]]
[13, 4.56481, [0, 1, 2, 3, 5, 10, 11]]
[13, 5.61534, [0, 1, 2, 3, 6, 7, 9, 11]]
[13, 4.62192, [0, 1, 2, 3, 6, 7, 10]]
[13, 4.59845, [0, 1, 2, 3, 6, 7, 11]]
[13, 4.60882, [0, 1, 2, 3, 6, 8, 9]]
[13, 4.58121, [0, 1, 2, 3, 6, 8, 10]]
[13, 5.49259, [0, 1, 2, 3, 6, 9, 10, 11]]
[13, 4.52473, [0, 1, 2, 3, 6, 9, 11]]
[13, 5.47035, [0, 1, 2, 3, 7, 8, 10, 11]]
[13, 4.50642, [0, 1, 2, 3, 7, 8, 11]]
[13, 5.4304, [0, 1, 2, 3, 7, 9, 10, 11]]
[13, 5.73913, [0, 1, 2, 4, 5, 6, 7, 9]]
[13, 5.70561, [0, 1, 2, 4, 5, 6, 7, 10]]
[13, 5.6772, [0, 1, 2, 4, 5, 6, 7, 11]]
[13, 4.65996, [0, 1, 2, 4, 5, 6, 8]]
[13, 4.62683, [0, 1, 2, 4, 5, 6, 9]]
[13, 4.59926, [0, 1, 2, 4, 5, 6, 10]]
[13, 4.57589, [0, 1, 2, 4, 5, 6, 11]]
[13, 4.6084, [0, 1, 2, 4, 5, 7, 8]]
[13, 4.57534, [0, 1, 2, 4, 5, 7, 9]]
[13, 4.54784, [0, 1, 2, 4, 5, 7, 10]]
[13, 4.52453, [0, 1, 2, 4, 5, 7, 11]]
[13, 4.50732, [0, 1, 2, 4, 5, 8, 10]]
[13, 5.47158, [0, 1, 2, 4, 6, 7, 9, 10]]
[13, 5.21116, [0, 1, 2, 4, 8, 9, 10, 11]]
[13, 5.2809, [0, 1, 2, 5, 6, 8, 9, 11]]
[13, 5.09839, [0, 1, 2, 5, 8, 9, 10, 11]]
[13, 5.01754, [0, 1, 2, 6, 8, 9, 10, 11]]
[13, 5.44261, [0, 1, 3, 4, 5, 6, 7, 9]]
[13, 5.38191, [0, 1, 3, 4, 5, 6, 7, 11]]
[13, 5.36108, [0, 1, 3, 4, 5, 6, 8, 10]]
[13, 5.26122, [0, 1, 3, 4, 5, 6, 10, 11]]
[13, 5.25081, [0, 1, 3, 4, 6, 7, 8, 9]]
[13, 5.13067, [0, 1, 3, 4, 6, 8, 9, 10]]
[13, 5.04204, [0, 1, 3, 4, 7, 8, 9, 11]]
[13, 4.9228, [0, 1, 3, 4, 8, 9, 10, 11]]
[13, 5.13766, [0, 1, 3, 5, 6, 7, 8, 9]]
[13, 5.10519, [0, 1, 3, 5, 6, 7, 8, 10]]
[13, 5.00638, [0, 1, 3, 5, 6, 7, 10, 11]]
[13, 4.95711, [0, 1, 3, 5, 7, 8, 9, 10]]
[13, 4.67088, [0, 1, 3, 7, 8, 9, 10, 11]]
[13, 4.9354, [0, 1, 4, 5, 6, 7, 8, 10]]
[13, 4.86954, [0, 1, 4, 5, 6, 7, 9, 11]]
[13, 4.78988, [0, 1, 4, 5, 6, 8, 10, 11]]
[13, 4.70846, [0, 1, 4, 6, 7, 8, 9, 10]]
[13, 4.68155, [0, 1, 4, 6, 7, 8, 9, 11]]
[13, 4.56419, [0, 1, 4, 6, 8, 9, 10, 11]]
[13, 4.57053, [0, 1, 5, 6, 7, 8, 9, 11]]
[13, 4.53888, [0, 1, 5, 6, 7, 8, 10, 11]]
[13, 4.75246, [0, 2, 3, 4, 5, 6, 8, 9]]
[13, 4.6843, [0, 2, 3, 4, 5, 6, 9, 10]]
[13, 4.62753, [0, 2, 3, 4, 5, 6, 10, 11]]
[13, 4.69348, [0, 2, 3, 4, 5, 7, 8, 9]]
[13, 4.6367, [0, 2, 3, 4, 5, 7, 8, 11]]
[13, 4.62548, [0, 2, 3, 4, 5, 7, 9, 10]]
[13, 4.56886, [0, 2, 3, 4, 5, 7, 10, 11]]
[13, 4.55362, [0, 2, 3, 4, 5, 8, 9, 11]]
[13, 4.61526, [0, 2, 3, 4, 6, 7, 8, 9]]
[13, 4.50576, [0, 2, 3, 5, 6, 7, 8, 9]]

Search completed in 0 hours, 0 minutes, and 0.046 seconds.  Enter a string to quit.