Enter an integer k for which our Kempner sets are k-free: 6
Enter a positive integer modulus b: 65
Enter estimation parameters, or * for pre-computed parameters ([0.0956, 1.0984, 1.425]): *
Enter a threshold (e.g. 4.2) to determine printed output: 7.05
Enter a root for the search space (e.g. [0, 1, 2]) [or * for the root [0]]: *
Enter an upper bound for the size of allowable digit sets [or * to ignore]: 35
Enter a maximal number of deviations from a greedy search [or * to ignore]: *
Searching for k-free sets mod b...

[65, 7.083, [0, 1, 2, 3, 4, 6, 7, 8, 9, 11, 12, 13, 14, 16, 17, 18, 19, 21, 22, 23, 24, 31, 32, 34, 36, 38, 39, 43, 46, 47, 49, 52, 58]]
[65, 7.06571, [0, 1, 2, 3, 4, 6, 7, 8, 9, 11, 12, 13, 14, 16, 17, 18, 19, 21, 22, 23, 24, 31, 32, 34, 36, 39, 42, 43, 47, 49, 53, 56, 58]]
[65, 7.06419, [0, 1, 2, 3, 4, 6, 7, 8, 9, 11, 12, 13, 14, 16, 17, 18, 19, 21, 22, 23, 24, 31, 32, 34, 36, 39, 43, 46, 47, 49, 52, 53, 58]]
[65, 7.054, [0, 1, 2, 3, 4, 6, 7, 8, 9, 11, 12, 13, 14, 16, 17, 18, 19, 21, 22, 23, 24, 31, 32, 34, 36, 39, 43, 47, 49, 52, 53, 56, 58]]
[65, 7.06889, [0, 1, 2, 3, 4, 6, 7, 8, 9, 11, 12, 13, 14, 16, 17, 18, 19, 21, 22, 23, 24, 31, 32, 35, 36, 39, 42, 43, 47, 48, 49, 56, 58]]
[65, 7.07357, [0, 1, 2, 3, 4, 6, 7, 8, 9, 11, 12, 13, 14, 16, 17, 18, 19, 21, 22, 23, 24, 31, 32, 35, 37, 39, 41, 43, 46, 47, 49, 53, 58]]
[65, 7.06763, [0, 1, 2, 3, 4, 6, 7, 8, 9, 11, 12, 13, 14, 16, 17, 18, 19, 21, 22, 23, 29, 31, 32, 33, 36, 37, 38, 39, 44, 48, 56, 57, 59]]
[65, 7.05672, [0, 1, 2, 3, 4, 6, 7, 8, 9, 11, 12, 13, 14, 16, 17, 18, 19, 21, 22, 23, 29, 31, 32, 33, 36, 37, 38, 39, 48, 54, 56, 57, 59]]
[65, 7.06858, [0, 1, 2, 3, 4, 6, 7, 8, 9, 11, 12, 13, 14, 16, 17, 18, 19, 21, 22, 23, 29, 31, 32, 33, 37, 38, 39, 41, 46, 47, 48, 54, 59]]
[65, 7.05166, [0, 1, 2, 3, 4, 6, 7, 8, 9, 11, 12, 13, 14, 16, 17, 18, 19, 21, 22, 23, 29, 33, 34, 36, 37, 38, 39, 41, 42, 48, 54, 56, 57]]
[65, 7.05458, [0, 1, 2, 3, 4, 6, 7, 8, 9, 11, 12, 13, 14, 16, 17, 18, 19, 21, 22, 28, 29, 31, 32, 33, 38, 39, 41, 42, 44, 46, 47, 48, 59]]
[65, 7.06536, [0, 1, 2, 3, 4, 6, 7, 8, 9, 11, 12, 13, 14, 16, 17, 18, 19, 21, 24, 25, 27, 28, 32, 34, 37, 38, 41, 44, 45, 47, 49, 51, 53]]
[65, 7.06939, [0, 1, 2, 3, 4, 6, 7, 8, 9, 11, 12, 13, 14, 16, 17, 18, 19, 22, 23, 24, 26, 31, 32, 34, 36, 38, 39, 42, 43, 47, 49, 51, 58]]
[65, 7.05376, [0, 1, 2, 3, 4, 6, 7, 8, 9, 11, 12, 13, 14, 16, 17, 18, 19, 22, 23, 24, 26, 31, 32, 35, 37, 39, 41, 43, 46, 47, 49, 53, 58]]
[65, 7.10123, [0, 1, 2, 3, 4, 6, 7, 8, 9, 11, 12, 13, 14, 16, 17, 18, 19, 22, 23, 26, 29, 30, 31, 32, 33, 35, 36, 39, 40, 45, 46, 48, 53]]
[65, 7.08318, [0, 1, 2, 3, 4, 6, 7, 8, 9, 11, 12, 13, 14, 16, 17, 18, 19, 22, 23, 26, 29, 30, 31, 32, 33, 35, 36, 40, 45, 46, 48, 52, 55]]
[65, 7.08191, [0, 1, 2, 3, 4, 6, 7, 8, 9, 11, 12, 13, 14, 16, 17, 18, 19, 22, 23, 26, 29, 30, 31, 32, 33, 35, 39, 40, 45, 46, 48, 50, 53]]
[65, 7.07596, [0, 1, 2, 3, 4, 6, 7, 8, 9, 11, 12, 13, 14, 16, 17, 18, 19, 22, 23, 26, 29, 30, 31, 32, 35, 36, 39, 40, 45, 46, 48, 50, 53]]
[65, 7.05968, [0, 1, 2, 3, 4, 6, 7, 8, 9, 11, 12, 13, 14, 16, 17, 18, 19, 22, 23, 26, 29, 31, 32, 33, 37, 38, 39, 41, 44, 46, 47, 48, 59]]
[65, 7.08078, [0, 1, 2, 3, 4, 6, 7, 8, 9, 11, 12, 13, 14, 16, 17, 18, 19, 22, 24, 26, 28, 31, 32, 33, 35, 36, 39, 42, 43, 44, 46, 47, 48]]
[65, 7.07058, [0, 1, 2, 3, 4, 6, 7, 8, 9, 11, 12, 13, 14, 16, 17, 18, 19, 22, 24, 26, 28, 31, 32, 33, 35, 36, 39, 42, 43, 44, 47, 48, 56]]
[65, 7.06508, [0, 1, 2, 3, 4, 6, 7, 8, 9, 11, 12, 13, 14, 16, 17, 18, 19, 22, 24, 26, 28, 31, 32, 33, 35, 36, 39, 42, 44, 46, 47, 48, 58]]
[65, 7.05783, [0, 1, 2, 3, 4, 6, 7, 8, 9, 11, 12, 13, 14, 16, 17, 18, 19, 22, 24, 26, 28, 31, 32, 34, 36, 38, 39, 42, 43, 46, 47, 49, 58]]
[65, 7.05232, [0, 1, 2, 3, 4, 6, 7, 8, 9, 11, 12, 13, 14, 16, 17, 18, 19, 22, 24, 26, 28, 31, 32, 34, 36, 38, 39, 42, 43, 47, 49, 51, 58]]
[65, 7.06286, [0, 1, 2, 3, 4, 6, 7, 8, 9, 11, 12, 13, 14, 16, 17, 18, 19, 22, 26, 28, 29, 30, 31, 32, 35, 36, 39, 40, 42, 46, 48, 50, 53]]
[65, 7.05889, [0, 1, 2, 3, 4, 6, 7, 8, 9, 11, 12, 13, 14, 16, 17, 18, 19, 22, 26, 28, 29, 30, 31, 32, 35, 36, 39, 40, 45, 46, 48, 50, 53]]
[65, 7.06364, [0, 1, 2, 3, 4, 6, 7, 8, 9, 11, 12, 13, 14, 16, 17, 18, 19, 22, 26, 28, 29, 30, 31, 32, 35, 39, 41, 42, 43, 44, 46, 47, 48]]
[65, 7.06144, [0, 1, 2, 3, 4, 6, 7, 8, 9, 11, 12, 13, 14, 16, 17, 18, 19, 22, 26, 28, 29, 30, 31, 33, 35, 39, 41, 42, 43, 44, 46, 47, 48]]
[65, 7.05912, [0, 1, 2, 3, 4, 6, 7, 8, 9, 11, 12, 13, 14, 16, 17, 18, 19, 22, 26, 28, 29, 30, 32, 33, 35, 39, 41, 42, 43, 44, 46, 47, 48]]
[65, 7.05666, [0, 1, 2, 3, 4, 6, 7, 8, 9, 11, 12, 13, 14, 16, 17, 18, 19, 22, 26, 28, 29, 31, 32, 33, 35, 39, 41, 42, 43, 44, 46, 47, 48]]
[65, 7.06224, [0, 1, 2, 3, 4, 6, 7, 8, 9, 11, 12, 13, 14, 16, 17, 18, 19, 22, 26, 28, 30, 31, 32, 33, 35, 36, 39, 42, 43, 44, 46, 47, 48]]
[65, 7.05405, [0, 1, 2, 3, 4, 6, 7, 8, 9, 11, 12, 13, 14, 16, 17, 18, 19, 22, 26, 28, 30, 31, 32, 33, 35, 39, 41, 42, 43, 44, 46, 47, 48]]
[65, 7.05127, [0, 1, 2, 3, 4, 6, 7, 8, 9, 11, 12, 13, 14, 16, 17, 18, 19, 22, 26, 29, 30, 31, 32, 33, 35, 39, 41, 42, 43, 44, 46, 47, 48]]
[65, 7.05103, [0, 1, 2, 3, 4, 6, 7, 8, 9, 11, 12, 13, 14, 16, 17, 18, 19, 23, 24, 26, 27, 31, 32, 34, 36, 38, 39, 42, 43, 47, 49, 51, 58]]
[65, 7.06084, [0, 1, 2, 3, 4, 6, 7, 8, 9, 11, 12, 13, 14, 16, 17, 18, 19, 23, 26, 27, 29, 30, 31, 32, 34, 38, 40, 42, 43, 44, 47, 49, 51]]
[65, 7.06208, [0, 1, 2, 3, 4, 6, 7, 8, 9, 11, 12, 13, 14, 16, 17, 19, 22, 23, 24, 26, 28, 30, 31, 33, 35, 36, 38, 39, 42, 44, 47, 48, 51]]
[65, 7.0574, [0, 1, 2, 3, 4, 6, 7, 8, 9, 11, 12, 13, 14, 16, 17, 19, 22, 23, 24, 26, 28, 30, 31, 33, 35, 36, 38, 39, 42, 44, 47, 48, 56]]
[65, 7.22342, [0, 1, 2, 3, 4, 6, 7, 8, 9, 11, 12, 13, 14, 16, 17, 19, 22, 24, 26, 28, 31, 32, 33, 35, 36, 39, 42, 43, 44, 46, 47, 48, 58, 59]]
[65, 7.19854, [0, 1, 2, 3, 4, 6, 7, 8, 9, 11, 12, 13, 14, 16, 17, 19, 22, 26, 28, 29, 31, 32, 33, 35, 39, 41, 42, 43, 44, 46, 47, 48, 58, 59]]
[65, 7.16347, [0, 1, 2, 3, 4, 6, 7, 8, 9, 11, 12, 13, 14, 16, 17, 19, 22, 26, 28, 29, 31, 33, 35, 39, 41, 42, 43, 44, 46, 47, 48, 57, 58, 59]]
[65, 7.05656, [0, 1, 2, 3, 4, 6, 7, 8, 9, 11, 12, 13, 14, 16, 17, 22, 23, 24, 25, 26, 28, 29, 30, 31, 33, 34, 36, 38, 40, 44, 47, 50, 53]]
[65, 7.06779, [0, 1, 2, 3, 4, 6, 7, 8, 9, 11, 12, 13, 14, 16, 17, 22, 23, 24, 25, 26, 28, 29, 30, 31, 33, 35, 36, 38, 39, 42, 44, 47, 51]]
[65, 7.05793, [0, 1, 2, 3, 4, 6, 7, 8, 9, 11, 12, 13, 14, 16, 17, 22, 23, 24, 25, 26, 28, 29, 30, 31, 33, 35, 36, 38, 39, 42, 44, 51, 57]]
[65, 7.05311, [0, 1, 2, 3, 4, 6, 7, 8, 9, 11, 12, 13, 14, 16, 17, 22, 23, 24, 25, 26, 28, 29, 30, 31, 33, 35, 36, 38, 39, 42, 48, 51, 57]]
[65, 7.25563, [0, 1, 2, 3, 4, 6, 7, 8, 9, 11, 12, 13, 14, 16, 17, 22, 23, 24, 26, 28, 29, 30, 31, 33, 35, 36, 38, 39, 42, 44, 47, 48, 51, 57]]
[65, 7.05092, [0, 1, 2, 3, 4, 6, 7, 8, 9, 11, 12, 13, 14, 17, 18, 19, 21, 22, 23, 24, 26, 31, 32, 33, 35, 36, 39, 42, 43, 47, 48, 49, 56]]
[65, 7.24995, [0, 1, 2, 3, 4, 6, 7, 8, 9, 11, 12, 13, 14, 17, 18, 19, 21, 22, 24, 25, 26, 28, 32, 34, 38, 40, 41, 44, 47, 49, 51, 52, 53, 61]]
[65, 7.16262, [0, 1, 2, 3, 4, 6, 7, 8, 9, 11, 12, 13, 14, 17, 19, 21, 22, 23, 26, 29, 31, 33, 35, 36, 38, 39, 42, 47, 48, 49, 51, 53, 54, 57]]
[65, 7.20084, [0, 1, 2, 3, 4, 6, 7, 8, 9, 11, 12, 13, 14, 18, 19, 21, 22, 23, 26, 27, 29, 31, 32, 33, 37, 38, 39, 41, 45, 47, 48, 54, 59, 61]]
[65, 7.11267, [0, 1, 2, 3, 4, 6, 7, 8, 9, 11, 12, 14, 18, 19, 21, 22, 23, 26, 27, 28, 29, 31, 32, 33, 37, 38, 39, 41, 45, 47, 48, 54, 59, 61]]
[65, 7.16293, [0, 1, 2, 3, 4, 6, 7, 8, 9, 11, 13, 14, 15, 16, 18, 19, 20, 21, 24, 28, 30, 33, 34, 40, 41, 43, 44, 46, 48, 49, 50, 55, 56, 60]]
[65, 7.14, [0, 1, 2, 3, 4, 6, 7, 8, 9, 11, 13, 14, 15, 16, 18, 19, 20, 22, 26, 28, 31, 35, 36, 39, 40, 44, 45, 46, 48, 50, 53, 54, 55, 58]]
[65, 7.10579, [0, 1, 2, 3, 4, 6, 7, 8, 9, 11, 13, 14, 15, 16, 18, 19, 20, 22, 26, 28, 31, 35, 39, 40, 44, 45, 46, 48, 53, 54, 55, 56, 58, 59]]
[65, 7.11076, [0, 1, 2, 3, 4, 6, 7, 8, 9, 11, 13, 14, 15, 16, 18, 19, 20, 26, 28, 29, 31, 35, 36, 39, 40, 44, 45, 46, 48, 50, 53, 55, 58, 59]]
[65, 7.09953, [0, 1, 2, 3, 4, 6, 7, 8, 9, 11, 13, 14, 15, 16, 18, 19, 20, 26, 28, 29, 31, 35, 36, 39, 40, 45, 46, 48, 50, 53, 54, 55, 58, 59]]
[65, 7.07082, [0, 1, 2, 3, 4, 6, 7, 8, 9, 11, 13, 14, 15, 16, 18, 19, 20, 26, 28, 31, 35, 36, 39, 40, 44, 45, 46, 48, 50, 53, 54, 55, 58, 59]]
[65, 7.06033, [0, 1, 2, 3, 4, 6, 7, 8, 9, 11, 13, 14, 15, 16, 18, 19, 20, 26, 28, 31, 35, 36, 39, 40, 44, 45, 48, 50, 53, 54, 55, 56, 58, 59]]
[65, 7.06239, [0, 1, 2, 3, 4, 6, 7, 8, 9, 11, 13, 14, 15, 16, 18, 20, 23, 26, 29, 31, 33, 35, 36, 40, 44, 45, 48, 49, 50, 51, 53, 54, 55, 59]]
[65, 7.06911, [0, 1, 2, 3, 4, 6, 7, 8, 9, 11, 13, 14, 15, 16, 19, 20, 24, 25, 26, 27, 30, 33, 36, 43, 44, 45, 48, 51, 53, 54, 55, 56, 57, 59]]
[65, 7.07494, [0, 1, 2, 3, 4, 6, 7, 8, 9, 11, 13, 14, 16, 17, 18, 19, 20, 22, 25, 26, 35, 40, 41, 43, 44, 45, 46, 48, 52, 54, 55, 56, 58, 59]]
[65, 7.16604, [0, 1, 2, 3, 4, 6, 7, 8, 9, 11, 13, 14, 16, 17, 18, 19, 22, 24, 26, 27, 28, 30, 31, 33, 39, 40, 42, 43, 44, 48, 51, 57, 59, 61]]
[65, 7.0703, [0, 1, 2, 3, 4, 6, 7, 8, 9, 11, 13, 14, 16, 17, 18, 19, 22, 24, 26, 28, 31, 33, 34, 38, 42, 47, 51, 52, 54, 55, 57, 58, 59, 61]]
[65, 7.15032, [0, 1, 2, 3, 4, 6, 7, 8, 9, 11, 13, 14, 16, 17, 18, 19, 22, 26, 27, 28, 29, 30, 32, 33, 40, 41, 43, 44, 45, 46, 48, 52, 59, 61]]
[65, 7.12104, [0, 1, 2, 3, 4, 6, 7, 8, 9, 11, 13, 14, 16, 17, 18, 19, 22, 26, 27, 28, 29, 32, 34, 35, 39, 41, 42, 46, 48, 49, 53, 56, 58, 62]]
[65, 7.17411, [0, 1, 2, 3, 4, 6, 7, 8, 9, 11, 13, 14, 16, 17, 18, 19, 23, 24, 26, 27, 30, 31, 32, 34, 36, 38, 39, 42, 43, 47, 49, 51, 58, 62]]
[65, 7.16573, [0, 1, 2, 3, 4, 6, 7, 8, 9, 11, 13, 14, 16, 17, 18, 20, 22, 25, 26, 28, 29, 30, 31, 35, 37, 41, 42, 43, 44, 45, 47, 50, 57, 60]]
[65, 7.085, [0, 1, 2, 3, 4, 6, 7, 8, 9, 11, 13, 14, 16, 17, 18, 22, 25, 26, 28, 29, 30, 31, 35, 37, 41, 42, 43, 44, 45, 47, 50, 57, 60, 61]]
[65, 7.05543, [0, 1, 2, 3, 4, 6, 7, 8, 9, 11, 13, 14, 17, 18, 19, 21, 22, 23, 24, 26, 27, 34, 37, 39, 43, 46, 48, 49, 56, 57, 58, 60, 61, 62]]
[65, 7.05398, [0, 1, 2, 3, 4, 6, 7, 8, 9, 11, 13, 14, 17, 19, 20, 21, 22, 27, 29, 30, 31, 32, 33, 35, 36, 39, 45, 47, 49, 53, 54, 56, 61, 62]]
[65, 7.09875, [0, 1, 2, 3, 4, 6, 7, 8, 9, 11, 13, 15, 16, 19, 20, 21, 22, 24, 28, 29, 30, 32, 33, 35, 37, 41, 42, 43, 46, 47, 48, 52, 58, 60]]
[65, 7.11882, [0, 1, 2, 3, 4, 6, 7, 8, 9, 12, 13, 14, 16, 17, 18, 19, 26, 27, 28, 29, 31, 32, 33, 35, 36, 39, 41, 42, 44, 46, 47, 48, 58, 59]]
[65, 7.05832, [0, 1, 2, 3, 4, 6, 7, 8, 11, 12, 13, 14, 15, 17, 22, 23, 24, 25, 26, 29, 30, 31, 32, 33, 37, 38, 39, 45, 48, 50, 53, 54, 56, 57]]
[65, 7.07831, [0, 1, 2, 3, 4, 6, 7, 8, 11, 12, 13, 14, 15, 18, 19, 21, 22, 24, 26, 28, 31, 33, 34, 36, 38, 39, 42, 44, 47, 48, 49, 50, 56, 57]]
[65, 7.06164, [0, 1, 2, 3, 4, 6, 7, 8, 11, 12, 13, 14, 15, 18, 19, 21, 22, 24, 26, 28, 31, 33, 34, 36, 38, 42, 44, 47, 48, 49, 50, 52, 56, 57]]
[65, 7.08931, [0, 1, 2, 3, 4, 6, 7, 9, 10, 11, 14, 15, 16, 17, 18, 20, 23, 24, 25, 27, 28, 29, 31, 32, 35, 40, 43, 46, 51, 52, 54, 55, 56, 58]]
[65, 7.09307, [0, 1, 2, 3, 4, 6, 7, 9, 10, 11, 14, 15, 16, 17, 19, 20, 22, 26, 27, 29, 30, 31, 32, 33, 35, 39, 40, 41, 42, 44, 45, 52, 59, 61]]
[65, 7.05468, [0, 1, 2, 3, 4, 6, 7, 9, 10, 11, 14, 15, 16, 17, 19, 20, 22, 26, 29, 30, 31, 32, 33, 35, 39, 40, 41, 42, 44, 45, 47, 52, 59, 61]]
[65, 7.05327, [0, 1, 2, 3, 4, 6, 7, 9, 10, 11, 14, 15, 16, 17, 19, 20, 22, 26, 29, 30, 31, 32, 33, 35, 39, 40, 41, 43, 44, 45, 47, 52, 59, 61]]
[65, 7.09341, [0, 1, 2, 3, 4, 6, 7, 9, 11, 12, 13, 14, 16, 17, 18, 19, 20, 25, 26, 27, 29, 30, 33, 37, 38, 39, 40, 42, 44, 45, 50, 51, 59, 63]]
[65, 7.06255, [0, 1, 2, 3, 4, 6, 7, 9, 11, 12, 13, 14, 16, 17, 18, 19, 20, 26, 27, 29, 30, 31, 33, 37, 39, 40, 41, 42, 44, 45, 50, 59, 60, 63]]
[65, 7.091, [0, 1, 2, 3, 4, 6, 7, 9, 11, 12, 13, 14, 16, 17, 18, 22, 23, 24, 25, 26, 28, 29, 31, 34, 35, 38, 39, 42, 43, 49, 51, 57, 58, 61]]
[65, 7.05351, [0, 1, 2, 3, 4, 6, 7, 9, 11, 12, 13, 14, 16, 17, 19, 20, 23, 24, 25, 27, 30, 32, 33, 38, 39, 40, 42, 43, 45, 47, 50, 51, 59, 63]]
[65, 7.05475, [0, 1, 2, 3, 4, 6, 7, 9, 11, 12, 13, 14, 17, 18, 19, 21, 22, 24, 25, 26, 28, 33, 34, 36, 38, 39, 40, 42, 43, 48, 49, 56, 57, 61]]
[65, 7.0863, [0, 1, 2, 3, 5, 6, 7, 8, 10, 11, 12, 13, 15, 16, 17, 18, 21, 25, 27, 28, 29, 30, 35, 38, 39, 41, 42, 43, 46, 47, 50, 56, 62, 63]]
[65, 7.05519, [0, 1, 2, 3, 5, 6, 7, 8, 10, 11, 12, 13, 15, 16, 17, 18, 25, 26, 27, 28, 31, 32, 34, 36, 39, 40, 43, 45, 47, 48, 56, 57, 58, 60]]
[65, 7.10679, [0, 1, 2, 3, 5, 6, 7, 8, 10, 11, 12, 13, 15, 16, 17, 21, 23, 24, 25, 27, 28, 29, 30, 32, 36, 38, 41, 42, 43, 50, 56, 60, 62, 63]]
[65, 7.07952, [0, 1, 2, 3, 5, 6, 7, 8, 10, 11, 12, 13, 15, 16, 17, 21, 23, 24, 25, 27, 28, 29, 32, 36, 38, 41, 42, 43, 45, 50, 56, 60, 62, 63]]
[65, 7.06064, [0, 1, 2, 3, 5, 6, 7, 8, 10, 11, 12, 13, 15, 16, 17, 23, 24, 25, 26, 28, 29, 30, 31, 32, 36, 37, 43, 45, 52, 53, 55, 56, 62, 63]]
[65, 7.09455, [0, 1, 2, 3, 5, 6, 7, 8, 10, 11, 12, 13, 15, 16, 18, 20, 22, 26, 27, 28, 29, 31, 32, 35, 37, 40, 41, 43, 44, 46, 48, 52, 55, 58]]
[65, 7.055, [0, 1, 2, 3, 5, 6, 7, 8, 10, 11, 12, 13, 15, 16, 21, 22, 23, 24, 25, 27, 28, 30, 33, 34, 37, 38, 41, 46, 48, 50, 56, 57, 60, 62]]
[65, 7.05851, [0, 1, 2, 3, 5, 6, 7, 8, 10, 11, 12, 13, 15, 16, 21, 22, 23, 24, 25, 28, 29, 30, 32, 34, 35, 38, 41, 42, 47, 50, 56, 58, 62, 63]]
[65, 7.07082, [0, 1, 2, 3, 5, 6, 7, 8, 10, 11, 12, 13, 15, 17, 18, 19, 20, 24, 27, 28, 29, 31, 33, 34, 40, 42, 45, 46, 47, 49, 53, 55, 57, 63]]
[65, 7.07172, [0, 1, 2, 3, 5, 6, 7, 8, 10, 11, 12, 13, 15, 17, 20, 21, 23, 24, 26, 27, 28, 29, 31, 33, 34, 40, 42, 46, 47, 50, 53, 55, 57, 63]]
[65, 7.16133, [0, 1, 2, 3, 5, 6, 7, 8, 10, 11, 13, 14, 15, 16, 18, 19, 20, 21, 24, 27, 28, 29, 31, 32, 33, 37, 39, 41, 42, 44, 49, 52, 53, 59]]
[65, 7.07066, [0, 1, 2, 3, 5, 6, 7, 8, 10, 11, 13, 14, 15, 16, 18, 19, 24, 26, 27, 28, 29, 31, 32, 33, 35, 39, 41, 44, 45, 46, 50, 53, 55, 59]]

Search completed in 11 hours, 48 minutes, and 8.786 seconds.  Enter a string to quit.