Enter an integer k for which our Kempner sets are k-free: 6
Enter a positive integer modulus b: 74
Enter estimation parameters, or * for pre-computed parameters ([0.0918, 1.0924, 1.4158]): *
Enter a threshold (e.g. 4.2) to determine printed output: 6.35
Enter a root for the search space (e.g. [0, 1, 2]) [or * for the root [0]]: *
Enter an upper bound for the size of allowable digit sets [or * to ignore]: 37
Enter a maximal number of deviations from a greedy search [or * to ignore]: *
Searching for k-free sets mod b...

[74, 6.3621, [0, 1, 2, 3, 4, 6, 7, 8, 9, 11, 12, 13, 14, 16, 17, 18, 19, 21, 22, 23, 25, 30, 32, 33, 34, 35, 36, 42, 47, 57, 64, 65, 68]]
[74, 6.49564, [0, 1, 2, 3, 4, 6, 7, 8, 9, 11, 12, 13, 14, 16, 17, 18, 19, 21, 22, 23, 25, 30, 32, 33, 34, 35, 36, 57, 61, 63, 64, 65, 66, 68]]
[74, 6.50485, [0, 1, 2, 3, 4, 6, 7, 8, 9, 11, 12, 13, 14, 16, 17, 18, 19, 21, 22, 23, 29, 30, 32, 33, 34, 35, 36, 42, 57, 61, 63, 64, 65, 68]]
[74, 6.43184, [0, 1, 2, 3, 4, 6, 7, 8, 9, 11, 12, 13, 14, 16, 17, 18, 19, 21, 22, 24, 31, 33, 34, 35, 36, 42, 47, 57, 62, 64, 65, 66, 67, 69]]
[74, 6.35737, [0, 1, 2, 3, 4, 6, 7, 8, 9, 11, 12, 13, 14, 16, 17, 18, 19, 21, 25, 30, 32, 34, 35, 42, 47, 52, 57, 60, 61, 63, 64, 65, 66, 68]]
[74, 6.45382, [0, 1, 2, 3, 4, 6, 7, 8, 9, 11, 12, 13, 14, 16, 17, 18, 19, 21, 27, 28, 30, 31, 32, 33, 34, 36, 42, 52, 57, 60, 61, 62, 63, 66]]
[74, 6.45239, [0, 1, 2, 3, 4, 6, 7, 8, 9, 11, 12, 13, 14, 16, 17, 18, 19, 21, 27, 28, 30, 31, 32, 33, 34, 36, 42, 52, 59, 60, 61, 62, 63, 66]]
[74, 6.42434, [0, 1, 2, 3, 4, 6, 7, 8, 9, 11, 12, 13, 14, 16, 17, 18, 19, 21, 27, 28, 30, 31, 32, 34, 36, 42, 52, 57, 59, 60, 61, 62, 63, 66]]
[74, 6.42033, [0, 1, 2, 3, 4, 6, 7, 8, 9, 11, 12, 13, 14, 16, 17, 18, 19, 21, 27, 28, 30, 32, 33, 34, 36, 42, 52, 57, 59, 60, 61, 62, 63, 66]]
[74, 6.37179, [0, 1, 2, 3, 4, 6, 7, 8, 9, 11, 12, 13, 14, 16, 17, 18, 19, 25, 26, 30, 32, 33, 34, 35, 42, 47, 52, 57, 60, 61, 64, 65, 66, 68]]
[74, 6.4293, [0, 1, 2, 3, 4, 6, 7, 8, 9, 11, 12, 13, 14, 17, 18, 19, 20, 21, 27, 28, 30, 31, 32, 33, 34, 36, 42, 52, 59, 60, 61, 62, 63, 66]]
[74, 6.45505, [0, 1, 2, 3, 4, 6, 7, 8, 9, 11, 12, 13, 14, 17, 18, 19, 21, 22, 23, 24, 26, 31, 33, 34, 35, 36, 42, 47, 53, 57, 62, 65, 66, 69]]
[74, 6.44724, [0, 1, 2, 3, 4, 6, 7, 8, 9, 11, 12, 13, 14, 17, 18, 19, 21, 22, 23, 24, 26, 31, 33, 34, 35, 36, 42, 47, 57, 62, 64, 65, 66, 69]]
[74, 6.37546, [0, 1, 2, 3, 4, 6, 7, 8, 9, 11, 12, 13, 14, 17, 18, 19, 21, 22, 24, 26, 31, 33, 34, 35, 36, 47, 53, 57, 62, 64, 65, 66, 67, 69]]
[74, 6.42211, [0, 1, 2, 3, 4, 6, 7, 8, 9, 11, 12, 13, 14, 17, 19, 21, 22, 23, 24, 26, 30, 31, 33, 34, 35, 36, 42, 47, 52, 53, 57, 62, 65, 69]]
[74, 6.41228, [0, 1, 2, 3, 4, 6, 7, 8, 9, 11, 12, 13, 14, 17, 19, 21, 22, 23, 24, 26, 30, 31, 33, 34, 35, 36, 42, 47, 53, 57, 62, 65, 66, 69]]
[74, 6.39348, [0, 1, 2, 3, 4, 6, 7, 8, 9, 11, 12, 13, 14, 17, 19, 21, 22, 23, 24, 26, 30, 31, 33, 34, 35, 42, 47, 52, 53, 57, 62, 65, 66, 69]]
[74, 6.37327, [0, 1, 2, 3, 4, 6, 7, 8, 9, 11, 12, 13, 14, 17, 19, 21, 22, 23, 24, 26, 30, 33, 34, 35, 36, 42, 47, 53, 57, 62, 65, 66, 68, 69]]
[74, 6.35447, [0, 1, 2, 3, 4, 6, 7, 8, 9, 11, 12, 13, 14, 17, 19, 21, 22, 23, 24, 26, 30, 33, 34, 35, 42, 47, 52, 53, 57, 62, 65, 66, 68, 69]]
[74, 6.35825, [0, 1, 2, 3, 4, 6, 7, 8, 9, 11, 12, 13, 14, 17, 19, 21, 23, 24, 26, 30, 31, 33, 34, 35, 36, 42, 47, 52, 53, 57, 62, 65, 66, 69]]
[74, 6.40064, [0, 1, 2, 3, 4, 6, 7, 8, 9, 11, 12, 13, 14, 19, 20, 21, 22, 23, 26, 29, 30, 31, 33, 34, 35, 36, 42, 47, 52, 53, 54, 55, 62, 69]]
[74, 6.39474, [0, 1, 2, 3, 4, 6, 7, 8, 9, 11, 12, 13, 14, 19, 20, 21, 22, 23, 26, 29, 30, 31, 33, 34, 35, 36, 42, 47, 52, 54, 55, 61, 62, 69]]
[74, 6.3861, [0, 1, 2, 3, 4, 6, 7, 8, 9, 11, 12, 13, 14, 19, 20, 21, 22, 23, 26, 29, 30, 31, 33, 34, 35, 36, 42, 47, 54, 55, 61, 62, 64, 69]]
[74, 6.36205, [0, 1, 2, 3, 4, 6, 7, 8, 9, 11, 12, 13, 14, 19, 20, 21, 22, 23, 26, 29, 30, 31, 34, 35, 36, 42, 47, 52, 54, 55, 61, 62, 64, 69]]
[74, 6.4998, [0, 1, 2, 3, 4, 6, 7, 8, 9, 11, 12, 13, 14, 19, 20, 22, 23, 26, 29, 30, 31, 33, 34, 35, 36, 42, 47, 52, 54, 55, 58, 61, 62, 64, 69]]
[74, 6.35904, [0, 1, 2, 3, 4, 6, 7, 8, 9, 11, 13, 14, 16, 17, 18, 19, 20, 22, 28, 29, 32, 33, 34, 35, 36, 42, 47, 49, 52, 58, 60, 61, 64, 68]]
[74, 6.35335, [0, 1, 2, 3, 4, 6, 7, 8, 9, 11, 13, 14, 16, 17, 18, 19, 20, 22, 28, 29, 32, 33, 34, 35, 36, 42, 47, 49, 52, 60, 61, 64, 67, 68]]
[74, 6.42329, [0, 1, 2, 3, 4, 6, 7, 8, 9, 11, 13, 14, 16, 17, 18, 19, 20, 25, 27, 28, 29, 30, 32, 33, 34, 35, 36, 42, 49, 52, 58, 60, 61, 63]]
[74, 6.44465, [0, 1, 2, 3, 4, 6, 7, 8, 9, 11, 16, 17, 18, 19, 20, 22, 23, 25, 27, 28, 29, 30, 32, 34, 35, 36, 47, 49, 50, 52, 58, 61, 63, 68, 70]]
[74, 6.35609, [0, 1, 2, 3, 4, 6, 7, 10, 11, 12, 13, 14, 17, 18, 19, 21, 23, 26, 27, 29, 31, 32, 35, 36, 42, 45, 46, 52, 57, 59, 62, 65, 67, 70, 71]]
[74, 6.39241, [0, 1, 2, 3, 5, 6, 7, 8, 10, 11, 12, 13, 15, 16, 17, 18, 19, 25, 27, 28, 29, 30, 32, 33, 34, 35, 36, 41, 46, 51, 57, 59, 61, 63]]
[74, 6.36109, [0, 1, 2, 3, 5, 6, 7, 8, 10, 11, 12, 13, 15, 16, 17, 18, 20, 22, 23, 26, 30, 31, 33, 34, 35, 36, 41, 51, 56, 58, 62, 64, 65, 66]]
[74, 6.3535, [0, 1, 2, 3, 5, 6, 7, 8, 10, 11, 12, 13, 15, 16, 17, 18, 20, 22, 23, 26, 30, 31, 33, 34, 35, 36, 41, 56, 58, 61, 62, 64, 65, 66]]

Search completed in 3 hours, 4 minutes, and 48.974 seconds.  Enter a string to quit.