Enter an integer k for which our Kempner sets are k-free: 6
Enter a positive integer modulus b: 24
Enter estimation parameters, or * for pre-computed parameters ([0.1438, 1.1563, 1.5514]): *
Enter a threshold (e.g. 4.2) to determine printed output: 4.45
Enter a root for the search space (e.g. [0, 1, 2]) [or * for the root [0]]: *
Enter an upper bound for the size of allowable digit sets [or * to ignore]: *
Enter a maximal number of deviations from a greedy search [or * to ignore]: *
Searching for k-free sets mod b...

[24, 4.57757, [0, 1, 2, 3, 4, 6, 7, 8, 9, 11]]
[24, 4.48122, [0, 1, 2, 3, 4, 6, 7, 8, 11, 17]]
[24, 4.45735, [0, 1, 2, 3, 4, 6, 7, 8, 11, 21]]
[24, 4.90234, [0, 1, 2, 3, 4, 6, 7, 9, 10, 11, 20]]
[24, 4.45559, [0, 1, 2, 3, 4, 6, 7, 9, 10, 20]]
[24, 4.77284, [0, 1, 2, 3, 4, 6, 7, 10, 11, 20, 21]]
[24, 4.61397, [0, 1, 2, 3, 4, 6, 10, 11, 17, 20, 21]]
[24, 4.53466, [0, 1, 2, 3, 4, 6, 10, 17, 19, 20, 21]]
[24, 4.47026, [0, 1, 2, 3, 4, 7, 8, 9, 10, 11]]
[24, 4.73074, [0, 1, 2, 3, 4, 7, 8, 9, 11, 18, 22]]
[24, 4.62742, [0, 1, 2, 3, 4, 7, 8, 11, 17, 18, 22]]
[24, 4.53649, [0, 1, 2, 3, 4, 7, 8, 17, 18, 21, 22]]
[24, 4.84753, [0, 1, 2, 3, 5, 6, 7, 8, 10, 11, 21]]
[24, 4.73369, [0, 1, 2, 3, 5, 6, 7, 8, 11, 21, 22]]
[24, 4.65693, [0, 1, 2, 3, 5, 6, 7, 9, 16, 20, 22]]
[24, 4.69921, [0, 1, 2, 3, 5, 6, 7, 10, 11, 20, 21]]
[24, 4.6193, [0, 1, 2, 3, 5, 6, 7, 11, 16, 20, 22]]
[24, 4.58586, [0, 1, 2, 3, 5, 6, 7, 11, 20, 21, 22]]
[24, 4.5285, [0, 1, 2, 3, 5, 6, 7, 16, 20, 21, 22]]
[24, 4.56396, [0, 1, 2, 3, 5, 6, 9, 11, 16, 20, 22]]
[24, 4.48488, [0, 1, 2, 3, 5, 6, 9, 16, 19, 20, 22]]
[24, 4.52875, [0, 1, 2, 3, 5, 7, 8, 11, 18, 21, 22]]
[24, 4.50957, [0, 1, 2, 3, 5, 7, 10, 11, 16, 20, 21]]
[24, 4.75223, [0, 1, 2, 4, 5, 6, 7, 9, 10, 11, 15]]
[24, 4.71553, [0, 1, 2, 4, 5, 6, 7, 9, 10, 11, 20]]
[24, 4.64979, [0, 1, 2, 4, 5, 6, 7, 9, 11, 15, 20]]
[24, 4.63912, [0, 1, 2, 4, 5, 6, 7, 9, 11, 15, 22]]
[24, 4.58729, [0, 1, 2, 4, 5, 6, 7, 10, 11, 20, 21]]
[24, 4.54351, [0, 1, 2, 4, 5, 6, 9, 10, 11, 19, 20]]
[24, 4.68202, [0, 1, 2, 4, 5, 7, 8, 9, 10, 11, 15]]
[24, 4.5692, [0, 1, 2, 4, 5, 7, 8, 9, 11, 15, 22]]
[24, 4.54527, [0, 1, 2, 4, 5, 7, 8, 9, 11, 18, 22]]
[24, 4.53575, [0, 1, 3, 4, 5, 6, 8, 9, 10, 11, 14]]

Search completed in 0 hours, 0 minutes, and 0.025 seconds.  Enter a string to quit.