Enter an integer k for which our Kempner sets are k-free: 6
Enter a positive integer modulus b: 30
Enter estimation parameters, or * for pre-computed parameters ([0.1297, 1.1382, 1.518]): *
Enter a threshold (e.g. 4.2) to determine printed output: 5.1
Enter a root for the search space (e.g. [0, 1, 2]) [or * for the root [0]]: *
Enter an upper bound for the size of allowable digit sets [or * to ignore]: *
Enter a maximal number of deviations from a greedy search [or * to ignore]: *
Searching for k-free sets mod b...

[30, 5.815, [0, 1, 2, 3, 4, 6, 7, 8, 9, 11, 12, 13, 14, 20, 25]]
[30, 5.41259, [0, 1, 2, 3, 4, 6, 7, 8, 9, 11, 12, 13, 14, 25]]
[30, 5.36716, [0, 1, 2, 3, 4, 6, 7, 8, 9, 11, 12, 13, 20, 25]]
[30, 5.35618, [0, 1, 2, 3, 4, 6, 7, 8, 9, 11, 12, 14, 20, 25]]
[30, 5.34364, [0, 1, 2, 3, 4, 6, 7, 8, 9, 11, 13, 14, 20, 25]]
[30, 5.31313, [0, 1, 2, 3, 4, 6, 7, 8, 9, 11, 13, 14, 25, 27]]
[30, 5.25684, [0, 1, 2, 3, 4, 6, 7, 8, 9, 11, 14, 20, 25, 27]]
[30, 5.32915, [0, 1, 2, 3, 4, 6, 7, 8, 9, 12, 13, 14, 20, 25]]
[30, 5.30217, [0, 1, 2, 3, 4, 6, 7, 8, 9, 12, 13, 14, 25, 26]]
[30, 5.25683, [0, 1, 2, 3, 4, 6, 7, 8, 9, 12, 13, 20, 25, 26]]
[30, 5.22986, [0, 1, 2, 3, 4, 6, 7, 8, 9, 13, 14, 20, 25, 27]]
[30, 5.20295, [0, 1, 2, 3, 4, 6, 7, 8, 9, 13, 14, 25, 26, 27]]
[30, 5.15771, [0, 1, 2, 3, 4, 6, 7, 8, 9, 13, 20, 25, 26, 27]]
[30, 5.29194, [0, 1, 2, 3, 4, 6, 7, 8, 11, 12, 13, 14, 20, 25]]
[30, 5.22742, [0, 1, 2, 3, 4, 6, 7, 8, 11, 12, 13, 20, 24, 25]]
[30, 5.11744, [0, 1, 2, 3, 4, 6, 7, 8, 12, 13, 20, 24, 25, 26]]
[30, 5.28584, [0, 1, 2, 3, 4, 6, 7, 9, 10, 11, 12, 14, 23, 28]]
[30, 5.26737, [0, 1, 2, 3, 4, 6, 7, 9, 11, 12, 13, 14, 20, 25]]
[30, 5.16255, [0, 1, 2, 3, 4, 6, 7, 9, 11, 12, 14, 23, 25, 28]]
[30, 5.1573, [0, 1, 2, 3, 4, 6, 7, 9, 12, 13, 14, 20, 25, 26]]
[30, 5.23679, [0, 1, 2, 3, 4, 6, 8, 9, 11, 12, 13, 14, 20, 25]]
[30, 5.20542, [0, 1, 2, 3, 4, 7, 8, 9, 10, 12, 13, 14, 21, 26]]
[30, 5.1065, [0, 1, 2, 3, 4, 7, 8, 9, 10, 13, 14, 21, 26, 27]]
[30, 5.19756, [0, 1, 2, 3, 4, 7, 8, 9, 11, 12, 13, 14, 20, 25]]
[30, 5.10784, [0, 1, 2, 3, 4, 7, 8, 9, 11, 12, 14, 20, 25, 28]]
[30, 5.10916, [0, 1, 2, 3, 4, 7, 8, 9, 12, 13, 14, 20, 21, 25]]
[30, 5.25712, [0, 1, 2, 3, 5, 6, 7, 8, 9, 12, 13, 14, 19, 26]]
[30, 5.22816, [0, 1, 2, 3, 5, 6, 7, 8, 9, 12, 13, 14, 25, 26]]
[30, 5.17787, [0, 1, 2, 3, 5, 6, 7, 8, 9, 12, 14, 19, 25, 26]]
[30, 5.17109, [0, 1, 2, 3, 5, 6, 7, 8, 9, 12, 14, 19, 25, 28]]
[30, 5.13847, [0, 1, 2, 3, 5, 6, 7, 8, 9, 12, 14, 25, 26, 28]]
[30, 5.15817, [0, 1, 2, 3, 5, 6, 7, 8, 9, 13, 14, 19, 26, 27]]
[30, 5.12928, [0, 1, 2, 3, 5, 6, 7, 8, 9, 13, 14, 25, 26, 27]]
[30, 5.42275, [0, 1, 2, 3, 5, 6, 7, 8, 9, 14, 19, 25, 26, 27, 28]]
[30, 5.72421, [0, 1, 2, 3, 5, 6, 7, 8, 10, 11, 12, 13, 14, 19, 24]]
[30, 5.322, [0, 1, 2, 3, 5, 6, 7, 8, 10, 11, 12, 13, 14, 24]]
[30, 5.28255, [0, 1, 2, 3, 5, 6, 7, 8, 10, 11, 12, 13, 19, 24]]
[30, 5.2716, [0, 1, 2, 3, 5, 6, 7, 8, 10, 11, 12, 14, 19, 24]]
[30, 5.25709, [0, 1, 2, 3, 5, 6, 7, 8, 10, 11, 12, 14, 19, 28]]
[30, 5.19275, [0, 1, 2, 3, 5, 6, 7, 8, 10, 11, 12, 19, 24, 28]]
[30, 5.25909, [0, 1, 2, 3, 5, 6, 7, 8, 10, 11, 13, 14, 19, 24]]
[30, 5.22291, [0, 1, 2, 3, 5, 6, 7, 8, 10, 11, 13, 14, 24, 27]]
[30, 5.17262, [0, 1, 2, 3, 5, 6, 7, 8, 10, 11, 14, 19, 24, 27]]
[30, 5.15815, [0, 1, 2, 3, 5, 6, 7, 8, 10, 11, 14, 19, 27, 28]]
[30, 5.24463, [0, 1, 2, 3, 5, 6, 7, 8, 10, 12, 13, 14, 19, 24]]
[30, 5.21195, [0, 1, 2, 3, 5, 6, 7, 8, 10, 12, 13, 14, 24, 26]]
[30, 5.50102, [0, 1, 2, 3, 5, 6, 7, 8, 10, 13, 14, 19, 24, 26, 27]]
[30, 5.14571, [0, 1, 2, 3, 5, 6, 7, 8, 10, 13, 14, 19, 24, 27]]
[30, 5.13802, [0, 1, 2, 3, 5, 6, 7, 8, 10, 13, 14, 19, 26, 27]]
[30, 5.11311, [0, 1, 2, 3, 5, 6, 7, 8, 10, 13, 14, 24, 26, 27]]
[30, 5.22767, [0, 1, 2, 3, 5, 6, 7, 8, 11, 12, 13, 14, 19, 24]]
[30, 5.19874, [0, 1, 2, 3, 5, 6, 7, 8, 11, 12, 13, 14, 24, 25]]
[30, 5.49674, [0, 1, 2, 3, 5, 6, 7, 8, 11, 12, 14, 19, 24, 25, 28]]
[30, 5.13799, [0, 1, 2, 3, 5, 6, 7, 8, 11, 12, 14, 19, 24, 28]]
[30, 5.13402, [0, 1, 2, 3, 5, 6, 7, 8, 11, 12, 14, 19, 25, 28]]
[30, 5.10911, [0, 1, 2, 3, 5, 6, 7, 8, 11, 12, 14, 24, 25, 28]]
[30, 5.11785, [0, 1, 2, 3, 5, 6, 7, 8, 12, 13, 14, 19, 24, 26]]
[30, 5.27461, [0, 1, 2, 3, 5, 6, 7, 8, 14, 19, 24, 25, 26, 27, 28]]
[30, 5.13467, [0, 1, 2, 3, 5, 6, 7, 9, 10, 12, 14, 19, 23, 28]]
[30, 5.11354, [0, 1, 2, 3, 5, 6, 7, 9, 10, 13, 14, 19, 26, 27]]
[30, 5.18294, [0, 1, 2, 3, 5, 6, 7, 10, 11, 12, 13, 14, 19, 24]]
[30, 5.11204, [0, 1, 2, 3, 5, 6, 7, 10, 11, 12, 14, 19, 23, 24]]
[30, 5.32676, [0, 1, 2, 3, 5, 6, 7, 11, 12, 14, 19, 23, 24, 25, 28]]
[30, 5.20199, [0, 1, 2, 3, 5, 6, 8, 9, 10, 11, 12, 14, 19, 28]]
[30, 5.17668, [0, 1, 2, 3, 5, 6, 8, 9, 10, 11, 13, 14, 22, 27]]
[30, 5.10321, [0, 1, 2, 3, 5, 6, 8, 9, 10, 11, 14, 19, 27, 28]]
[30, 5.1686, [0, 1, 2, 3, 5, 6, 8, 9, 11, 12, 13, 14, 19, 25]]
[30, 5.15239, [0, 1, 2, 3, 5, 6, 8, 10, 11, 12, 13, 14, 19, 24]]
[30, 5.1728, [0, 1, 2, 3, 5, 6, 8, 13, 14, 19, 22, 24, 25, 26, 27]]
[30, 5.16403, [0, 1, 2, 3, 5, 7, 8, 9, 10, 12, 13, 14, 19, 21]]
[30, 5.13147, [0, 1, 2, 3, 5, 7, 8, 9, 10, 12, 13, 14, 21, 26]]
[30, 5.41507, [0, 1, 2, 3, 5, 7, 8, 9, 10, 13, 14, 19, 21, 26, 27]]
[30, 5.11319, [0, 1, 2, 3, 5, 7, 8, 10, 11, 12, 13, 14, 19, 24]]
[30, 5.1229, [0, 1, 2, 3, 5, 8, 9, 10, 14, 19, 21, 22, 26, 27, 28]]
[30, 5.36058, [0, 1, 2, 3, 6, 7, 8, 9, 11, 12, 14, 19, 20, 25, 28]]
[30, 5.25569, [0, 1, 2, 3, 6, 7, 8, 9, 11, 14, 19, 20, 25, 27, 28]]
[30, 5.11686, [0, 1, 2, 4, 5, 6, 7, 8, 11, 12, 13, 14, 18, 25]]
[30, 5.15518, [0, 1, 2, 4, 5, 6, 7, 9, 10, 11, 12, 13, 18, 23]]
[30, 5.14429, [0, 1, 2, 4, 5, 6, 7, 9, 10, 11, 12, 14, 18, 23]]
[30, 5.13183, [0, 1, 2, 4, 5, 6, 7, 9, 10, 11, 13, 14, 18, 23]]
[30, 5.11742, [0, 1, 2, 4, 5, 6, 7, 9, 10, 12, 13, 14, 18, 23]]
[30, 5.33994, [0, 1, 2, 4, 5, 6, 7, 9, 12, 13, 14, 18, 23, 25, 26]]
[30, 5.27568, [0, 1, 2, 4, 5, 7, 8, 9, 12, 13, 14, 18, 21, 25, 26]]
[30, 5.1713, [0, 1, 2, 4, 5, 7, 8, 9, 13, 14, 18, 21, 25, 26, 27]]
[30, 5.11402, [0, 1, 2, 5, 6, 7, 9, 10, 12, 13, 14, 18, 19, 23, 26]]

Search completed in 0 hours, 0 minutes, and 0.077 seconds.  Enter a string to quit.