Enter an integer k for which our Kempner sets are k-free: 6
Enter a positive integer modulus b: 14
Enter estimation parameters, or * for pre-computed parameters ([0.1961, 1.1774, 1.6855]): *
Enter a threshold (e.g. 4.2) to determine printed output: 2.75
Enter a root for the search space (e.g. [0, 1, 2]) [or * for the root [0]]: *
Enter an upper bound for the size of allowable digit sets [or * to ignore]: *
Enter a maximal number of deviations from a greedy search [or * to ignore]: *
Searching for k-free sets mod b...

[14, 4.4845, [0, 1, 2, 3, 4, 6, 12]]
[14, 3.74929, [0, 1, 2, 3, 4, 12]]
[14, 4.41697, [0, 1, 2, 3, 5, 6, 11]]
[14, 3.69123, [0, 1, 2, 3, 5, 11]]
[14, 4.17831, [0, 1, 2, 3, 6, 11, 12]]
[14, 3.62245, [0, 1, 2, 3, 6, 12]]
[14, 3.48547, [0, 1, 2, 3, 11, 12]]
[14, 3.06972, [0, 1, 2, 3, 12]]
[14, 4.30893, [0, 1, 2, 4, 5, 6, 10]]
[14, 3.59849, [0, 1, 2, 4, 5, 10]]
[14, 3.54568, [0, 1, 2, 4, 6, 10]]
[14, 3.51201, [0, 1, 2, 4, 6, 12]]
[14, 3.39403, [0, 1, 2, 4, 10, 12]]
[14, 2.97339, [0, 1, 2, 4, 12]]
[14, 3.47239, [0, 1, 2, 5, 6, 10]]
[14, 3.45439, [0, 1, 2, 5, 6, 11]]
[14, 3.33681, [0, 1, 2, 5, 10, 11]]
[14, 2.9231, [0, 1, 2, 5, 11]]
[14, 3.77119, [0, 1, 2, 6, 10, 11, 12]]
[14, 3.2694, [0, 1, 2, 6, 10, 12]]
[14, 3.25163, [0, 1, 2, 6, 11, 12]]
[14, 2.86374, [0, 1, 2, 6, 12]]
[14, 3.13536, [0, 1, 2, 10, 11, 12]]
[14, 2.7612, [0, 1, 2, 10, 12]]
[14, 4.11287, [0, 1, 3, 4, 5, 6, 9]]
[14, 3.43055, [0, 1, 3, 4, 5, 9]]
[14, 3.37828, [0, 1, 3, 4, 6, 9]]
[14, 3.32443, [0, 1, 3, 4, 6, 12]]
[14, 3.22915, [0, 1, 3, 4, 9, 12]]
[14, 2.81022, [0, 1, 3, 4, 12]]
[14, 3.8127, [0, 1, 3, 5, 6, 9, 11]]
[14, 3.26717, [0, 1, 3, 5, 6, 11]]
[14, 3.17219, [0, 1, 3, 5, 9, 11]]
[14, 2.76026, [0, 1, 3, 5, 11]]
[14, 3.12063, [0, 1, 3, 6, 9, 11]]
[14, 3.06771, [0, 1, 3, 6, 11, 12]]
[14, 2.97379, [0, 1, 3, 9, 11, 12]]
[14, 3.19637, [0, 1, 4, 5, 6, 9]]
[14, 3.17573, [0, 1, 4, 5, 6, 10]]
[14, 3.47765, [0, 1, 4, 6, 9, 10, 12]]
[14, 2.99797, [0, 1, 4, 6, 9, 12]]
[14, 2.97758, [0, 1, 4, 6, 10, 12]]
[14, 2.88425, [0, 1, 4, 9, 10, 12]]
[14, 2.94145, [0, 1, 5, 6, 9, 11]]
[14, 2.82812, [0, 1, 5, 9, 10, 11]]
[14, 3.18647, [0, 1, 6, 9, 10, 11, 12]]
[14, 2.76298, [0, 1, 6, 9, 10, 12]]
[14, 3.65973, [0, 2, 3, 4, 5, 6, 8]]
[14, 3.04363, [0, 2, 3, 4, 5, 8]]
[14, 2.99338, [0, 2, 3, 4, 6, 8]]
[14, 2.91934, [0, 2, 3, 4, 6, 12]]
[14, 2.85258, [0, 2, 3, 4, 8, 12]]
[14, 2.92301, [0, 2, 3, 5, 6, 8]]
[14, 2.86342, [0, 2, 3, 5, 6, 11]]
[14, 3.15324, [0, 2, 3, 6, 8, 11, 12]]
[14, 2.81645, [0, 2, 4, 5, 6, 8]]
[14, 2.77367, [0, 2, 4, 5, 6, 10]]
[14, 2.98636, [0, 2, 5, 6, 8, 10, 11]]
[14, 3.07882, [0, 3, 4, 5, 6, 8, 9]]
[14, 2.86451, [0, 3, 4, 6, 8, 9, 12]]

Search completed in 0 hours, 0 minutes, and 0.027 seconds.  Enter a string to quit.