Enter an integer k for which our Kempner sets are k-free: 6
Enter a positive integer modulus b: 82
Enter estimation parameters, or * for pre-computed parameters ([0.0883, 1.0911, 1.4019]): *
Enter a threshold (e.g. 4.2) to determine printed output: 6.4
Enter a root for the search space (e.g. [0, 1, 2]) [or * for the root [0]]: *
Enter an upper bound for the size of allowable digit sets [or * to ignore]: 41
Enter a maximal number of deviations from a greedy search [or * to ignore]: *
Searching for k-free sets mod b...

[82, 6.51286, [0, 1, 2, 3, 4, 6, 7, 8, 9, 11, 12, 13, 14, 16, 17, 18, 19, 21, 22, 23, 29, 31, 32, 34, 35, 36, 37, 38, 40, 46, 56, 65, 67, 68, 69, 71, 74]]
[82, 6.49091, [0, 1, 2, 3, 4, 6, 7, 8, 9, 11, 12, 13, 14, 16, 17, 18, 19, 21, 22, 23, 29, 31, 32, 34, 35, 36, 38, 40, 46, 56, 61, 65, 66, 67, 69, 71, 74]]
[82, 6.45568, [0, 1, 2, 3, 4, 6, 7, 8, 9, 11, 12, 13, 14, 16, 17, 18, 19, 21, 22, 23, 29, 31, 32, 35, 36, 38, 40, 46, 56, 61, 65, 66, 67, 69, 71, 74, 75]]
[82, 6.47486, [0, 1, 2, 3, 4, 6, 7, 8, 9, 11, 12, 13, 14, 16, 17, 18, 19, 21, 22, 23, 29, 31, 34, 35, 36, 37, 38, 40, 46, 56, 65, 67, 68, 69, 71, 73, 74]]
[82, 6.44505, [0, 1, 2, 3, 4, 6, 7, 8, 9, 11, 12, 13, 14, 16, 17, 18, 19, 21, 22, 23, 31, 33, 34, 35, 37, 38, 40, 46, 56, 61, 65, 66, 67, 69, 70, 71, 73]]
[82, 6.43806, [0, 1, 2, 3, 4, 6, 7, 8, 9, 11, 12, 13, 14, 16, 17, 18, 19, 21, 22, 23, 31, 34, 35, 36, 37, 38, 40, 46, 56, 61, 65, 66, 67, 69, 71, 73, 74]]
[82, 6.42967, [0, 1, 2, 3, 4, 6, 7, 8, 9, 11, 12, 13, 14, 16, 17, 18, 19, 21, 22, 23, 31, 34, 35, 36, 37, 38, 40, 46, 61, 65, 66, 67, 69, 70, 71, 73, 74]]
[82, 6.40849, [0, 1, 2, 3, 4, 6, 7, 8, 9, 11, 12, 13, 14, 16, 17, 18, 19, 21, 22, 23, 31, 34, 35, 37, 38, 40, 46, 56, 61, 65, 66, 67, 69, 70, 71, 73, 74]]
[82, 6.41676, [0, 1, 2, 3, 4, 6, 7, 8, 9, 11, 12, 13, 14, 16, 17, 18, 19, 21, 23, 27, 32, 34, 35, 36, 37, 38, 40, 46, 56, 63, 66, 67, 69, 70, 71, 72, 74]]
[82, 6.45056, [0, 1, 2, 3, 4, 6, 7, 8, 9, 11, 12, 13, 14, 16, 17, 18, 19, 22, 23, 29, 31, 32, 34, 35, 36, 37, 38, 40, 46, 56, 62, 65, 66, 67, 69, 71, 74]]
[82, 6.44949, [0, 1, 2, 3, 4, 6, 7, 8, 9, 11, 12, 13, 14, 16, 17, 18, 19, 22, 23, 29, 31, 32, 34, 35, 36, 37, 38, 40, 46, 56, 62, 65, 67, 68, 69, 71, 74]]
[82, 6.42772, [0, 1, 2, 3, 4, 6, 7, 8, 9, 11, 12, 13, 14, 16, 17, 18, 19, 22, 23, 29, 31, 32, 34, 35, 36, 37, 38, 46, 56, 62, 65, 66, 67, 68, 69, 71, 74]]
[82, 6.425, [0, 1, 2, 3, 4, 6, 7, 8, 9, 11, 12, 13, 14, 16, 17, 18, 19, 22, 23, 29, 31, 32, 34, 35, 36, 37, 40, 46, 56, 62, 65, 66, 67, 68, 69, 71, 74]]
[82, 6.41258, [0, 1, 2, 3, 4, 6, 7, 8, 9, 11, 12, 13, 14, 16, 17, 18, 19, 22, 23, 29, 31, 34, 35, 36, 37, 38, 40, 46, 56, 62, 65, 66, 67, 69, 71, 73, 74]]
[82, 6.41151, [0, 1, 2, 3, 4, 6, 7, 8, 9, 11, 12, 13, 14, 16, 17, 18, 19, 22, 23, 29, 31, 34, 35, 36, 37, 38, 40, 46, 56, 62, 65, 67, 68, 69, 71, 73, 74]]
[82, 6.43171, [0, 1, 2, 3, 4, 6, 7, 8, 9, 11, 12, 13, 14, 16, 18, 19, 21, 22, 23, 29, 31, 32, 34, 35, 36, 37, 38, 40, 46, 56, 58, 65, 67, 68, 69, 71, 74]]
[82, 6.43448, [0, 1, 2, 3, 4, 6, 7, 8, 9, 11, 12, 13, 14, 17, 18, 19, 20, 21, 25, 26, 30, 33, 34, 35, 36, 38, 39, 40, 46, 56, 57, 63, 65, 68, 70, 72, 73]]
[82, 6.4505, [0, 1, 2, 3, 4, 6, 7, 8, 9, 11, 12, 13, 14, 17, 18, 19, 20, 22, 26, 28, 29, 31, 33, 34, 36, 37, 38, 39, 40, 46, 56, 62, 65, 68, 71, 73, 76]]
[82, 6.41395, [0, 1, 2, 3, 4, 6, 7, 8, 9, 11, 12, 13, 14, 17, 18, 19, 20, 22, 26, 28, 29, 31, 34, 36, 37, 38, 39, 40, 46, 56, 62, 65, 68, 71, 73, 74, 76]]
[82, 6.4571, [0, 1, 2, 3, 4, 6, 7, 8, 9, 11, 12, 13, 14, 17, 18, 19, 21, 22, 23, 24, 26, 31, 32, 33, 35, 36, 38, 40, 51, 56, 57, 61, 66, 69, 71, 75, 78]]
[82, 6.48333, [0, 1, 2, 3, 4, 6, 7, 8, 9, 11, 12, 13, 14, 18, 20, 21, 22, 23, 24, 27, 29, 31, 32, 33, 34, 36, 37, 38, 39, 40, 46, 51, 56, 57, 60, 66, 69]]
[82, 6.41911, [0, 1, 2, 3, 4, 6, 7, 8, 9, 11, 12, 13, 16, 17, 18, 19, 21, 22, 23, 29, 31, 32, 33, 34, 36, 37, 38, 40, 46, 55, 56, 65, 66, 67, 68, 69, 71]]
[82, 6.50017, [0, 1, 2, 3, 4, 6, 7, 8, 9, 11, 12, 13, 16, 17, 18, 19, 22, 23, 29, 31, 32, 34, 35, 36, 37, 38, 40, 46, 55, 56, 62, 65, 66, 67, 68, 69, 71, 74]]
[82, 6.40197, [0, 1, 2, 3, 4, 6, 7, 8, 9, 11, 12, 13, 17, 18, 19, 20, 21, 23, 24, 26, 27, 32, 33, 34, 35, 36, 38, 39, 40, 57, 63, 66, 69, 70, 71, 72, 78]]
[82, 6.42786, [0, 1, 2, 3, 4, 6, 7, 8, 9, 11, 13, 14, 15, 16, 18, 19, 20, 24, 25, 26, 28, 30, 33, 34, 36, 37, 38, 39, 40, 53, 58, 62, 63, 68, 70, 73, 76]]
[82, 6.52615, [0, 1, 2, 3, 4, 6, 7, 8, 9, 11, 13, 14, 16, 17, 18, 19, 20, 22, 26, 28, 29, 31, 34, 35, 36, 37, 39, 40, 53, 56, 64, 65, 66, 68, 71, 73, 74, 79]]
[82, 6.42501, [0, 1, 2, 3, 4, 6, 7, 8, 9, 11, 13, 14, 16, 17, 18, 19, 20, 25, 26, 28, 29, 30, 33, 34, 35, 37, 38, 39, 40, 46, 53, 56, 62, 64, 65, 68, 73]]
[82, 6.41344, [0, 1, 2, 3, 4, 6, 7, 9, 11, 12, 13, 14, 16, 17, 19, 20, 21, 23, 24, 27, 32, 34, 35, 36, 37, 38, 40, 46, 49, 63, 66, 67, 69, 70, 71, 72, 74, 80]]

Search completed in 64 hours, 39 minutes, and 57.048 seconds.  Enter a string to quit.