Enter an integer k for which our Kempner sets are k-free: 6
Enter a positive integer modulus b: 28
Enter estimation parameters, or * for pre-computed parameters ([0.1336, 1.1443, 1.5264]): *
Enter a threshold (e.g. 4.2) to determine printed output: 5.0
Enter a root for the search space (e.g. [0, 1, 2]) [or * for the root [0]]: *
Enter an upper bound for the size of allowable digit sets [or * to ignore]: *
Enter a maximal number of deviations from a greedy search [or * to ignore]: *
Searching for k-free sets mod b...

[28, 5.29071, [0, 1, 2, 3, 4, 6, 7, 8, 9, 11, 12, 13, 19]]
[28, 5.26519, [0, 1, 2, 3, 4, 6, 7, 8, 9, 11, 12, 13, 24]]
[28, 5.21412, [0, 1, 2, 3, 4, 6, 7, 8, 9, 11, 12, 19, 24]]
[28, 5.15386, [0, 1, 2, 3, 4, 6, 7, 8, 11, 12, 13, 19, 23]]
[28, 5.12844, [0, 1, 2, 3, 4, 6, 7, 8, 11, 12, 13, 23, 24]]
[28, 5.07752, [0, 1, 2, 3, 4, 6, 7, 8, 11, 12, 19, 23, 24]]
[28, 5.02098, [0, 1, 2, 3, 4, 6, 7, 8, 12, 13, 23, 24, 25]]
[28, 5.6445, [0, 1, 2, 3, 4, 6, 7, 9, 10, 11, 12, 13, 19, 22]]
[28, 5.22918, [0, 1, 2, 3, 4, 6, 7, 9, 10, 11, 12, 13, 22]]
[28, 5.17815, [0, 1, 2, 3, 4, 6, 7, 9, 10, 11, 12, 19, 22]]
[28, 5.16552, [0, 1, 2, 3, 4, 6, 7, 9, 10, 11, 13, 19, 22]]
[28, 5.08131, [0, 1, 2, 3, 4, 6, 7, 9, 10, 11, 19, 22, 26]]
[28, 5.15095, [0, 1, 2, 3, 4, 6, 7, 9, 10, 12, 13, 19, 22]]
[28, 5.51493, [0, 1, 2, 3, 4, 6, 7, 9, 11, 12, 13, 19, 22, 24]]
[28, 5.12487, [0, 1, 2, 3, 4, 6, 7, 9, 11, 12, 13, 19, 24]]
[28, 5.10848, [0, 1, 2, 3, 4, 6, 7, 9, 11, 12, 13, 22, 24]]
[28, 5.05759, [0, 1, 2, 3, 4, 6, 7, 9, 11, 12, 19, 22, 24]]
[28, 5.045, [0, 1, 2, 3, 4, 6, 7, 9, 11, 13, 19, 22, 24]]
[28, 5.03716, [0, 1, 2, 3, 4, 6, 7, 9, 11, 13, 19, 22, 26]]
[28, 5.03046, [0, 1, 2, 3, 4, 6, 7, 9, 12, 13, 19, 22, 24]]
[28, 5.11358, [0, 1, 2, 3, 4, 6, 7, 10, 11, 12, 13, 19, 22]]
[28, 5.10891, [0, 1, 2, 3, 4, 6, 7, 10, 11, 12, 13, 19, 23]]
[28, 5.04166, [0, 1, 2, 3, 4, 6, 7, 10, 11, 12, 19, 22, 23]]
[28, 5.02908, [0, 1, 2, 3, 4, 6, 7, 10, 11, 13, 19, 22, 23]]
[28, 5.09423, [0, 1, 2, 3, 4, 6, 8, 9, 11, 12, 13, 19, 24]]
[28, 5.08288, [0, 1, 2, 3, 4, 6, 8, 9, 11, 12, 13, 21, 24]]
[28, 5.00492, [0, 1, 2, 3, 4, 6, 8, 9, 12, 13, 19, 21, 24]]
[28, 5.05832, [0, 1, 2, 3, 4, 6, 9, 10, 11, 12, 13, 19, 22]]
[28, 5.06205, [0, 1, 2, 3, 4, 7, 8, 9, 10, 12, 13, 20, 25]]
[28, 5.0744, [0, 1, 2, 3, 4, 7, 8, 9, 11, 12, 13, 19, 20]]
[28, 5.03902, [0, 1, 2, 3, 4, 7, 8, 10, 11, 12, 13, 19, 23]]
[28, 5.03312, [0, 1, 2, 3, 4, 7, 8, 10, 11, 12, 13, 20, 23]]
[28, 5.01906, [0, 1, 2, 3, 4, 7, 9, 10, 11, 12, 13, 19, 22]]
[28, 5.02181, [0, 1, 2, 3, 4, 8, 10, 13, 19, 20, 21, 23, 25, 26]]
[28, 5.01875, [0, 1, 2, 3, 5, 6, 7, 8, 9, 13, 18, 25, 26]]
[28, 5.20246, [0, 1, 2, 3, 5, 6, 7, 8, 10, 11, 12, 13, 18]]
[28, 5.17495, [0, 1, 2, 3, 5, 6, 7, 8, 10, 11, 12, 13, 23]]
[28, 5.10574, [0, 1, 2, 3, 5, 6, 7, 8, 10, 11, 13, 18, 26]]
[28, 5.0783, [0, 1, 2, 3, 5, 6, 7, 8, 10, 11, 13, 23, 26]]
[28, 5.03396, [0, 1, 2, 3, 5, 6, 7, 8, 10, 11, 18, 23, 26]]
[28, 5.09498, [0, 1, 2, 3, 5, 6, 7, 8, 10, 12, 13, 18, 25]]
[28, 5.06755, [0, 1, 2, 3, 5, 6, 7, 8, 10, 12, 13, 23, 25]]
[28, 5.05456, [0, 1, 2, 3, 5, 6, 7, 8, 11, 12, 13, 23, 24]]
[28, 5.08338, [0, 1, 2, 3, 5, 6, 7, 9, 10, 12, 13, 18, 22]]
[28, 5.04607, [0, 1, 2, 3, 5, 6, 7, 10, 11, 12, 13, 18, 22]]
[28, 5.01868, [0, 1, 2, 3, 5, 6, 7, 10, 11, 12, 13, 22, 23]]
[28, 5.08489, [0, 1, 2, 3, 5, 6, 8, 9, 10, 11, 12, 18, 21]]
[28, 5.0723, [0, 1, 2, 3, 5, 6, 8, 9, 10, 11, 13, 18, 21]]
[28, 5.05051, [0, 1, 2, 3, 5, 6, 8, 9, 10, 11, 13, 18, 26]]
[28, 5.03277, [0, 1, 2, 3, 5, 6, 8, 9, 10, 11, 13, 21, 26]]
[28, 5.05776, [0, 1, 2, 3, 5, 6, 8, 9, 10, 12, 13, 18, 21]]
[28, 5.04073, [0, 1, 2, 3, 5, 6, 8, 9, 11, 12, 13, 18, 21]]
[28, 5.00904, [0, 1, 2, 3, 5, 6, 8, 9, 11, 12, 13, 21, 24]]
[28, 5.02046, [0, 1, 2, 3, 5, 6, 8, 10, 11, 12, 13, 18, 21]]
[28, 5.07128, [0, 1, 2, 4, 5, 6, 7, 9, 10, 11, 12, 13, 17]]
[28, 5.0416, [0, 1, 2, 4, 5, 6, 7, 9, 10, 11, 12, 13, 22]]
[28, 5.17617, [0, 1, 2, 4, 6, 7, 9, 10, 11, 12, 13, 17, 19, 22]]
[28, 5.04863, [0, 1, 2, 4, 6, 7, 9, 11, 12, 13, 17, 19, 22, 24]]

Search completed in 0 hours, 0 minutes, and 0.056 seconds.  Enter a string to quit.