Enter an integer k for which our Kempner sets are k-free: 6
Enter a positive integer modulus b: 50
Enter estimation parameters, or * for pre-computed parameters ([0.1063, 1.1104, 1.4623]): *
Enter a threshold (e.g. 4.2) to determine printed output: 5.95
Enter a root for the search space (e.g. [0, 1, 2]) [or * for the root [0]]: *
Enter an upper bound for the size of allowable digit sets [or * to ignore]: *
Enter a maximal number of deviations from a greedy search [or * to ignore]: *
Searching for k-free sets mod b...

[50, 6.34871, [0, 1, 2, 3, 4, 6, 7, 8, 9, 11, 12, 13, 14, 16, 17, 18, 19, 21, 22, 23, 24, 35, 40, 45]]
[50, 6.10127, [0, 1, 2, 3, 4, 6, 7, 8, 9, 11, 12, 13, 14, 16, 17, 18, 19, 21, 22, 23, 24, 35, 45]]
[50, 6.09286, [0, 1, 2, 3, 4, 6, 7, 8, 9, 11, 12, 13, 14, 16, 17, 18, 19, 21, 22, 23, 24, 40, 45]]
[50, 6.09032, [0, 1, 2, 3, 4, 6, 7, 8, 9, 11, 12, 13, 14, 16, 17, 18, 19, 21, 22, 23, 30, 35, 40]]
[50, 6.06438, [0, 1, 2, 3, 4, 6, 7, 8, 9, 11, 12, 13, 14, 16, 17, 18, 19, 21, 22, 23, 35, 40, 45]]
[50, 6.06064, [0, 1, 2, 3, 4, 6, 7, 8, 9, 11, 12, 13, 14, 16, 17, 18, 19, 21, 22, 24, 35, 40, 45]]
[50, 6.04287, [0, 1, 2, 3, 4, 6, 7, 8, 9, 11, 12, 13, 14, 16, 17, 18, 19, 21, 22, 30, 35, 40, 45]]
[50, 6.0566, [0, 1, 2, 3, 4, 6, 7, 8, 9, 11, 12, 13, 14, 16, 17, 18, 19, 21, 23, 24, 35, 40, 45]]
[50, 6.05223, [0, 1, 2, 3, 4, 6, 7, 8, 9, 11, 12, 13, 14, 16, 17, 18, 19, 22, 23, 24, 35, 40, 45]]
[50, 6.04228, [0, 1, 2, 3, 4, 6, 7, 8, 9, 11, 12, 13, 14, 16, 17, 18, 21, 22, 23, 24, 35, 40, 45]]
[50, 5.99986, [0, 1, 2, 3, 4, 6, 7, 8, 9, 11, 12, 13, 14, 16, 17, 18, 21, 22, 23, 35, 40, 44, 45]]
[50, 6.0625, [0, 1, 2, 3, 4, 6, 7, 8, 9, 11, 12, 13, 14, 16, 17, 19, 21, 22, 23, 24, 30, 35, 40]]
[50, 6.03657, [0, 1, 2, 3, 4, 6, 7, 8, 9, 11, 12, 13, 14, 16, 17, 19, 21, 22, 23, 24, 35, 40, 45]]
[50, 6.02392, [0, 1, 2, 3, 4, 6, 7, 8, 9, 11, 12, 13, 14, 16, 17, 19, 21, 22, 23, 24, 40, 43, 45]]
[50, 6.01507, [0, 1, 2, 3, 4, 6, 7, 8, 9, 11, 12, 13, 14, 16, 17, 19, 21, 22, 24, 30, 35, 40, 45]]
[50, 5.9877, [0, 1, 2, 3, 4, 6, 7, 8, 9, 11, 12, 13, 14, 16, 17, 19, 21, 23, 24, 35, 40, 43, 45]]
[50, 5.97207, [0, 1, 2, 3, 4, 6, 7, 8, 9, 11, 12, 13, 14, 16, 17, 21, 22, 23, 24, 35, 40, 44, 45]]
[50, 5.95944, [0, 1, 2, 3, 4, 6, 7, 8, 9, 11, 12, 13, 14, 16, 17, 21, 22, 23, 24, 40, 43, 44, 45]]
[50, 6.03026, [0, 1, 2, 3, 4, 6, 7, 8, 9, 11, 12, 13, 14, 16, 18, 19, 21, 22, 23, 24, 35, 40, 45]]
[50, 6.02325, [0, 1, 2, 3, 4, 6, 7, 8, 9, 11, 12, 13, 14, 17, 18, 19, 21, 22, 23, 24, 35, 40, 45]]
[50, 6.02178, [0, 1, 2, 3, 4, 6, 7, 8, 9, 11, 12, 13, 14, 17, 18, 19, 21, 22, 23, 24, 35, 41, 45]]
[50, 6.00549, [0, 1, 2, 3, 4, 6, 7, 8, 9, 11, 12, 13, 14, 17, 18, 19, 21, 22, 23, 30, 35, 40, 45]]
[50, 5.98493, [0, 1, 2, 3, 4, 6, 7, 8, 9, 11, 12, 13, 14, 17, 18, 19, 21, 22, 23, 35, 40, 41, 45]]
[50, 5.98119, [0, 1, 2, 3, 4, 6, 7, 8, 9, 11, 12, 13, 14, 17, 18, 19, 21, 22, 24, 35, 40, 41, 45]]
[50, 6.12161, [0, 1, 2, 3, 4, 6, 7, 8, 9, 11, 12, 13, 14, 17, 18, 22, 23, 30, 35, 40, 41, 44, 45, 46]]
[50, 5.9777, [0, 1, 2, 3, 4, 6, 7, 8, 9, 11, 12, 13, 14, 17, 19, 21, 22, 23, 24, 30, 35, 40, 45]]
[50, 6.00656, [0, 1, 2, 3, 4, 6, 7, 8, 9, 11, 12, 13, 16, 17, 18, 19, 21, 22, 23, 24, 35, 40, 45]]
[50, 5.9965, [0, 1, 2, 3, 4, 6, 7, 8, 9, 11, 12, 14, 16, 17, 18, 19, 21, 22, 23, 24, 35, 40, 45]]
[50, 6.01084, [0, 1, 2, 3, 4, 6, 7, 8, 9, 11, 13, 14, 16, 17, 18, 19, 21, 22, 23, 24, 30, 35, 40]]
[50, 5.98494, [0, 1, 2, 3, 4, 6, 7, 8, 9, 11, 13, 14, 16, 17, 18, 19, 21, 22, 23, 24, 35, 40, 45]]
[50, 5.96346, [0, 1, 2, 3, 4, 6, 7, 8, 9, 11, 13, 14, 16, 17, 18, 19, 21, 22, 24, 30, 35, 40, 45]]
[50, 5.97149, [0, 1, 2, 3, 4, 6, 7, 8, 9, 12, 13, 14, 16, 17, 18, 19, 21, 22, 23, 24, 35, 40, 45]]
[50, 6.12831, [0, 1, 2, 3, 4, 7, 8, 9, 11, 12, 13, 14, 16, 17, 18, 19, 21, 22, 23, 24, 30, 31, 35, 40]]
[50, 6.02369, [0, 1, 2, 3, 4, 7, 8, 9, 11, 12, 13, 14, 16, 17, 18, 19, 21, 24, 30, 31, 35, 40, 45, 47]]
[50, 6.02252, [0, 1, 2, 3, 4, 7, 8, 9, 11, 12, 13, 14, 16, 17, 18, 19, 21, 24, 30, 31, 35, 40, 45, 48]]
[50, 5.99579, [0, 1, 2, 3, 4, 7, 8, 9, 11, 12, 13, 14, 16, 17, 18, 19, 21, 24, 30, 35, 40, 45, 47, 48]]
[50, 5.99334, [0, 1, 2, 3, 4, 7, 8, 9, 11, 12, 13, 14, 16, 17, 18, 19, 21, 24, 31, 35, 40, 45, 47, 48]]
[50, 6.06796, [0, 1, 2, 3, 5, 6, 7, 8, 10, 11, 12, 13, 14, 18, 19, 20, 23, 24, 29, 34, 41, 42, 46, 47]]
[50, 6.10217, [0, 1, 2, 3, 5, 6, 7, 8, 10, 11, 12, 13, 15, 16, 17, 18, 19, 24, 29, 34, 45, 46, 47, 48]]
[50, 6.27276, [0, 1, 2, 3, 5, 6, 7, 8, 10, 11, 12, 13, 15, 16, 17, 18, 20, 21, 22, 23, 24, 29, 34, 39]]
[50, 6.01801, [0, 1, 2, 3, 5, 6, 7, 8, 10, 11, 12, 13, 15, 16, 17, 18, 20, 21, 22, 23, 24, 29, 39]]
[50, 6.00675, [0, 1, 2, 3, 5, 6, 7, 8, 10, 11, 12, 13, 15, 16, 17, 18, 20, 21, 22, 23, 24, 34, 39]]
[50, 5.99154, [0, 1, 2, 3, 5, 6, 7, 8, 10, 11, 12, 13, 15, 16, 17, 18, 20, 21, 22, 23, 29, 34, 39]]
[50, 5.96448, [0, 1, 2, 3, 5, 6, 7, 8, 10, 11, 12, 13, 15, 16, 17, 18, 20, 21, 22, 23, 34, 39, 44]]
[50, 6.22005, [0, 1, 2, 3, 5, 6, 7, 8, 10, 11, 12, 13, 15, 16, 17, 18, 20, 21, 22, 24, 29, 34, 39, 48]]
[50, 5.976, [0, 1, 2, 3, 5, 6, 7, 8, 10, 11, 12, 13, 15, 16, 17, 18, 20, 21, 22, 24, 29, 34, 48]]
[50, 5.96725, [0, 1, 2, 3, 5, 6, 7, 8, 10, 11, 12, 13, 15, 16, 17, 18, 20, 21, 22, 24, 29, 39, 48]]
[50, 5.956, [0, 1, 2, 3, 5, 6, 7, 8, 10, 11, 12, 13, 15, 16, 17, 18, 20, 21, 22, 24, 34, 39, 48]]
[50, 5.98379, [0, 1, 2, 3, 5, 6, 7, 8, 10, 11, 12, 13, 15, 16, 17, 18, 20, 21, 23, 24, 29, 34, 39]]
[50, 5.97943, [0, 1, 2, 3, 5, 6, 7, 8, 10, 11, 12, 13, 15, 16, 17, 18, 20, 22, 23, 24, 29, 34, 39]]
[50, 6.11419, [0, 1, 2, 3, 5, 6, 7, 8, 10, 11, 12, 13, 15, 16, 17, 18, 20, 23, 29, 34, 39, 44, 46, 47]]
[50, 6.06159, [0, 1, 2, 3, 5, 6, 7, 8, 10, 11, 12, 13, 15, 16, 17, 18, 20, 29, 34, 39, 44, 46, 47, 48]]
[50, 5.97468, [0, 1, 2, 3, 5, 6, 7, 8, 10, 11, 12, 13, 15, 16, 17, 18, 21, 22, 23, 24, 29, 34, 39]]
[50, 6.15736, [0, 1, 2, 3, 5, 6, 7, 8, 10, 11, 12, 13, 15, 16, 17, 18, 21, 22, 24, 29, 34, 39, 45, 48]]
[50, 5.99903, [0, 1, 2, 3, 5, 6, 7, 8, 10, 11, 12, 13, 15, 16, 17, 18, 29, 34, 39, 44, 45, 46, 47, 48]]
[50, 6.03094, [0, 1, 2, 3, 5, 6, 7, 8, 10, 11, 12, 13, 15, 16, 17, 19, 24, 29, 34, 43, 45, 46, 47, 48]]
[50, 5.96379, [0, 1, 2, 3, 5, 6, 7, 8, 10, 11, 12, 13, 15, 16, 17, 20, 21, 22, 23, 24, 29, 34, 39]]
[50, 6.17329, [0, 1, 2, 3, 5, 6, 7, 8, 10, 11, 12, 13, 15, 16, 17, 20, 21, 22, 23, 24, 34, 39, 43, 44]]
[50, 6.12064, [0, 1, 2, 3, 5, 6, 7, 8, 10, 11, 12, 13, 15, 16, 17, 20, 21, 22, 24, 34, 39, 43, 44, 48]]
[50, 6.05804, [0, 1, 2, 3, 5, 6, 7, 8, 10, 11, 12, 13, 15, 16, 17, 21, 22, 24, 34, 39, 43, 44, 45, 48]]
[50, 5.97417, [0, 1, 2, 3, 5, 6, 7, 8, 10, 11, 12, 13, 15, 16, 17, 24, 29, 34, 39, 43, 44, 45, 47, 48]]
[50, 6.09294, [0, 1, 2, 3, 5, 6, 7, 8, 10, 11, 12, 13, 15, 16, 18, 19, 20, 24, 29, 34, 39, 46, 47, 48]]
[50, 5.95749, [0, 1, 2, 3, 5, 6, 7, 8, 10, 11, 12, 13, 15, 16, 18, 20, 21, 22, 23, 24, 29, 34, 39]]
[50, 6.01845, [0, 1, 2, 3, 5, 6, 7, 8, 10, 11, 12, 13, 15, 18, 19, 20, 24, 29, 34, 39, 41, 42, 46, 47]]
[50, 5.99717, [0, 1, 2, 3, 5, 6, 7, 8, 10, 11, 12, 13, 15, 18, 19, 20, 24, 29, 39, 41, 42, 46, 47, 48]]
[50, 5.99945, [0, 1, 2, 3, 5, 6, 7, 8, 10, 11, 12, 13, 15, 18, 20, 23, 24, 29, 34, 39, 41, 42, 46, 47]]
[50, 6.00223, [0, 1, 2, 3, 5, 6, 7, 8, 10, 11, 12, 13, 16, 17, 21, 22, 24, 29, 34, 39, 40, 43, 44, 45]]
[50, 5.99731, [0, 1, 2, 3, 5, 6, 7, 8, 10, 11, 12, 13, 16, 17, 21, 22, 24, 29, 34, 39, 40, 43, 45, 48]]
[50, 5.9916, [0, 1, 2, 3, 5, 6, 7, 8, 10, 11, 12, 13, 16, 17, 21, 22, 24, 29, 34, 39, 43, 44, 45, 48]]
[50, 5.97163, [0, 1, 2, 3, 5, 6, 7, 8, 10, 11, 12, 13, 18, 19, 20, 23, 24, 29, 34, 39, 41, 42, 46, 47]]
[50, 6.11152, [0, 1, 2, 3, 5, 6, 7, 8, 10, 11, 12, 15, 16, 17, 18, 19, 21, 22, 24, 29, 34, 38, 45, 48]]
[50, 6.10987, [0, 1, 2, 3, 5, 6, 7, 8, 10, 11, 12, 15, 16, 17, 18, 19, 21, 22, 24, 29, 34, 39, 45, 48]]
[50, 6.06698, [0, 1, 2, 3, 5, 6, 7, 8, 10, 11, 12, 15, 16, 17, 18, 19, 21, 24, 29, 34, 38, 39, 45, 48]]
[50, 6.06245, [0, 1, 2, 3, 5, 6, 7, 8, 10, 11, 12, 15, 16, 17, 18, 19, 22, 24, 29, 34, 38, 39, 45, 48]]
[50, 5.96059, [0, 1, 2, 3, 5, 6, 7, 8, 10, 11, 12, 15, 16, 17, 18, 19, 29, 34, 38, 39, 45, 46, 47, 48]]
[50, 5.99125, [0, 1, 2, 3, 5, 6, 7, 8, 10, 11, 12, 15, 16, 17, 19, 22, 24, 29, 34, 38, 39, 43, 45, 48]]
[50, 6.0598, [0, 1, 2, 3, 5, 6, 7, 8, 10, 11, 13, 14, 15, 16, 18, 20, 23, 24, 29, 34, 37, 44, 46, 47]]
[50, 5.99941, [0, 1, 2, 3, 5, 6, 7, 8, 10, 11, 13, 14, 15, 18, 19, 20, 24, 29, 34, 37, 41, 42, 46, 47]]
[50, 5.98417, [0, 1, 2, 3, 5, 6, 7, 8, 10, 11, 13, 14, 15, 18, 20, 23, 24, 29, 34, 37, 41, 42, 44, 46]]
[50, 5.98042, [0, 1, 2, 3, 5, 6, 7, 8, 10, 11, 13, 14, 15, 18, 20, 23, 24, 29, 34, 37, 41, 42, 46, 47]]
[50, 5.97622, [0, 1, 2, 3, 5, 6, 7, 8, 10, 11, 13, 14, 15, 18, 20, 23, 24, 29, 34, 37, 42, 44, 46, 47]]
[50, 6.04508, [0, 1, 2, 3, 5, 6, 7, 8, 10, 11, 13, 15, 16, 17, 18, 20, 23, 24, 29, 34, 37, 39, 44, 47]]
[50, 6.03524, [0, 1, 2, 3, 5, 6, 7, 8, 10, 11, 13, 15, 16, 17, 18, 20, 23, 24, 29, 34, 37, 44, 46, 47]]
[50, 5.99877, [0, 1, 2, 3, 5, 6, 7, 8, 10, 11, 13, 15, 16, 17, 18, 20, 23, 29, 34, 37, 39, 44, 46, 47]]
[50, 5.96348, [0, 1, 2, 3, 5, 6, 7, 8, 10, 11, 13, 15, 16, 18, 20, 23, 24, 29, 34, 37, 39, 44, 46, 47]]
[50, 5.96734, [0, 1, 2, 3, 5, 6, 8, 9, 10, 11, 13, 14, 15, 16, 19, 20, 22, 29, 32, 37, 42, 43, 46, 48]]
[50, 5.97331, [0, 1, 2, 3, 5, 7, 8, 10, 11, 12, 13, 15, 16, 17, 18, 20, 21, 22, 24, 29, 31, 34, 39, 48]]
[50, 6.04242, [0, 1, 2, 4, 5, 6, 7, 9, 10, 11, 12, 14, 15, 16, 17, 19, 20, 21, 22, 24, 33, 38, 43, 48]]
[50, 6.06921, [0, 1, 2, 4, 5, 6, 7, 9, 10, 11, 12, 14, 15, 16, 17, 19, 20, 22, 23, 24, 28, 33, 38, 43]]
[50, 5.99557, [0, 1, 2, 4, 5, 6, 7, 9, 10, 11, 12, 14, 15, 16, 17, 19, 22, 23, 24, 28, 33, 43, 45, 46]]
[50, 5.96062, [0, 1, 2, 4, 5, 6, 7, 9, 10, 11, 12, 14, 15, 17, 19, 20, 21, 22, 24, 33, 38, 41, 43, 48]]

Search completed in 0 hours, 0 minutes, and 11.417 seconds.  Enter a string to quit.