Enter an integer k for which our Kempner sets are k-free: 6
Enter a positive integer modulus b: 37
Enter estimation parameters, or * for pre-computed parameters ([0.1182, 1.1275, 1.487]): *
Enter a threshold (e.g. 4.2) to determine printed output: 6.8
Enter a root for the search space (e.g. [0, 1, 2]) [or * for the root [0]]: *
Enter an upper bound for the size of allowable digit sets [or * to ignore]: *
Enter a maximal number of deviations from a greedy search [or * to ignore]: *
Searching for k-free sets mod b...

[37, 6.84368, [0, 1, 2, 3, 4, 6, 7, 8, 9, 11, 12, 13, 14, 16, 17, 18, 19, 21, 22, 25]]
[37, 6.81957, [0, 1, 2, 3, 4, 6, 7, 8, 9, 11, 12, 13, 14, 16, 17, 18, 19, 21, 22, 32]]
[37, 6.8386, [0, 1, 2, 3, 4, 6, 7, 8, 9, 11, 12, 13, 14, 16, 17, 18, 19, 21, 23, 25]]
[37, 6.83065, [0, 1, 2, 3, 4, 6, 7, 8, 9, 11, 12, 13, 14, 16, 17, 18, 19, 21, 23, 27]]
[37, 6.83751, [0, 1, 2, 3, 4, 6, 7, 8, 9, 11, 12, 13, 14, 16, 17, 18, 19, 22, 23, 24]]
[37, 6.83311, [0, 1, 2, 3, 4, 6, 7, 8, 9, 11, 12, 13, 14, 16, 17, 18, 19, 22, 23, 25]]
[37, 6.82901, [0, 1, 2, 3, 4, 6, 7, 8, 9, 11, 12, 13, 14, 16, 17, 18, 19, 22, 23, 26]]
[37, 6.80834, [0, 1, 2, 3, 4, 6, 7, 8, 9, 11, 12, 13, 14, 16, 17, 18, 19, 22, 26, 28]]
[37, 6.81537, [0, 1, 2, 3, 4, 6, 7, 8, 9, 11, 12, 13, 14, 16, 17, 18, 19, 23, 24, 27]]
[37, 7.10215, [0, 1, 2, 3, 4, 6, 7, 8, 9, 11, 12, 13, 14, 19, 20, 23, 24, 27, 28, 30, 31]]
[37, 6.88388, [0, 1, 2, 3, 4, 6, 7, 8, 9, 11, 13, 15, 20, 24, 25, 27, 28, 30, 31, 32, 33]]
[37, 6.85043, [0, 1, 2, 3, 4, 6, 7, 8, 9, 15, 16, 17, 18, 20, 21, 26, 27, 29, 30, 31, 32]]
[37, 7.03441, [0, 1, 2, 3, 4, 6, 7, 9, 10, 11, 12, 13, 17, 18, 19, 21, 23, 27, 29, 31, 33]]
[37, 6.96735, [0, 1, 2, 3, 4, 6, 7, 9, 10, 11, 12, 13, 17, 19, 21, 23, 27, 29, 31, 32, 33]]
[37, 6.96841, [0, 1, 2, 3, 4, 6, 7, 9, 10, 11, 12, 16, 17, 18, 20, 22, 26, 28, 30, 31, 32]]
[37, 6.86255, [0, 1, 2, 3, 4, 6, 7, 9, 10, 15, 16, 17, 18, 19, 21, 22, 25, 26, 27, 29, 31]]
[37, 6.96896, [0, 1, 2, 3, 4, 6, 7, 9, 11, 12, 13, 14, 16, 17, 18, 20, 27, 28, 30, 31, 35]]
[37, 6.93163, [0, 1, 2, 3, 4, 6, 7, 9, 11, 13, 14, 15, 16, 18, 20, 22, 23, 25, 28, 31, 35]]
[37, 6.91468, [0, 1, 2, 3, 4, 6, 7, 9, 11, 13, 14, 16, 17, 18, 19, 22, 23, 26, 28, 31, 35]]
[37, 6.80256, [0, 1, 2, 3, 4, 6, 7, 9, 11, 13, 15, 18, 20, 22, 23, 24, 25, 27, 28, 30, 31]]
[37, 6.95312, [0, 1, 2, 3, 4, 6, 8, 9, 11, 12, 14, 16, 17, 18, 19, 22, 23, 24, 25, 26, 28]]
[37, 6.81051, [0, 1, 2, 3, 4, 7, 8, 9, 10, 11, 13, 15, 20, 22, 23, 24, 25, 27, 28, 32, 33]]
[37, 6.82846, [0, 1, 2, 3, 4, 7, 8, 9, 10, 11, 15, 16, 17, 18, 19, 21, 29, 30, 31, 32, 33]]
[37, 6.95515, [0, 1, 2, 3, 4, 7, 8, 9, 10, 12, 13, 14, 15, 17, 18, 20, 21, 28, 29, 31, 32]]
[37, 6.90745, [0, 1, 2, 3, 4, 7, 8, 9, 10, 12, 14, 15, 17, 18, 20, 22, 23, 24, 25, 26, 35]]
[37, 6.86326, [0, 1, 2, 3, 4, 7, 8, 9, 11, 12, 13, 14, 17, 18, 19, 23, 24, 27, 30, 31, 33]]
[37, 6.91299, [0, 1, 2, 3, 5, 6, 7, 8, 9, 13, 14, 15, 16, 18, 19, 21, 22, 26, 31, 33, 35]]
[37, 6.83355, [0, 1, 2, 3, 5, 6, 7, 8, 9, 14, 15, 16, 17, 19, 20, 25, 26, 28, 29, 30, 31]]
[37, 6.96681, [0, 1, 2, 3, 5, 6, 7, 8, 10, 11, 12, 13, 14, 20, 21, 23, 24, 27, 28, 31, 32]]
[37, 7.09966, [0, 1, 2, 3, 5, 6, 7, 8, 10, 11, 12, 13, 15, 16, 17, 18, 20, 21, 24, 34, 35]]
[37, 7.0726, [0, 1, 2, 3, 5, 6, 7, 8, 10, 11, 12, 13, 15, 16, 17, 18, 20, 21, 31, 34, 35]]
[37, 6.9011, [0, 1, 2, 3, 5, 6, 7, 8, 10, 11, 12, 13, 15, 16, 19, 29, 30, 32, 33, 34, 35]]
[37, 6.86287, [0, 1, 2, 3, 5, 6, 7, 8, 10, 11, 12, 13, 15, 16, 26, 29, 30, 32, 33, 34, 35]]
[37, 6.85221, [0, 1, 2, 3, 5, 6, 7, 8, 10, 11, 12, 14, 15, 21, 25, 26, 28, 29, 32, 33, 34]]
[37, 6.88171, [0, 1, 2, 3, 5, 6, 7, 8, 10, 11, 12, 15, 16, 19, 20, 24, 26, 30, 31, 34, 35]]
[37, 7.0314, [0, 1, 2, 3, 5, 6, 7, 8, 10, 11, 13, 14, 15, 16, 18, 19, 21, 24, 27, 31, 34]]
[37, 6.90531, [0, 1, 2, 3, 5, 6, 7, 8, 10, 11, 13, 14, 15, 16, 19, 26, 29, 30, 31, 33, 34]]
[37, 6.98137, [0, 1, 2, 3, 5, 6, 7, 8, 10, 11, 13, 14, 15, 16, 20, 21, 23, 24, 27, 34, 35]]
[37, 6.90228, [0, 1, 2, 3, 5, 6, 7, 8, 10, 11, 13, 14, 15, 18, 21, 24, 25, 30, 31, 32, 34]]
[37, 6.98338, [0, 1, 2, 3, 5, 6, 7, 8, 10, 12, 13, 14, 15, 17, 18, 19, 21, 25, 30, 33, 34]]
[37, 6.85909, [0, 1, 2, 3, 5, 6, 7, 8, 10, 12, 14, 17, 18, 19, 21, 23, 24, 26, 27, 29, 32]]
[37, 6.84513, [0, 1, 2, 3, 5, 6, 7, 8, 11, 12, 13, 14, 15, 20, 21, 23, 24, 31, 32, 34, 35]]
[37, 6.86494, [0, 1, 2, 3, 5, 6, 7, 8, 11, 12, 13, 14, 16, 19, 20, 22, 24, 30, 31, 33, 34]]
[37, 6.85403, [0, 1, 2, 3, 5, 6, 7, 8, 11, 12, 13, 14, 16, 19, 20, 22, 26, 29, 31, 34, 35]]
[37, 6.90069, [0, 1, 2, 3, 5, 6, 7, 8, 11, 12, 13, 15, 16, 17, 18, 20, 26, 27, 30, 33, 34]]
[37, 6.82805, [0, 1, 2, 3, 5, 6, 7, 8, 11, 12, 14, 15, 16, 18, 19, 26, 28, 29, 30, 32, 34]]
[37, 6.88448, [0, 1, 2, 3, 5, 6, 7, 10, 11, 12, 13, 15, 16, 17, 18, 21, 22, 25, 28, 29, 35]]
[37, 6.87368, [0, 1, 2, 3, 5, 6, 7, 10, 11, 12, 14, 15, 16, 17, 19, 20, 22, 26, 28, 30, 31]]
[37, 6.90751, [0, 1, 2, 3, 5, 6, 8, 9, 10, 11, 13, 14, 15, 16, 18, 19, 26, 29, 30, 32, 33]]
[37, 6.97583, [0, 1, 2, 3, 5, 6, 8, 9, 10, 11, 13, 14, 15, 16, 19, 20, 22, 23, 24, 27, 34]]
[37, 6.86388, [0, 1, 2, 3, 5, 6, 8, 9, 10, 11, 13, 14, 15, 16, 19, 22, 26, 29, 32, 34, 35]]
[37, 6.83301, [0, 1, 2, 3, 5, 7, 8, 9, 10, 12, 13, 14, 16, 17, 19, 20, 23, 25, 29, 33, 35]]
[37, 6.80459, [0, 1, 2, 4, 5, 6, 7, 9, 11, 12, 13, 14, 16, 17, 18, 19, 22, 23, 26, 31, 35]]

Search completed in 0 hours, 0 minutes, and 29.269 seconds.  Enter a string to quit.