Enter an integer k for which our Kempner sets are k-free: 6
Enter a positive integer modulus b: 40
Enter estimation parameters, or * for pre-computed parameters ([0.1139, 1.1241, 1.4724]): *
Enter a threshold (e.g. 4.2) to determine printed output: 5.7
Enter a root for the search space (e.g. [0, 1, 2]) [or * for the root [0]]: *
Enter an upper bound for the size of allowable digit sets [or * to ignore]: *
Enter a maximal number of deviations from a greedy search [or * to ignore]: *
Searching for k-free sets mod b...

[40, 5.96885, [0, 1, 2, 3, 4, 6, 7, 8, 9, 11, 12, 13, 14, 16, 17, 18, 19, 25, 30]]
[40, 5.94156, [0, 1, 2, 3, 4, 6, 7, 8, 9, 11, 12, 13, 14, 16, 17, 18, 19, 30, 35]]
[40, 5.91405, [0, 1, 2, 3, 4, 6, 7, 8, 9, 11, 12, 13, 14, 16, 17, 18, 25, 30, 35]]
[40, 5.85093, [0, 1, 2, 3, 4, 6, 7, 8, 9, 11, 12, 13, 16, 17, 18, 19, 30, 34, 35]]
[40, 5.74653, [0, 1, 2, 3, 4, 6, 7, 8, 9, 11, 12, 13, 17, 18, 25, 30, 34, 35, 36]]
[40, 5.86542, [0, 1, 2, 3, 4, 6, 7, 8, 9, 11, 12, 14, 16, 17, 18, 19, 25, 30, 35]]
[40, 5.84252, [0, 1, 2, 3, 4, 6, 7, 8, 9, 11, 12, 14, 16, 17, 18, 19, 30, 33, 35]]
[40, 5.80224, [0, 1, 2, 3, 4, 6, 7, 8, 9, 11, 12, 14, 16, 18, 19, 25, 30, 33, 35]]
[40, 5.76557, [0, 1, 2, 3, 4, 6, 7, 8, 9, 11, 12, 14, 17, 18, 19, 30, 33, 35, 36]]
[40, 5.75203, [0, 1, 2, 3, 4, 6, 7, 8, 9, 11, 12, 16, 17, 18, 19, 30, 33, 34, 35]]
[40, 5.81092, [0, 1, 2, 3, 4, 6, 7, 8, 9, 11, 13, 14, 15, 16, 19, 25, 30, 32, 37]]
[40, 5.74008, [0, 1, 2, 3, 4, 6, 7, 8, 9, 11, 14, 15, 17, 18, 19, 30, 32, 33, 36]]
[40, 5.82528, [0, 1, 2, 3, 4, 6, 7, 8, 11, 12, 13, 14, 15, 17, 18, 19, 25, 29, 30]]
[40, 5.73483, [0, 1, 2, 3, 4, 6, 7, 8, 11, 12, 13, 15, 17, 18, 19, 25, 29, 30, 34]]
[40, 5.7037, [0, 1, 2, 3, 4, 6, 7, 8, 11, 12, 14, 16, 17, 18, 19, 25, 30, 33, 35]]
[40, 5.71657, [0, 1, 2, 3, 4, 6, 7, 8, 11, 13, 14, 15, 17, 18, 19, 25, 29, 30, 32]]
[40, 5.82687, [0, 1, 2, 3, 4, 6, 7, 9, 10, 11, 12, 14, 16, 17, 18, 19, 25, 28, 35]]
[40, 5.804, [0, 1, 2, 3, 4, 6, 7, 9, 10, 11, 12, 14, 16, 17, 18, 19, 28, 33, 35]]
[40, 5.76375, [0, 1, 2, 3, 4, 6, 7, 9, 10, 11, 12, 14, 16, 18, 19, 25, 28, 33, 35]]
[40, 5.72712, [0, 1, 2, 3, 4, 6, 7, 9, 10, 11, 12, 14, 17, 18, 19, 28, 33, 35, 36]]
[40, 5.73486, [0, 1, 2, 3, 4, 6, 7, 9, 10, 11, 14, 15, 16, 17, 19, 25, 28, 32, 38]]
[40, 5.71202, [0, 1, 2, 3, 4, 6, 7, 9, 10, 11, 14, 15, 16, 17, 19, 28, 32, 33, 38]]
[40, 5.73824, [0, 1, 2, 3, 4, 6, 7, 9, 10, 11, 14, 15, 16, 18, 19, 25, 28, 32, 33]]
[40, 5.71817, [0, 1, 2, 3, 4, 6, 7, 9, 10, 11, 14, 16, 17, 18, 19, 25, 28, 32, 35]]
[40, 5.71093, [0, 1, 2, 3, 4, 6, 7, 9, 10, 11, 15, 16, 17, 18, 19, 25, 28, 32, 34]]
[40, 5.70561, [0, 1, 2, 3, 4, 6, 7, 9, 10, 12, 13, 14, 17, 18, 19, 28, 31, 35, 36]]
[40, 5.70649, [0, 1, 2, 3, 4, 6, 7, 9, 10, 12, 14, 16, 17, 18, 19, 25, 28, 31, 35]]
[40, 5.73269, [0, 1, 2, 3, 4, 6, 7, 10, 14, 16, 17, 18, 19, 25, 28, 29, 31, 32, 33, 35]]
[40, 5.76832, [0, 1, 2, 3, 4, 6, 8, 9, 11, 12, 13, 14, 16, 17, 18, 19, 25, 27, 30]]
[40, 5.74794, [0, 1, 2, 3, 4, 6, 8, 9, 11, 12, 13, 14, 16, 17, 18, 19, 25, 30, 35]]
[40, 5.71376, [0, 1, 2, 3, 4, 6, 8, 9, 11, 12, 13, 14, 16, 17, 18, 25, 27, 30, 35]]
[40, 5.77754, [0, 1, 2, 3, 4, 6, 9, 10, 13, 15, 16, 17, 18, 19, 25, 27, 28, 31, 32, 34]]
[40, 5.70818, [0, 1, 2, 3, 4, 6, 9, 10, 13, 15, 16, 17, 19, 25, 27, 28, 31, 32, 34, 38]]
[40, 5.72576, [0, 1, 2, 3, 4, 7, 8, 9, 10, 12, 13, 14, 15, 17, 18, 19, 26, 31, 36]]
[40, 5.73251, [0, 1, 2, 3, 4, 7, 8, 9, 11, 12, 13, 14, 16, 17, 18, 19, 25, 26, 30]]
[40, 5.75583, [0, 1, 2, 3, 4, 8, 9, 10, 12, 13, 15, 16, 17, 19, 25, 26, 27, 31, 34, 38]]
[40, 5.74684, [0, 1, 2, 3, 5, 6, 7, 8, 9, 12, 13, 14, 16, 17, 18, 19, 30, 31, 35]]
[40, 5.87151, [0, 1, 2, 3, 5, 6, 7, 8, 10, 11, 12, 13, 15, 16, 17, 18, 19, 24, 29]]
[40, 5.84272, [0, 1, 2, 3, 5, 6, 7, 8, 10, 11, 12, 13, 15, 16, 17, 18, 19, 29, 34]]
[40, 6.10673, [0, 1, 2, 3, 5, 6, 7, 8, 10, 11, 12, 13, 15, 16, 17, 19, 24, 29, 34, 38]]
[40, 5.80509, [0, 1, 2, 3, 5, 6, 7, 8, 10, 11, 12, 13, 15, 16, 17, 19, 24, 29, 38]]
[40, 5.7928, [0, 1, 2, 3, 5, 6, 7, 8, 10, 11, 12, 13, 15, 16, 17, 19, 24, 34, 38]]
[40, 5.77633, [0, 1, 2, 3, 5, 6, 7, 8, 10, 11, 12, 13, 15, 16, 17, 19, 29, 34, 38]]
[40, 5.75268, [0, 1, 2, 3, 5, 6, 7, 8, 10, 11, 12, 13, 15, 16, 17, 24, 29, 34, 38]]
[40, 5.80021, [0, 1, 2, 3, 5, 6, 7, 8, 10, 11, 12, 13, 15, 16, 18, 19, 24, 29, 37]]
[40, 5.77146, [0, 1, 2, 3, 5, 6, 7, 8, 10, 11, 12, 13, 15, 16, 18, 19, 29, 34, 37]]
[40, 6.03194, [0, 1, 2, 3, 5, 6, 7, 8, 10, 11, 12, 13, 15, 16, 19, 24, 29, 34, 37, 38]]
[40, 5.7399, [0, 1, 2, 3, 5, 6, 7, 8, 10, 11, 12, 13, 15, 16, 19, 24, 29, 34, 38]]
[40, 5.73387, [0, 1, 2, 3, 5, 6, 7, 8, 10, 11, 12, 13, 15, 16, 19, 24, 29, 37, 38]]
[40, 5.7216, [0, 1, 2, 3, 5, 6, 7, 8, 10, 11, 12, 13, 15, 16, 19, 24, 34, 37, 38]]
[40, 5.70515, [0, 1, 2, 3, 5, 6, 7, 8, 10, 11, 12, 13, 15, 16, 19, 29, 34, 37, 38]]
[40, 5.73246, [0, 1, 2, 3, 5, 6, 7, 8, 10, 11, 12, 13, 15, 17, 19, 24, 29, 34, 38]]
[40, 5.95145, [0, 1, 2, 3, 5, 6, 7, 8, 10, 11, 12, 13, 15, 19, 24, 29, 34, 36, 37, 38]]
[40, 5.72416, [0, 1, 2, 3, 5, 6, 7, 8, 10, 11, 12, 13, 16, 17, 19, 24, 29, 34, 38]]
[40, 5.85563, [0, 1, 2, 3, 5, 6, 7, 8, 10, 11, 12, 14, 19, 24, 29, 33, 35, 36, 37, 38]]
[40, 5.74399, [0, 1, 2, 3, 5, 6, 7, 8, 10, 11, 12, 15, 16, 17, 18, 19, 29, 33, 34]]
[40, 5.70421, [0, 1, 2, 3, 5, 6, 7, 8, 10, 11, 12, 15, 16, 17, 19, 24, 29, 34, 38]]
[40, 5.91598, [0, 1, 2, 3, 5, 6, 7, 8, 10, 11, 12, 16, 17, 19, 24, 29, 33, 34, 35, 38]]
[40, 5.84142, [0, 1, 2, 3, 5, 6, 7, 8, 10, 11, 12, 16, 19, 24, 29, 33, 34, 35, 37, 38]]
[40, 5.77741, [0, 1, 2, 3, 5, 6, 7, 8, 10, 11, 13, 14, 15, 16, 18, 19, 24, 29, 37]]
[40, 5.7532, [0, 1, 2, 3, 5, 6, 7, 8, 10, 11, 13, 14, 15, 16, 18, 19, 29, 32, 37]]
[40, 5.7111, [0, 1, 2, 3, 5, 6, 7, 8, 10, 11, 13, 14, 15, 16, 19, 24, 29, 37, 38]]
[40, 5.70934, [0, 1, 2, 3, 5, 6, 7, 8, 10, 11, 13, 14, 15, 18, 19, 24, 29, 32, 37]]
[40, 5.93227, [0, 1, 2, 3, 5, 6, 7, 8, 10, 11, 13, 14, 15, 19, 24, 29, 32, 36, 37, 38]]
[40, 5.75833, [0, 1, 2, 3, 5, 6, 7, 8, 10, 11, 13, 15, 16, 17, 18, 19, 24, 29, 34]]
[40, 5.73413, [0, 1, 2, 3, 5, 6, 7, 8, 10, 11, 13, 15, 16, 17, 18, 19, 29, 32, 34]]
[40, 5.74204, [0, 1, 2, 3, 5, 6, 7, 8, 10, 11, 14, 19, 24, 29, 32, 33, 35, 36, 37, 38]]
[40, 5.98953, [0, 1, 2, 3, 5, 6, 7, 8, 10, 12, 13, 14, 15, 18, 19, 24, 29, 31, 36, 37]]
[40, 5.8063, [0, 1, 2, 3, 5, 6, 7, 8, 10, 13, 14, 15, 19, 24, 29, 31, 32, 36, 37, 38]]
[40, 5.73914, [0, 1, 2, 3, 5, 6, 7, 9, 10, 12, 13, 14, 16, 17, 18, 19, 24, 28, 31]]
[40, 5.70834, [0, 1, 2, 3, 5, 6, 7, 9, 10, 12, 13, 14, 16, 17, 18, 19, 28, 31, 35]]
[40, 5.70364, [0, 1, 2, 3, 5, 6, 7, 9, 13, 15, 16, 17, 19, 24, 28, 30, 31, 32, 34, 38]]
[40, 5.70792, [0, 1, 2, 3, 5, 6, 7, 10, 11, 12, 13, 14, 16, 17, 18, 19, 24, 28, 29]]
[40, 5.82941, [0, 1, 2, 3, 5, 6, 7, 10, 11, 12, 14, 16, 17, 19, 24, 28, 29, 33, 35, 38]]
[40, 5.72879, [0, 1, 2, 3, 5, 6, 8, 9, 10, 11, 13, 14, 15, 16, 18, 19, 24, 27, 37]]
[40, 5.70462, [0, 1, 2, 3, 5, 6, 8, 9, 10, 11, 13, 14, 15, 16, 18, 19, 27, 32, 37]]
[40, 5.88132, [0, 1, 2, 3, 5, 6, 8, 9, 10, 11, 13, 14, 15, 19, 24, 27, 32, 36, 37, 38]]
[40, 5.75546, [0, 1, 2, 3, 5, 6, 8, 9, 10, 13, 14, 15, 19, 24, 27, 31, 32, 36, 37, 38]]
[40, 5.9009, [0, 1, 2, 3, 5, 7, 8, 9, 10, 12, 13, 14, 15, 18, 19, 24, 26, 31, 36, 37]]
[40, 5.74228, [0, 1, 2, 3, 5, 7, 8, 10, 12, 13, 14, 15, 18, 19, 24, 26, 29, 31, 36, 37]]
[40, 5.95989, [0, 1, 2, 4, 5, 6, 7, 9, 10, 11, 12, 14, 15, 16, 17, 19, 23, 28, 33, 38]]
[40, 5.94897, [0, 1, 2, 4, 5, 6, 7, 9, 10, 11, 12, 14, 15, 17, 18, 19, 23, 28, 33, 36]]
[40, 5.86233, [0, 1, 2, 4, 5, 6, 7, 9, 10, 11, 12, 14, 17, 18, 19, 23, 28, 33, 35, 36]]
[40, 5.92631, [0, 1, 2, 4, 5, 6, 7, 9, 10, 12, 13, 14, 15, 17, 18, 19, 23, 28, 31, 36]]
[40, 5.83971, [0, 1, 2, 4, 5, 6, 7, 9, 10, 12, 13, 14, 17, 18, 19, 23, 28, 31, 35, 36]]
[40, 5.80852, [0, 1, 2, 4, 5, 6, 7, 9, 11, 12, 14, 15, 17, 18, 19, 23, 28, 30, 33, 36]]
[40, 5.72208, [0, 1, 2, 4, 5, 6, 7, 9, 11, 12, 14, 17, 18, 19, 23, 28, 30, 33, 35, 36]]
[40, 5.85999, [0, 1, 2, 4, 5, 7, 8, 9, 10, 12, 13, 14, 15, 17, 18, 19, 23, 26, 31, 36]]
[40, 5.70173, [0, 1, 2, 4, 5, 7, 8, 10, 12, 13, 14, 15, 17, 18, 19, 23, 26, 29, 31, 36]]
[40, 5.71192, [0, 1, 3, 4, 5, 6, 8, 9, 10, 11, 13, 14, 15, 16, 18, 19, 22, 27, 32, 37]]

Search completed in 0 hours, 0 minutes, and 0.613 seconds.  Enter a string to quit.