Enter an integer k for which our Kempner sets are k-free: 6
Enter a positive integer modulus b: 76
Enter estimation parameters, or * for pre-computed parameters ([0.091, 1.0916, 1.413]): *
Enter a threshold (e.g. 4.2) to determine printed output: 6.33
Enter a root for the search space (e.g. [0, 1, 2]) [or * for the root [0]]: *
Enter an upper bound for the size of allowable digit sets [or * to ignore]: 38
Enter a maximal number of deviations from a greedy search [or * to ignore]: *
Searching for k-free sets mod b...

[76, 6.39256, [0, 1, 2, 3, 4, 6, 7, 8, 9, 11, 12, 13, 14, 16, 17, 18, 19, 21, 22, 23, 24, 25, 32, 34, 35, 36, 37, 43, 58, 64, 65, 66, 67, 69]]
[76, 6.38696, [0, 1, 2, 3, 4, 6, 7, 8, 9, 11, 12, 13, 14, 16, 17, 18, 19, 21, 22, 23, 24, 25, 32, 34, 35, 36, 43, 48, 53, 58, 65, 66, 67, 69]]
[76, 6.39119, [0, 1, 2, 3, 4, 6, 7, 8, 9, 11, 12, 13, 14, 16, 17, 18, 19, 21, 22, 23, 24, 25, 33, 34, 35, 36, 37, 43, 58, 64, 65, 66, 67, 68]]
[76, 6.38601, [0, 1, 2, 3, 4, 6, 7, 8, 9, 11, 12, 13, 14, 16, 17, 18, 19, 21, 22, 23, 24, 31, 32, 33, 34, 35, 37, 43, 58, 63, 64, 65, 66, 67]]
[76, 6.37615, [0, 1, 2, 3, 4, 6, 7, 8, 9, 11, 12, 13, 14, 16, 17, 18, 19, 21, 22, 23, 24, 31, 33, 34, 35, 36, 37, 43, 58, 64, 65, 66, 67, 68]]
[76, 6.34241, [0, 1, 2, 3, 4, 6, 7, 8, 9, 11, 12, 13, 14, 16, 17, 18, 19, 21, 22, 23, 24, 32, 34, 35, 36, 37, 43, 58, 63, 64, 65, 66, 67, 69]]
[76, 6.33681, [0, 1, 2, 3, 4, 6, 7, 8, 9, 11, 12, 13, 14, 16, 17, 18, 19, 21, 22, 23, 24, 32, 34, 35, 36, 43, 48, 53, 58, 63, 65, 66, 67, 69]]
[76, 6.33361, [0, 1, 2, 3, 4, 6, 7, 8, 9, 11, 12, 13, 14, 16, 17, 18, 19, 21, 22, 23, 24, 32, 34, 35, 36, 43, 48, 53, 58, 63, 66, 67, 69, 71]]
[76, 6.37089, [0, 1, 2, 3, 4, 6, 7, 8, 9, 11, 12, 13, 14, 16, 17, 18, 19, 21, 22, 23, 25, 30, 32, 34, 35, 36, 43, 48, 53, 58, 65, 66, 67, 69]]
[76, 6.33849, [0, 1, 2, 3, 4, 6, 7, 8, 9, 11, 12, 13, 14, 16, 17, 18, 19, 21, 22, 23, 25, 33, 34, 35, 36, 37, 43, 58, 62, 64, 65, 66, 67, 68]]
[76, 6.3352, [0, 1, 2, 3, 4, 6, 7, 8, 9, 11, 12, 13, 14, 16, 17, 18, 19, 21, 22, 23, 25, 33, 34, 35, 36, 37, 43, 58, 62, 65, 66, 67, 68, 70]]
[76, 6.36254, [0, 1, 2, 3, 4, 6, 7, 8, 9, 11, 12, 13, 14, 16, 17, 18, 19, 21, 22, 23, 29, 30, 32, 34, 35, 36, 43, 48, 53, 58, 63, 65, 66, 69]]
[76, 6.37511, [0, 1, 2, 3, 4, 6, 7, 8, 9, 11, 12, 13, 14, 16, 17, 18, 19, 21, 22, 23, 29, 31, 32, 33, 34, 35, 37, 43, 58, 62, 63, 64, 65, 66]]
[76, 6.36903, [0, 1, 2, 3, 4, 6, 7, 8, 9, 11, 12, 13, 14, 16, 17, 18, 19, 21, 22, 23, 29, 31, 32, 33, 34, 35, 37, 43, 62, 63, 64, 65, 66, 68]]
[76, 6.37089, [0, 1, 2, 3, 4, 6, 7, 8, 9, 11, 12, 13, 14, 16, 17, 18, 19, 21, 22, 23, 29, 31, 32, 34, 35, 36, 37, 43, 53, 62, 64, 65, 66, 68]]
[76, 6.37028, [0, 1, 2, 3, 4, 6, 7, 8, 9, 11, 12, 13, 14, 16, 17, 18, 19, 21, 22, 23, 29, 31, 32, 34, 35, 36, 37, 43, 53, 63, 64, 65, 66, 68]]
[76, 6.34635, [0, 1, 2, 3, 4, 6, 7, 8, 9, 11, 12, 13, 14, 16, 17, 18, 19, 21, 22, 23, 29, 31, 32, 34, 35, 36, 43, 53, 62, 63, 64, 65, 66, 68]]
[76, 6.35088, [0, 1, 2, 3, 4, 6, 7, 8, 9, 11, 12, 13, 14, 16, 17, 18, 19, 21, 22, 23, 29, 31, 32, 34, 35, 37, 43, 53, 58, 62, 63, 64, 65, 66]]
[76, 6.3448, [0, 1, 2, 3, 4, 6, 7, 8, 9, 11, 12, 13, 14, 16, 17, 18, 19, 21, 22, 23, 29, 31, 32, 34, 35, 37, 43, 53, 62, 63, 64, 65, 66, 68]]
[76, 6.36525, [0, 1, 2, 3, 4, 6, 7, 8, 9, 11, 12, 13, 14, 16, 17, 18, 19, 21, 22, 23, 29, 31, 33, 34, 35, 36, 37, 43, 58, 62, 64, 65, 66, 68]]
[76, 6.33916, [0, 1, 2, 3, 4, 6, 7, 8, 9, 11, 12, 13, 14, 16, 17, 18, 19, 21, 22, 23, 29, 31, 33, 34, 35, 37, 43, 58, 62, 63, 64, 65, 66, 68]]
[76, 6.33788, [0, 1, 2, 3, 4, 6, 7, 8, 9, 11, 12, 13, 14, 16, 17, 18, 19, 21, 22, 23, 29, 32, 34, 35, 36, 37, 43, 53, 58, 63, 64, 65, 66, 69]]
[76, 6.3318, [0, 1, 2, 3, 4, 6, 7, 8, 9, 11, 12, 13, 14, 16, 17, 18, 19, 21, 22, 23, 29, 32, 34, 35, 36, 37, 43, 53, 63, 64, 65, 66, 68, 69]]
[76, 6.35267, [0, 1, 2, 3, 4, 6, 7, 8, 9, 11, 12, 13, 14, 16, 17, 18, 21, 22, 23, 24, 25, 31, 33, 34, 35, 36, 37, 43, 58, 64, 65, 66, 67, 68]]
[76, 6.33465, [0, 1, 2, 3, 4, 6, 7, 8, 9, 11, 12, 13, 14, 16, 17, 18, 21, 22, 23, 24, 29, 32, 34, 35, 36, 37, 43, 48, 53, 57, 58, 63, 66, 69]]
[76, 6.34403, [0, 1, 2, 3, 4, 6, 7, 8, 9, 11, 12, 13, 14, 16, 17, 18, 22, 23, 24, 25, 26, 29, 32, 34, 35, 37, 43, 48, 53, 57, 58, 59, 66, 69]]
[76, 6.34528, [0, 1, 2, 3, 4, 6, 7, 8, 9, 11, 12, 13, 14, 16, 17, 19, 21, 22, 23, 24, 25, 30, 32, 34, 35, 36, 43, 48, 53, 58, 65, 66, 67, 69]]
[76, 6.38062, [0, 1, 2, 3, 4, 6, 7, 8, 9, 11, 12, 13, 14, 17, 18, 19, 20, 21, 27, 31, 32, 33, 34, 37, 43, 53, 54, 60, 61, 62, 63, 64, 66, 67, 68]]
[76, 6.33245, [0, 1, 2, 3, 4, 6, 7, 8, 9, 11, 12, 13, 14, 17, 18, 19, 21, 22, 23, 24, 26, 31, 32, 34, 35, 36, 43, 48, 53, 54, 63, 66, 67, 68]]
[76, 6.45, [0, 1, 2, 3, 4, 6, 7, 8, 9, 11, 12, 13, 14, 17, 18, 19, 21, 22, 23, 24, 26, 32, 34, 35, 36, 43, 48, 53, 54, 63, 66, 67, 68, 69, 71]]
[76, 6.33194, [0, 1, 2, 3, 4, 6, 7, 8, 9, 11, 12, 13, 14, 17, 18, 21, 22, 23, 24, 26, 29, 31, 32, 34, 35, 36, 37, 43, 48, 53, 54, 57, 63, 66]]
[76, 6.40321, [0, 1, 2, 3, 4, 6, 7, 8, 9, 11, 12, 13, 14, 17, 18, 21, 22, 23, 24, 26, 29, 32, 34, 35, 36, 48, 53, 54, 57, 63, 65, 66, 68, 69, 71]]
[76, 6.38764, [0, 1, 2, 3, 4, 6, 7, 8, 9, 11, 12, 13, 14, 18, 19, 20, 22, 24, 25, 28, 32, 33, 34, 36, 37, 43, 53, 54, 55, 59, 61, 64, 67, 68, 69]]
[76, 6.41155, [0, 1, 2, 3, 4, 6, 7, 8, 9, 11, 12, 13, 17, 19, 20, 21, 23, 24, 26, 29, 30, 31, 33, 34, 35, 36, 37, 43, 52, 54, 56, 60, 63, 65, 70]]
[76, 6.33343, [0, 1, 2, 3, 4, 6, 7, 8, 9, 11, 12, 14, 18, 20, 21, 22, 23, 25, 26, 29, 31, 33, 35, 36, 37, 43, 48, 51, 53, 54, 55, 57, 62, 66, 70]]
[76, 6.44804, [0, 1, 2, 3, 4, 6, 7, 8, 9, 11, 13, 14, 16, 17, 18, 19, 20, 22, 27, 28, 29, 31, 32, 33, 34, 36, 37, 43, 53, 59, 61, 62, 63, 64, 68]]
[76, 6.38947, [0, 1, 2, 3, 4, 6, 7, 8, 9, 11, 13, 14, 16, 17, 18, 19, 21, 22, 27, 28, 29, 31, 33, 34, 37, 43, 50, 53, 58, 61, 62, 63, 64, 68, 70]]
[76, 6.34715, [0, 1, 2, 3, 4, 6, 7, 8, 11, 12, 13, 14, 15, 17, 18, 19, 20, 26, 28, 29, 30, 31, 33, 34, 36, 37, 43, 54, 59, 60, 61, 63, 65, 70, 73]]

Search completed in 10 hours, 4 minutes, and 47.801 seconds.  Enter a string to quit.