Enter an integer k for which our Kempner sets are k-free: 6
Enter a positive integer modulus b: 34
Enter estimation parameters, or * for pre-computed parameters ([0.1226, 1.1308, 1.499]): *
Enter a threshold (e.g. 4.2) to determine printed output: 5.3
Enter a root for the search space (e.g. [0, 1, 2]) [or * for the root [0]]: *
Enter an upper bound for the size of allowable digit sets [or * to ignore]: *
Enter a maximal number of deviations from a greedy search [or * to ignore]: *
Searching for k-free sets mod b...

[34, 5.32033, [0, 1, 2, 3, 4, 6, 7, 8, 9, 11, 12, 13, 14, 16, 22]]
[34, 5.30175, [0, 1, 2, 3, 4, 6, 7, 8, 9, 11, 12, 13, 14, 16, 27]]
[34, 5.57565, [0, 1, 2, 3, 4, 6, 7, 8, 9, 11, 13, 14, 15, 16, 27, 29]]
[34, 5.48163, [0, 1, 2, 3, 4, 6, 7, 8, 9, 11, 14, 15, 16, 27, 29, 30]]
[34, 5.42159, [0, 1, 2, 3, 4, 6, 7, 8, 9, 11, 15, 16, 22, 27, 30, 31]]
[34, 5.39586, [0, 1, 2, 3, 4, 6, 7, 8, 9, 11, 15, 16, 27, 29, 30, 31]]
[34, 5.35096, [0, 1, 2, 3, 4, 6, 7, 8, 9, 11, 16, 22, 27, 29, 30, 31]]
[34, 5.46084, [0, 1, 2, 3, 4, 6, 7, 8, 9, 13, 14, 15, 16, 27, 28, 29]]
[34, 5.36703, [0, 1, 2, 3, 4, 6, 7, 8, 9, 14, 15, 16, 27, 28, 29, 30]]
[34, 5.38569, [0, 1, 2, 3, 4, 6, 7, 8, 11, 13, 14, 16, 22, 26, 27, 29]]
[34, 5.50164, [0, 1, 2, 3, 4, 6, 7, 9, 10, 11, 13, 14, 15, 22, 25, 29]]
[34, 5.40777, [0, 1, 2, 3, 4, 6, 7, 9, 10, 11, 14, 15, 22, 25, 29, 30]]
[34, 5.32214, [0, 1, 2, 3, 4, 6, 7, 9, 10, 11, 15, 22, 25, 29, 30, 31]]
[34, 5.387, [0, 1, 2, 3, 4, 6, 7, 9, 10, 13, 14, 15, 22, 25, 28, 29]]
[34, 5.32973, [0, 1, 2, 3, 4, 6, 7, 9, 10, 14, 15, 16, 25, 28, 29, 30]]
[34, 5.30585, [0, 1, 2, 3, 4, 6, 7, 11, 12, 13, 14, 16, 22, 25, 27, 32]]
[34, 5.37298, [0, 1, 2, 3, 4, 7, 8, 9, 11, 12, 13, 14, 16, 23, 27, 32]]
[34, 5.37409, [0, 1, 2, 3, 4, 7, 8, 9, 11, 13, 14, 15, 16, 22, 23, 27]]
[34, 5.3598, [0, 1, 2, 3, 4, 7, 8, 9, 12, 13, 14, 15, 16, 22, 23, 27]]
[34, 5.33716, [0, 1, 2, 3, 4, 7, 8, 9, 12, 13, 14, 15, 16, 23, 27, 28]]
[34, 5.32501, [0, 1, 2, 3, 4, 7, 9, 10, 11, 12, 14, 15, 16, 22, 25, 30]]
[34, 5.31014, [0, 1, 2, 3, 4, 8, 9, 10, 11, 13, 14, 15, 16, 22, 23, 24]]
[34, 5.43899, [0, 1, 2, 3, 5, 6, 7, 8, 9, 12, 13, 14, 16, 21, 27, 32]]
[34, 5.41151, [0, 1, 2, 3, 5, 6, 7, 8, 9, 12, 13, 14, 16, 27, 28, 32]]
[34, 5.36198, [0, 1, 2, 3, 5, 6, 7, 8, 9, 12, 13, 16, 21, 27, 28, 32]]
[34, 5.38698, [0, 1, 2, 3, 5, 6, 7, 8, 9, 13, 14, 15, 16, 27, 28, 29]]
[34, 5.30848, [0, 1, 2, 3, 5, 6, 7, 8, 9, 13, 14, 16, 27, 28, 29, 32]]
[34, 5.52335, [0, 1, 2, 3, 5, 6, 7, 8, 10, 11, 12, 13, 15, 16, 21, 31]]
[34, 5.50242, [0, 1, 2, 3, 5, 6, 7, 8, 10, 11, 12, 13, 15, 16, 26, 31]]
[34, 5.44465, [0, 1, 2, 3, 5, 6, 7, 8, 10, 11, 12, 13, 16, 21, 31, 32]]
[34, 5.42374, [0, 1, 2, 3, 5, 6, 7, 8, 10, 11, 12, 13, 16, 26, 31, 32]]
[34, 5.48481, [0, 1, 2, 3, 5, 6, 7, 8, 10, 11, 13, 14, 15, 16, 26, 29]]
[34, 5.40616, [0, 1, 2, 3, 5, 6, 7, 8, 10, 11, 13, 14, 16, 26, 29, 32]]
[34, 5.39921, [0, 1, 2, 3, 5, 6, 7, 8, 10, 11, 13, 15, 16, 26, 29, 31]]
[34, 5.3207, [0, 1, 2, 3, 5, 6, 7, 8, 10, 11, 13, 16, 26, 29, 31, 32]]
[34, 5.31263, [0, 1, 2, 3, 5, 6, 7, 8, 10, 11, 14, 16, 26, 29, 30, 32]]
[34, 5.40882, [0, 1, 2, 3, 5, 6, 7, 8, 10, 12, 13, 15, 16, 21, 28, 31]]
[34, 5.38793, [0, 1, 2, 3, 5, 6, 7, 8, 10, 12, 13, 15, 16, 26, 28, 31]]
[34, 5.3303, [0, 1, 2, 3, 5, 6, 7, 8, 10, 12, 13, 16, 21, 28, 31, 32]]
[34, 5.30944, [0, 1, 2, 3, 5, 6, 7, 8, 10, 12, 13, 16, 26, 28, 31, 32]]
[34, 5.37035, [0, 1, 2, 3, 5, 6, 7, 8, 10, 13, 14, 15, 16, 26, 28, 29]]
[34, 5.40218, [0, 1, 2, 3, 5, 6, 7, 8, 11, 12, 13, 14, 16, 21, 27, 32]]
[34, 5.3813, [0, 1, 2, 3, 5, 6, 7, 8, 11, 12, 13, 14, 16, 26, 27, 32]]
[34, 5.35677, [0, 1, 2, 3, 5, 6, 7, 8, 11, 13, 14, 15, 16, 26, 27, 29]]
[34, 5.34549, [0, 1, 2, 3, 5, 6, 7, 8, 12, 13, 14, 15, 16, 26, 27, 28]]
[34, 5.34961, [0, 1, 2, 3, 5, 6, 7, 9, 10, 13, 14, 15, 16, 25, 28, 29]]
[34, 5.36479, [0, 1, 2, 3, 5, 6, 7, 10, 11, 12, 13, 14, 16, 21, 25, 32]]
[34, 5.33698, [0, 1, 2, 3, 5, 6, 7, 10, 11, 12, 13, 15, 16, 25, 26, 31]]
[34, 5.4679, [0, 1, 2, 3, 5, 6, 8, 9, 10, 11, 13, 14, 15, 16, 21, 24]]
[34, 5.38237, [0, 1, 2, 3, 5, 6, 8, 9, 10, 11, 13, 15, 16, 21, 24, 31]]
[34, 5.3725, [0, 1, 2, 3, 5, 6, 8, 9, 11, 12, 13, 14, 16, 21, 24, 27]]
[34, 5.34744, [0, 1, 2, 3, 5, 6, 8, 9, 11, 12, 13, 14, 16, 21, 27, 32]]
[34, 5.30253, [0, 1, 2, 3, 5, 6, 8, 9, 11, 12, 13, 14, 21, 24, 27, 32]]
[34, 5.3399, [0, 1, 2, 3, 5, 6, 8, 9, 11, 13, 14, 15, 16, 21, 24, 27]]
[34, 5.3313, [0, 1, 2, 3, 5, 6, 8, 10, 11, 12, 13, 15, 16, 21, 24, 31]]
[34, 5.31047, [0, 1, 2, 3, 5, 6, 8, 10, 11, 12, 13, 15, 16, 24, 26, 31]]
[34, 5.41854, [0, 1, 2, 3, 5, 7, 8, 9, 10, 12, 13, 14, 15, 16, 21, 23]]
[34, 5.31501, [0, 1, 2, 3, 5, 7, 8, 9, 10, 12, 13, 15, 16, 21, 28, 31]]
[34, 5.57943, [0, 1, 2, 3, 5, 7, 8, 9, 10, 12, 13, 16, 21, 23, 28, 31, 32]]
[34, 5.35054, [0, 1, 3, 4, 5, 6, 8, 10, 11, 12, 13, 15, 16, 19, 24, 26, 31]]

Search completed in 0 hours, 0 minutes, and 0.129 seconds.  Enter a string to quit.