Enter an integer k for which our Kempner sets are k-free: 6
Enter a positive integer modulus b: 66
Enter estimation parameters, or * for pre-computed parameters ([0.0951, 1.0996, 1.4229]): *
Enter a threshold (e.g. 4.2) to determine printed output: 6.05
Enter a root for the search space (e.g. [0, 1, 2]) [or * for the root [0]]: *
Enter an upper bound for the size of allowable digit sets [or * to ignore]: 33
Enter a maximal number of deviations from a greedy search [or * to ignore]: *
Searching for k-free sets mod b...

[66, 6.07996, [0, 1, 2, 3, 4, 6, 7, 8, 9, 11, 12, 13, 14, 16, 17, 18, 19, 21, 22, 23, 29, 30, 32, 43, 53, 57, 58, 59, 60]]
[66, 6.07521, [0, 1, 2, 3, 4, 6, 7, 8, 9, 11, 12, 13, 14, 16, 17, 18, 19, 21, 23, 27, 29, 30, 32, 43, 48, 53, 55, 58, 59]]
[66, 6.05765, [0, 1, 2, 3, 4, 6, 7, 8, 9, 11, 12, 13, 14, 16, 17, 18, 19, 21, 27, 29, 30, 31, 32, 38, 48, 55, 56, 58, 59]]
[66, 6.05334, [0, 1, 2, 3, 4, 6, 7, 8, 9, 11, 12, 13, 14, 16, 17, 18, 19, 21, 27, 29, 30, 31, 32, 38, 48, 56, 58, 59, 61]]
[66, 6.08926, [0, 1, 2, 3, 4, 6, 7, 8, 9, 11, 12, 13, 14, 16, 17, 18, 19, 23, 26, 27, 29, 30, 31, 32, 38, 54, 55, 57, 58]]
[66, 6.05148, [0, 1, 2, 3, 4, 6, 7, 8, 9, 11, 12, 13, 14, 16, 17, 18, 19, 23, 27, 29, 30, 31, 32, 38, 48, 54, 55, 58, 59]]
[66, 6.05789, [0, 1, 2, 3, 4, 6, 7, 8, 9, 11, 12, 13, 14, 16, 17, 18, 19, 25, 26, 27, 28, 30, 32, 38, 53, 54, 55, 56, 57]]
[66, 6.05558, [0, 1, 2, 3, 4, 6, 7, 8, 9, 11, 12, 13, 14, 16, 17, 18, 19, 25, 27, 28, 29, 30, 32, 38, 48, 53, 54, 55, 59]]
[66, 6.0532, [0, 1, 2, 3, 4, 6, 7, 8, 9, 11, 12, 13, 14, 16, 17, 18, 19, 25, 27, 28, 29, 30, 32, 38, 48, 54, 55, 56, 59]]
[66, 6.05719, [0, 1, 2, 3, 4, 6, 7, 8, 9, 11, 12, 13, 14, 16, 17, 18, 19, 26, 27, 28, 29, 30, 32, 38, 43, 53, 54, 57, 58]]
[66, 6.07636, [0, 1, 2, 3, 4, 6, 7, 8, 9, 11, 12, 13, 14, 16, 17, 18, 22, 23, 24, 25, 29, 31, 32, 38, 43, 48, 52, 54, 59]]
[66, 6.09802, [0, 1, 2, 3, 4, 6, 7, 8, 9, 11, 12, 13, 14, 16, 18, 19, 22, 23, 25, 26, 27, 29, 30, 32, 38, 43, 50, 54, 57]]
[66, 6.0954, [0, 1, 2, 3, 4, 6, 7, 8, 9, 11, 12, 13, 14, 16, 18, 19, 22, 23, 25, 26, 27, 29, 30, 32, 38, 43, 53, 54, 57]]
[66, 6.08286, [0, 1, 2, 3, 4, 6, 7, 8, 9, 11, 12, 13, 14, 16, 18, 19, 22, 23, 26, 27, 29, 30, 31, 32, 38, 43, 50, 54, 57]]
[66, 6.05933, [0, 1, 2, 3, 4, 6, 7, 8, 9, 11, 12, 13, 14, 16, 18, 22, 23, 25, 26, 27, 29, 30, 31, 32, 38, 43, 50, 54, 57]]
[66, 6.06968, [0, 1, 2, 3, 4, 6, 7, 8, 9, 11, 12, 13, 14, 17, 18, 19, 21, 22, 23, 26, 29, 30, 31, 32, 38, 57, 58, 60, 61]]
[66, 6.06572, [0, 1, 2, 3, 4, 6, 7, 8, 9, 11, 12, 13, 14, 17, 18, 19, 21, 22, 26, 28, 29, 30, 31, 32, 38, 49, 56, 57, 60]]
[66, 6.05831, [0, 1, 2, 3, 4, 6, 7, 8, 9, 11, 12, 13, 14, 17, 18, 19, 21, 22, 26, 28, 29, 30, 31, 32, 38, 56, 57, 58, 60]]
[66, 6.13235, [0, 1, 2, 3, 4, 6, 7, 8, 9, 11, 12, 13, 14, 17, 18, 20, 24, 27, 28, 29, 31, 32, 43, 48, 49, 54, 55, 56, 58, 59]]
[66, 6.057, [0, 1, 2, 3, 4, 6, 7, 8, 9, 11, 12, 13, 16, 17, 18, 19, 21, 22, 23, 24, 29, 31, 32, 38, 43, 47, 48, 59, 61]]
[66, 6.05228, [0, 1, 2, 3, 4, 6, 7, 8, 9, 11, 12, 14, 17, 18, 19, 21, 22, 23, 25, 26, 28, 29, 30, 31, 32, 38, 49, 57, 60]]
[66, 6.09186, [0, 1, 2, 3, 4, 6, 7, 8, 9, 11, 13, 14, 15, 16, 18, 19, 20, 21, 22, 27, 28, 29, 31, 32, 38, 43, 45, 56, 57]]
[66, 6.07812, [0, 1, 2, 3, 4, 6, 7, 8, 9, 11, 13, 14, 15, 16, 18, 19, 20, 21, 22, 27, 28, 29, 31, 32, 38, 45, 56, 57, 58]]
[66, 6.05988, [0, 1, 2, 3, 4, 6, 7, 8, 9, 11, 13, 14, 15, 16, 18, 19, 20, 21, 22, 27, 29, 30, 31, 32, 38, 56, 57, 58, 61]]
[66, 6.06832, [0, 1, 2, 3, 4, 6, 7, 8, 9, 11, 13, 14, 15, 16, 18, 20, 21, 22, 25, 27, 28, 29, 31, 32, 38, 43, 45, 56, 57]]
[66, 6.05928, [0, 1, 2, 3, 4, 6, 7, 8, 9, 11, 13, 14, 15, 16, 18, 20, 21, 22, 25, 27, 28, 29, 31, 32, 38, 45, 52, 56, 57]]
[66, 6.16626, [0, 1, 2, 3, 4, 6, 7, 8, 9, 11, 13, 14, 16, 17, 18, 20, 21, 22, 27, 28, 29, 31, 32, 38, 45, 52, 56, 57, 58, 63]]
[66, 6.16458, [0, 1, 2, 3, 4, 6, 7, 8, 9, 11, 13, 14, 16, 17, 19, 20, 21, 22, 27, 28, 29, 31, 32, 38, 45, 48, 56, 57, 58, 63]]
[66, 6.07741, [0, 1, 2, 3, 4, 6, 7, 8, 9, 11, 13, 14, 16, 17, 19, 20, 21, 22, 27, 31, 32, 38, 48, 51, 56, 57, 58, 59, 61, 63]]
[66, 6.10737, [0, 1, 2, 3, 4, 6, 7, 8, 9, 11, 13, 14, 16, 17, 19, 20, 21, 27, 28, 29, 31, 32, 38, 45, 48, 55, 56, 57, 58, 63]]
[66, 6.07476, [0, 1, 2, 3, 4, 6, 7, 8, 9, 11, 13, 14, 16, 20, 21, 22, 25, 27, 28, 29, 31, 32, 38, 43, 45, 48, 52, 56, 57, 63]]
[66, 6.08092, [0, 1, 2, 3, 4, 6, 7, 8, 9, 11, 13, 14, 17, 19, 20, 21, 22, 27, 28, 29, 31, 32, 38, 45, 48, 49, 56, 57, 58, 63]]
[66, 6.07774, [0, 1, 2, 3, 4, 6, 7, 8, 12, 13, 14, 15, 16, 18, 19, 21, 22, 23, 26, 27, 29, 31, 32, 38, 42, 43, 50, 53, 61, 63]]
[66, 6.11184, [0, 1, 2, 3, 5, 6, 7, 8, 10, 11, 12, 13, 15, 16, 17, 18, 20, 26, 28, 29, 30, 31, 32, 37, 47, 55, 56, 57, 58, 60]]
[66, 6.10477, [0, 1, 2, 3, 5, 6, 7, 8, 10, 11, 12, 13, 17, 18, 20, 21, 22, 25, 26, 28, 29, 30, 31, 32, 37, 42, 49, 56, 57, 60]]
[66, 6.05173, [0, 1, 2, 3, 5, 6, 7, 8, 10, 11, 13, 15, 16, 17, 18, 20, 21, 22, 27, 28, 29, 31, 32, 42, 52, 56, 57, 58, 59, 63]]

Search completed in 0 hours, 11 minutes, and 16.138 seconds.  Enter a string to quit.