Enter an integer k for which our Kempner sets are k-free: 6
Enter a positive integer modulus b: 43
Enter estimation parameters, or * for pre-computed parameters ([0.111, 1.1195, 1.466]): *
Enter a threshold (e.g. 4.2) to determine printed output: 6.8
Enter a root for the search space (e.g. [0, 1, 2]) [or * for the root [0]]: *
Enter an upper bound for the size of allowable digit sets [or * to ignore]: *
Enter a maximal number of deviations from a greedy search [or * to ignore]: *
Searching for k-free sets mod b...

[43, 6.95276, [0, 1, 2, 3, 4, 6, 7, 8, 9, 11, 12, 13, 14, 16, 17, 18, 19, 21, 23, 27, 29, 30, 33]]
[43, 6.9128, [0, 1, 2, 3, 4, 6, 7, 8, 9, 11, 12, 13, 14, 16, 17, 18, 19, 21, 23, 29, 33, 35, 37]]
[43, 6.87677, [0, 1, 2, 3, 4, 6, 7, 8, 9, 11, 12, 13, 14, 16, 17, 18, 19, 22, 28, 29, 35, 37, 38]]
[43, 6.86312, [0, 1, 2, 3, 4, 6, 7, 8, 9, 11, 12, 13, 14, 16, 17, 18, 19, 22, 28, 34, 35, 37, 38]]
[43, 6.93402, [0, 1, 2, 3, 4, 6, 7, 8, 9, 11, 12, 13, 14, 16, 17, 18, 19, 23, 25, 27, 29, 30, 33]]
[43, 6.88677, [0, 1, 2, 3, 4, 6, 7, 8, 9, 11, 12, 13, 14, 16, 17, 18, 21, 23, 25, 27, 33, 35, 38]]
[43, 6.89193, [0, 1, 2, 3, 4, 6, 7, 8, 9, 11, 12, 13, 14, 16, 17, 18, 21, 23, 27, 29, 30, 33, 35]]
[43, 6.82448, [0, 1, 2, 3, 4, 6, 7, 8, 9, 11, 12, 13, 14, 16, 17, 18, 22, 28, 30, 32, 35, 36, 37]]
[43, 6.80972, [0, 1, 2, 3, 4, 6, 7, 8, 9, 11, 12, 13, 14, 16, 17, 18, 22, 28, 32, 34, 35, 37, 38]]
[43, 6.80749, [0, 1, 2, 3, 4, 6, 7, 8, 9, 11, 12, 13, 14, 16, 17, 18, 22, 28, 32, 34, 36, 37, 38]]
[43, 6.80516, [0, 1, 2, 3, 4, 6, 7, 8, 9, 11, 12, 13, 14, 16, 17, 18, 22, 28, 32, 35, 36, 37, 38]]
[43, 6.85387, [0, 1, 2, 3, 4, 6, 7, 8, 9, 11, 12, 13, 14, 16, 17, 18, 23, 25, 27, 29, 33, 35, 38]]
[43, 6.81152, [0, 1, 2, 3, 4, 6, 7, 8, 9, 11, 12, 13, 14, 16, 17, 19, 22, 28, 29, 34, 35, 37, 38]]
[43, 6.80483, [0, 1, 2, 3, 4, 6, 7, 8, 9, 11, 12, 13, 14, 16, 17, 22, 25, 26, 28, 29, 35, 37, 38]]
[43, 6.80449, [0, 1, 2, 3, 4, 6, 7, 8, 9, 11, 12, 13, 14, 17, 18, 19, 20, 22, 34, 36, 37, 38, 39]]
[43, 6.81338, [0, 1, 2, 3, 4, 6, 7, 8, 9, 11, 12, 13, 14, 17, 18, 21, 23, 25, 27, 31, 33, 35, 38]]
[43, 6.8293, [0, 1, 2, 3, 4, 6, 7, 8, 9, 11, 13, 14, 15, 16, 18, 19, 20, 21, 24, 30, 36, 38, 40]]
[43, 6.84915, [0, 1, 2, 3, 4, 6, 7, 8, 9, 11, 13, 14, 15, 16, 18, 19, 22, 24, 26, 27, 28, 31, 37]]
[43, 6.82212, [0, 1, 2, 3, 4, 6, 7, 8, 9, 11, 13, 14, 15, 18, 19, 20, 21, 22, 24, 26, 30, 36, 40]]
[43, 6.84861, [0, 1, 2, 3, 4, 6, 7, 8, 9, 11, 13, 14, 16, 17, 18, 19, 22, 23, 25, 27, 29, 30, 33]]
[43, 6.80936, [0, 1, 2, 3, 4, 6, 7, 8, 9, 11, 13, 14, 16, 17, 18, 19, 22, 23, 25, 27, 30, 39, 40]]
[43, 6.81605, [0, 1, 2, 3, 4, 6, 7, 8, 9, 11, 14, 15, 16, 17, 19, 20, 21, 22, 24, 25, 31, 33, 35]]
[43, 7.16767, [0, 1, 2, 3, 4, 6, 7, 8, 11, 12, 13, 14, 15, 18, 19, 20, 21, 22, 25, 26, 27, 28, 34, 40]]
[43, 7.0294, [0, 1, 2, 3, 4, 6, 7, 9, 10, 11, 13, 14, 17, 20, 22, 23, 25, 27, 28, 29, 31, 32, 34, 35]]
[43, 6.9759, [0, 1, 2, 3, 4, 7, 8, 9, 10, 11, 14, 15, 16, 18, 19, 20, 21, 22, 25, 31, 37, 38, 39, 40]]
[43, 7.01731, [0, 1, 2, 3, 5, 6, 7, 8, 10, 12, 13, 14, 15, 17, 19, 20, 21, 27, 29, 31, 32, 33, 35, 41]]
[43, 6.80122, [0, 1, 2, 3, 5, 7, 8, 9, 10, 12, 13, 14, 15, 17, 23, 25, 26, 27, 29, 31, 37, 38, 39, 41]]
[43, 6.8708, [0, 1, 2, 3, 6, 7, 8, 9, 10, 13, 14, 15, 16, 17, 20, 21, 22, 24, 25, 26, 27, 28, 31, 37]]

Search completed in 0 hours, 7 minutes, and 55.212 seconds.  Enter a string to quit.