Enter an integer k for which our Kempner sets are k-free: 6
Enter a positive integer modulus b: 33
Enter estimation parameters, or * for pre-computed parameters ([0.1242, 1.1328, 1.5035]): *
Enter a threshold (e.g. 4.2) to determine printed output: 6.35
Enter a root for the search space (e.g. [0, 1, 2]) [or * for the root [0]]: *
Enter an upper bound for the size of allowable digit sets [or * to ignore]: *
Enter a maximal number of deviations from a greedy search [or * to ignore]: *
Searching for k-free sets mod b...

[33, 6.52375, [0, 1, 2, 3, 4, 6, 7, 8, 9, 11, 12, 13, 17, 19, 21, 26, 27, 29]]
[33, 6.58387, [0, 1, 2, 3, 4, 6, 7, 8, 9, 11, 13, 14, 15, 16, 18, 20, 28, 30]]
[33, 6.57987, [0, 1, 2, 3, 4, 6, 7, 8, 9, 11, 13, 14, 15, 16, 19, 20, 28, 29]]
[33, 6.52755, [0, 1, 2, 3, 4, 6, 7, 8, 9, 11, 13, 14, 15, 16, 20, 28, 29, 30]]
[33, 6.49651, [0, 1, 2, 3, 4, 6, 7, 8, 9, 11, 13, 16, 18, 19, 21, 23, 25, 27]]
[33, 6.43455, [0, 1, 2, 3, 4, 6, 7, 8, 9, 11, 13, 18, 19, 21, 23, 25, 26, 27]]
[33, 6.42481, [0, 1, 2, 3, 4, 6, 7, 8, 9, 11, 14, 16, 18, 20, 24, 26, 28, 30]]
[33, 6.36156, [0, 1, 2, 3, 4, 6, 7, 8, 9, 11, 16, 18, 20, 23, 25, 26, 27, 28]]
[33, 6.54448, [0, 1, 2, 3, 4, 6, 7, 8, 9, 13, 14, 15, 16, 17, 20, 21, 22, 23]]
[33, 6.51605, [0, 1, 2, 3, 4, 6, 7, 8, 9, 13, 14, 15, 16, 17, 20, 21, 22, 30]]
[33, 6.48573, [0, 1, 2, 3, 4, 6, 7, 8, 9, 13, 14, 15, 16, 17, 20, 21, 29, 30]]
[33, 6.48804, [0, 1, 2, 3, 4, 6, 7, 8, 9, 13, 14, 15, 17, 18, 20, 22, 23, 30]]
[33, 6.4678, [0, 1, 2, 3, 4, 6, 7, 8, 9, 13, 14, 15, 17, 20, 21, 22, 23, 30]]
[33, 6.35291, [0, 1, 2, 3, 4, 6, 7, 8, 9, 15, 16, 17, 19, 20, 23, 24, 27, 29]]
[33, 6.41678, [0, 1, 2, 3, 4, 6, 7, 8, 11, 12, 13, 14, 16, 18, 26, 27, 28, 30]]
[33, 6.35917, [0, 1, 2, 3, 4, 6, 7, 8, 13, 14, 15, 16, 17, 20, 21, 22, 23, 30]]
[33, 6.40561, [0, 1, 2, 3, 4, 6, 7, 9, 10, 11, 14, 16, 17, 19, 23, 24, 26, 31]]
[33, 6.3652, [0, 1, 2, 3, 4, 6, 7, 9, 10, 11, 14, 16, 19, 20, 24, 26, 28, 30]]
[33, 6.35796, [0, 1, 2, 3, 4, 6, 7, 9, 10, 13, 14, 15, 19, 21, 22, 23, 29, 30]]
[33, 6.40504, [0, 1, 2, 3, 4, 6, 7, 9, 10, 14, 15, 16, 17, 20, 21, 22, 23, 24]]
[33, 6.39677, [0, 1, 2, 3, 4, 6, 7, 9, 11, 12, 13, 16, 17, 19, 20, 25, 27, 29]]
[33, 6.36581, [0, 1, 2, 3, 4, 6, 7, 9, 11, 13, 14, 15, 16, 19, 20, 28, 29, 30]]
[33, 6.43436, [0, 1, 2, 3, 4, 6, 7, 10, 11, 12, 14, 15, 16, 17, 19, 20, 24, 31]]
[33, 6.36681, [0, 1, 2, 3, 4, 6, 7, 10, 11, 12, 14, 15, 16, 19, 20, 24, 30, 31]]
[33, 6.37173, [0, 1, 2, 3, 4, 6, 8, 9, 11, 12, 13, 14, 17, 19, 21, 26, 27, 29]]
[33, 6.3599, [0, 1, 2, 3, 4, 6, 8, 9, 11, 12, 13, 14, 18, 19, 21, 26, 28, 29]]
[33, 6.37613, [0, 1, 2, 3, 4, 6, 8, 9, 11, 13, 14, 15, 16, 18, 19, 23, 27, 29]]
[33, 6.42268, [0, 1, 2, 3, 4, 7, 8, 9, 10, 11, 14, 15, 16, 17, 19, 20, 24, 28]]
[33, 6.4026, [0, 1, 2, 3, 4, 7, 8, 9, 10, 11, 14, 15, 16, 17, 19, 20, 28, 29]]
[33, 6.38641, [0, 1, 2, 3, 4, 7, 8, 9, 10, 11, 14, 15, 16, 17, 19, 21, 29, 31]]
[33, 6.4896, [0, 1, 2, 3, 4, 7, 8, 9, 10, 12, 13, 14, 15, 17, 18, 20, 21, 22]]
[33, 6.46261, [0, 1, 2, 3, 5, 6, 7, 8, 9, 12, 13, 14, 16, 18, 19, 21, 22, 31]]
[33, 6.40766, [0, 1, 2, 3, 5, 6, 7, 8, 9, 13, 14, 15, 16, 17, 19, 22, 26, 31]]
[33, 6.36527, [0, 1, 2, 3, 5, 6, 7, 8, 9, 13, 14, 15, 18, 19, 22, 23, 26, 27]]
[33, 6.39391, [0, 1, 2, 3, 5, 6, 7, 8, 9, 14, 15, 16, 17, 19, 20, 21, 22, 24]]
[33, 6.36933, [0, 1, 2, 3, 5, 6, 7, 8, 9, 14, 15, 16, 17, 19, 20, 22, 24, 26]]
[33, 6.35649, [0, 1, 2, 3, 5, 6, 7, 8, 9, 14, 15, 16, 17, 20, 21, 22, 24, 26]]
[33, 6.55023, [0, 1, 2, 3, 5, 6, 7, 8, 10, 11, 12, 13, 15, 16, 17, 19, 20, 31]]
[33, 6.50814, [0, 1, 2, 3, 5, 6, 7, 8, 10, 11, 12, 13, 15, 16, 17, 19, 29, 31]]
[33, 6.53736, [0, 1, 2, 3, 5, 6, 7, 8, 10, 11, 12, 13, 15, 16, 17, 20, 21, 31]]
[33, 6.45603, [0, 1, 2, 3, 5, 6, 7, 8, 10, 11, 12, 13, 15, 16, 17, 29, 30, 31]]
[33, 6.52193, [0, 1, 2, 3, 5, 6, 7, 8, 10, 11, 12, 13, 15, 16, 19, 20, 21, 31]]
[33, 6.42689, [0, 1, 2, 3, 5, 6, 7, 8, 10, 11, 12, 13, 15, 17, 25, 26, 27, 29]]
[33, 6.40803, [0, 1, 2, 3, 5, 6, 7, 8, 10, 11, 12, 13, 15, 17, 26, 27, 29, 30]]
[33, 6.39026, [0, 1, 2, 3, 5, 6, 7, 8, 10, 11, 12, 13, 15, 17, 27, 29, 30, 31]]
[33, 6.35947, [0, 1, 2, 3, 5, 6, 7, 8, 10, 11, 12, 13, 15, 25, 26, 27, 29, 30]]
[33, 6.35297, [0, 1, 2, 3, 5, 6, 7, 8, 10, 11, 12, 13, 15, 25, 26, 27, 30, 31]]
[33, 6.503, [0, 1, 2, 3, 5, 6, 7, 8, 10, 11, 12, 13, 16, 17, 19, 20, 21, 31]]
[33, 6.46709, [0, 1, 2, 3, 5, 6, 7, 8, 10, 11, 12, 13, 16, 17, 19, 20, 29, 31]]
[33, 6.47174, [0, 1, 2, 3, 5, 6, 7, 8, 10, 11, 12, 13, 16, 18, 20, 21, 25, 28]]
[33, 6.42989, [0, 1, 2, 3, 5, 6, 7, 8, 10, 11, 12, 13, 17, 19, 20, 21, 29, 31]]
[33, 6.3646, [0, 1, 2, 3, 5, 6, 7, 8, 10, 11, 12, 13, 18, 21, 25, 26, 28, 30]]
[33, 6.37954, [0, 1, 2, 3, 5, 6, 7, 8, 10, 11, 12, 14, 15, 20, 24, 26, 30, 31]]
[33, 6.47908, [0, 1, 2, 3, 5, 6, 7, 8, 10, 11, 12, 15, 16, 17, 19, 20, 21, 31]]
[33, 6.41775, [0, 1, 2, 3, 5, 6, 7, 8, 10, 11, 12, 15, 16, 18, 20, 24, 26, 31]]
[33, 6.3584, [0, 1, 2, 3, 5, 6, 7, 8, 10, 11, 12, 15, 16, 20, 24, 26, 30, 31]]
[33, 6.37953, [0, 1, 2, 3, 5, 6, 7, 8, 10, 11, 12, 15, 17, 19, 21, 25, 29, 31]]
[33, 6.49414, [0, 1, 2, 3, 5, 6, 7, 8, 10, 11, 13, 14, 15, 16, 18, 19, 26, 28]]
[33, 6.44205, [0, 1, 2, 3, 5, 6, 7, 8, 10, 11, 13, 14, 15, 16, 18, 26, 28, 30]]
[33, 6.49467, [0, 1, 2, 3, 5, 6, 7, 8, 10, 11, 13, 14, 15, 16, 19, 20, 21, 31]]
[33, 6.35853, [0, 1, 2, 3, 5, 6, 7, 8, 10, 11, 13, 14, 15, 19, 26, 28, 29, 31]]
[33, 6.3517, [0, 1, 2, 3, 5, 6, 7, 8, 10, 11, 13, 15, 17, 21, 23, 25, 27, 30]]
[33, 6.39369, [0, 1, 2, 3, 5, 6, 7, 8, 10, 11, 14, 15, 16, 18, 20, 24, 26, 30]]
[33, 6.35525, [0, 1, 2, 3, 5, 6, 7, 8, 10, 11, 14, 15, 16, 18, 24, 26, 28, 30]]
[33, 6.5056, [0, 1, 2, 3, 5, 6, 7, 8, 10, 12, 13, 14, 15, 17, 19, 20, 21, 22]]
[33, 6.46887, [0, 1, 2, 3, 5, 6, 7, 8, 10, 12, 13, 14, 15, 17, 19, 20, 21, 31]]
[33, 6.42684, [0, 1, 2, 3, 5, 6, 7, 8, 10, 12, 13, 14, 15, 17, 19, 21, 29, 31]]
[33, 6.42252, [0, 1, 2, 3, 5, 6, 7, 8, 10, 12, 13, 14, 17, 19, 20, 21, 22, 29]]
[33, 6.38585, [0, 1, 2, 3, 5, 6, 7, 8, 10, 12, 13, 14, 17, 19, 20, 21, 29, 31]]
[33, 6.44769, [0, 1, 2, 3, 5, 6, 7, 8, 10, 12, 13, 15, 16, 17, 19, 20, 21, 31]]
[33, 6.40568, [0, 1, 2, 3, 5, 6, 7, 8, 10, 12, 13, 15, 16, 17, 19, 21, 29, 31]]
[33, 6.3647, [0, 1, 2, 3, 5, 6, 7, 8, 10, 12, 13, 16, 17, 19, 20, 21, 29, 31]]
[33, 6.42046, [0, 1, 2, 3, 5, 6, 7, 8, 10, 13, 14, 15, 16, 17, 19, 20, 21, 31]]
[33, 6.37847, [0, 1, 2, 3, 5, 6, 7, 8, 10, 13, 14, 15, 16, 17, 19, 21, 29, 31]]
[33, 6.40195, [0, 1, 2, 3, 5, 6, 7, 8, 10, 13, 14, 15, 16, 17, 20, 21, 22, 31]]
[33, 6.39207, [0, 1, 2, 3, 5, 6, 7, 8, 11, 12, 13, 15, 16, 17, 19, 20, 29, 31]]
[33, 6.35396, [0, 1, 2, 3, 5, 6, 7, 8, 11, 12, 14, 15, 16, 18, 20, 24, 26, 31]]
[33, 6.38676, [0, 1, 2, 3, 5, 6, 7, 10, 11, 12, 13, 14, 16, 17, 19, 20, 21, 31]]
[33, 6.36289, [0, 1, 2, 3, 5, 6, 7, 10, 11, 12, 14, 15, 16, 17, 19, 20, 21, 31]]
[33, 6.36625, [0, 1, 2, 3, 5, 6, 8, 9, 10, 11, 13, 14, 15, 16, 18, 28, 29, 30]]
[33, 6.41297, [0, 1, 2, 3, 5, 6, 8, 9, 10, 11, 13, 14, 15, 16, 19, 21, 23, 31]]
[33, 6.36099, [0, 1, 2, 3, 5, 6, 8, 9, 10, 11, 13, 14, 15, 16, 21, 23, 30, 31]]
[33, 6.37353, [0, 1, 2, 3, 5, 7, 8, 9, 10, 12, 13, 14, 15, 16, 19, 20, 21, 29]]
[33, 6.36088, [0, 1, 2, 3, 5, 7, 8, 9, 10, 12, 14, 15, 16, 17, 19, 20, 21, 22]]
[33, 6.41668, [0, 1, 2, 4, 5, 6, 7, 9, 10, 11, 12, 14, 15, 16, 17, 19, 20, 21]]
[33, 6.36849, [0, 1, 2, 4, 5, 6, 7, 9, 10, 11, 12, 14, 15, 16, 17, 19, 21, 31]]

Search completed in 0 hours, 0 minutes, and 1.625 seconds.  Enter a string to quit.