Enter an integer k for which our Kempner sets are k-free: 6
Enter a positive integer modulus b: 84
Enter estimation parameters, or * for pre-computed parameters ([0.089, 1.0875, 1.4133]): *
Enter a threshold (e.g. 4.2) to determine printed output: 6.2
Enter a root for the search space (e.g. [0, 1, 2]) [or * for the root [0]]: *
Enter an upper bound for the size of allowable digit sets [or * to ignore]: 39
Enter a maximal number of deviations from a greedy search [or * to ignore]: *
Searching for k-free sets mod b...

[84, 6.25665, [0, 1, 2, 3, 4, 6, 7, 8, 9, 11, 12, 13, 14, 16, 17, 18, 19, 21, 22, 23, 24, 25, 33, 34, 35, 37, 38, 39, 47, 57, 68, 69, 70, 71, 73, 74]]
[84, 6.2246, [0, 1, 2, 3, 4, 6, 7, 8, 9, 11, 12, 13, 14, 16, 17, 18, 19, 21, 22, 23, 24, 25, 35, 36, 38, 39, 40, 41, 52, 62, 70, 71, 72, 74, 75, 76]]
[84, 6.21651, [0, 1, 2, 3, 4, 6, 7, 8, 9, 11, 12, 13, 14, 16, 17, 18, 19, 21, 22, 23, 25, 30, 33, 34, 35, 38, 39, 47, 57, 66, 68, 69, 70, 71, 73, 74]]
[84, 6.2049, [0, 1, 2, 3, 4, 6, 7, 8, 9, 11, 12, 13, 14, 16, 17, 18, 19, 21, 22, 23, 25, 33, 34, 35, 37, 38, 39, 47, 57, 66, 68, 69, 70, 71, 72, 74]]
[84, 6.20445, [0, 1, 2, 3, 4, 6, 7, 8, 9, 11, 12, 13, 14, 16, 17, 18, 19, 21, 22, 23, 25, 33, 34, 35, 37, 38, 39, 47, 57, 66, 68, 69, 70, 71, 73, 74]]
[84, 6.20399, [0, 1, 2, 3, 4, 6, 7, 8, 9, 11, 12, 13, 14, 16, 17, 18, 19, 21, 22, 23, 25, 33, 34, 35, 37, 38, 39, 47, 57, 66, 68, 69, 70, 72, 73, 74]]
[84, 6.20352, [0, 1, 2, 3, 4, 6, 7, 8, 9, 11, 12, 13, 14, 16, 17, 18, 19, 21, 22, 23, 25, 33, 34, 35, 37, 38, 39, 47, 57, 66, 68, 69, 71, 72, 73, 74]]
[84, 6.20304, [0, 1, 2, 3, 4, 6, 7, 8, 9, 11, 12, 13, 14, 16, 17, 18, 19, 21, 22, 23, 25, 33, 34, 35, 37, 38, 39, 47, 57, 66, 68, 70, 71, 72, 73, 74]]
[84, 6.23534, [0, 1, 2, 3, 4, 6, 7, 8, 9, 11, 12, 13, 14, 16, 17, 18, 19, 21, 22, 23, 29, 30, 31, 33, 35, 36, 38, 40, 47, 62, 66, 67, 69, 70, 74, 76]]
[84, 6.2571, [0, 1, 2, 3, 4, 6, 7, 8, 9, 11, 12, 13, 14, 16, 17, 18, 19, 21, 22, 23, 29, 31, 32, 33, 35, 36, 37, 38, 40, 47, 62, 67, 69, 70, 72, 76]]
[84, 6.20233, [0, 1, 2, 3, 4, 6, 7, 8, 9, 11, 12, 13, 14, 16, 17, 18, 19, 21, 22, 23, 29, 31, 33, 35, 36, 37, 38, 47, 62, 66, 67, 68, 69, 70, 72, 76]]
[84, 6.22732, [0, 1, 2, 3, 4, 6, 7, 8, 9, 11, 12, 13, 14, 16, 17, 18, 19, 21, 22, 23, 31, 32, 33, 34, 35, 37, 38, 39, 47, 57, 66, 68, 69, 70, 71, 72]]
[84, 6.24247, [0, 1, 2, 3, 4, 6, 7, 8, 9, 11, 12, 13, 14, 16, 17, 18, 21, 22, 23, 24, 25, 31, 33, 34, 35, 36, 37, 39, 40, 47, 61, 69, 70, 71, 72, 74]]
[84, 6.22063, [0, 1, 2, 3, 4, 6, 7, 8, 9, 11, 12, 13, 14, 16, 17, 18, 21, 22, 23, 24, 25, 31, 33, 34, 35, 36, 37, 39, 47, 61, 68, 69, 70, 71, 72, 74]]
[84, 6.24107, [0, 1, 2, 3, 4, 6, 7, 8, 9, 11, 12, 13, 14, 16, 17, 18, 21, 22, 23, 24, 25, 31, 33, 34, 35, 36, 38, 39, 40, 47, 61, 69, 70, 71, 72, 74]]
[84, 6.21924, [0, 1, 2, 3, 4, 6, 7, 8, 9, 11, 12, 13, 14, 16, 17, 18, 21, 22, 23, 24, 25, 31, 33, 34, 35, 36, 38, 39, 47, 61, 68, 69, 70, 71, 72, 74]]
[84, 6.23961, [0, 1, 2, 3, 4, 6, 7, 8, 9, 11, 12, 13, 14, 16, 17, 18, 21, 22, 23, 24, 25, 31, 33, 34, 35, 37, 38, 39, 40, 47, 61, 69, 70, 71, 72, 74]]
[84, 6.22604, [0, 1, 2, 3, 4, 6, 7, 8, 9, 11, 12, 13, 14, 16, 17, 18, 21, 22, 23, 24, 25, 31, 33, 34, 35, 37, 38, 39, 47, 57, 61, 68, 69, 70, 71, 74]]
[84, 6.21778, [0, 1, 2, 3, 4, 6, 7, 8, 9, 11, 12, 13, 14, 16, 17, 18, 21, 22, 23, 24, 25, 31, 33, 34, 35, 37, 38, 39, 47, 61, 68, 69, 70, 71, 72, 74]]
[84, 6.20104, [0, 1, 2, 3, 4, 6, 7, 8, 9, 11, 12, 13, 14, 16, 17, 18, 21, 22, 23, 24, 25, 31, 33, 34, 35, 37, 38, 47, 57, 61, 68, 69, 70, 71, 72, 74]]
[84, 6.23807, [0, 1, 2, 3, 4, 6, 7, 8, 9, 11, 12, 13, 14, 16, 17, 18, 21, 22, 23, 24, 25, 31, 33, 34, 36, 37, 38, 39, 40, 47, 61, 69, 70, 71, 72, 74]]
[84, 6.21624, [0, 1, 2, 3, 4, 6, 7, 8, 9, 11, 12, 13, 14, 16, 17, 18, 21, 22, 23, 24, 25, 31, 33, 34, 36, 37, 38, 39, 47, 61, 68, 69, 70, 71, 72, 74]]
[84, 6.21462, [0, 1, 2, 3, 4, 6, 7, 8, 9, 11, 12, 13, 14, 16, 17, 18, 21, 22, 23, 24, 25, 31, 33, 35, 36, 37, 38, 39, 47, 61, 68, 69, 70, 71, 72, 74]]
[84, 6.20357, [0, 1, 2, 3, 4, 6, 7, 8, 9, 11, 12, 13, 14, 16, 17, 18, 21, 22, 23, 24, 25, 31, 33, 35, 36, 37, 38, 39, 61, 62, 68, 69, 70, 71, 72, 74]]
[84, 6.20842, [0, 1, 2, 3, 4, 6, 7, 8, 9, 11, 12, 13, 14, 16, 17, 18, 21, 22, 23, 24, 25, 31, 34, 35, 36, 37, 38, 40, 47, 61, 69, 70, 71, 72, 74, 75]]
[84, 6.20709, [0, 1, 2, 3, 4, 6, 7, 8, 9, 11, 12, 13, 14, 16, 17, 18, 21, 22, 23, 24, 25, 31, 34, 35, 36, 37, 39, 40, 47, 61, 69, 70, 71, 72, 74, 75]]
[84, 6.20569, [0, 1, 2, 3, 4, 6, 7, 8, 9, 11, 12, 13, 14, 16, 17, 18, 21, 22, 23, 24, 25, 31, 34, 35, 36, 38, 39, 40, 47, 61, 69, 70, 71, 72, 74, 75]]
[84, 6.20423, [0, 1, 2, 3, 4, 6, 7, 8, 9, 11, 12, 13, 14, 16, 17, 18, 21, 22, 23, 24, 25, 31, 34, 35, 37, 38, 39, 40, 47, 61, 69, 70, 71, 72, 74, 75]]
[84, 6.21366, [0, 1, 2, 3, 4, 6, 7, 8, 9, 11, 12, 13, 14, 16, 17, 18, 21, 22, 23, 24, 25, 31, 34, 36, 37, 38, 39, 40, 47, 52, 61, 69, 71, 72, 74, 75]]
[84, 6.20269, [0, 1, 2, 3, 4, 6, 7, 8, 9, 11, 12, 13, 14, 16, 17, 18, 21, 22, 23, 24, 25, 31, 34, 36, 37, 38, 39, 40, 47, 61, 69, 70, 71, 72, 74, 75]]
[84, 6.3102, [0, 1, 2, 3, 4, 6, 7, 8, 9, 11, 12, 13, 14, 16, 17, 18, 21, 22, 23, 25, 31, 33, 34, 35, 37, 38, 39, 47, 57, 61, 66, 68, 69, 70, 71, 72, 74]]
[84, 6.28242, [0, 1, 2, 3, 4, 6, 7, 8, 9, 11, 12, 13, 14, 16, 17, 18, 21, 22, 23, 25, 31, 33, 35, 37, 38, 39, 47, 57, 61, 62, 66, 68, 69, 70, 71, 72, 74]]
[84, 6.28156, [0, 1, 2, 3, 4, 6, 7, 8, 9, 11, 12, 13, 14, 16, 17, 18, 21, 22, 23, 25, 31, 33, 35, 37, 38, 39, 47, 57, 61, 62, 66, 68, 69, 70, 71, 72, 76]]
[84, 6.28065, [0, 1, 2, 3, 4, 6, 7, 8, 9, 11, 12, 13, 14, 16, 17, 18, 21, 22, 23, 25, 31, 33, 35, 37, 38, 39, 47, 57, 61, 62, 66, 68, 69, 70, 71, 74, 76]]
[84, 6.22331, [0, 1, 2, 3, 4, 6, 7, 8, 9, 11, 12, 13, 14, 16, 17, 18, 21, 23, 24, 25, 27, 31, 34, 35, 37, 38, 39, 40, 41, 47, 52, 61, 70, 71, 72, 74]]
[84, 6.226, [0, 1, 2, 3, 4, 6, 7, 8, 9, 11, 12, 13, 14, 16, 17, 18, 22, 23, 24, 25, 26, 31, 33, 34, 35, 36, 37, 39, 40, 47, 61, 69, 70, 71, 72, 74]]
[84, 6.22461, [0, 1, 2, 3, 4, 6, 7, 8, 9, 11, 12, 13, 14, 16, 17, 18, 22, 23, 24, 25, 26, 31, 33, 34, 35, 36, 38, 39, 40, 47, 61, 69, 70, 71, 72, 74]]
[84, 6.2323, [0, 1, 2, 3, 4, 6, 7, 8, 9, 11, 12, 13, 14, 16, 17, 18, 22, 23, 24, 25, 26, 31, 33, 34, 35, 37, 38, 39, 40, 47, 57, 61, 69, 70, 71, 72]]
[84, 6.22314, [0, 1, 2, 3, 4, 6, 7, 8, 9, 11, 12, 13, 14, 16, 17, 18, 22, 23, 24, 25, 26, 31, 33, 34, 35, 37, 38, 39, 40, 47, 61, 69, 70, 71, 72, 74]]
[84, 6.20768, [0, 1, 2, 3, 4, 6, 7, 8, 9, 11, 12, 13, 14, 16, 17, 18, 22, 23, 24, 25, 26, 31, 33, 34, 35, 37, 38, 39, 47, 57, 61, 69, 70, 71, 72, 74]]
[84, 6.2216, [0, 1, 2, 3, 4, 6, 7, 8, 9, 11, 12, 13, 14, 16, 17, 18, 22, 23, 24, 25, 26, 31, 33, 34, 36, 37, 38, 39, 40, 47, 61, 69, 70, 71, 72, 74]]
[84, 6.22196, [0, 1, 2, 3, 4, 6, 7, 8, 9, 11, 12, 13, 14, 16, 17, 18, 22, 24, 25, 26, 28, 29, 31, 34, 35, 36, 38, 39, 41, 47, 52, 61, 72, 74, 75, 79]]
[84, 6.2739, [0, 1, 2, 3, 4, 6, 7, 8, 9, 11, 12, 13, 14, 16, 17, 18, 26, 27, 28, 29, 30, 32, 33, 34, 38, 39, 40, 41, 47, 61, 63, 64, 65, 66, 73, 77, 78]]
[84, 6.23204, [0, 1, 2, 3, 4, 6, 7, 8, 9, 11, 12, 13, 14, 16, 17, 18, 26, 27, 28, 29, 30, 32, 33, 38, 39, 40, 41, 47, 61, 63, 65, 66, 73, 76, 77, 78, 79]]
[84, 6.22606, [0, 1, 2, 3, 4, 6, 7, 8, 9, 11, 12, 13, 14, 16, 17, 19, 21, 22, 23, 24, 28, 31, 33, 34, 37, 38, 39, 40, 41, 47, 52, 60, 71, 72, 74, 78]]
[84, 6.22991, [0, 1, 2, 3, 4, 6, 7, 8, 9, 11, 12, 13, 14, 16, 17, 22, 23, 24, 25, 26, 28, 29, 30, 31, 34, 36, 38, 39, 40, 41, 52, 60, 61, 63, 75, 77]]
[84, 6.2556, [0, 1, 2, 3, 4, 6, 7, 8, 9, 11, 12, 13, 14, 16, 18, 19, 21, 22, 23, 24, 25, 27, 33, 34, 35, 36, 37, 39, 40, 41, 47, 70, 71, 72, 73, 74]]
[84, 6.23377, [0, 1, 2, 3, 4, 6, 7, 8, 9, 11, 12, 13, 14, 16, 18, 19, 21, 22, 23, 24, 25, 27, 33, 34, 35, 36, 37, 39, 41, 47, 68, 70, 71, 72, 73, 74]]
[84, 6.25421, [0, 1, 2, 3, 4, 6, 7, 8, 9, 11, 12, 13, 14, 16, 18, 19, 21, 22, 23, 24, 25, 27, 33, 34, 35, 36, 38, 39, 40, 41, 47, 70, 71, 72, 73, 74]]
[84, 6.25274, [0, 1, 2, 3, 4, 6, 7, 8, 9, 11, 12, 13, 14, 16, 18, 19, 21, 22, 23, 24, 25, 27, 33, 34, 35, 37, 38, 39, 40, 41, 47, 70, 71, 72, 73, 74]]
[84, 6.23426, [0, 1, 2, 3, 4, 6, 7, 8, 9, 11, 12, 13, 14, 16, 18, 19, 21, 22, 23, 24, 25, 27, 33, 35, 36, 37, 38, 39, 41, 47, 59, 68, 70, 72, 73, 74]]
[84, 6.21752, [0, 1, 2, 3, 4, 6, 7, 8, 9, 11, 12, 13, 14, 16, 18, 19, 21, 22, 23, 24, 25, 27, 33, 35, 36, 37, 38, 41, 47, 57, 59, 68, 70, 72, 73, 74]]
[84, 6.21865, [0, 1, 2, 3, 4, 6, 7, 8, 9, 11, 12, 13, 14, 16, 18, 19, 21, 22, 23, 24, 25, 27, 33, 35, 37, 38, 39, 40, 41, 47, 70, 71, 72, 73, 74, 76]]
[84, 6.24831, [0, 1, 2, 3, 4, 6, 7, 8, 9, 11, 12, 13, 14, 16, 18, 19, 21, 22, 23, 25, 27, 30, 33, 34, 35, 36, 38, 39, 40, 41, 47, 59, 66, 70, 73, 74]]
[84, 6.24181, [0, 1, 2, 3, 4, 6, 7, 8, 9, 11, 12, 13, 14, 16, 18, 19, 21, 22, 23, 25, 27, 30, 33, 34, 35, 36, 38, 39, 40, 41, 47, 66, 70, 71, 73, 74]]
[84, 6.20174, [0, 1, 2, 3, 4, 6, 7, 8, 9, 11, 12, 13, 14, 16, 18, 19, 21, 22, 23, 25, 27, 33, 35, 36, 37, 38, 39, 41, 47, 52, 57, 59, 66, 68, 72, 74]]
[84, 6.24358, [0, 1, 2, 3, 4, 6, 7, 8, 9, 11, 12, 13, 14, 16, 18, 19, 21, 22, 23, 25, 29, 30, 33, 34, 35, 36, 38, 39, 40, 41, 47, 59, 66, 70, 73, 74]]
[84, 6.25308, [0, 1, 2, 3, 4, 6, 7, 8, 9, 11, 12, 13, 14, 16, 18, 19, 21, 22, 23, 27, 29, 30, 32, 33, 34, 35, 36, 38, 39, 41, 47, 59, 66, 68, 70, 73]]
[84, 6.25445, [0, 1, 2, 3, 4, 6, 7, 8, 9, 11, 12, 13, 14, 16, 18, 19, 21, 22, 23, 27, 29, 30, 32, 33, 35, 36, 38, 39, 40, 41, 47, 52, 59, 66, 70, 73]]
[84, 6.24979, [0, 1, 2, 3, 4, 6, 7, 8, 9, 11, 12, 13, 14, 16, 18, 19, 21, 22, 23, 27, 29, 30, 32, 33, 35, 36, 38, 39, 40, 41, 47, 52, 59, 70, 73, 76]]
[84, 6.22553, [0, 1, 2, 3, 4, 6, 7, 8, 9, 11, 12, 13, 14, 16, 18, 19, 21, 22, 23, 27, 29, 30, 32, 35, 36, 38, 39, 40, 41, 47, 52, 59, 62, 66, 70, 73]]
[84, 6.23815, [0, 1, 2, 3, 4, 6, 7, 8, 9, 11, 12, 13, 14, 16, 18, 19, 21, 22, 23, 27, 29, 30, 33, 34, 35, 36, 38, 39, 40, 41, 47, 59, 66, 70, 73, 74]]
[84, 6.21632, [0, 1, 2, 3, 4, 6, 7, 8, 9, 11, 12, 13, 14, 16, 18, 19, 21, 22, 23, 27, 29, 30, 33, 34, 35, 36, 38, 39, 41, 47, 59, 66, 68, 70, 73, 74]]
[84, 6.21328, [0, 1, 2, 3, 4, 6, 7, 8, 9, 11, 12, 13, 14, 16, 18, 19, 21, 22, 23, 27, 29, 32, 33, 34, 35, 36, 38, 39, 41, 47, 59, 66, 68, 70, 72, 73]]
[84, 6.21182, [0, 1, 2, 3, 4, 6, 7, 8, 9, 11, 12, 13, 14, 16, 18, 19, 21, 22, 23, 27, 29, 32, 33, 34, 35, 37, 38, 39, 41, 47, 59, 66, 68, 70, 72, 73]]
[84, 6.20927, [0, 1, 2, 3, 4, 6, 7, 8, 9, 11, 12, 13, 14, 16, 18, 19, 21, 22, 23, 27, 29, 32, 33, 34, 35, 37, 38, 39, 41, 47, 59, 66, 68, 70, 73, 78]]
[84, 6.21028, [0, 1, 2, 3, 4, 6, 7, 8, 9, 11, 12, 13, 14, 16, 18, 19, 21, 22, 23, 27, 29, 32, 33, 34, 36, 37, 38, 39, 41, 47, 59, 66, 68, 70, 72, 73]]
[84, 6.20866, [0, 1, 2, 3, 4, 6, 7, 8, 9, 11, 12, 13, 14, 16, 18, 19, 21, 22, 23, 27, 29, 32, 33, 35, 36, 37, 38, 39, 41, 47, 59, 66, 68, 70, 72, 73]]
[84, 6.20399, [0, 1, 2, 3, 4, 6, 7, 8, 9, 11, 12, 13, 14, 16, 18, 19, 21, 22, 23, 27, 29, 32, 33, 35, 36, 37, 38, 39, 41, 47, 59, 68, 70, 72, 73, 76]]
[84, 6.23187, [0, 1, 2, 3, 4, 6, 7, 8, 9, 11, 12, 13, 14, 16, 18, 19, 21, 22, 25, 27, 29, 30, 33, 34, 35, 36, 38, 39, 40, 41, 47, 59, 66, 70, 73, 74]]
[84, 6.22837, [0, 1, 2, 3, 4, 6, 7, 8, 9, 11, 12, 13, 14, 16, 18, 19, 21, 22, 25, 27, 29, 30, 33, 34, 35, 36, 38, 39, 40, 41, 47, 65, 66, 70, 73, 74]]
[84, 6.20127, [0, 1, 2, 3, 4, 6, 7, 8, 9, 11, 12, 13, 14, 16, 18, 19, 21, 22, 25, 27, 29, 30, 34, 35, 36, 38, 39, 40, 41, 47, 59, 65, 66, 70, 73, 74]]
[84, 6.20912, [0, 1, 2, 3, 4, 6, 7, 8, 9, 11, 12, 13, 14, 16, 18, 19, 22, 23, 25, 26, 27, 29, 33, 34, 36, 37, 38, 39, 41, 47, 52, 66, 72, 73, 74, 77]]
[84, 6.22449, [0, 1, 2, 3, 4, 6, 7, 8, 9, 11, 12, 13, 14, 16, 18, 19, 22, 23, 25, 27, 29, 30, 33, 34, 35, 36, 38, 39, 40, 41, 47, 59, 66, 70, 73, 74]]
[84, 6.20194, [0, 1, 2, 3, 4, 6, 7, 8, 9, 11, 12, 13, 14, 16, 18, 19, 22, 27, 28, 29, 30, 32, 33, 34, 35, 37, 38, 39, 40, 41, 47, 52, 59, 66, 73, 78]]
[84, 6.21569, [0, 1, 2, 3, 4, 6, 7, 8, 9, 11, 12, 13, 14, 16, 18, 21, 22, 23, 25, 27, 29, 30, 33, 34, 35, 36, 38, 39, 40, 41, 47, 59, 66, 70, 73, 74]]
[84, 6.28777, [0, 1, 2, 3, 4, 6, 7, 8, 9, 11, 12, 13, 14, 16, 18, 22, 23, 25, 26, 27, 29, 30, 33, 35, 38, 39, 40, 41, 47, 52, 59, 61, 66, 70, 73, 76, 78]]
[84, 6.26107, [0, 1, 2, 3, 4, 6, 7, 8, 9, 11, 12, 13, 14, 16, 18, 22, 23, 25, 26, 27, 29, 30, 33, 38, 39, 40, 41, 47, 52, 59, 61, 63, 66, 70, 73, 76, 78]]
[84, 6.23673, [0, 1, 2, 3, 4, 6, 7, 8, 9, 11, 12, 13, 14, 16, 18, 23, 25, 26, 27, 29, 30, 33, 34, 38, 39, 40, 41, 47, 52, 59, 61, 63, 64, 66, 70, 73, 78]]
[84, 6.25035, [0, 1, 2, 3, 4, 6, 7, 8, 9, 11, 12, 13, 14, 16, 22, 23, 25, 26, 27, 28, 30, 32, 33, 34, 38, 39, 40, 41, 47, 52, 59, 61, 63, 66, 73, 77, 78]]
[84, 6.23869, [0, 1, 2, 3, 4, 6, 7, 8, 9, 11, 12, 13, 14, 16, 22, 23, 25, 26, 27, 28, 30, 32, 33, 34, 38, 39, 40, 41, 47, 59, 61, 63, 66, 71, 73, 77, 78]]
[84, 6.21295, [0, 1, 2, 3, 4, 6, 7, 8, 9, 11, 12, 13, 14, 16, 22, 23, 25, 26, 27, 29, 30, 33, 35, 38, 39, 40, 41, 47, 52, 59, 60, 61, 66, 70, 73, 76, 78]]
[84, 6.2118, [0, 1, 2, 3, 4, 6, 7, 8, 9, 11, 12, 13, 14, 17, 18, 20, 21, 22, 24, 25, 26, 31, 33, 34, 35, 36, 37, 39, 40, 47, 61, 69, 70, 71, 72, 74]]
[84, 6.21041, [0, 1, 2, 3, 4, 6, 7, 8, 9, 11, 12, 13, 14, 17, 18, 20, 21, 22, 24, 25, 26, 31, 33, 34, 35, 36, 38, 39, 40, 47, 61, 69, 70, 71, 72, 74]]
[84, 6.21721, [0, 1, 2, 3, 4, 6, 7, 8, 9, 11, 12, 13, 14, 17, 18, 20, 21, 22, 24, 25, 26, 31, 33, 34, 35, 37, 38, 39, 40, 47, 57, 61, 69, 70, 71, 74]]
[84, 6.20894, [0, 1, 2, 3, 4, 6, 7, 8, 9, 11, 12, 13, 14, 17, 18, 20, 21, 22, 24, 25, 26, 31, 33, 34, 35, 37, 38, 39, 40, 47, 61, 69, 70, 71, 72, 74]]
[84, 6.2074, [0, 1, 2, 3, 4, 6, 7, 8, 9, 11, 12, 13, 14, 17, 18, 20, 21, 22, 24, 25, 26, 31, 33, 34, 36, 37, 38, 39, 40, 47, 61, 69, 70, 71, 72, 74]]
[84, 6.2015, [0, 1, 2, 3, 4, 6, 7, 8, 9, 11, 12, 13, 14, 18, 19, 20, 21, 22, 25, 26, 27, 28, 30, 33, 36, 37, 39, 40, 41, 52, 57, 59, 66, 73, 74, 76]]
[84, 6.20205, [0, 1, 2, 3, 4, 6, 7, 8, 9, 11, 12, 13, 14, 18, 20, 21, 22, 23, 25, 26, 27, 29, 30, 33, 35, 36, 38, 39, 40, 41, 52, 59, 66, 73, 76, 79]]
[84, 6.20987, [0, 1, 2, 3, 4, 6, 7, 8, 9, 11, 12, 13, 14, 20, 22, 23, 24, 25, 27, 28, 30, 32, 34, 37, 38, 39, 40, 47, 52, 57, 59, 61, 63, 71, 75, 77, 78]]
[84, 6.21474, [0, 1, 2, 3, 4, 6, 7, 8, 9, 11, 12, 14, 16, 17, 18, 19, 21, 22, 23, 24, 28, 31, 32, 33, 34, 36, 37, 38, 41, 47, 55, 57, 67, 68, 69, 72]]
[84, 6.29188, [0, 1, 2, 3, 4, 6, 7, 8, 9, 11, 12, 14, 16, 17, 18, 19, 22, 23, 26, 28, 29, 31, 32, 33, 36, 37, 38, 40, 41, 55, 62, 63, 67, 69, 72, 76, 77]]
[84, 6.2558, [0, 1, 2, 3, 4, 6, 7, 8, 9, 11, 12, 14, 16, 17, 18, 19, 22, 23, 26, 28, 29, 31, 32, 36, 37, 38, 40, 41, 55, 62, 63, 67, 69, 72, 75, 76, 77]]
[84, 6.24643, [0, 1, 2, 3, 4, 6, 7, 8, 9, 11, 12, 14, 17, 18, 21, 22, 23, 24, 26, 28, 29, 31, 32, 33, 36, 38, 40, 41, 47, 52, 55, 61, 62, 67, 69, 76, 79]]
[84, 6.23431, [0, 1, 2, 3, 4, 6, 7, 8, 9, 11, 12, 14, 17, 18, 21, 22, 23, 24, 26, 28, 29, 31, 32, 33, 36, 38, 40, 41, 47, 55, 61, 62, 67, 69, 72, 76, 79]]
[84, 6.20986, [0, 1, 2, 3, 4, 6, 7, 8, 9, 11, 12, 14, 17, 18, 21, 22, 23, 24, 26, 28, 29, 31, 33, 36, 38, 40, 41, 47, 52, 55, 61, 62, 67, 69, 72, 76, 79]]
[84, 6.21207, [0, 1, 2, 3, 4, 6, 7, 8, 9, 11, 12, 14, 17, 18, 21, 22, 23, 24, 26, 28, 31, 32, 33, 36, 38, 40, 41, 47, 52, 55, 57, 61, 62, 67, 69, 76, 79]]
[84, 6.20532, [0, 1, 2, 3, 4, 6, 7, 8, 9, 11, 13, 14, 15, 16, 18, 19, 20, 21, 22, 27, 30, 31, 32, 35, 36, 38, 39, 40, 41, 47, 52, 54, 65, 66, 71, 76]]
[84, 6.20178, [0, 1, 2, 3, 4, 6, 7, 8, 9, 11, 13, 14, 15, 16, 18, 19, 20, 24, 25, 26, 27, 28, 30, 33, 34, 36, 37, 38, 40, 47, 59, 63, 71, 73, 74, 77]]
[84, 6.20692, [0, 1, 2, 3, 4, 6, 7, 8, 9, 11, 13, 14, 15, 16, 18, 19, 20, 24, 25, 26, 27, 28, 30, 33, 34, 37, 38, 39, 40, 47, 52, 59, 63, 74, 77, 78]]
[84, 6.31289, [0, 1, 2, 3, 4, 6, 7, 8, 9, 11, 13, 14, 15, 16, 18, 19, 20, 24, 25, 26, 27, 28, 30, 33, 37, 38, 39, 40, 41, 47, 63, 71, 73, 74, 76, 77, 78]]
[84, 6.21498, [0, 1, 2, 3, 4, 6, 7, 8, 9, 11, 13, 14, 15, 16, 18, 19, 20, 24, 25, 26, 27, 28, 30, 34, 36, 37, 38, 39, 40, 47, 52, 54, 59, 63, 74, 77]]
[84, 6.20757, [0, 1, 2, 3, 4, 6, 7, 8, 9, 11, 13, 14, 15, 16, 18, 19, 20, 24, 25, 26, 27, 28, 30, 34, 36, 37, 38, 39, 40, 47, 52, 54, 63, 73, 74, 77]]
[84, 6.20264, [0, 1, 2, 3, 4, 6, 7, 8, 9, 11, 13, 14, 15, 16, 18, 19, 20, 24, 25, 26, 27, 28, 30, 34, 36, 37, 38, 39, 40, 47, 54, 59, 63, 73, 74, 77]]
[84, 6.20172, [0, 1, 2, 3, 4, 6, 7, 8, 9, 11, 13, 14, 15, 16, 18, 19, 20, 24, 25, 26, 28, 30, 33, 34, 35, 37, 38, 39, 41, 47, 52, 54, 59, 64, 74, 78]]
[84, 6.23202, [0, 1, 2, 3, 4, 6, 7, 8, 9, 11, 13, 14, 15, 16, 18, 20, 21, 22, 23, 25, 30, 34, 36, 38, 39, 40, 47, 52, 59, 61, 66, 69, 71, 73, 74, 75, 77]]
[84, 6.21153, [0, 1, 2, 3, 4, 6, 7, 8, 9, 11, 13, 14, 15, 16, 18, 20, 22, 23, 25, 26, 27, 33, 38, 39, 40, 41, 47, 52, 54, 63, 66, 73, 74, 76, 77, 78, 79]]
[84, 6.21443, [0, 1, 2, 3, 4, 6, 7, 8, 9, 11, 13, 14, 15, 16, 18, 20, 24, 25, 26, 27, 28, 30, 33, 38, 39, 40, 41, 47, 61, 63, 65, 73, 74, 76, 77, 78, 79]]
[84, 6.20622, [0, 1, 2, 3, 4, 6, 7, 8, 9, 11, 13, 14, 15, 16, 18, 22, 24, 25, 26, 27, 28, 30, 33, 38, 39, 40, 41, 47, 61, 63, 65, 73, 74, 76, 77, 78, 79]]
[84, 6.21967, [0, 1, 2, 3, 4, 6, 7, 8, 9, 11, 13, 14, 15, 16, 18, 23, 25, 26, 27, 29, 30, 32, 33, 34, 38, 40, 41, 47, 52, 59, 61, 63, 64, 66, 70, 73, 78]]
[84, 6.20859, [0, 1, 2, 3, 4, 6, 7, 8, 9, 11, 13, 14, 15, 16, 18, 23, 25, 26, 27, 29, 30, 33, 34, 38, 39, 40, 41, 47, 52, 59, 61, 63, 64, 66, 70, 73, 78]]
[84, 6.22202, [0, 1, 2, 3, 4, 6, 7, 8, 9, 11, 13, 14, 15, 16, 19, 20, 21, 22, 24, 28, 30, 33, 34, 36, 38, 40, 47, 54, 59, 65, 67, 68, 69, 71, 73, 74, 81]]
[84, 6.21948, [0, 1, 2, 3, 4, 6, 7, 8, 9, 11, 13, 14, 15, 16, 19, 20, 21, 22, 24, 28, 30, 33, 34, 36, 38, 40, 47, 54, 59, 65, 67, 68, 69, 71, 74, 79, 81]]
[84, 6.23236, [0, 1, 2, 3, 4, 6, 7, 8, 9, 11, 13, 14, 15, 16, 20, 22, 23, 24, 25, 26, 28, 31, 36, 37, 38, 40, 41, 47, 52, 54, 60, 61, 63, 74, 75, 77, 81]]
[84, 6.22226, [0, 1, 2, 3, 4, 6, 7, 8, 9, 11, 13, 14, 15, 16, 20, 22, 23, 24, 25, 26, 28, 31, 36, 37, 38, 40, 41, 47, 52, 60, 61, 63, 71, 74, 75, 77, 81]]
[84, 6.20456, [0, 1, 2, 3, 4, 6, 7, 8, 9, 11, 13, 14, 15, 16, 20, 22, 23, 24, 25, 26, 28, 31, 36, 38, 40, 41, 47, 52, 54, 60, 61, 63, 71, 74, 75, 77, 81]]
[84, 6.22023, [0, 1, 2, 3, 4, 6, 7, 8, 9, 11, 13, 14, 15, 16, 20, 22, 23, 24, 25, 26, 31, 34, 36, 37, 38, 40, 41, 47, 52, 54, 60, 61, 63, 74, 75, 77, 81]]
[84, 6.20239, [0, 1, 2, 3, 4, 6, 7, 8, 9, 11, 13, 14, 15, 16, 20, 22, 23, 25, 26, 27, 28, 30, 34, 36, 38, 40, 47, 52, 54, 59, 63, 71, 73, 74, 75, 77, 81]]
[84, 6.22219, [0, 1, 2, 3, 4, 6, 7, 8, 9, 11, 13, 14, 15, 16, 22, 23, 25, 26, 27, 28, 30, 32, 33, 34, 38, 39, 40, 41, 47, 52, 59, 61, 63, 66, 73, 77, 78]]
[84, 6.23606, [0, 1, 2, 3, 4, 6, 7, 8, 9, 11, 13, 14, 16, 17, 18, 19, 21, 22, 27, 29, 30, 31, 32, 33, 35, 40, 47, 52, 54, 62, 65, 66, 67, 68, 70, 76, 81]]
[84, 6.24907, [0, 1, 2, 3, 4, 6, 7, 8, 9, 11, 13, 14, 16, 17, 18, 20, 21, 22, 27, 29, 30, 31, 32, 33, 35, 40, 41, 47, 52, 54, 65, 66, 67, 68, 70, 76, 81]]
[84, 6.20756, [0, 1, 2, 3, 4, 6, 7, 8, 9, 11, 13, 14, 16, 17, 18, 20, 21, 22, 27, 29, 30, 32, 33, 35, 40, 41, 47, 52, 54, 65, 66, 67, 68, 70, 76, 79, 81]]
[84, 6.20772, [0, 1, 2, 3, 4, 6, 7, 8, 9, 11, 13, 14, 16, 17, 18, 20, 24, 25, 26, 28, 30, 31, 34, 36, 38, 40, 47, 52, 54, 57, 61, 63, 65, 71, 74, 77, 79]]
[84, 6.2371, [0, 1, 2, 3, 4, 6, 7, 8, 9, 11, 13, 14, 16, 17, 18, 21, 22, 23, 24, 25, 27, 31, 35, 37, 38, 39, 40, 47, 52, 61, 68, 70, 71, 72, 74, 75, 78]]
[84, 6.23363, [0, 1, 2, 3, 4, 6, 7, 8, 9, 11, 13, 14, 16, 17, 18, 22, 23, 24, 25, 27, 31, 34, 35, 37, 38, 39, 40, 41, 47, 52, 54, 61, 71, 72, 74, 75, 78]]
[84, 6.26318, [0, 1, 2, 3, 4, 6, 7, 8, 9, 11, 13, 14, 16, 17, 18, 22, 24, 25, 26, 27, 28, 30, 31, 35, 37, 38, 39, 40, 41, 47, 54, 61, 71, 74, 75, 76, 78]]
[84, 6.2226, [0, 1, 2, 3, 4, 6, 7, 8, 9, 11, 13, 14, 16, 17, 18, 22, 24, 25, 26, 27, 28, 31, 35, 37, 38, 39, 40, 41, 47, 54, 61, 71, 72, 74, 75, 76, 78]]
[84, 6.23823, [0, 1, 2, 3, 4, 6, 7, 8, 9, 11, 14, 15, 16, 17, 18, 20, 24, 25, 26, 27, 28, 30, 31, 34, 38, 39, 40, 41, 47, 52, 54, 61, 71, 74, 75, 78, 79]]
[84, 6.2203, [0, 1, 2, 3, 4, 6, 7, 8, 9, 11, 14, 15, 16, 17, 18, 22, 24, 25, 26, 27, 28, 31, 34, 35, 38, 39, 40, 41, 47, 52, 54, 61, 72, 74, 75, 78, 79]]
[84, 6.24082, [0, 1, 2, 3, 4, 6, 7, 8, 9, 11, 14, 15, 16, 17, 19, 20, 22, 24, 25, 26, 27, 31, 34, 36, 37, 38, 40, 41, 52, 54, 55, 60, 63, 74, 75, 77, 81]]
[84, 6.2284, [0, 1, 2, 3, 4, 6, 7, 8, 9, 11, 14, 16, 17, 18, 19, 22, 23, 24, 26, 27, 28, 31, 32, 33, 35, 37, 38, 41, 52, 54, 55, 57, 62, 67, 71, 72, 78]]
[84, 6.20459, [0, 1, 2, 3, 4, 6, 7, 8, 9, 13, 14, 15, 16, 17, 19, 20, 22, 23, 24, 28, 30, 31, 33, 34, 36, 38, 40, 47, 53, 54, 63, 67, 68, 69, 71, 74, 81]]
[84, 6.27483, [0, 1, 2, 3, 4, 6, 7, 8, 9, 13, 14, 15, 16, 18, 19, 20, 22, 23, 25, 27, 33, 37, 38, 39, 40, 41, 47, 52, 54, 59, 63, 66, 68, 73, 74, 76, 77, 78]]
[84, 6.25539, [0, 1, 2, 3, 4, 6, 7, 8, 11, 12, 13, 14, 15, 17, 18, 19, 20, 24, 26, 27, 28, 29, 31, 33, 34, 36, 37, 47, 51, 52, 58, 63, 65, 67, 72, 74, 77]]
[84, 6.24449, [0, 1, 2, 3, 4, 6, 7, 8, 11, 12, 13, 14, 15, 17, 18, 19, 20, 24, 26, 27, 28, 29, 31, 33, 36, 37, 41, 47, 51, 52, 58, 63, 65, 67, 72, 76, 77]]
[84, 6.22302, [0, 1, 2, 3, 4, 6, 7, 8, 11, 12, 13, 14, 15, 17, 18, 19, 20, 24, 26, 27, 28, 31, 33, 36, 37, 38, 41, 47, 51, 52, 58, 65, 67, 72, 74, 76, 77]]
[84, 6.22915, [0, 1, 2, 3, 4, 6, 7, 8, 11, 12, 13, 14, 15, 17, 18, 19, 24, 26, 27, 28, 29, 31, 33, 34, 36, 37, 38, 41, 47, 51, 52, 58, 65, 67, 72, 74, 77]]
[84, 6.24516, [0, 1, 2, 3, 4, 6, 7, 8, 11, 12, 13, 14, 15, 17, 18, 19, 24, 27, 28, 29, 31, 32, 33, 34, 36, 37, 38, 40, 41, 47, 51, 52, 58, 63, 65, 67, 77]]
[84, 6.21043, [0, 1, 2, 3, 4, 6, 7, 8, 11, 12, 13, 14, 15, 17, 18, 19, 24, 27, 28, 29, 31, 32, 33, 36, 37, 38, 40, 41, 47, 51, 52, 58, 63, 65, 67, 76, 77]]
[84, 6.21709, [0, 1, 2, 3, 4, 6, 7, 8, 11, 12, 13, 14, 15, 18, 19, 20, 21, 22, 24, 25, 26, 29, 35, 37, 38, 39, 40, 41, 51, 59, 65, 70, 72, 73, 74, 75, 76]]
[84, 6.2242, [0, 1, 2, 3, 4, 6, 7, 8, 12, 13, 14, 15, 16, 18, 19, 21, 22, 23, 25, 26, 27, 30, 32, 35, 36, 37, 38, 40, 41, 47, 51, 52, 59, 62, 66, 71, 73]]
[84, 6.27948, [0, 1, 2, 3, 4, 6, 7, 8, 12, 13, 14, 15, 16, 18, 21, 22, 23, 25, 26, 27, 30, 32, 35, 36, 37, 38, 40, 41, 47, 51, 52, 59, 62, 70, 71, 73, 75, 81]]
[84, 6.21825, [0, 1, 2, 3, 4, 6, 7, 9, 10, 11, 14, 15, 16, 18, 19, 20, 24, 25, 26, 27, 28, 30, 31, 33, 34, 36, 38, 41, 47, 50, 54, 55, 63, 65, 71, 77, 81]]
[84, 6.22589, [0, 1, 2, 3, 4, 6, 7, 9, 11, 12, 13, 14, 16, 17, 18, 20, 21, 23, 24, 25, 27, 31, 34, 35, 37, 38, 39, 40, 47, 50, 52, 61, 70, 71, 72, 74, 75]]
[84, 6.21544, [0, 1, 2, 3, 4, 6, 7, 9, 11, 12, 13, 14, 16, 17, 18, 20, 21, 23, 24, 25, 27, 31, 35, 37, 38, 39, 40, 41, 47, 50, 52, 61, 70, 71, 72, 74, 76]]
[84, 6.20236, [0, 1, 2, 3, 4, 6, 8, 9, 11, 12, 13, 14, 16, 17, 19, 21, 22, 23, 24, 27, 28, 31, 33, 34, 35, 37, 38, 40, 41, 47, 52, 57, 60, 71, 72, 74, 78]]
[84, 6.20277, [0, 1, 2, 3, 4, 6, 8, 9, 11, 13, 14, 15, 16, 18, 19, 20, 23, 24, 25, 27, 30, 33, 38, 39, 40, 41, 47, 49, 54, 59, 63, 64, 70, 71, 73, 74, 76, 77]]
[84, 6.21165, [0, 1, 2, 3, 5, 6, 7, 8, 9, 13, 14, 15, 16, 17, 19, 20, 22, 23, 24, 26, 27, 28, 31, 33, 36, 37, 38, 39, 41, 46, 52, 53, 60, 72, 74, 76, 77]]
[84, 6.20985, [0, 1, 2, 3, 5, 6, 7, 8, 9, 13, 14, 15, 16, 17, 19, 20, 22, 23, 24, 26, 27, 28, 31, 33, 36, 37, 38, 39, 41, 46, 52, 53, 63, 72, 74, 76, 77]]
[84, 6.22889, [0, 1, 2, 3, 5, 6, 7, 8, 10, 11, 12, 13, 15, 16, 17, 20, 21, 22, 23, 24, 30, 33, 35, 36, 37, 38, 39, 41, 46, 51, 60, 68, 70, 71, 73, 74, 82]]
[84, 6.23268, [0, 1, 2, 3, 5, 6, 7, 8, 10, 11, 13, 15, 16, 17, 18, 20, 21, 22, 23, 27, 30, 31, 32, 34, 35, 36, 37, 39, 40, 46, 54, 56, 61, 66, 68, 71, 75]]
[84, 6.24866, [0, 1, 2, 3, 5, 6, 7, 8, 10, 13, 14, 15, 16, 17, 20, 21, 22, 23, 24, 26, 27, 33, 35, 36, 37, 38, 39, 41, 46, 60, 67, 70, 71, 72, 73, 74, 76, 82]]

Search completed in 10 hours, 23 minutes, and 57.473 seconds.  Enter a string to quit.