Enter an integer k for which our Kempner sets are k-free: 6
Enter a positive integer modulus b: 61
Enter estimation parameters, or * for pre-computed parameters ([0.0989, 1.0995, 1.4414]): *
Enter a threshold (e.g. 4.2) to determine printed output: 6.95
Enter a root for the search space (e.g. [0, 1, 2]) [or * for the root [0]]: *
Enter an upper bound for the size of allowable digit sets [or * to ignore]: 33
Enter a maximal number of deviations from a greedy search [or * to ignore]: *
Searching for k-free sets mod b...

[61, 6.99346, [0, 1, 2, 3, 4, 6, 7, 8, 9, 11, 12, 13, 14, 16, 17, 18, 19, 21, 22, 23, 25, 30, 34, 35, 39, 41, 43, 45, 46, 47, 53]]
[61, 6.97736, [0, 1, 2, 3, 4, 6, 7, 8, 9, 11, 12, 13, 14, 16, 17, 18, 19, 21, 22, 23, 29, 30, 31, 33, 39, 42, 45, 47, 49, 51, 53]]
[61, 6.97132, [0, 1, 2, 3, 4, 6, 7, 8, 9, 11, 12, 13, 14, 16, 17, 18, 19, 21, 22, 23, 29, 30, 31, 36, 39, 42, 45, 47, 49, 51, 53]]
[61, 6.97251, [0, 1, 2, 3, 4, 6, 7, 8, 9, 11, 12, 13, 14, 16, 17, 18, 19, 21, 22, 23, 30, 31, 34, 35, 39, 41, 43, 45, 46, 50, 53]]
[61, 6.98408, [0, 1, 2, 3, 4, 6, 7, 8, 9, 11, 12, 13, 14, 16, 17, 18, 19, 21, 22, 23, 31, 32, 34, 35, 37, 39, 40, 41, 46, 50, 53]]
[61, 6.96465, [0, 1, 2, 3, 4, 6, 7, 8, 9, 11, 12, 13, 14, 16, 17, 18, 19, 21, 22, 28, 29, 30, 31, 34, 37, 43, 44, 46, 48, 50, 53]]
[61, 6.97338, [0, 1, 2, 3, 4, 6, 7, 8, 9, 11, 12, 13, 14, 16, 17, 18, 19, 21, 22, 28, 29, 30, 32, 33, 37, 38, 40, 44, 49, 53, 56]]
[61, 7.00474, [0, 1, 2, 3, 4, 6, 7, 8, 9, 11, 12, 13, 14, 16, 17, 18, 22, 23, 24, 25, 26, 29, 31, 33, 34, 36, 37, 40, 42, 46, 52]]
[61, 6.9977, [0, 1, 2, 3, 4, 6, 7, 8, 9, 11, 12, 13, 14, 16, 17, 18, 22, 23, 24, 25, 26, 29, 31, 33, 34, 36, 37, 42, 45, 46, 52]]
[61, 6.963, [0, 1, 2, 3, 4, 6, 7, 8, 9, 11, 12, 13, 14, 16, 17, 18, 22, 23, 24, 26, 29, 31, 33, 34, 36, 37, 40, 42, 44, 46, 53]]
[61, 6.97998, [0, 1, 2, 3, 4, 6, 7, 8, 9, 11, 12, 13, 14, 16, 17, 18, 22, 24, 25, 26, 28, 29, 31, 33, 34, 36, 38, 42, 44, 46, 52]]
[61, 6.96705, [0, 1, 2, 3, 4, 6, 7, 8, 9, 11, 12, 13, 14, 16, 17, 18, 22, 24, 25, 26, 28, 29, 31, 33, 34, 36, 38, 44, 46, 52, 53]]
[61, 6.95503, [0, 1, 2, 3, 4, 6, 7, 8, 9, 11, 12, 13, 14, 16, 17, 18, 22, 24, 25, 26, 29, 31, 33, 34, 36, 37, 40, 42, 45, 46, 52]]
[61, 7.09914, [0, 1, 2, 3, 4, 6, 7, 8, 9, 11, 12, 13, 14, 16, 17, 18, 23, 24, 25, 26, 29, 31, 41, 42, 45, 47, 48, 50, 51, 52, 54, 56]]
[61, 6.9554, [0, 1, 2, 3, 4, 6, 7, 8, 9, 11, 12, 13, 14, 16, 17, 19, 21, 23, 24, 27, 28, 30, 31, 34, 36, 38, 40, 44, 47, 50, 53]]
[61, 7.09175, [0, 1, 2, 3, 4, 6, 7, 8, 9, 11, 12, 13, 14, 16, 17, 19, 21, 23, 24, 30, 31, 36, 38, 40, 44, 47, 49, 50, 51, 52, 53, 55]]
[61, 6.95687, [0, 1, 2, 3, 4, 6, 7, 8, 9, 11, 12, 13, 14, 16, 18, 19, 21, 22, 27, 28, 29, 30, 31, 33, 37, 39, 40, 41, 44, 45, 46]]
[61, 6.95033, [0, 1, 2, 3, 4, 6, 7, 8, 9, 11, 12, 13, 14, 17, 18, 19, 20, 21, 27, 28, 29, 30, 31, 33, 34, 37, 38, 40, 50, 52, 53]]
[61, 6.95458, [0, 1, 2, 3, 4, 6, 7, 8, 9, 11, 12, 13, 14, 17, 18, 19, 21, 22, 23, 26, 29, 30, 31, 35, 36, 37, 39, 43, 45, 47, 57]]
[61, 6.95977, [0, 1, 2, 3, 4, 6, 7, 8, 9, 11, 12, 13, 14, 17, 18, 19, 21, 22, 24, 25, 26, 28, 32, 34, 36, 38, 40, 45, 46, 48, 57]]
[61, 6.95911, [0, 1, 2, 3, 4, 6, 7, 8, 9, 11, 12, 13, 14, 17, 18, 19, 21, 22, 24, 25, 26, 28, 32, 34, 37, 38, 40, 45, 46, 47, 57]]
[61, 6.95483, [0, 1, 2, 3, 4, 6, 7, 8, 9, 11, 12, 13, 14, 17, 18, 20, 21, 22, 24, 26, 29, 31, 33, 34, 36, 37, 40, 42, 44, 45, 46]]
[61, 7.03514, [0, 1, 2, 3, 4, 6, 7, 8, 9, 11, 12, 13, 14, 17, 18, 23, 24, 25, 26, 27, 29, 32, 41, 42, 45, 47, 50, 51, 52, 53, 54, 56]]
[61, 7.008, [0, 1, 2, 3, 4, 6, 7, 8, 9, 11, 12, 13, 14, 17, 19, 21, 23, 24, 31, 33, 35, 36, 38, 40, 44, 47, 49, 50, 51, 52, 53, 55]]
[61, 7.08829, [0, 1, 2, 3, 4, 6, 7, 8, 9, 11, 12, 13, 14, 20, 21, 22, 24, 25, 26, 27, 29, 30, 31, 35, 36, 37, 43, 44, 51, 53, 54, 55]]
[61, 6.9905, [0, 1, 2, 3, 4, 6, 7, 8, 9, 11, 12, 13, 14, 20, 21, 24, 26, 27, 28, 29, 30, 34, 36, 40, 42, 43, 47, 50, 51, 52, 53, 55]]
[61, 6.97385, [0, 1, 2, 3, 4, 6, 7, 8, 9, 11, 12, 13, 14, 20, 23, 24, 25, 26, 28, 30, 31, 34, 35, 41, 43, 46, 47, 50, 51, 53, 55, 56]]
[61, 7.00795, [0, 1, 2, 3, 4, 6, 7, 8, 9, 11, 12, 13, 17, 18, 19, 20, 21, 24, 28, 31, 32, 39, 40, 43, 44, 45, 46, 48, 49, 51, 53, 54]]
[61, 6.97698, [0, 1, 2, 3, 4, 6, 7, 8, 9, 11, 12, 13, 17, 18, 19, 20, 21, 24, 28, 31, 39, 40, 43, 44, 45, 46, 48, 49, 51, 52, 53, 54]]
[61, 6.97455, [0, 1, 2, 3, 4, 6, 7, 8, 9, 11, 12, 13, 17, 18, 19, 20, 21, 24, 28, 32, 39, 40, 43, 44, 45, 46, 48, 49, 51, 52, 53, 54]]
[61, 6.95692, [0, 1, 2, 3, 4, 6, 7, 8, 9, 11, 13, 14, 15, 16, 18, 19, 20, 21, 22, 27, 28, 29, 30, 31, 34, 37, 42, 44, 45, 50, 51]]
[61, 6.95438, [0, 1, 2, 3, 4, 6, 7, 8, 9, 11, 13, 14, 15, 16, 18, 19, 20, 22, 25, 26, 27, 29, 30, 33, 35, 37, 39, 41, 42, 46, 54]]
[61, 7.09947, [0, 1, 2, 3, 4, 6, 7, 8, 9, 11, 13, 14, 15, 16, 18, 19, 24, 25, 26, 27, 28, 30, 33, 34, 39, 40, 43, 45, 48, 54, 57, 58]]
[61, 7.07626, [0, 1, 2, 3, 4, 6, 7, 8, 9, 11, 13, 14, 15, 16, 20, 22, 23, 24, 25, 26, 28, 29, 31, 34, 35, 43, 50, 51, 53, 54, 56, 58]]
[61, 7.01658, [0, 1, 2, 3, 4, 6, 7, 8, 9, 11, 13, 14, 15, 16, 20, 22, 23, 24, 25, 26, 28, 34, 35, 43, 46, 47, 50, 51, 53, 54, 56, 58]]
[61, 7.08418, [0, 1, 2, 3, 4, 6, 7, 8, 9, 11, 13, 14, 15, 16, 20, 22, 23, 24, 25, 27, 28, 29, 31, 34, 35, 44, 47, 49, 51, 52, 53, 58]]
[61, 7.08306, [0, 1, 2, 3, 4, 6, 7, 8, 9, 11, 13, 14, 15, 16, 20, 22, 23, 24, 25, 27, 28, 29, 31, 34, 35, 44, 47, 50, 51, 52, 53, 58]]
[61, 7.04758, [0, 1, 2, 3, 4, 6, 7, 8, 9, 11, 13, 14, 15, 16, 20, 22, 23, 24, 25, 27, 28, 31, 34, 35, 44, 47, 49, 50, 51, 52, 53, 58]]
[61, 7.04467, [0, 1, 2, 3, 4, 6, 7, 8, 9, 11, 13, 14, 15, 16, 20, 22, 23, 24, 25, 27, 29, 31, 34, 35, 44, 47, 49, 50, 51, 52, 53, 58]]
[61, 7.08091, [0, 1, 2, 3, 4, 6, 7, 8, 9, 11, 13, 14, 15, 16, 20, 22, 23, 24, 26, 27, 28, 29, 31, 34, 35, 43, 47, 50, 51, 52, 53, 58]]
[61, 7.07141, [0, 1, 2, 3, 4, 6, 7, 8, 9, 11, 13, 14, 15, 16, 20, 22, 23, 24, 26, 27, 28, 29, 31, 34, 35, 43, 50, 51, 52, 53, 56, 58]]
[61, 7.0436, [0, 1, 2, 3, 4, 6, 7, 8, 9, 11, 13, 14, 15, 16, 20, 22, 23, 24, 26, 27, 28, 29, 34, 35, 43, 47, 50, 51, 52, 53, 56, 58]]
[61, 7.04252, [0, 1, 2, 3, 4, 6, 7, 8, 9, 11, 13, 14, 15, 16, 20, 22, 23, 24, 26, 27, 29, 31, 34, 35, 43, 47, 49, 50, 51, 52, 53, 58]]
[61, 7.03911, [0, 1, 2, 3, 4, 6, 7, 8, 9, 11, 13, 14, 15, 16, 20, 22, 23, 25, 26, 27, 28, 29, 31, 35, 43, 50, 51, 52, 53, 54, 56, 58]]
[61, 7.0441, [0, 1, 2, 3, 4, 6, 7, 8, 9, 11, 13, 14, 15, 16, 20, 22, 24, 25, 26, 27, 29, 31, 34, 35, 43, 44, 47, 49, 50, 51, 53, 58]]
[61, 7.01795, [0, 1, 2, 3, 4, 6, 7, 8, 9, 11, 13, 14, 15, 16, 20, 23, 24, 25, 26, 28, 29, 31, 34, 35, 43, 47, 50, 51, 53, 54, 56, 58]]
[61, 7.00708, [0, 1, 2, 3, 4, 6, 7, 8, 9, 11, 13, 14, 15, 16, 20, 23, 24, 25, 26, 28, 29, 31, 34, 35, 47, 50, 51, 52, 53, 54, 56, 58]]
[61, 6.99147, [0, 1, 2, 3, 4, 6, 7, 8, 9, 11, 13, 14, 15, 16, 20, 23, 24, 25, 26, 28, 29, 31, 35, 43, 47, 50, 51, 52, 53, 54, 56, 58]]
[61, 7.01311, [0, 1, 2, 3, 4, 6, 7, 8, 9, 11, 13, 14, 15, 16, 20, 23, 24, 26, 27, 28, 29, 31, 34, 35, 43, 47, 50, 51, 52, 53, 56, 58]]
[61, 6.9664, [0, 1, 2, 3, 4, 6, 7, 8, 9, 11, 13, 14, 15, 16, 20, 23, 24, 26, 28, 29, 31, 34, 35, 43, 47, 50, 51, 52, 53, 54, 56, 58]]
[61, 6.98313, [0, 1, 2, 3, 4, 6, 7, 8, 9, 11, 13, 14, 15, 18, 21, 24, 25, 26, 28, 29, 30, 31, 33, 37, 43, 44, 46, 47, 53, 56, 57, 58]]
[61, 7.04306, [0, 1, 2, 3, 4, 6, 7, 8, 9, 11, 13, 14, 16, 17, 20, 22, 24, 25, 27, 28, 29, 30, 31, 35, 37, 43, 44, 50, 51, 53, 54, 55]]
[61, 7.00146, [0, 1, 2, 3, 4, 6, 7, 8, 9, 11, 13, 14, 17, 18, 19, 21, 22, 23, 24, 26, 30, 32, 36, 44, 46, 48, 49, 52, 54, 55, 56, 57]]
[61, 7.01748, [0, 1, 2, 3, 4, 6, 7, 8, 9, 11, 13, 14, 17, 19, 20, 21, 22, 24, 27, 28, 30, 32, 34, 38, 40, 43, 44, 47, 50, 52, 53, 58]]
[61, 7.0071, [0, 1, 2, 3, 4, 6, 7, 8, 9, 11, 13, 14, 17, 19, 20, 21, 22, 24, 27, 28, 30, 32, 34, 38, 40, 43, 44, 50, 52, 53, 57, 58]]
[61, 7.01207, [0, 1, 2, 3, 4, 6, 7, 8, 9, 11, 13, 14, 17, 19, 20, 21, 22, 27, 28, 29, 30, 31, 33, 34, 38, 40, 43, 50, 52, 53, 57, 58]]
[61, 6.95738, [0, 1, 2, 3, 4, 6, 7, 8, 9, 11, 13, 14, 17, 20, 22, 24, 25, 27, 28, 29, 30, 31, 35, 36, 40, 43, 44, 51, 52, 53, 54, 55]]
[61, 7.06769, [0, 1, 2, 3, 4, 6, 7, 8, 9, 11, 14, 15, 16, 17, 19, 20, 22, 24, 27, 28, 30, 31, 36, 37, 39, 40, 41, 42, 44, 45, 48, 57]]
[61, 7.04773, [0, 1, 2, 3, 4, 6, 7, 8, 9, 11, 14, 15, 16, 17, 19, 20, 22, 25, 27, 28, 29, 30, 32, 39, 40, 41, 42, 45, 46, 49, 57, 58]]
[61, 7.00494, [0, 1, 2, 3, 4, 6, 7, 8, 9, 11, 14, 15, 17, 18, 21, 23, 24, 25, 26, 28, 29, 31, 32, 34, 36, 37, 46, 49, 52, 53, 55, 56]]
[61, 7.00838, [0, 1, 2, 3, 4, 6, 7, 8, 9, 13, 14, 16, 17, 20, 21, 22, 24, 26, 27, 29, 30, 31, 34, 35, 36, 37, 39, 40, 42, 44, 45, 46]]
[61, 6.95312, [0, 1, 2, 3, 4, 6, 7, 8, 9, 13, 15, 16, 17, 19, 20, 21, 22, 24, 26, 28, 29, 31, 33, 35, 38, 43, 47, 50, 53, 54, 57, 58]]
[61, 6.95784, [0, 1, 2, 3, 4, 6, 7, 8, 11, 13, 14, 15, 17, 18, 19, 20, 22, 24, 27, 28, 29, 30, 32, 34, 43, 44, 46, 47, 50, 52, 53, 58]]
[61, 7.02568, [0, 1, 2, 3, 4, 6, 7, 8, 11, 13, 14, 15, 17, 18, 20, 21, 22, 24, 25, 26, 27, 31, 34, 35, 36, 37, 39, 40, 42, 45, 46, 58]]
[61, 7.0265, [0, 1, 2, 3, 4, 6, 7, 9, 10, 11, 12, 13, 17, 18, 19, 20, 21, 23, 27, 31, 32, 36, 37, 38, 39, 40, 43, 44, 46, 47, 49, 50]]
[61, 6.98429, [0, 1, 2, 3, 4, 6, 7, 9, 10, 11, 12, 13, 17, 18, 20, 21, 23, 27, 29, 31, 32, 36, 37, 38, 39, 40, 43, 44, 46, 48, 49, 50]]
[61, 6.97011, [0, 1, 2, 3, 4, 6, 7, 9, 10, 11, 12, 13, 17, 19, 20, 21, 23, 27, 29, 31, 32, 36, 37, 38, 39, 40, 43, 44, 48, 49, 50, 53]]
[61, 6.96321, [0, 1, 2, 3, 4, 6, 7, 9, 10, 11, 12, 13, 17, 19, 20, 21, 23, 27, 29, 31, 32, 36, 37, 38, 39, 40, 43, 44, 48, 49, 53, 57]]
[61, 6.95454, [0, 1, 2, 3, 4, 6, 7, 9, 10, 11, 12, 13, 17, 19, 20, 21, 23, 27, 29, 31, 32, 37, 38, 39, 40, 43, 44, 46, 48, 49, 50, 53]]
[61, 6.96014, [0, 1, 2, 3, 4, 6, 7, 9, 10, 11, 12, 14, 16, 17, 19, 20, 22, 24, 25, 26, 30, 42, 43, 44, 46, 47, 48, 50, 51, 53, 55, 56]]
[61, 6.99379, [0, 1, 2, 3, 4, 6, 7, 9, 10, 11, 13, 14, 18, 19, 20, 21, 23, 26, 27, 29, 30, 31, 33, 37, 38, 39, 40, 43, 44, 46, 49, 58]]
[61, 6.97157, [0, 1, 2, 3, 4, 6, 7, 9, 10, 11, 14, 15, 16, 17, 20, 22, 23, 24, 25, 27, 28, 29, 31, 35, 43, 47, 50, 51, 52, 53, 55, 56]]
[61, 6.97018, [0, 1, 2, 3, 4, 6, 7, 9, 10, 11, 14, 15, 16, 17, 20, 22, 23, 24, 25, 27, 28, 29, 31, 35, 44, 47, 50, 51, 52, 53, 55, 56]]
[61, 6.99363, [0, 1, 2, 3, 4, 6, 7, 9, 11, 13, 14, 15, 16, 18, 20, 22, 23, 25, 26, 27, 28, 29, 31, 32, 36, 37, 38, 40, 41, 48, 55, 57]]
[61, 6.95258, [0, 1, 2, 3, 4, 6, 7, 10, 11, 12, 14, 15, 17, 18, 19, 20, 24, 26, 27, 28, 29, 31, 32, 37, 39, 40, 42, 43, 44, 45, 47, 49]]
[61, 6.95138, [0, 1, 2, 3, 4, 6, 7, 10, 11, 12, 14, 15, 17, 18, 19, 20, 24, 26, 27, 28, 29, 31, 32, 37, 39, 40, 42, 43, 44, 45, 48, 49]]
[61, 6.96775, [0, 1, 2, 3, 4, 7, 8, 9, 10, 11, 14, 15, 16, 17, 19, 21, 22, 24, 25, 26, 27, 30, 32, 34, 36, 37, 38, 46, 49, 52, 55, 56]]
[61, 7.01057, [0, 1, 2, 3, 5, 6, 7, 8, 10, 11, 12, 13, 14, 19, 20, 22, 23, 24, 25, 27, 28, 29, 30, 33, 35, 41, 42, 49, 50, 53, 54, 57]]
[61, 7.07376, [0, 1, 2, 3, 5, 6, 7, 8, 10, 11, 12, 13, 15, 16, 17, 18, 20, 21, 27, 28, 29, 30, 33, 34, 36, 42, 43, 45, 47, 49, 52, 59]]
[61, 7.04186, [0, 1, 2, 3, 5, 6, 7, 8, 10, 11, 12, 13, 15, 16, 17, 18, 20, 23, 27, 29, 30, 32, 33, 36, 37, 42, 43, 46, 50, 51, 52, 58]]
[61, 6.9551, [0, 1, 2, 3, 5, 6, 7, 8, 10, 11, 12, 13, 15, 16, 17, 18, 21, 27, 28, 29, 33, 36, 37, 42, 43, 46, 47, 49, 50, 52, 56, 59]]
[61, 7.07452, [0, 1, 2, 3, 5, 6, 7, 8, 10, 11, 12, 13, 15, 16, 17, 20, 21, 23, 27, 28, 29, 30, 31, 33, 34, 36, 42, 43, 47, 49, 50, 59]]
[61, 7.04719, [0, 1, 2, 3, 5, 6, 7, 8, 10, 11, 12, 13, 15, 16, 17, 20, 21, 23, 27, 28, 29, 30, 33, 34, 36, 42, 43, 45, 47, 49, 52, 59]]
[61, 7.0412, [0, 1, 2, 3, 5, 6, 7, 8, 10, 11, 12, 13, 15, 16, 17, 20, 21, 23, 27, 28, 29, 30, 33, 34, 36, 42, 43, 47, 49, 50, 52, 59]]
[61, 7.0078, [0, 1, 2, 3, 5, 6, 7, 8, 10, 11, 12, 13, 15, 16, 17, 20, 21, 23, 27, 29, 30, 33, 34, 36, 42, 43, 45, 47, 49, 50, 52, 59]]
[61, 6.99145, [0, 1, 2, 3, 5, 6, 7, 8, 10, 11, 12, 13, 15, 16, 17, 21, 23, 27, 28, 29, 30, 33, 34, 36, 37, 42, 43, 46, 47, 50, 52, 59]]
[61, 6.98786, [0, 1, 2, 3, 5, 6, 7, 8, 10, 11, 12, 13, 15, 16, 17, 21, 23, 27, 28, 29, 30, 33, 34, 36, 37, 42, 43, 47, 49, 50, 52, 59]]
[61, 6.96611, [0, 1, 2, 3, 5, 6, 7, 8, 10, 11, 12, 13, 15, 16, 17, 21, 23, 27, 28, 29, 30, 34, 36, 37, 42, 43, 46, 47, 49, 50, 52, 59]]
[61, 6.95881, [0, 1, 2, 3, 5, 6, 7, 8, 10, 11, 12, 13, 15, 16, 17, 21, 23, 27, 28, 29, 33, 34, 36, 37, 42, 43, 46, 47, 49, 50, 52, 59]]
[61, 6.96074, [0, 1, 2, 3, 5, 6, 7, 8, 10, 11, 12, 13, 15, 17, 18, 19, 20, 22, 26, 28, 32, 36, 38, 40, 46, 48, 49, 51, 52, 53, 54, 57]]
[61, 7.00665, [0, 1, 2, 3, 5, 6, 7, 8, 10, 11, 12, 13, 16, 17, 18, 19, 20, 26, 27, 28, 30, 31, 38, 39, 40, 41, 43, 44, 45, 46, 48, 57]]
[61, 6.99003, [0, 1, 2, 3, 5, 6, 7, 8, 10, 11, 12, 13, 16, 17, 18, 20, 21, 22, 29, 30, 31, 34, 36, 38, 40, 43, 44, 45, 46, 48, 49, 52]]
[61, 7.04466, [0, 1, 2, 3, 5, 6, 7, 8, 10, 11, 12, 13, 16, 17, 19, 20, 21, 23, 27, 28, 29, 30, 31, 33, 34, 36, 42, 43, 47, 49, 50, 59]]
[61, 7.02624, [0, 1, 2, 3, 5, 6, 7, 8, 10, 11, 12, 13, 16, 17, 19, 20, 21, 23, 27, 28, 29, 30, 33, 34, 36, 37, 42, 43, 49, 50, 52, 59]]
[61, 6.96334, [0, 1, 2, 3, 5, 6, 7, 8, 10, 11, 12, 13, 17, 18, 19, 20, 21, 23, 24, 26, 32, 33, 35, 37, 39, 42, 47, 49, 51, 56, 57, 58]]
[61, 6.95337, [0, 1, 2, 3, 5, 6, 7, 8, 10, 11, 12, 13, 17, 18, 19, 21, 23, 24, 25, 26, 32, 33, 35, 37, 39, 41, 42, 47, 51, 54, 57, 58]]
[61, 7.02948, [0, 1, 2, 3, 5, 6, 7, 8, 10, 11, 12, 15, 16, 17, 18, 20, 21, 23, 27, 28, 29, 30, 33, 34, 36, 37, 42, 43, 45, 47, 49, 52]]
[61, 7.01073, [0, 1, 2, 3, 5, 6, 7, 8, 10, 11, 12, 15, 16, 17, 18, 20, 21, 23, 27, 28, 29, 30, 33, 34, 36, 37, 43, 45, 47, 49, 52, 59]]
[61, 7.00253, [0, 1, 2, 3, 5, 6, 7, 8, 10, 11, 12, 15, 16, 17, 18, 20, 21, 23, 27, 28, 29, 30, 33, 34, 36, 42, 43, 45, 47, 49, 52, 59]]
[61, 6.95199, [0, 1, 2, 3, 5, 6, 7, 8, 10, 11, 12, 16, 17, 18, 19, 20, 23, 25, 27, 28, 29, 30, 31, 34, 38, 40, 41, 43, 49, 56, 57, 58]]
[61, 6.9574, [0, 1, 2, 3, 5, 6, 7, 8, 10, 11, 12, 16, 17, 18, 19, 20, 23, 25, 27, 28, 29, 31, 32, 34, 36, 38, 40, 41, 50, 56, 57, 58]]
[61, 7.05554, [0, 1, 2, 3, 5, 6, 7, 8, 10, 11, 13, 14, 15, 16, 18, 19, 20, 24, 26, 27, 28, 29, 30, 33, 36, 42, 43, 44, 46, 49, 50, 52]]
[61, 6.99604, [0, 1, 2, 3, 5, 6, 7, 8, 10, 11, 13, 14, 15, 16, 19, 20, 24, 26, 27, 28, 29, 30, 33, 34, 36, 42, 43, 44, 46, 49, 50, 52]]
[61, 6.96766, [0, 1, 2, 3, 5, 6, 7, 8, 10, 11, 13, 14, 15, 16, 19, 20, 24, 26, 27, 28, 29, 30, 33, 36, 42, 43, 44, 46, 49, 50, 52, 54]]
[61, 6.97302, [0, 1, 2, 3, 5, 6, 7, 8, 10, 11, 14, 15, 16, 18, 19, 20, 24, 26, 27, 29, 30, 31, 33, 35, 38, 39, 40, 41, 42, 44, 45, 48]]
[61, 6.95588, [0, 1, 2, 3, 5, 6, 7, 8, 10, 12, 13, 15, 16, 17, 19, 20, 21, 26, 27, 29, 30, 31, 33, 34, 35, 42, 43, 45, 47, 50, 51, 53]]

Search completed in 3 hours, 58 minutes, and 13.682 seconds.  Enter a string to quit.