Enter an integer k for which our Kempner sets are k-free: 6
Enter a positive integer modulus b: 69
Enter estimation parameters, or * for pre-computed parameters ([0.0941, 1.095, 1.4233]): *
Enter a threshold (e.g. 4.2) to determine printed output: 6.9
Enter a root for the search space (e.g. [0, 1, 2]) [or * for the root [0]]: *
Enter an upper bound for the size of allowable digit sets [or * to ignore]: 36
Enter a maximal number of deviations from a greedy search [or * to ignore]: *
Searching for k-free sets mod b...

[69, 6.92962, [0, 1, 2, 3, 4, 6, 7, 8, 9, 11, 12, 13, 14, 16, 17, 18, 19, 21, 22, 23, 24, 25, 34, 35, 37, 39, 41, 43, 49, 50, 51, 53, 54, 56]]
[69, 6.94142, [0, 1, 2, 3, 4, 6, 7, 8, 9, 11, 12, 13, 14, 16, 17, 18, 19, 21, 22, 23, 24, 25, 34, 35, 38, 39, 40, 41, 43, 49, 50, 51, 53, 59]]
[69, 6.92993, [0, 1, 2, 3, 4, 6, 7, 8, 9, 11, 12, 13, 14, 16, 17, 18, 19, 21, 22, 23, 24, 25, 34, 35, 38, 40, 41, 43, 44, 49, 51, 53, 55, 59]]
[69, 6.92326, [0, 1, 2, 3, 4, 6, 7, 8, 9, 11, 12, 13, 14, 16, 17, 18, 19, 21, 22, 23, 24, 25, 34, 35, 38, 40, 41, 43, 49, 50, 51, 53, 55, 59]]
[69, 6.94386, [0, 1, 2, 3, 4, 6, 7, 8, 9, 11, 12, 13, 14, 16, 17, 18, 19, 21, 22, 23, 24, 32, 33, 34, 35, 37, 38, 41, 44, 48, 49, 50, 51, 56]]
[69, 6.93188, [0, 1, 2, 3, 4, 6, 7, 8, 9, 11, 12, 13, 14, 16, 17, 18, 19, 21, 22, 23, 24, 32, 33, 34, 35, 37, 39, 41, 48, 49, 50, 51, 54, 56]]
[69, 6.92919, [0, 1, 2, 3, 4, 6, 7, 8, 9, 11, 12, 13, 14, 16, 17, 18, 19, 21, 22, 23, 24, 32, 33, 34, 35, 37, 39, 43, 48, 49, 50, 51, 54, 56]]
[69, 6.93668, [0, 1, 2, 3, 4, 6, 7, 8, 9, 11, 12, 13, 14, 16, 17, 18, 19, 21, 22, 23, 24, 32, 33, 34, 35, 37, 41, 43, 44, 48, 49, 50, 51, 56]]
[69, 6.92626, [0, 1, 2, 3, 4, 6, 7, 8, 9, 11, 12, 13, 14, 16, 17, 18, 19, 21, 22, 23, 24, 32, 33, 34, 35, 37, 41, 43, 48, 49, 50, 51, 54, 56]]
[69, 6.92306, [0, 1, 2, 3, 4, 6, 7, 8, 9, 11, 12, 13, 14, 16, 17, 18, 19, 21, 22, 23, 24, 32, 33, 34, 35, 39, 41, 43, 48, 49, 50, 51, 54, 56]]
[69, 6.93487, [0, 1, 2, 3, 4, 6, 7, 8, 9, 11, 12, 13, 14, 16, 17, 18, 19, 21, 22, 23, 24, 32, 33, 34, 36, 37, 41, 43, 44, 48, 49, 50, 51, 56]]
[69, 6.91954, [0, 1, 2, 3, 4, 6, 7, 8, 9, 11, 12, 13, 14, 16, 17, 18, 19, 21, 22, 23, 24, 32, 33, 34, 37, 39, 41, 43, 48, 49, 50, 51, 54, 56]]
[69, 6.90825, [0, 1, 2, 3, 4, 6, 7, 8, 9, 11, 12, 13, 14, 16, 17, 18, 19, 21, 22, 23, 24, 32, 33, 35, 37, 41, 43, 44, 48, 49, 50, 51, 56, 57]]
[69, 6.91565, [0, 1, 2, 3, 4, 6, 7, 8, 9, 11, 12, 13, 14, 16, 17, 18, 19, 21, 22, 23, 24, 32, 34, 35, 37, 39, 41, 43, 48, 49, 50, 51, 54, 56]]
[69, 6.90275, [0, 1, 2, 3, 4, 6, 7, 8, 9, 11, 12, 13, 14, 16, 17, 18, 19, 21, 22, 23, 24, 33, 34, 35, 37, 39, 41, 48, 49, 50, 51, 53, 54, 56]]
[69, 6.91105, [0, 1, 2, 3, 4, 6, 7, 8, 9, 11, 12, 13, 14, 16, 17, 18, 19, 21, 22, 23, 30, 32, 33, 35, 36, 38, 41, 44, 45, 48, 49, 50, 51, 56]]
[69, 6.9419, [0, 1, 2, 3, 4, 6, 7, 8, 9, 11, 12, 13, 14, 16, 17, 18, 19, 21, 22, 28, 29, 30, 31, 32, 34, 36, 37, 43, 44, 45, 46, 48, 50, 51]]
[69, 6.93498, [0, 1, 2, 3, 4, 6, 7, 8, 9, 11, 12, 13, 14, 16, 17, 18, 19, 21, 22, 28, 29, 30, 31, 32, 34, 36, 37, 44, 45, 46, 48, 49, 50, 51]]
[69, 6.9202, [0, 1, 2, 3, 4, 6, 7, 8, 9, 11, 12, 13, 14, 16, 17, 18, 19, 21, 22, 28, 29, 30, 31, 33, 34, 36, 37, 42, 43, 45, 47, 50, 61, 63]]
[69, 6.93979, [0, 1, 2, 3, 4, 6, 7, 8, 9, 11, 12, 13, 14, 16, 17, 18, 19, 21, 22, 28, 29, 30, 31, 33, 34, 36, 37, 43, 44, 45, 46, 48, 50, 51]]
[69, 6.92938, [0, 1, 2, 3, 4, 6, 7, 8, 9, 11, 12, 13, 14, 16, 17, 18, 19, 21, 22, 28, 29, 30, 31, 33, 34, 36, 37, 43, 44, 45, 47, 48, 51, 61]]
[69, 6.91663, [0, 1, 2, 3, 4, 6, 7, 8, 9, 11, 12, 13, 14, 16, 17, 18, 19, 21, 22, 28, 29, 30, 31, 33, 34, 36, 37, 43, 44, 45, 47, 51, 61, 63]]
[69, 6.92622, [0, 1, 2, 3, 4, 6, 7, 8, 9, 11, 12, 13, 14, 16, 17, 18, 19, 21, 22, 28, 29, 30, 31, 33, 34, 36, 37, 43, 44, 45, 48, 50, 51, 61]]
[69, 6.91348, [0, 1, 2, 3, 4, 6, 7, 8, 9, 11, 12, 13, 14, 16, 17, 18, 19, 21, 22, 28, 29, 30, 31, 33, 34, 36, 37, 43, 44, 45, 50, 51, 61, 63]]
[69, 6.92271, [0, 1, 2, 3, 4, 6, 7, 8, 9, 11, 12, 13, 14, 16, 17, 18, 19, 21, 22, 28, 29, 30, 31, 33, 34, 36, 37, 43, 45, 47, 48, 50, 51, 61]]
[69, 6.90996, [0, 1, 2, 3, 4, 6, 7, 8, 9, 11, 12, 13, 14, 16, 17, 18, 19, 21, 22, 28, 29, 30, 31, 33, 34, 36, 37, 43, 45, 47, 50, 51, 61, 63]]
[69, 6.93287, [0, 1, 2, 3, 4, 6, 7, 8, 9, 11, 12, 13, 14, 16, 17, 18, 19, 21, 22, 28, 29, 30, 31, 33, 34, 36, 37, 44, 45, 46, 48, 49, 50, 51]]
[69, 6.94391, [0, 1, 2, 3, 4, 6, 7, 8, 9, 11, 12, 13, 14, 16, 17, 18, 19, 21, 22, 28, 29, 30, 32, 33, 34, 36, 37, 41, 43, 44, 45, 48, 50, 51]]
[69, 6.94039, [0, 1, 2, 3, 4, 6, 7, 8, 9, 11, 12, 13, 14, 16, 17, 18, 19, 21, 22, 28, 29, 30, 32, 33, 34, 36, 37, 41, 43, 45, 47, 48, 50, 51]]
[69, 6.92765, [0, 1, 2, 3, 4, 6, 7, 8, 9, 11, 12, 13, 14, 16, 17, 18, 19, 21, 22, 28, 29, 30, 32, 33, 34, 36, 37, 41, 43, 45, 47, 50, 51, 63]]
[69, 6.91237, [0, 1, 2, 3, 4, 6, 7, 8, 9, 11, 12, 13, 14, 16, 17, 18, 19, 21, 22, 28, 29, 30, 32, 33, 34, 36, 37, 41, 48, 49, 50, 51, 56, 58]]
[69, 6.93756, [0, 1, 2, 3, 4, 6, 7, 8, 9, 11, 12, 13, 14, 16, 17, 18, 19, 21, 22, 28, 29, 30, 32, 33, 34, 36, 37, 43, 44, 45, 46, 48, 50, 51]]
[69, 6.93064, [0, 1, 2, 3, 4, 6, 7, 8, 9, 11, 12, 13, 14, 16, 17, 18, 19, 21, 22, 28, 29, 30, 32, 33, 34, 36, 37, 44, 45, 46, 48, 49, 50, 51]]
[69, 6.93181, [0, 1, 2, 3, 4, 6, 7, 8, 9, 11, 12, 13, 14, 16, 17, 18, 19, 21, 22, 28, 29, 30, 32, 33, 34, 37, 39, 41, 42, 46, 47, 49, 50, 54]]
[69, 6.9352, [0, 1, 2, 3, 4, 6, 7, 8, 9, 11, 12, 13, 14, 16, 17, 18, 19, 21, 22, 28, 29, 31, 32, 33, 34, 36, 37, 43, 44, 45, 46, 48, 50, 51]]
[69, 6.92828, [0, 1, 2, 3, 4, 6, 7, 8, 9, 11, 12, 13, 14, 16, 17, 18, 19, 21, 22, 28, 29, 31, 32, 33, 34, 36, 37, 44, 45, 46, 48, 49, 50, 51]]
[69, 6.9327, [0, 1, 2, 3, 4, 6, 7, 8, 9, 11, 12, 13, 14, 16, 17, 18, 19, 21, 22, 28, 30, 31, 32, 33, 34, 36, 37, 43, 44, 45, 46, 48, 50, 51]]
[69, 6.92578, [0, 1, 2, 3, 4, 6, 7, 8, 9, 11, 12, 13, 14, 16, 17, 18, 19, 21, 22, 28, 30, 31, 32, 33, 34, 36, 37, 44, 45, 46, 48, 49, 50, 51]]
[69, 6.91542, [0, 1, 2, 3, 4, 6, 7, 8, 9, 11, 12, 13, 14, 16, 17, 18, 19, 21, 22, 28, 30, 31, 32, 33, 34, 37, 41, 42, 44, 45, 46, 49, 50, 63]]
[69, 6.9124, [0, 1, 2, 3, 4, 6, 7, 8, 9, 11, 12, 13, 14, 16, 17, 18, 19, 21, 22, 29, 30, 31, 32, 33, 35, 36, 43, 44, 45, 46, 48, 49, 50, 51]]
[69, 6.91068, [0, 1, 2, 3, 4, 6, 7, 8, 9, 11, 12, 13, 14, 16, 17, 18, 19, 21, 22, 29, 30, 31, 32, 33, 35, 37, 43, 44, 45, 46, 48, 49, 50, 51]]
[69, 6.90888, [0, 1, 2, 3, 4, 6, 7, 8, 9, 11, 12, 13, 14, 16, 17, 18, 19, 21, 22, 29, 30, 31, 32, 33, 36, 37, 43, 44, 45, 46, 48, 49, 50, 51]]
[69, 6.92029, [0, 1, 2, 3, 4, 6, 7, 8, 9, 11, 12, 13, 14, 16, 17, 18, 19, 21, 22, 29, 30, 31, 32, 34, 35, 37, 41, 43, 44, 45, 46, 48, 49, 50]]
[69, 6.90868, [0, 1, 2, 3, 4, 6, 7, 8, 9, 11, 12, 13, 14, 16, 17, 18, 19, 21, 22, 29, 30, 31, 32, 34, 35, 37, 43, 44, 45, 46, 48, 49, 50, 51]]
[69, 6.90688, [0, 1, 2, 3, 4, 6, 7, 8, 9, 11, 12, 13, 14, 16, 17, 18, 19, 21, 22, 29, 30, 31, 32, 34, 36, 37, 43, 44, 45, 46, 48, 49, 50, 51]]
[69, 6.90657, [0, 1, 2, 3, 4, 6, 7, 8, 9, 11, 12, 13, 14, 16, 17, 18, 19, 21, 22, 29, 30, 31, 33, 34, 35, 37, 43, 44, 45, 46, 48, 49, 50, 51]]
[69, 6.90477, [0, 1, 2, 3, 4, 6, 7, 8, 9, 11, 12, 13, 14, 16, 17, 18, 19, 21, 22, 29, 30, 31, 33, 34, 36, 37, 43, 44, 45, 46, 48, 49, 50, 51]]
[69, 6.9112, [0, 1, 2, 3, 4, 6, 7, 8, 9, 11, 12, 13, 14, 16, 17, 18, 19, 21, 22, 29, 30, 32, 33, 34, 35, 37, 41, 43, 44, 45, 46, 48, 50, 54]]
[69, 6.90435, [0, 1, 2, 3, 4, 6, 7, 8, 9, 11, 12, 13, 14, 16, 17, 18, 19, 21, 22, 29, 30, 32, 33, 34, 35, 37, 43, 44, 45, 46, 48, 49, 50, 51]]
[69, 6.90254, [0, 1, 2, 3, 4, 6, 7, 8, 9, 11, 12, 13, 14, 16, 17, 18, 19, 21, 22, 29, 30, 32, 33, 34, 36, 37, 43, 44, 45, 46, 48, 49, 50, 51]]
[69, 6.90199, [0, 1, 2, 3, 4, 6, 7, 8, 9, 11, 12, 13, 14, 16, 17, 18, 19, 21, 22, 29, 31, 32, 33, 34, 35, 37, 43, 44, 45, 46, 48, 49, 50, 51]]
[69, 6.93002, [0, 1, 2, 3, 4, 6, 7, 8, 9, 11, 12, 13, 14, 16, 17, 18, 19, 21, 23, 27, 29, 30, 31, 32, 33, 35, 36, 38, 40, 48, 49, 56, 57, 61]]
[69, 6.90844, [0, 1, 2, 3, 4, 6, 7, 8, 9, 11, 12, 13, 14, 16, 17, 18, 19, 21, 27, 28, 29, 31, 32, 33, 34, 39, 40, 41, 43, 45, 46, 48, 49, 56]]
[69, 6.9151, [0, 1, 2, 3, 4, 6, 7, 8, 9, 11, 12, 13, 14, 16, 17, 18, 19, 22, 23, 24, 31, 32, 33, 34, 35, 37, 41, 43, 44, 45, 48, 49, 50, 51]]
[69, 6.9133, [0, 1, 2, 3, 4, 6, 7, 8, 9, 11, 12, 13, 14, 16, 17, 18, 19, 22, 23, 24, 31, 32, 33, 34, 36, 37, 41, 43, 44, 45, 48, 49, 50, 51]]
[69, 6.94486, [0, 1, 2, 3, 4, 6, 7, 8, 9, 11, 12, 13, 14, 16, 17, 18, 19, 22, 24, 26, 28, 31, 32, 33, 34, 35, 37, 41, 43, 44, 45, 46, 48, 50]]
[69, 6.93487, [0, 1, 2, 3, 4, 6, 7, 8, 9, 11, 12, 13, 14, 16, 17, 18, 19, 22, 24, 26, 28, 31, 32, 33, 34, 35, 37, 41, 43, 44, 45, 46, 48, 62]]
[69, 6.91168, [0, 1, 2, 3, 4, 6, 7, 8, 9, 11, 12, 13, 14, 16, 17, 18, 19, 22, 24, 26, 28, 32, 33, 34, 35, 37, 39, 42, 43, 46, 48, 50, 51, 54]]
[69, 6.90677, [0, 1, 2, 3, 4, 6, 7, 8, 9, 11, 12, 13, 14, 16, 17, 18, 19, 22, 24, 26, 28, 32, 33, 34, 35, 37, 39, 42, 43, 46, 50, 51, 53, 54]]
[69, 6.92955, [0, 1, 2, 3, 4, 6, 7, 8, 9, 11, 12, 13, 14, 16, 17, 18, 19, 22, 26, 28, 29, 31, 32, 33, 34, 35, 37, 41, 43, 44, 45, 46, 48, 50]]
[69, 6.91247, [0, 1, 2, 3, 4, 6, 7, 8, 9, 11, 12, 13, 14, 16, 17, 18, 19, 22, 26, 28, 29, 31, 32, 33, 34, 35, 37, 41, 43, 45, 47, 48, 50, 61]]
[69, 6.91418, [0, 1, 2, 3, 4, 6, 7, 8, 9, 11, 12, 13, 14, 16, 17, 18, 19, 22, 26, 28, 29, 31, 32, 33, 34, 36, 37, 41, 43, 44, 45, 48, 50, 61]]
[69, 6.90144, [0, 1, 2, 3, 4, 6, 7, 8, 9, 11, 12, 13, 14, 16, 17, 18, 19, 22, 26, 28, 29, 31, 32, 33, 34, 36, 37, 41, 43, 44, 45, 50, 61, 63]]
[69, 6.91067, [0, 1, 2, 3, 4, 6, 7, 8, 9, 11, 12, 13, 14, 16, 17, 18, 19, 22, 26, 28, 29, 31, 32, 33, 34, 36, 37, 41, 43, 45, 47, 48, 50, 61]]
[69, 6.90223, [0, 1, 2, 3, 4, 6, 7, 8, 9, 11, 12, 13, 14, 16, 17, 18, 19, 22, 26, 28, 29, 31, 32, 33, 35, 39, 40, 41, 43, 44, 46, 48, 50, 60]]
[69, 6.91787, [0, 1, 2, 3, 4, 6, 7, 8, 9, 11, 12, 13, 14, 16, 17, 18, 21, 22, 24, 28, 29, 31, 32, 33, 34, 37, 38, 41, 42, 44, 46, 48, 49, 50]]
[69, 6.90709, [0, 1, 2, 3, 4, 6, 7, 8, 9, 11, 12, 13, 14, 16, 17, 18, 22, 24, 26, 28, 29, 31, 32, 33, 34, 35, 37, 41, 43, 44, 45, 46, 48, 50]]
[69, 7.0267, [0, 1, 2, 3, 4, 6, 7, 8, 9, 11, 12, 13, 16, 17, 18, 19, 21, 22, 28, 30, 32, 33, 34, 35, 37, 38, 41, 44, 45, 46, 48, 49, 50, 51, 56]]
[69, 6.9618, [0, 1, 2, 3, 4, 6, 7, 8, 9, 11, 13, 14, 16, 17, 18, 19, 22, 23, 26, 27, 31, 32, 33, 34, 38, 39, 40, 42, 48, 56, 58, 59, 60, 61, 66]]
[69, 6.92486, [0, 1, 2, 3, 4, 6, 7, 8, 9, 11, 13, 14, 17, 18, 19, 21, 22, 23, 24, 26, 27, 32, 33, 34, 35, 39, 40, 54, 58, 59, 60, 61, 62, 65, 66]]
[69, 6.95519, [0, 1, 2, 3, 4, 6, 7, 8, 9, 11, 13, 16, 17, 18, 19, 20, 22, 24, 28, 29, 30, 31, 32, 34, 35, 37, 38, 41, 45, 46, 48, 49, 56, 65, 66]]
[69, 6.94858, [0, 1, 2, 3, 4, 6, 7, 8, 9, 11, 13, 16, 17, 18, 19, 20, 22, 24, 28, 29, 30, 31, 32, 34, 35, 37, 38, 41, 46, 48, 49, 51, 56, 65, 66]]
[69, 6.90417, [0, 1, 2, 3, 4, 6, 7, 8, 9, 11, 13, 16, 17, 18, 19, 20, 22, 28, 29, 30, 31, 32, 34, 35, 37, 38, 41, 45, 46, 48, 49, 51, 56, 65, 66]]
[69, 6.96179, [0, 1, 2, 3, 4, 6, 7, 8, 9, 11, 14, 15, 17, 18, 19, 20, 22, 24, 25, 27, 30, 31, 34, 36, 38, 39, 40, 41, 43, 44, 49, 51, 52, 55, 65]]
[69, 6.93445, [0, 1, 2, 3, 4, 6, 7, 8, 9, 13, 14, 15, 17, 19, 20, 22, 23, 24, 25, 27, 28, 30, 32, 33, 34, 35, 37, 39, 44, 45, 52, 56, 57, 59, 61]]
[69, 6.91117, [0, 1, 2, 3, 4, 6, 7, 8, 9, 13, 15, 16, 17, 18, 19, 21, 22, 26, 28, 29, 30, 31, 33, 34, 35, 37, 41, 43, 44, 45, 46, 47, 50, 51, 65]]
[69, 6.91621, [0, 1, 2, 3, 4, 6, 7, 8, 9, 13, 15, 16, 17, 18, 19, 21, 22, 26, 28, 29, 31, 32, 33, 34, 35, 37, 38, 42, 44, 45, 46, 47, 48, 50, 64]]
[69, 6.90623, [0, 1, 2, 3, 4, 6, 7, 8, 9, 13, 15, 16, 17, 18, 20, 21, 22, 24, 28, 29, 30, 31, 32, 34, 35, 37, 38, 41, 42, 46, 48, 49, 51, 65, 66]]
[69, 6.9079, [0, 1, 2, 3, 4, 6, 7, 8, 9, 13, 15, 16, 17, 18, 20, 21, 22, 26, 28, 29, 30, 32, 33, 34, 35, 37, 41, 42, 44, 45, 46, 47, 48, 50, 65]]
[69, 6.90547, [0, 1, 2, 3, 4, 6, 7, 8, 9, 13, 15, 16, 17, 18, 20, 21, 22, 26, 28, 29, 31, 32, 33, 34, 35, 37, 41, 42, 44, 45, 46, 47, 48, 50, 65]]
[69, 6.907, [0, 1, 2, 3, 4, 6, 7, 8, 9, 13, 15, 16, 17, 19, 20, 21, 22, 26, 28, 29, 30, 31, 32, 34, 35, 37, 41, 42, 44, 45, 46, 47, 48, 50, 64]]
[69, 6.90484, [0, 1, 2, 3, 4, 6, 7, 8, 9, 13, 15, 16, 17, 19, 20, 21, 22, 26, 28, 29, 30, 31, 33, 34, 35, 37, 41, 42, 44, 45, 46, 47, 48, 50, 64]]
[69, 6.90255, [0, 1, 2, 3, 4, 6, 7, 8, 9, 13, 15, 16, 17, 19, 20, 21, 22, 26, 28, 29, 30, 32, 33, 34, 35, 37, 41, 42, 44, 45, 46, 47, 48, 50, 64]]
[69, 6.9413, [0, 1, 2, 3, 4, 6, 7, 8, 11, 12, 13, 14, 15, 17, 18, 19, 22, 24, 26, 28, 29, 31, 32, 33, 35, 39, 40, 41, 48, 53, 55, 57, 59, 60, 61]]
[69, 6.91885, [0, 1, 2, 3, 4, 6, 7, 8, 11, 12, 13, 14, 15, 17, 18, 19, 22, 24, 26, 29, 31, 32, 33, 35, 39, 40, 41, 43, 48, 50, 53, 55, 59, 60, 61]]
[69, 6.90429, [0, 1, 2, 3, 4, 6, 7, 8, 11, 12, 13, 14, 15, 17, 18, 19, 22, 24, 26, 29, 31, 32, 33, 35, 39, 40, 41, 48, 50, 53, 55, 57, 59, 60, 61]]
[69, 6.93058, [0, 1, 2, 3, 5, 6, 7, 8, 9, 13, 14, 15, 16, 17, 19, 20, 22, 23, 24, 26, 28, 31, 33, 34, 35, 37, 38, 39, 40, 42, 44, 48, 50, 55, 58]]
[69, 6.90264, [0, 1, 2, 3, 5, 6, 7, 8, 9, 13, 14, 15, 16, 17, 20, 22, 23, 24, 26, 27, 28, 31, 33, 34, 35, 37, 38, 39, 40, 42, 44, 48, 50, 52, 55]]
[69, 6.90227, [0, 1, 2, 3, 5, 6, 7, 8, 10, 11, 12, 13, 15, 16, 17, 19, 20, 27, 28, 29, 31, 32, 33, 35, 39, 41, 42, 45, 47, 48, 49, 53, 57, 63, 67]]
[69, 7.0178, [0, 1, 2, 3, 5, 6, 7, 8, 10, 11, 12, 13, 15, 16, 18, 20, 21, 22, 23, 27, 29, 30, 31, 32, 34, 35, 37, 40, 43, 44, 47, 48, 49, 55, 56]]
[69, 6.99669, [0, 1, 2, 3, 5, 6, 7, 8, 10, 11, 12, 13, 15, 16, 18, 20, 21, 22, 23, 27, 29, 30, 31, 32, 34, 35, 37, 43, 44, 47, 48, 49, 55, 56, 60]]
[69, 6.92499, [0, 1, 2, 3, 5, 6, 7, 8, 10, 11, 12, 13, 15, 16, 18, 21, 22, 23, 25, 27, 30, 31, 32, 34, 35, 38, 40, 42, 43, 44, 56, 60, 62, 64, 66]]
[69, 6.90609, [0, 1, 2, 3, 5, 6, 7, 8, 10, 11, 12, 13, 15, 16, 18, 21, 22, 23, 25, 27, 30, 31, 32, 34, 36, 38, 42, 43, 44, 55, 56, 60, 62, 64, 66]]
[69, 6.9212, [0, 1, 2, 3, 5, 6, 7, 8, 10, 11, 12, 13, 15, 16, 18, 21, 22, 23, 25, 27, 30, 31, 32, 35, 36, 38, 40, 42, 43, 44, 56, 60, 62, 64, 66]]
[69, 6.94146, [0, 1, 2, 3, 5, 6, 7, 8, 10, 11, 12, 13, 15, 16, 18, 21, 22, 23, 27, 29, 30, 31, 32, 34, 35, 37, 40, 43, 44, 47, 48, 49, 55, 56, 60]]
[69, 6.90166, [0, 1, 2, 3, 5, 6, 7, 8, 10, 11, 12, 13, 15, 16, 18, 21, 22, 25, 27, 29, 30, 31, 32, 34, 35, 38, 40, 42, 44, 46, 56, 60, 62, 64, 66]]
[69, 6.93058, [0, 1, 2, 3, 5, 6, 7, 8, 10, 11, 12, 13, 15, 16, 20, 21, 22, 23, 27, 28, 31, 32, 33, 34, 35, 37, 38, 44, 45, 47, 48, 49, 50, 52, 66]]
[69, 6.92621, [0, 1, 2, 3, 5, 6, 7, 8, 10, 11, 12, 13, 15, 17, 18, 20, 21, 22, 26, 28, 29, 30, 31, 33, 35, 39, 41, 42, 45, 47, 55, 59, 61, 65, 67]]
[69, 6.92, [0, 1, 2, 3, 5, 6, 7, 8, 10, 11, 13, 15, 16, 17, 18, 20, 21, 22, 27, 28, 30, 31, 32, 34, 36, 37, 39, 43, 44, 45, 47, 48, 50, 52, 63]]
[69, 6.9275, [0, 1, 2, 3, 5, 6, 7, 8, 10, 12, 13, 15, 16, 17, 18, 20, 21, 22, 23, 29, 30, 31, 32, 34, 35, 38, 40, 42, 43, 44, 47, 48, 49, 51, 55]]

Search completed in 9 hours, 1 minutes, and 20.12 seconds.  Enter a string to quit.