Enter an integer k for which our Kempner sets are k-free: 6
Enter a positive integer modulus b: 44
Enter estimation parameters, or * for pre-computed parameters ([0.1103, 1.118, 1.4658]): *
Enter a threshold (e.g. 4.2) to determine printed output: 5.68
Enter a root for the search space (e.g. [0, 1, 2]) [or * for the root [0]]: *
Enter an upper bound for the size of allowable digit sets [or * to ignore]: *
Enter a maximal number of deviations from a greedy search [or * to ignore]: *
Searching for k-free sets mod b...

[44, 5.72328, [0, 1, 2, 3, 4, 6, 7, 8, 9, 11, 12, 13, 14, 16, 18, 21, 27, 32, 37, 39]]
[44, 5.81299, [0, 1, 2, 3, 4, 6, 7, 8, 9, 11, 12, 13, 14, 17, 18, 19, 20, 21, 27, 38]]
[44, 5.79013, [0, 1, 2, 3, 4, 6, 7, 8, 9, 11, 12, 13, 14, 17, 18, 19, 20, 21, 37, 38]]
[44, 5.7471, [0, 1, 2, 3, 4, 6, 7, 8, 9, 11, 12, 13, 14, 17, 19, 20, 21, 27, 38, 40]]
[44, 5.72426, [0, 1, 2, 3, 4, 6, 7, 8, 9, 11, 12, 13, 14, 17, 19, 20, 21, 37, 38, 40]]
[44, 5.74233, [0, 1, 2, 3, 4, 6, 7, 8, 9, 11, 12, 13, 14, 18, 19, 20, 21, 27, 38, 39]]
[44, 5.71948, [0, 1, 2, 3, 4, 6, 7, 8, 9, 11, 12, 13, 14, 18, 19, 20, 21, 37, 38, 39]]
[44, 5.69885, [0, 1, 2, 3, 4, 6, 7, 8, 9, 11, 12, 13, 14, 18, 20, 21, 27, 32, 37, 39]]
[44, 5.68722, [0, 1, 2, 3, 4, 6, 7, 8, 9, 11, 12, 13, 14, 18, 20, 21, 27, 37, 38, 39]]
[44, 5.7369, [0, 1, 2, 3, 4, 6, 7, 8, 9, 11, 12, 13, 16, 17, 18, 19, 21, 32, 36, 37]]
[44, 5.71248, [0, 1, 2, 3, 4, 6, 7, 8, 9, 11, 12, 13, 17, 18, 19, 20, 21, 32, 36, 37]]
[44, 5.70084, [0, 1, 2, 3, 4, 6, 7, 8, 9, 11, 12, 13, 17, 18, 19, 20, 21, 36, 37, 38]]
[44, 5.69642, [0, 1, 2, 3, 4, 6, 7, 8, 9, 11, 12, 14, 16, 17, 18, 21, 27, 32, 35, 37]]
[44, 5.69263, [0, 1, 2, 3, 4, 6, 7, 8, 9, 11, 12, 14, 17, 18, 19, 20, 21, 35, 37, 38]]
[44, 5.79685, [0, 1, 2, 3, 4, 6, 7, 8, 9, 11, 13, 14, 15, 16, 18, 19, 20, 21, 27, 34]]
[44, 5.77488, [0, 1, 2, 3, 4, 6, 7, 8, 9, 11, 13, 14, 15, 16, 18, 19, 20, 21, 32, 39]]
[44, 5.74258, [0, 1, 2, 3, 4, 6, 7, 8, 9, 11, 13, 14, 15, 16, 18, 20, 21, 27, 32, 39]]
[44, 5.71327, [0, 1, 2, 3, 4, 6, 7, 8, 9, 11, 13, 14, 15, 16, 18, 20, 21, 32, 39, 41]]
[44, 5.69107, [0, 1, 2, 3, 4, 6, 7, 8, 9, 11, 13, 14, 15, 16, 18, 20, 27, 32, 39, 41]]
[44, 5.72079, [0, 1, 2, 3, 4, 6, 7, 8, 9, 11, 13, 14, 15, 18, 19, 20, 21, 27, 34, 38]]
[44, 5.69459, [0, 1, 2, 3, 4, 6, 7, 8, 9, 11, 13, 14, 15, 18, 19, 20, 21, 34, 38, 39]]
[44, 5.72453, [0, 1, 2, 3, 4, 6, 7, 8, 9, 11, 13, 14, 16, 17, 18, 20, 21, 27, 32, 41]]
[44, 5.70585, [0, 1, 2, 3, 4, 6, 7, 8, 9, 11, 13, 14, 17, 18, 19, 20, 21, 27, 34, 38]]
[44, 5.68303, [0, 1, 2, 3, 4, 6, 7, 8, 9, 11, 13, 14, 17, 18, 19, 20, 21, 34, 37, 38]]
[44, 5.71571, [0, 1, 2, 3, 4, 6, 7, 8, 9, 11, 14, 15, 16, 17, 18, 20, 21, 27, 32, 35]]
[44, 5.71145, [0, 1, 2, 3, 4, 6, 7, 8, 9, 11, 14, 15, 16, 17, 18, 20, 21, 27, 34, 35]]
[44, 5.69278, [0, 1, 2, 3, 4, 6, 7, 8, 9, 11, 14, 15, 16, 17, 19, 20, 21, 32, 34, 35]]
[44, 5.69933, [0, 1, 2, 3, 4, 6, 7, 8, 9, 11, 14, 15, 16, 18, 19, 20, 21, 27, 34, 35]]
[44, 5.68687, [0, 1, 2, 3, 4, 6, 7, 8, 9, 11, 14, 15, 17, 18, 19, 20, 21, 27, 34, 38]]
[44, 5.70126, [0, 1, 2, 3, 4, 6, 7, 8, 11, 12, 13, 14, 15, 17, 18, 19, 20, 27, 31, 38]]
[44, 5.68416, [0, 1, 2, 3, 4, 6, 7, 8, 11, 12, 13, 14, 15, 17, 18, 20, 21, 27, 32, 41]]
[44, 5.68766, [0, 1, 2, 3, 4, 6, 7, 9, 10, 11, 13, 14, 15, 18, 19, 20, 21, 27, 30, 38]]
[44, 5.68202, [0, 1, 2, 3, 4, 7, 8, 9, 10, 12, 13, 14, 15, 17, 18, 19, 20, 21, 27, 28]]
[44, 5.68807, [0, 1, 2, 3, 4, 7, 8, 9, 11, 12, 13, 14, 18, 20, 21, 27, 32, 37, 38, 39, 41]]
[44, 5.71228, [0, 1, 2, 3, 4, 8, 9, 10, 11, 13, 14, 15, 16, 18, 19, 20, 27, 28, 29, 34, 39]]
[44, 5.69449, [0, 1, 2, 3, 5, 6, 7, 8, 10, 11, 12, 13, 15, 16, 17, 19, 20, 26, 31, 40]]
[44, 5.85243, [0, 1, 2, 3, 5, 6, 7, 8, 10, 11, 12, 13, 15, 19, 20, 21, 26, 31, 36, 38, 40]]
[44, 6.11333, [0, 1, 2, 3, 5, 6, 7, 8, 10, 11, 12, 13, 17, 19, 20, 21, 26, 31, 36, 37, 38, 40]]
[44, 5.83864, [0, 1, 2, 3, 5, 6, 7, 8, 10, 11, 12, 13, 17, 19, 20, 21, 26, 31, 36, 37, 40]]
[44, 5.83686, [0, 1, 2, 3, 5, 6, 7, 8, 10, 11, 12, 13, 17, 19, 20, 21, 26, 31, 36, 38, 40]]
[44, 5.83499, [0, 1, 2, 3, 5, 6, 7, 8, 10, 11, 12, 13, 17, 19, 20, 21, 26, 31, 37, 38, 40]]
[44, 5.82419, [0, 1, 2, 3, 5, 6, 7, 8, 10, 11, 12, 13, 17, 19, 20, 21, 26, 36, 37, 38, 40]]
[44, 5.80997, [0, 1, 2, 3, 5, 6, 7, 8, 10, 11, 12, 13, 17, 19, 20, 21, 31, 36, 37, 38, 40]]
[44, 5.79009, [0, 1, 2, 3, 5, 6, 7, 8, 10, 11, 12, 13, 17, 19, 20, 26, 31, 36, 37, 38, 40]]
[44, 5.78509, [0, 1, 2, 3, 5, 6, 7, 8, 10, 11, 12, 13, 17, 19, 21, 26, 31, 36, 37, 38, 40]]
[44, 5.78201, [0, 1, 2, 3, 5, 6, 7, 8, 10, 11, 12, 13, 17, 19, 21, 26, 31, 36, 37, 38, 42]]
[44, 5.77962, [0, 1, 2, 3, 5, 6, 7, 8, 10, 11, 12, 13, 17, 20, 21, 26, 31, 36, 37, 38, 40]]
[44, 5.76701, [0, 1, 2, 3, 5, 6, 7, 8, 10, 11, 12, 13, 19, 20, 21, 26, 31, 36, 37, 38, 40]]
[44, 5.73171, [0, 1, 2, 3, 5, 6, 7, 8, 10, 11, 12, 17, 19, 20, 21, 26, 31, 36, 37, 38, 40]]
[44, 5.68882, [0, 1, 2, 3, 5, 6, 7, 8, 10, 11, 12, 17, 19, 20, 26, 31, 35, 36, 37, 38, 40]]
[44, 5.69612, [0, 1, 2, 3, 5, 6, 7, 8, 10, 11, 13, 14, 15, 16, 18, 19, 20, 21, 31, 34]]
[44, 5.99682, [0, 1, 2, 3, 5, 6, 7, 8, 10, 11, 13, 17, 19, 20, 21, 26, 31, 34, 36, 37, 38, 40]]
[44, 5.72727, [0, 1, 2, 3, 5, 6, 7, 8, 10, 11, 13, 17, 19, 20, 21, 26, 31, 34, 36, 37, 40]]
[44, 5.7255, [0, 1, 2, 3, 5, 6, 7, 8, 10, 11, 13, 17, 19, 20, 21, 26, 31, 34, 36, 38, 40]]
[44, 5.72364, [0, 1, 2, 3, 5, 6, 7, 8, 10, 11, 13, 17, 19, 20, 21, 26, 31, 34, 37, 38, 40]]
[44, 5.71964, [0, 1, 2, 3, 5, 6, 7, 8, 10, 11, 13, 17, 19, 20, 21, 26, 31, 36, 37, 38, 40]]
[44, 5.71286, [0, 1, 2, 3, 5, 6, 7, 8, 10, 11, 13, 17, 19, 20, 21, 26, 34, 36, 37, 38, 40]]
[44, 5.69866, [0, 1, 2, 3, 5, 6, 7, 8, 10, 11, 13, 17, 19, 20, 21, 31, 34, 36, 37, 38, 40]]
[44, 5.69133, [0, 1, 2, 3, 5, 6, 7, 8, 10, 12, 13, 14, 15, 17, 18, 19, 20, 21, 26, 33]]
[44, 5.70564, [0, 1, 2, 3, 5, 6, 7, 8, 10, 12, 13, 17, 19, 20, 21, 26, 31, 36, 37, 38, 40]]
[44, 5.68914, [0, 1, 2, 3, 5, 6, 7, 8, 11, 12, 13, 17, 19, 20, 21, 26, 31, 36, 37, 38, 40]]
[44, 5.86894, [0, 1, 2, 3, 5, 6, 7, 8, 12, 14, 15, 16, 18, 21, 26, 31, 32, 33, 35, 39, 41, 42]]
[44, 5.79775, [0, 1, 2, 3, 5, 6, 7, 8, 12, 14, 15, 16, 21, 26, 31, 32, 33, 35, 39, 40, 41, 42]]
[44, 5.73795, [0, 1, 2, 3, 5, 6, 7, 10, 11, 12, 13, 14, 17, 19, 20, 21, 26, 31, 37, 38, 40]]
[44, 5.70445, [0, 1, 2, 4, 5, 6, 7, 9, 10, 11, 12, 16, 17, 18, 19, 20, 25, 30, 35, 36, 37]]

Search completed in 0 hours, 0 minutes, and 2.453 seconds.  Enter a string to quit.