Enter an integer k for which our Kempner sets are k-free: 6
Enter a positive integer modulus b: 92
Enter estimation parameters, or * for pre-computed parameters ([0.0877, 1.0787, 1.4176]): *
Enter a threshold (e.g. 4.2) to determine printed output: 6.45
Enter a root for the search space (e.g. [0, 1, 2]) [or * for the root [0]]: *
Enter an upper bound for the size of allowable digit sets [or * to ignore]: 42
Enter a maximal number of deviations from a greedy search [or * to ignore]: *
Searching for k-free sets mod b...

[92, 6.47232, [0, 1, 2, 3, 4, 6, 7, 8, 9, 11, 12, 13, 14, 16, 17, 18, 19, 21, 22, 23, 24, 25, 33, 34, 35, 36, 37, 39, 40, 42, 43, 45, 51, 66, 72, 74, 75, 76, 77, 78]]
[92, 6.45531, [0, 1, 2, 3, 4, 6, 7, 8, 9, 11, 12, 13, 14, 16, 17, 18, 19, 21, 22, 23, 24, 25, 33, 34, 35, 37, 38, 39, 40, 42, 43, 51, 61, 66, 72, 74, 75, 76, 78, 82]]
[92, 6.46779, [0, 1, 2, 3, 4, 6, 7, 8, 9, 11, 12, 13, 14, 16, 17, 18, 19, 21, 22, 23, 24, 25, 34, 35, 36, 37, 38, 40, 41, 42, 43, 45, 51, 61, 66, 74, 75, 76, 77, 78]]
[92, 6.46022, [0, 1, 2, 3, 4, 6, 7, 8, 9, 11, 12, 13, 14, 16, 17, 18, 19, 21, 22, 29, 30, 31, 32, 33, 35, 36, 37, 38, 40, 42, 43, 44, 45, 51, 61, 69, 70, 71, 73, 80]]
[92, 6.45408, [0, 1, 2, 3, 4, 6, 7, 8, 9, 11, 12, 13, 14, 16, 17, 18, 19, 22, 23, 25, 26, 29, 33, 35, 36, 37, 38, 39, 42, 43, 44, 45, 51, 56, 61, 66, 67, 70, 76, 78]]
[92, 6.47108, [0, 1, 2, 3, 4, 6, 7, 8, 9, 11, 12, 13, 14, 16, 17, 18, 19, 22, 24, 26, 28, 31, 32, 33, 34, 36, 38, 39, 41, 42, 43, 44, 45, 51, 56, 61, 66, 67, 69, 83]]
[92, 6.46741, [0, 1, 2, 3, 4, 6, 7, 8, 9, 11, 12, 13, 14, 16, 17, 18, 19, 22, 24, 26, 28, 31, 32, 33, 34, 36, 38, 39, 41, 42, 43, 44, 45, 51, 56, 61, 66, 69, 75, 83]]
[92, 6.54712, [0, 1, 2, 3, 4, 6, 7, 8, 9, 11, 12, 13, 14, 16, 17, 18, 19, 22, 24, 26, 28, 31, 33, 34, 35, 36, 38, 40, 41, 42, 43, 45, 61, 66, 67, 69, 75, 76, 78, 83, 85]]
[92, 6.51358, [0, 1, 2, 3, 4, 6, 7, 8, 9, 11, 12, 13, 14, 16, 17, 18, 19, 22, 24, 26, 28, 31, 33, 34, 35, 38, 40, 41, 42, 43, 45, 61, 66, 67, 69, 75, 76, 78, 82, 83, 85]]
[92, 6.46711, [0, 1, 2, 3, 4, 6, 7, 8, 9, 11, 12, 13, 14, 16, 17, 18, 19, 22, 24, 26, 28, 32, 33, 34, 35, 36, 38, 39, 41, 42, 43, 44, 45, 51, 56, 61, 66, 67, 69, 75]]
[92, 6.45951, [0, 1, 2, 3, 4, 6, 7, 8, 9, 11, 12, 13, 14, 16, 17, 18, 19, 22, 26, 28, 29, 30, 31, 32, 35, 36, 37, 38, 40, 42, 43, 44, 45, 51, 61, 67, 69, 70, 71, 73]]
[92, 6.52966, [0, 1, 2, 3, 4, 6, 7, 8, 9, 11, 12, 13, 14, 16, 17, 18, 19, 22, 26, 28, 29, 30, 31, 32, 36, 37, 38, 40, 43, 44, 45, 51, 61, 67, 69, 70, 71, 73, 79, 80, 85]]
[92, 6.45924, [0, 1, 2, 3, 4, 6, 7, 8, 9, 11, 12, 13, 14, 16, 17, 18, 19, 22, 26, 28, 29, 30, 31, 33, 35, 36, 37, 38, 40, 41, 42, 43, 44, 51, 61, 67, 69, 70, 71, 80]]
[92, 6.45436, [0, 1, 2, 3, 4, 6, 7, 8, 9, 11, 12, 13, 14, 16, 17, 18, 19, 22, 26, 28, 29, 30, 31, 33, 35, 36, 37, 38, 40, 41, 42, 43, 44, 51, 61, 69, 70, 71, 78, 80]]
[92, 6.46218, [0, 1, 2, 3, 4, 6, 7, 8, 9, 11, 12, 13, 14, 16, 17, 18, 19, 22, 26, 28, 29, 30, 31, 33, 35, 36, 37, 38, 40, 41, 43, 44, 45, 51, 61, 66, 67, 69, 70, 71]]
[92, 6.45604, [0, 1, 2, 3, 4, 6, 7, 8, 9, 11, 12, 13, 14, 16, 17, 18, 19, 22, 26, 28, 29, 30, 31, 33, 35, 36, 37, 38, 40, 41, 43, 44, 45, 51, 61, 67, 69, 70, 71, 80]]
[92, 6.45771, [0, 1, 2, 3, 4, 6, 7, 8, 9, 11, 12, 13, 14, 16, 17, 18, 19, 22, 26, 28, 29, 30, 31, 33, 35, 36, 37, 38, 40, 42, 43, 44, 45, 51, 61, 67, 69, 70, 71, 73]]
[92, 6.45686, [0, 1, 2, 3, 4, 6, 7, 8, 9, 11, 12, 13, 14, 16, 17, 18, 19, 22, 26, 28, 29, 30, 31, 33, 35, 36, 37, 38, 41, 42, 43, 44, 45, 51, 61, 66, 67, 69, 70, 78]]
[92, 6.45503, [0, 1, 2, 3, 4, 6, 7, 8, 9, 11, 12, 13, 14, 16, 17, 18, 19, 22, 26, 28, 29, 30, 31, 33, 35, 36, 37, 38, 41, 42, 43, 44, 45, 51, 61, 66, 67, 70, 73, 78]]
[92, 6.58401, [0, 1, 2, 3, 4, 6, 7, 8, 9, 11, 12, 13, 14, 16, 17, 18, 19, 22, 26, 28, 29, 30, 32, 33, 35, 36, 37, 38, 40, 42, 43, 44, 45, 51, 61, 67, 69, 70, 71, 73, 87]]
[92, 6.45052, [0, 1, 2, 3, 4, 6, 7, 8, 9, 11, 12, 13, 14, 16, 17, 18, 19, 22, 26, 28, 29, 30, 32, 33, 35, 36, 37, 38, 40, 42, 43, 44, 45, 51, 61, 67, 69, 70, 71, 87]]
[92, 6.56611, [0, 1, 2, 3, 4, 6, 7, 8, 9, 11, 12, 13, 14, 16, 17, 18, 19, 22, 26, 28, 29, 30, 32, 33, 35, 36, 37, 38, 40, 42, 43, 44, 45, 61, 67, 69, 70, 71, 73, 85, 87]]
[92, 6.55849, [0, 1, 2, 3, 4, 6, 7, 8, 9, 11, 12, 13, 14, 16, 17, 18, 19, 22, 26, 28, 29, 30, 32, 33, 35, 36, 37, 38, 40, 42, 44, 45, 51, 61, 67, 69, 70, 71, 73, 85, 87]]
[92, 6.54783, [0, 1, 2, 3, 4, 6, 7, 8, 9, 11, 12, 13, 14, 16, 17, 18, 19, 22, 26, 28, 29, 30, 32, 33, 36, 37, 38, 40, 42, 43, 44, 45, 51, 61, 67, 69, 70, 71, 73, 85, 87]]
[92, 6.53821, [0, 1, 2, 3, 4, 6, 7, 8, 9, 11, 12, 13, 14, 16, 17, 18, 19, 22, 26, 28, 29, 31, 32, 33, 34, 35, 37, 38, 42, 43, 44, 45, 56, 61, 67, 73, 76, 82, 85, 86, 87]]
[92, 6.52907, [0, 1, 2, 3, 4, 6, 7, 8, 9, 11, 12, 13, 14, 16, 17, 18, 19, 22, 26, 28, 29, 31, 32, 33, 34, 35, 37, 38, 43, 44, 45, 56, 61, 67, 69, 70, 71, 73, 76, 85, 87]]
[92, 6.52218, [0, 1, 2, 3, 4, 6, 7, 8, 9, 11, 12, 13, 14, 16, 17, 18, 19, 22, 26, 28, 29, 31, 32, 33, 34, 35, 37, 38, 43, 44, 45, 56, 61, 67, 70, 71, 73, 76, 85, 86, 87]]
[92, 6.51785, [0, 1, 2, 3, 4, 6, 7, 8, 9, 11, 12, 13, 14, 16, 17, 18, 19, 22, 26, 28, 29, 31, 32, 33, 34, 35, 37, 38, 43, 44, 45, 56, 67, 69, 70, 71, 73, 76, 85, 86, 87]]
[92, 6.50431, [0, 1, 2, 3, 4, 6, 7, 8, 9, 11, 12, 13, 14, 16, 17, 18, 19, 22, 26, 28, 29, 31, 32, 33, 34, 35, 37, 38, 43, 45, 56, 61, 67, 69, 70, 71, 73, 76, 85, 86, 87]]
[92, 6.52751, [0, 1, 2, 3, 4, 6, 7, 8, 9, 11, 12, 13, 14, 16, 17, 18, 19, 22, 26, 28, 29, 31, 32, 33, 34, 36, 37, 38, 43, 44, 45, 56, 61, 67, 69, 70, 71, 73, 76, 85, 87]]
[92, 6.51628, [0, 1, 2, 3, 4, 6, 7, 8, 9, 11, 12, 13, 14, 16, 17, 18, 19, 22, 26, 28, 29, 31, 32, 33, 34, 36, 37, 38, 43, 44, 45, 56, 67, 69, 70, 71, 73, 76, 85, 86, 87]]
[92, 6.50274, [0, 1, 2, 3, 4, 6, 7, 8, 9, 11, 12, 13, 14, 16, 17, 18, 19, 22, 26, 28, 29, 31, 32, 33, 34, 36, 37, 38, 43, 45, 56, 61, 67, 69, 70, 71, 73, 76, 85, 86, 87]]
[92, 6.45378, [0, 1, 2, 3, 4, 6, 7, 8, 9, 11, 12, 13, 14, 16, 17, 18, 19, 22, 26, 28, 29, 31, 32, 33, 35, 36, 37, 38, 40, 42, 43, 44, 45, 51, 61, 67, 69, 70, 71, 73]]
[92, 6.45162, [0, 1, 2, 3, 4, 6, 7, 8, 9, 11, 12, 13, 14, 16, 17, 18, 19, 22, 26, 28, 29, 31, 32, 33, 35, 36, 37, 38, 40, 42, 43, 44, 45, 51, 61, 67, 69, 70, 73, 76]]
[92, 6.56119, [0, 1, 2, 3, 4, 6, 7, 8, 9, 11, 12, 13, 14, 16, 17, 18, 19, 22, 26, 28, 29, 31, 32, 33, 35, 36, 37, 38, 40, 43, 44, 45, 51, 61, 67, 69, 70, 71, 73, 76, 80]]
[92, 6.54329, [0, 1, 2, 3, 4, 6, 7, 8, 9, 11, 12, 13, 14, 16, 17, 18, 19, 22, 26, 28, 29, 31, 32, 33, 35, 36, 37, 38, 40, 43, 44, 45, 61, 67, 69, 70, 71, 73, 76, 80, 85]]
[92, 6.53568, [0, 1, 2, 3, 4, 6, 7, 8, 9, 11, 12, 13, 14, 16, 17, 18, 19, 22, 26, 28, 29, 31, 32, 33, 35, 36, 37, 38, 40, 44, 45, 51, 61, 67, 69, 70, 71, 73, 76, 80, 85]]
[92, 6.52586, [0, 1, 2, 3, 4, 6, 7, 8, 9, 11, 12, 13, 14, 16, 17, 18, 19, 22, 26, 28, 29, 31, 32, 33, 35, 36, 37, 38, 43, 44, 45, 56, 61, 67, 69, 70, 71, 73, 76, 85, 87]]
[92, 6.51464, [0, 1, 2, 3, 4, 6, 7, 8, 9, 11, 12, 13, 14, 16, 17, 18, 19, 22, 26, 28, 29, 31, 32, 33, 35, 36, 37, 38, 43, 44, 45, 56, 67, 69, 70, 71, 73, 76, 85, 86, 87]]
[92, 6.5011, [0, 1, 2, 3, 4, 6, 7, 8, 9, 11, 12, 13, 14, 16, 17, 18, 19, 22, 26, 28, 29, 31, 32, 33, 35, 36, 37, 38, 43, 45, 56, 61, 67, 69, 70, 71, 73, 76, 85, 86, 87]]
[92, 6.45489, [0, 1, 2, 3, 4, 6, 7, 8, 9, 11, 12, 13, 14, 16, 17, 18, 19, 22, 26, 28, 29, 31, 32, 33, 35, 36, 38, 39, 40, 42, 43, 44, 45, 51, 56, 61, 69, 71, 73, 76]]
[92, 6.50082, [0, 1, 2, 3, 4, 6, 7, 8, 9, 11, 12, 13, 14, 16, 17, 18, 19, 22, 26, 28, 29, 31, 32, 33, 35, 36, 38, 43, 44, 45, 56, 61, 66, 67, 69, 70, 71, 73, 76, 85, 87]]
[92, 6.52502, [0, 1, 2, 3, 4, 6, 7, 8, 9, 11, 12, 13, 14, 16, 17, 18, 19, 22, 26, 28, 29, 31, 32, 33, 36, 37, 38, 40, 43, 44, 45, 51, 61, 67, 69, 70, 71, 73, 76, 80, 85]]
[92, 6.52413, [0, 1, 2, 3, 4, 6, 7, 8, 9, 11, 12, 13, 14, 16, 17, 18, 19, 22, 26, 28, 29, 31, 32, 34, 35, 36, 37, 38, 43, 44, 45, 56, 61, 67, 69, 70, 71, 73, 76, 85, 87]]
[92, 6.5129, [0, 1, 2, 3, 4, 6, 7, 8, 9, 11, 12, 13, 14, 16, 17, 18, 19, 22, 26, 28, 29, 31, 32, 34, 35, 36, 37, 38, 43, 44, 45, 56, 67, 69, 70, 71, 73, 76, 85, 86, 87]]
[92, 6.49936, [0, 1, 2, 3, 4, 6, 7, 8, 9, 11, 12, 13, 14, 16, 17, 18, 19, 22, 26, 28, 29, 31, 32, 34, 35, 36, 37, 38, 43, 45, 56, 61, 67, 69, 70, 71, 73, 76, 85, 86, 87]]
[92, 6.48768, [0, 1, 2, 3, 4, 6, 7, 8, 9, 11, 12, 13, 14, 16, 17, 18, 19, 22, 26, 28, 29, 31, 32, 36, 37, 38, 40, 43, 44, 45, 51, 61, 67, 69, 70, 71, 73, 76, 79, 80, 85]]
[92, 6.49867, [0, 1, 2, 3, 4, 6, 7, 8, 9, 11, 12, 13, 14, 16, 17, 18, 19, 22, 26, 28, 29, 31, 33, 34, 35, 36, 37, 43, 44, 45, 56, 61, 66, 67, 69, 70, 71, 73, 76, 85, 87]]
[92, 6.49294, [0, 1, 2, 3, 4, 6, 7, 8, 9, 11, 12, 13, 14, 16, 17, 18, 19, 22, 26, 28, 29, 31, 33, 34, 35, 36, 37, 43, 44, 45, 56, 61, 66, 67, 69, 71, 73, 76, 84, 85, 87]]
[92, 6.51782, [0, 1, 2, 3, 4, 6, 7, 8, 9, 11, 12, 13, 14, 16, 17, 18, 19, 22, 26, 28, 29, 31, 33, 34, 35, 36, 38, 42, 43, 44, 45, 56, 61, 66, 67, 69, 71, 73, 76, 85, 87]]
[92, 6.49504, [0, 1, 2, 3, 4, 6, 7, 8, 9, 11, 12, 13, 14, 16, 17, 18, 19, 22, 26, 28, 29, 31, 33, 35, 36, 37, 38, 43, 44, 45, 56, 61, 66, 67, 69, 70, 71, 73, 76, 80, 85]]
[92, 6.49255, [0, 1, 2, 3, 4, 6, 7, 8, 9, 11, 12, 13, 14, 16, 17, 18, 19, 22, 26, 28, 29, 31, 33, 35, 36, 37, 38, 43, 44, 45, 56, 61, 66, 67, 69, 70, 71, 73, 76, 85, 87]]
[92, 6.48967, [0, 1, 2, 3, 4, 6, 7, 8, 9, 11, 12, 13, 14, 16, 17, 18, 19, 22, 26, 28, 29, 31, 33, 35, 36, 37, 38, 43, 44, 45, 56, 61, 66, 67, 69, 70, 71, 76, 80, 85, 87]]
[92, 6.4557, [0, 1, 2, 3, 4, 6, 7, 8, 9, 11, 12, 13, 14, 16, 17, 18, 19, 22, 26, 28, 29, 33, 34, 35, 36, 37, 43, 44, 45, 56, 61, 66, 67, 69, 70, 71, 73, 76, 84, 85, 87]]
[92, 6.45315, [0, 1, 2, 3, 4, 6, 7, 8, 9, 11, 12, 13, 14, 16, 17, 18, 19, 22, 26, 28, 30, 31, 32, 33, 35, 36, 37, 38, 40, 41, 42, 43, 44, 51, 61, 67, 69, 70, 71, 80]]
[92, 6.45095, [0, 1, 2, 3, 4, 6, 7, 8, 9, 11, 12, 13, 14, 16, 17, 18, 19, 22, 26, 28, 30, 31, 32, 33, 35, 36, 37, 38, 40, 41, 42, 43, 44, 51, 61, 67, 69, 71, 75, 80]]
[92, 6.46094, [0, 1, 2, 3, 4, 6, 7, 8, 9, 11, 12, 13, 14, 16, 17, 18, 19, 22, 26, 28, 30, 31, 32, 33, 35, 36, 37, 38, 40, 41, 42, 44, 45, 51, 56, 61, 67, 69, 71, 75]]
[92, 6.45163, [0, 1, 2, 3, 4, 6, 7, 8, 9, 11, 12, 13, 14, 16, 17, 18, 19, 22, 26, 28, 30, 31, 32, 33, 35, 36, 37, 38, 40, 42, 43, 44, 45, 51, 61, 67, 69, 70, 71, 73]]
[92, 6.45077, [0, 1, 2, 3, 4, 6, 7, 8, 9, 11, 12, 13, 14, 16, 17, 18, 19, 22, 26, 28, 30, 31, 32, 33, 35, 36, 37, 38, 40, 42, 43, 44, 45, 51, 61, 67, 69, 70, 71, 75]]
[92, 6.54768, [0, 1, 2, 3, 4, 6, 7, 8, 9, 11, 12, 13, 14, 16, 17, 18, 19, 22, 26, 28, 30, 31, 32, 33, 35, 36, 38, 40, 41, 42, 44, 45, 56, 61, 66, 67, 69, 71, 75, 83, 85]]
[92, 6.50546, [0, 1, 2, 3, 4, 6, 7, 8, 9, 11, 12, 13, 14, 16, 17, 18, 19, 22, 28, 30, 31, 32, 33, 35, 36, 37, 38, 40, 42, 44, 45, 51, 61, 67, 69, 70, 71, 73, 75, 80, 85]]
[92, 6.48962, [0, 1, 2, 3, 4, 6, 7, 8, 9, 11, 12, 13, 14, 16, 17, 18, 19, 24, 26, 27, 28, 31, 33, 34, 35, 38, 40, 41, 42, 45, 56, 61, 66, 67, 69, 71, 75, 76, 82, 83, 85]]
[92, 6.5205, [0, 1, 2, 3, 4, 6, 7, 8, 9, 11, 12, 13, 14, 16, 17, 18, 21, 22, 23, 24, 25, 31, 33, 34, 37, 38, 39, 40, 42, 43, 51, 61, 65, 66, 72, 74, 75, 76, 78, 81, 82]]
[92, 6.5408, [0, 1, 2, 3, 4, 6, 7, 8, 9, 11, 12, 13, 14, 16, 17, 18, 21, 22, 23, 24, 25, 31, 33, 35, 37, 38, 39, 40, 42, 43, 45, 51, 61, 65, 66, 72, 74, 75, 76, 78, 82]]
[92, 6.48583, [0, 1, 2, 3, 4, 6, 7, 8, 9, 11, 12, 13, 14, 16, 17, 18, 21, 22, 23, 25, 31, 33, 35, 37, 38, 39, 40, 42, 43, 45, 51, 61, 65, 66, 70, 72, 74, 75, 76, 78, 82]]
[92, 6.45416, [0, 1, 2, 3, 4, 6, 7, 8, 9, 11, 12, 13, 14, 16, 17, 18, 22, 24, 25, 26, 28, 29, 31, 33, 35, 36, 37, 38, 40, 42, 43, 44, 45, 51, 61, 65, 66, 67, 69, 76]]
[92, 6.45144, [0, 1, 2, 3, 4, 6, 7, 8, 9, 11, 12, 13, 14, 16, 17, 18, 22, 24, 25, 26, 28, 29, 31, 33, 35, 36, 38, 39, 40, 42, 43, 44, 45, 51, 61, 65, 66, 67, 69, 76]]
[92, 6.48941, [0, 1, 2, 3, 4, 6, 7, 8, 9, 11, 12, 13, 14, 16, 17, 18, 22, 26, 28, 30, 31, 32, 33, 35, 36, 38, 40, 41, 42, 44, 45, 51, 56, 61, 65, 66, 67, 69, 71, 83, 85]]
[92, 6.46542, [0, 1, 2, 3, 4, 6, 7, 8, 9, 11, 12, 13, 14, 16, 17, 18, 22, 26, 28, 30, 31, 32, 33, 35, 36, 38, 40, 42, 44, 45, 51, 56, 61, 65, 66, 67, 69, 71, 75, 83, 85]]
[92, 6.53288, [0, 1, 2, 3, 4, 6, 7, 8, 9, 11, 12, 13, 14, 16, 17, 19, 22, 23, 24, 26, 30, 31, 32, 33, 35, 36, 38, 41, 42, 44, 45, 51, 56, 61, 64, 66, 67, 71, 73, 74, 85]]
[92, 6.45966, [0, 1, 2, 3, 4, 6, 7, 8, 9, 11, 12, 13, 14, 16, 17, 19, 22, 23, 26, 28, 29, 31, 32, 33, 34, 36, 37, 38, 39, 41, 42, 43, 44, 45, 51, 61, 64, 67, 70, 73]]
[92, 6.5532, [0, 1, 2, 3, 4, 6, 7, 8, 9, 11, 12, 13, 14, 16, 17, 19, 22, 23, 26, 28, 29, 31, 32, 33, 36, 37, 38, 39, 41, 42, 43, 44, 45, 51, 64, 66, 67, 70, 73, 76, 80]]
[92, 6.47197, [0, 1, 2, 3, 4, 6, 7, 8, 9, 11, 12, 13, 14, 16, 17, 22, 23, 24, 26, 29, 30, 31, 32, 33, 36, 38, 41, 42, 44, 45, 51, 56, 61, 64, 65, 66, 67, 71, 73, 74, 85]]
[92, 6.46055, [0, 1, 2, 3, 4, 6, 7, 8, 9, 11, 12, 13, 14, 16, 17, 22, 23, 24, 26, 30, 31, 32, 33, 35, 36, 38, 41, 42, 44, 45, 51, 56, 61, 64, 65, 66, 67, 71, 73, 74, 85]]
[92, 6.47938, [0, 1, 2, 3, 4, 6, 7, 8, 9, 11, 12, 13, 14, 16, 18, 19, 22, 24, 25, 26, 33, 34, 35, 36, 38, 39, 41, 42, 43, 44, 45, 51, 56, 61, 63, 66, 69, 75, 77, 78, 83]]
[92, 6.4796, [0, 1, 2, 3, 4, 6, 7, 8, 9, 11, 12, 13, 14, 16, 21, 22, 24, 25, 27, 29, 30, 31, 32, 34, 35, 36, 37, 38, 41, 42, 43, 45, 56, 61, 63, 65, 69, 72, 74, 85, 86]]
[92, 6.45821, [0, 1, 2, 3, 4, 6, 7, 8, 9, 11, 12, 13, 14, 16, 22, 24, 25, 26, 27, 28, 31, 32, 33, 35, 36, 38, 39, 41, 42, 43, 44, 45, 51, 56, 61, 65, 66, 67, 69, 83, 86]]
[92, 6.45325, [0, 1, 2, 3, 4, 6, 7, 8, 9, 11, 12, 13, 14, 16, 22, 24, 25, 26, 27, 28, 31, 32, 33, 35, 36, 38, 39, 41, 42, 43, 44, 45, 51, 61, 64, 65, 66, 67, 69, 83, 86]]
[92, 6.46397, [0, 1, 2, 3, 4, 6, 7, 8, 9, 11, 12, 13, 14, 16, 22, 24, 25, 26, 27, 29, 30, 31, 32, 35, 36, 37, 38, 39, 42, 43, 44, 45, 51, 56, 61, 63, 65, 69, 74, 86, 87]]
[92, 6.50209, [0, 1, 2, 3, 4, 6, 7, 8, 9, 11, 12, 13, 14, 17, 18, 19, 21, 23, 26, 27, 29, 31, 32, 33, 34, 37, 38, 39, 41, 43, 44, 45, 62, 68, 70, 71, 74, 76, 81, 86, 88]]
[92, 6.45337, [0, 1, 2, 3, 4, 6, 7, 8, 9, 11, 12, 13, 14, 17, 18, 20, 22, 24, 25, 28, 32, 33, 34, 35, 37, 38, 40, 42, 43, 44, 51, 56, 61, 62, 65, 69, 73, 75, 77, 82, 87]]
[92, 6.4622, [0, 1, 2, 3, 4, 6, 7, 8, 9, 11, 12, 13, 14, 19, 20, 21, 22, 23, 26, 27, 28, 29, 30, 33, 37, 38, 39, 40, 41, 43, 51, 56, 62, 63, 64, 71, 77, 78, 80, 81, 82]]
[92, 6.47023, [0, 1, 2, 3, 4, 6, 7, 8, 9, 11, 12, 14, 16, 17, 18, 19, 22, 26, 28, 29, 31, 32, 33, 35, 36, 37, 38, 40, 42, 43, 44, 45, 51, 56, 61, 67, 69, 71, 73, 76, 87]]
[92, 6.46219, [0, 1, 2, 3, 4, 6, 7, 8, 9, 11, 12, 14, 16, 17, 18, 19, 22, 26, 28, 29, 31, 32, 33, 35, 36, 37, 38, 40, 42, 43, 44, 45, 51, 61, 67, 69, 70, 71, 73, 76, 87]]
[92, 6.45236, [0, 1, 2, 3, 4, 6, 7, 8, 9, 11, 12, 14, 16, 17, 18, 19, 22, 26, 28, 29, 31, 32, 33, 35, 36, 37, 38, 40, 42, 43, 44, 45, 56, 61, 67, 69, 71, 73, 76, 85, 87]]
[92, 6.45233, [0, 1, 2, 3, 4, 6, 7, 8, 9, 11, 12, 14, 17, 18, 19, 21, 22, 23, 25, 26, 29, 31, 33, 34, 35, 36, 38, 39, 40, 43, 44, 56, 59, 61, 62, 70, 73, 76, 78, 87, 88]]
[92, 6.45482, [0, 1, 2, 3, 4, 6, 7, 8, 9, 11, 13, 14, 15, 16, 18, 21, 22, 23, 24, 25, 27, 29, 34, 37, 38, 39, 41, 42, 43, 44, 45, 51, 56, 66, 74, 76, 77, 78, 79, 81, 82]]
[92, 6.54164, [0, 1, 2, 3, 4, 6, 7, 8, 9, 11, 13, 14, 16, 17, 18, 19, 20, 22, 26, 28, 29, 30, 31, 33, 35, 36, 37, 38, 40, 42, 43, 44, 45, 51, 58, 61, 67, 69, 70, 71, 73]]
[92, 6.49792, [0, 1, 2, 3, 4, 6, 7, 8, 9, 11, 13, 14, 16, 17, 18, 19, 20, 24, 26, 28, 30, 31, 33, 34, 35, 36, 37, 40, 41, 42, 44, 45, 51, 56, 58, 61, 67, 69, 71, 84, 89]]
[92, 6.48898, [0, 1, 2, 3, 4, 6, 7, 8, 9, 11, 13, 14, 16, 17, 18, 19, 20, 24, 26, 28, 30, 31, 33, 34, 35, 36, 37, 40, 41, 42, 44, 45, 51, 56, 61, 67, 69, 71, 75, 84, 89]]
[92, 6.45539, [0, 1, 2, 3, 4, 6, 7, 8, 9, 11, 13, 14, 16, 17, 18, 19, 20, 24, 26, 28, 30, 31, 33, 34, 35, 36, 37, 40, 42, 44, 45, 56, 58, 61, 67, 69, 71, 75, 84, 87, 89]]
[92, 6.50655, [0, 1, 2, 3, 4, 6, 7, 8, 9, 11, 13, 14, 16, 17, 18, 19, 22, 24, 26, 27, 28, 31, 32, 33, 34, 35, 38, 39, 41, 42, 44, 45, 51, 56, 58, 61, 66, 67, 69, 82, 89]]
[92, 6.49699, [0, 1, 2, 3, 4, 6, 7, 8, 9, 11, 13, 14, 16, 17, 18, 19, 22, 24, 26, 27, 28, 31, 33, 34, 35, 37, 38, 40, 41, 42, 44, 45, 51, 56, 58, 61, 66, 67, 69, 82, 89]]
[92, 6.46567, [0, 1, 2, 3, 4, 6, 7, 8, 9, 11, 13, 14, 16, 17, 18, 19, 22, 24, 26, 27, 28, 31, 33, 34, 35, 37, 40, 41, 42, 44, 45, 51, 56, 58, 61, 66, 67, 69, 82, 84, 89]]
[92, 6.49422, [0, 1, 2, 3, 4, 6, 7, 8, 9, 11, 13, 14, 16, 17, 18, 19, 22, 24, 26, 27, 28, 31, 33, 34, 35, 38, 39, 40, 41, 42, 44, 45, 51, 56, 58, 61, 66, 67, 69, 82, 89]]
[92, 6.4629, [0, 1, 2, 3, 4, 6, 7, 8, 9, 11, 13, 14, 16, 17, 18, 19, 22, 24, 26, 27, 28, 31, 33, 34, 35, 39, 40, 41, 42, 44, 45, 51, 56, 58, 61, 66, 67, 69, 82, 84, 89]]
[92, 6.45464, [0, 1, 2, 3, 4, 6, 7, 8, 9, 11, 13, 14, 16, 17, 18, 22, 24, 26, 27, 28, 29, 31, 32, 33, 35, 36, 38, 39, 42, 43, 44, 51, 56, 58, 61, 65, 66, 67, 69, 80, 86]]
[92, 6.45842, [0, 1, 2, 3, 4, 6, 7, 8, 9, 11, 13, 14, 16, 17, 19, 22, 24, 26, 27, 28, 30, 31, 33, 34, 35, 36, 37, 40, 41, 42, 44, 45, 51, 56, 58, 61, 66, 67, 69, 84, 89]]

Search completed in 5 hours, 26 minutes, and 37.813 seconds.  Enter a string to quit.