Enter an integer k for which our Kempner sets are k-free: 6
Enter a positive integer modulus b: 18
Enter estimation parameters, or * for pre-computed parameters ([0.1686, 1.1772, 1.6133]): *
Enter a threshold (e.g. 4.2) to determine printed output: 3.6
Enter a root for the search space (e.g. [0, 1, 2]) [or * for the root [0]]: *
Enter an upper bound for the size of allowable digit sets [or * to ignore]: *
Enter a maximal number of deviations from a greedy search [or * to ignore]: *
Searching for k-free sets mod b...

[18, 4.43295, [0, 1, 2, 3, 4, 6, 7, 8]]
[18, 4.32752, [0, 1, 2, 3, 4, 6, 7, 14]]
[18, 3.87659, [0, 1, 2, 3, 4, 6, 8]]
[18, 3.78158, [0, 1, 2, 3, 4, 6, 14]]
[18, 3.76358, [0, 1, 2, 3, 4, 6, 16]]
[18, 4.24565, [0, 1, 2, 3, 4, 7, 8, 15]]
[18, 4.14099, [0, 1, 2, 3, 4, 7, 14, 15]]
[18, 3.73615, [0, 1, 2, 3, 4, 7, 15]]
[18, 4.09002, [0, 1, 2, 3, 4, 8, 15, 16]]
[18, 3.69943, [0, 1, 2, 3, 4, 8, 16]]
[18, 3.98601, [0, 1, 2, 3, 4, 14, 15, 16]]
[18, 3.6052, [0, 1, 2, 3, 4, 14, 16]]
[18, 4.3585, [0, 1, 2, 3, 5, 6, 7, 8]]
[18, 4.23387, [0, 1, 2, 3, 5, 6, 8, 13]]
[18, 4.2023, [0, 1, 2, 3, 5, 6, 8, 16]]
[18, 4.10961, [0, 1, 2, 3, 5, 6, 13, 16]]
[18, 3.69722, [0, 1, 2, 3, 5, 6, 16]]
[18, 4.17184, [0, 1, 2, 3, 5, 7, 8, 15]]
[18, 3.66983, [0, 1, 2, 3, 5, 7, 15]]
[18, 4.04811, [0, 1, 2, 3, 5, 8, 13, 15]]
[18, 4.01681, [0, 1, 2, 3, 5, 8, 15, 16]]
[18, 3.63325, [0, 1, 2, 3, 5, 8, 16]]
[18, 3.9248, [0, 1, 2, 3, 5, 13, 15, 16]]
[18, 3.72608, [0, 1, 2, 3, 6, 7, 8]]
[18, 3.63184, [0, 1, 2, 3, 6, 7, 14]]
[18, 3.98645, [0, 1, 2, 3, 6, 8, 13, 16]]
[18, 3.883, [0, 1, 2, 3, 6, 13, 14, 16]]
[18, 3.80255, [0, 1, 2, 3, 8, 13, 15, 16]]
[18, 3.69987, [0, 1, 2, 3, 13, 14, 15, 16]]
[18, 4.24582, [0, 1, 2, 4, 5, 6, 7, 8]]
[18, 3.70875, [0, 1, 2, 4, 5, 6, 8]]
[18, 4.09548, [0, 1, 2, 4, 5, 7, 8, 12]]
[18, 4.06033, [0, 1, 2, 4, 5, 7, 8, 15]]
[18, 3.98153, [0, 1, 2, 4, 5, 7, 12, 15]]
[18, 3.9064, [0, 1, 2, 4, 5, 8, 15, 16]]
[18, 3.82808, [0, 1, 2, 4, 5, 12, 15, 16]]
[18, 3.62541, [0, 1, 2, 4, 6, 7, 8]]
[18, 3.85888, [0, 1, 2, 4, 7, 8, 12, 15]]
[18, 3.75624, [0, 1, 2, 4, 7, 12, 14, 15]]
[18, 3.80319, [0, 1, 2, 5, 6, 8, 13, 16]]
[18, 3.78604, [0, 1, 2, 5, 7, 8, 12, 15]]
[18, 3.6645, [0, 1, 2, 5, 8, 12, 13, 15]]
[18, 3.65547, [0, 1, 2, 5, 8, 12, 13, 16]]
[18, 3.6211, [0, 1, 2, 5, 8, 13, 15, 16]]
[18, 3.98877, [0, 1, 3, 4, 5, 6, 7, 11]]
[18, 3.95786, [0, 1, 3, 4, 5, 6, 8, 11]]
[18, 3.89935, [0, 1, 3, 4, 5, 6, 8, 16]]
[18, 3.83652, [0, 1, 3, 4, 5, 6, 11, 16]]
[18, 3.91848, [0, 1, 3, 4, 5, 7, 8, 11]]
[18, 3.86912, [0, 1, 3, 4, 5, 7, 8, 15]]
[18, 3.76669, [0, 1, 3, 4, 5, 8, 11, 16]]
[18, 3.71766, [0, 1, 3, 4, 5, 8, 15, 16]]
[18, 3.65529, [0, 1, 3, 4, 5, 11, 15, 16]]
[18, 3.86626, [0, 1, 3, 4, 6, 7, 8, 11]]
[18, 3.82711, [0, 1, 3, 4, 6, 7, 8, 14]]
[18, 3.73381, [0, 1, 3, 4, 6, 8, 11, 14]]
[18, 3.64594, [0, 1, 3, 4, 7, 8, 14, 15]]
[18, 3.79319, [0, 1, 3, 5, 6, 7, 8, 11]]
[18, 3.67246, [0, 1, 3, 5, 6, 8, 11, 13]]
[18, 3.68257, [0, 1, 4, 5, 6, 7, 8, 11]]

Search completed in 0 hours, 0 minutes, and 0.032 seconds.  Enter a string to quit.