Enter an integer k for which our Kempner sets are k-free: 6
Enter a positive integer modulus b: 48
Enter estimation parameters, or * for pre-computed parameters ([0.1069, 1.1123, 1.4579]): *
Enter a threshold (e.g. 4.2) to determine printed output: 5.6
Enter a root for the search space (e.g. [0, 1, 2]) [or * for the root [0]]: *
Enter an upper bound for the size of allowable digit sets [or * to ignore]: *
Enter a maximal number of deviations from a greedy search [or * to ignore]: *
Searching for k-free sets mod b...

[48, 5.79476, [0, 1, 2, 3, 4, 6, 7, 8, 9, 11, 12, 13, 14, 16, 17, 18, 19, 21, 22, 23, 29]]
[48, 5.73348, [0, 1, 2, 3, 4, 6, 7, 8, 9, 11, 12, 13, 14, 16, 17, 18, 21, 22, 23, 29, 43]]
[48, 5.69561, [0, 1, 2, 3, 4, 6, 7, 8, 9, 11, 12, 13, 14, 16, 17, 18, 21, 22, 29, 39, 43]]
[48, 5.74215, [0, 1, 2, 3, 4, 6, 7, 8, 9, 11, 12, 13, 14, 16, 17, 19, 21, 22, 23, 29, 34]]
[48, 5.7293, [0, 1, 2, 3, 4, 6, 7, 8, 9, 11, 12, 13, 14, 16, 17, 19, 21, 22, 23, 29, 42]]
[48, 5.69607, [0, 1, 2, 3, 4, 6, 7, 8, 9, 11, 12, 13, 14, 16, 17, 19, 21, 23, 29, 34, 42]]
[48, 5.68092, [0, 1, 2, 3, 4, 6, 7, 8, 9, 11, 12, 13, 14, 16, 17, 21, 22, 23, 29, 34, 43]]
[48, 5.66808, [0, 1, 2, 3, 4, 6, 7, 8, 9, 11, 12, 13, 14, 16, 17, 21, 22, 23, 29, 42, 43]]
[48, 5.64308, [0, 1, 2, 3, 4, 6, 7, 8, 9, 11, 12, 13, 14, 16, 17, 21, 22, 29, 34, 39, 43]]
[48, 5.63024, [0, 1, 2, 3, 4, 6, 7, 8, 9, 11, 12, 13, 14, 16, 17, 21, 22, 29, 39, 42, 43]]
[48, 5.63488, [0, 1, 2, 3, 4, 6, 7, 8, 9, 11, 12, 13, 14, 16, 17, 21, 23, 29, 34, 42, 43]]
[48, 5.67226, [0, 1, 2, 3, 4, 6, 7, 8, 9, 11, 12, 13, 14, 17, 18, 20, 21, 22, 29, 39, 43]]
[48, 5.65128, [0, 1, 2, 3, 4, 6, 7, 8, 9, 11, 12, 13, 14, 17, 18, 20, 21, 22, 39, 40, 43]]
[48, 5.61483, [0, 1, 2, 3, 4, 6, 7, 8, 9, 11, 12, 13, 14, 17, 18, 21, 22, 29, 39, 43, 44]]
[48, 5.66658, [0, 1, 2, 3, 4, 6, 7, 8, 9, 11, 12, 13, 14, 17, 19, 20, 21, 22, 29, 40, 42]]
[48, 5.6471, [0, 1, 2, 3, 4, 6, 7, 8, 9, 11, 12, 13, 14, 17, 19, 20, 21, 22, 39, 40, 42]]
[48, 5.66672, [0, 1, 2, 3, 4, 6, 7, 8, 9, 11, 12, 13, 14, 17, 19, 21, 22, 23, 29, 34, 40]]
[48, 5.65388, [0, 1, 2, 3, 4, 6, 7, 8, 9, 11, 12, 13, 14, 17, 19, 21, 22, 23, 29, 40, 42]]
[48, 5.62069, [0, 1, 2, 3, 4, 6, 7, 8, 9, 11, 12, 13, 14, 17, 19, 21, 23, 29, 34, 40, 42]]
[48, 5.61974, [0, 1, 2, 3, 4, 6, 7, 8, 9, 11, 12, 13, 14, 17, 20, 21, 22, 29, 34, 39, 43]]
[48, 5.83276, [0, 1, 2, 3, 4, 6, 7, 8, 9, 11, 12, 13, 14, 17, 20, 21, 22, 29, 39, 40, 42, 43]]
[48, 5.60972, [0, 1, 2, 3, 4, 6, 7, 8, 9, 11, 12, 13, 14, 17, 20, 21, 22, 29, 39, 40, 43]]
[48, 5.60691, [0, 1, 2, 3, 4, 6, 7, 8, 9, 11, 12, 13, 14, 17, 20, 21, 22, 29, 39, 42, 43]]
[48, 5.60542, [0, 1, 2, 3, 4, 6, 7, 8, 9, 11, 12, 13, 14, 17, 20, 21, 22, 29, 40, 42, 43]]
[48, 5.60555, [0, 1, 2, 3, 4, 6, 7, 8, 9, 11, 12, 13, 14, 17, 21, 22, 23, 29, 34, 40, 43]]
[48, 5.6424, [0, 1, 2, 3, 4, 6, 7, 8, 9, 11, 12, 13, 14, 18, 19, 20, 21, 22, 39, 40, 41]]
[48, 5.61907, [0, 1, 2, 3, 4, 6, 7, 8, 9, 11, 12, 13, 14, 18, 20, 21, 22, 23, 40, 41, 43]]
[48, 5.63729, [0, 1, 2, 3, 4, 6, 7, 8, 9, 11, 12, 13, 14, 19, 20, 21, 22, 23, 29, 40, 42]]
[48, 5.61489, [0, 1, 2, 3, 4, 6, 7, 8, 9, 11, 12, 13, 14, 19, 20, 21, 22, 23, 40, 41, 42]]
[48, 5.64785, [0, 1, 2, 3, 4, 6, 7, 8, 9, 11, 12, 13, 16, 17, 19, 21, 22, 23, 29, 34, 42]]
[48, 5.63966, [0, 1, 2, 3, 4, 6, 7, 8, 9, 11, 12, 13, 17, 18, 19, 20, 21, 23, 29, 38, 40]]
[48, 5.61866, [0, 1, 2, 3, 4, 6, 7, 8, 9, 11, 12, 13, 17, 18, 20, 21, 22, 23, 29, 40, 43]]
[48, 5.85097, [0, 1, 2, 3, 4, 6, 7, 8, 9, 11, 12, 13, 17, 19, 20, 21, 22, 23, 29, 34, 40, 42]]
[48, 5.6245, [0, 1, 2, 3, 4, 6, 7, 8, 9, 11, 12, 13, 17, 19, 20, 21, 22, 23, 29, 34, 42]]
[48, 5.61448, [0, 1, 2, 3, 4, 6, 7, 8, 9, 11, 12, 13, 17, 19, 20, 21, 22, 23, 29, 40, 42]]
[48, 5.60355, [0, 1, 2, 3, 4, 6, 7, 8, 9, 11, 12, 13, 17, 19, 20, 21, 22, 23, 34, 40, 42]]
[48, 5.80929, [0, 1, 2, 3, 4, 6, 7, 8, 9, 11, 12, 13, 17, 19, 20, 21, 23, 29, 34, 38, 40, 42]]
[48, 5.7875, [0, 1, 2, 3, 4, 6, 7, 8, 9, 11, 12, 13, 17, 20, 21, 22, 23, 29, 34, 40, 42, 43]]
[48, 5.74828, [0, 1, 2, 3, 4, 6, 7, 8, 9, 11, 12, 13, 17, 20, 21, 22, 29, 34, 39, 40, 42, 43]]
[48, 5.74585, [0, 1, 2, 3, 4, 6, 7, 8, 9, 11, 12, 13, 17, 20, 21, 23, 29, 34, 38, 40, 42, 43]]
[48, 5.70665, [0, 1, 2, 3, 4, 6, 7, 8, 9, 11, 12, 13, 17, 20, 21, 29, 34, 38, 39, 40, 42, 43]]
[48, 5.66513, [0, 1, 2, 3, 4, 6, 7, 8, 9, 11, 13, 14, 15, 16, 18, 20, 21, 22, 23, 41, 43]]
[48, 5.68876, [0, 1, 2, 3, 4, 6, 7, 8, 9, 11, 13, 14, 16, 17, 18, 19, 21, 22, 23, 29, 36]]
[48, 5.60832, [0, 1, 2, 3, 4, 6, 7, 8, 9, 11, 13, 14, 16, 17, 18, 19, 22, 23, 36, 44, 45]]
[48, 5.6354, [0, 1, 2, 3, 4, 6, 7, 8, 9, 11, 13, 14, 16, 17, 18, 20, 21, 22, 29, 39, 43]]
[48, 5.63623, [0, 1, 2, 3, 4, 6, 7, 8, 9, 11, 13, 14, 16, 17, 19, 21, 22, 23, 29, 34, 36]]
[48, 5.68326, [0, 1, 2, 3, 4, 6, 7, 8, 9, 11, 14, 16, 18, 19, 22, 23, 29, 36, 37, 41, 44, 45]]
[48, 5.66616, [0, 1, 2, 3, 4, 6, 7, 8, 9, 12, 13, 17, 20, 21, 22, 23, 29, 34, 35, 40, 42, 43]]
[48, 5.62459, [0, 1, 2, 3, 4, 6, 7, 8, 9, 12, 13, 17, 20, 21, 23, 29, 34, 35, 38, 40, 42, 43]]
[48, 5.60871, [0, 1, 2, 3, 4, 6, 7, 8, 11, 12, 13, 15, 20, 21, 23, 29, 33, 34, 38, 40, 42, 43]]
[48, 5.60134, [0, 1, 2, 3, 4, 6, 7, 9, 10, 11, 12, 13, 17, 18, 19, 21, 22, 23, 29, 32, 40]]
[48, 5.62335, [0, 1, 2, 3, 4, 6, 7, 9, 10, 11, 12, 14, 16, 17, 19, 20, 21, 22, 23, 37, 42]]
[48, 5.70852, [0, 1, 2, 3, 4, 6, 7, 9, 10, 12, 13, 14, 17, 20, 21, 22, 23, 29, 35, 40, 42, 43]]
[48, 5.61316, [0, 1, 2, 3, 4, 6, 7, 9, 11, 12, 13, 14, 16, 17, 19, 20, 21, 22, 23, 29, 34]]
[48, 5.71596, [0, 1, 2, 3, 4, 6, 7, 9, 11, 12, 13, 14, 17, 19, 21, 22, 23, 29, 32, 34, 40, 44]]
[48, 5.61728, [0, 1, 2, 3, 4, 6, 7, 9, 11, 12, 13, 14, 17, 20, 21, 29, 32, 34, 39, 42, 43, 46]]
[48, 5.65266, [0, 1, 2, 3, 4, 6, 7, 9, 11, 12, 13, 14, 17, 21, 22, 23, 29, 32, 34, 40, 43, 44]]
[48, 5.60197, [0, 1, 2, 3, 4, 6, 8, 9, 11, 12, 13, 14, 16, 17, 18, 19, 21, 22, 23, 29, 31]]
[48, 5.6315, [0, 1, 2, 3, 4, 6, 9, 10, 11, 12, 13, 16, 17, 18, 20, 21, 23, 29, 31, 38, 43, 46]]
[48, 5.67297, [0, 1, 2, 3, 4, 7, 8, 9, 10, 11, 13, 14, 15, 18, 21, 22, 23, 30, 36, 41, 43, 44]]
[48, 5.66108, [0, 1, 2, 3, 4, 7, 8, 10, 11, 12, 13, 15, 17, 18, 20, 21, 22, 23, 29, 38, 40, 43]]
[48, 5.6025, [0, 1, 2, 3, 4, 7, 8, 10, 11, 12, 13, 15, 18, 20, 21, 22, 23, 29, 33, 38, 40, 43]]
[48, 5.63098, [0, 1, 2, 3, 4, 8, 9, 10, 11, 13, 14, 15, 16, 18, 19, 21, 22, 23, 29, 30, 31, 44]]
[48, 5.70759, [0, 1, 2, 3, 5, 6, 7, 8, 10, 11, 12, 13, 14, 19, 20, 22, 23, 33, 40, 41, 42, 45]]
[48, 5.63149, [0, 1, 2, 3, 5, 6, 7, 8, 10, 11, 12, 13, 15, 16, 17, 20, 21, 22, 23, 28, 42]]
[48, 5.60698, [0, 1, 2, 3, 5, 6, 7, 8, 10, 11, 12, 13, 15, 16, 18, 19, 20, 21, 28, 33, 46]]
[48, 5.74208, [0, 1, 2, 3, 5, 6, 7, 8, 10, 11, 12, 13, 15, 16, 20, 22, 23, 28, 33, 41, 42, 45]]
[48, 5.62954, [0, 1, 2, 3, 5, 6, 7, 8, 10, 11, 12, 13, 16, 19, 20, 28, 33, 38, 39, 41, 45, 46]]
[48, 5.60478, [0, 1, 2, 3, 5, 6, 7, 8, 10, 11, 13, 14, 15, 21, 22, 23, 36, 40, 41, 42, 43, 44]]
[48, 5.67202, [0, 1, 2, 3, 5, 6, 7, 8, 11, 12, 13, 15, 16, 17, 20, 21, 23, 28, 34, 38, 43, 46]]
[48, 5.666, [0, 1, 2, 3, 5, 6, 7, 8, 11, 12, 13, 15, 16, 17, 20, 21, 23, 28, 34, 42, 43, 46]]
[48, 5.60363, [0, 1, 2, 3, 5, 6, 7, 8, 11, 12, 14, 15, 16, 18, 20, 23, 28, 33, 37, 43, 45, 46]]
[48, 5.60484, [0, 1, 2, 3, 5, 6, 8, 9, 11, 12, 13, 14, 16, 19, 20, 21, 23, 28, 39, 41, 42, 46]]
[48, 5.66142, [0, 1, 2, 3, 5, 6, 8, 10, 11, 12, 13, 15, 16, 17, 19, 20, 22, 23, 28, 31, 42, 45]]
[48, 5.62, [0, 1, 2, 3, 5, 6, 8, 10, 11, 12, 13, 15, 16, 17, 19, 20, 23, 28, 31, 38, 42, 45]]
[48, 5.65861, [0, 1, 2, 3, 5, 6, 8, 10, 11, 12, 13, 15, 16, 19, 20, 21, 22, 23, 28, 31, 33, 42]]
[48, 5.61719, [0, 1, 2, 3, 5, 6, 8, 10, 11, 12, 13, 15, 16, 19, 20, 21, 23, 28, 31, 33, 38, 42]]
[48, 5.60291, [0, 1, 2, 3, 5, 6, 8, 10, 11, 12, 13, 15, 16, 19, 20, 22, 23, 28, 31, 33, 42, 45]]

Search completed in 0 hours, 0 minutes, and 6.989 seconds.  Enter a string to quit.