Enter an integer k for which our Kempner sets are k-free: 6
Enter a positive integer modulus b: 60
Enter estimation parameters, or * for pre-computed parameters ([0.0983, 1.1038, 1.4321]): *
Enter a threshold (e.g. 4.2) to determine printed output: 5.95
Enter a root for the search space (e.g. [0, 1, 2]) [or * for the root [0]]: *
Enter an upper bound for the size of allowable digit sets [or * to ignore]: 30
Enter a maximal number of deviations from a greedy search [or * to ignore]: *
Searching for k-free sets mod b...

[60, 5.98886, [0, 1, 2, 3, 4, 6, 7, 8, 9, 11, 12, 13, 14, 16, 17, 18, 19, 21, 22, 23, 24, 25, 35, 40, 45, 50]]
[60, 5.97149, [0, 1, 2, 3, 4, 6, 7, 8, 9, 11, 12, 13, 14, 16, 17, 18, 19, 22, 23, 24, 25, 26, 35, 40, 45, 50]]
[60, 5.95172, [0, 1, 2, 3, 4, 6, 7, 8, 9, 11, 12, 13, 14, 16, 17, 18, 19, 22, 23, 24, 25, 26, 40, 45, 50, 51]]
[60, 5.9575, [0, 1, 2, 3, 4, 6, 7, 8, 9, 11, 12, 13, 14, 16, 17, 18, 19, 22, 23, 25, 26, 29, 35, 40, 45, 50]]
[60, 6.05933, [0, 1, 2, 3, 4, 6, 7, 8, 9, 11, 12, 13, 14, 16, 17, 18, 19, 22, 26, 28, 29, 35, 50, 51, 53, 54, 55]]
[60, 5.95538, [0, 1, 2, 3, 4, 6, 7, 8, 9, 11, 12, 13, 14, 16, 17, 18, 19, 23, 24, 25, 26, 27, 35, 40, 45, 50]]
[60, 6.12187, [0, 1, 2, 3, 4, 6, 7, 8, 9, 11, 12, 13, 14, 16, 17, 18, 19, 23, 24, 25, 26, 27, 40, 45, 50, 51, 52]]
[60, 6.0745, [0, 1, 2, 3, 4, 6, 7, 8, 9, 11, 12, 13, 14, 16, 17, 18, 19, 23, 24, 26, 27, 40, 45, 50, 51, 52, 55]]
[60, 6.12606, [0, 1, 2, 3, 4, 6, 7, 8, 9, 11, 12, 13, 14, 16, 17, 18, 19, 23, 25, 26, 27, 29, 35, 40, 45, 50, 54]]
[60, 6.10479, [0, 1, 2, 3, 4, 6, 7, 8, 9, 11, 12, 13, 14, 16, 17, 18, 19, 23, 25, 26, 27, 29, 40, 45, 50, 52, 54]]
[60, 6.07204, [0, 1, 2, 3, 4, 6, 7, 8, 9, 11, 12, 13, 14, 16, 17, 18, 19, 23, 25, 26, 27, 40, 45, 50, 51, 52, 54]]
[60, 6.08433, [0, 1, 2, 3, 4, 6, 7, 8, 9, 11, 12, 13, 14, 16, 17, 18, 19, 23, 25, 27, 29, 35, 40, 45, 50, 52, 54]]
[60, 6.05743, [0, 1, 2, 3, 4, 6, 7, 8, 9, 11, 12, 13, 14, 16, 17, 18, 19, 23, 26, 27, 29, 40, 45, 50, 52, 54, 55]]
[60, 6.02469, [0, 1, 2, 3, 4, 6, 7, 8, 9, 11, 12, 13, 14, 16, 17, 18, 19, 23, 26, 27, 40, 45, 50, 51, 52, 54, 55]]
[60, 6.06884, [0, 1, 2, 3, 4, 6, 7, 8, 9, 11, 12, 13, 14, 16, 17, 18, 19, 25, 26, 27, 28, 29, 50, 51, 52, 53, 54]]
[60, 5.98537, [0, 1, 2, 3, 4, 6, 7, 8, 9, 11, 12, 13, 14, 16, 17, 18, 23, 25, 27, 35, 40, 45, 49, 50, 51, 52, 54]]
[60, 6.00934, [0, 1, 2, 3, 4, 6, 7, 8, 9, 11, 12, 13, 14, 16, 17, 18, 24, 26, 27, 28, 29, 45, 50, 51, 52, 53, 55]]
[60, 5.99978, [0, 1, 2, 3, 4, 6, 7, 8, 9, 11, 12, 13, 14, 16, 17, 18, 24, 26, 27, 28, 35, 45, 49, 50, 51, 53, 55]]
[60, 5.97854, [0, 1, 2, 3, 4, 6, 7, 8, 9, 11, 12, 13, 14, 16, 17, 18, 24, 26, 27, 28, 45, 49, 50, 51, 52, 53, 55]]
[60, 5.95811, [0, 1, 2, 3, 4, 6, 7, 8, 9, 11, 12, 13, 14, 16, 17, 18, 24, 27, 28, 35, 45, 49, 50, 51, 52, 53, 55]]
[60, 6.0515, [0, 1, 2, 3, 4, 6, 7, 8, 9, 11, 12, 13, 14, 16, 17, 19, 23, 25, 26, 27, 29, 35, 40, 45, 50, 52, 54]]
[60, 6.02791, [0, 1, 2, 3, 4, 6, 7, 8, 9, 11, 12, 13, 14, 16, 17, 19, 23, 25, 26, 27, 29, 40, 48, 50, 51, 52, 54]]
[60, 5.95787, [0, 1, 2, 3, 4, 6, 7, 8, 9, 11, 12, 13, 14, 16, 17, 19, 25, 26, 29, 35, 40, 48, 50, 51, 52, 53, 54]]
[60, 5.97775, [0, 1, 2, 3, 4, 6, 7, 8, 9, 11, 12, 13, 14, 16, 17, 23, 24, 26, 27, 28, 35, 45, 49, 50, 51, 52, 55]]
[60, 5.9753, [0, 1, 2, 3, 4, 6, 7, 8, 9, 11, 12, 13, 14, 16, 17, 23, 25, 26, 27, 28, 35, 45, 49, 50, 51, 52, 54]]
[60, 6.08483, [0, 1, 2, 3, 4, 6, 7, 8, 9, 11, 12, 13, 14, 16, 18, 19, 21, 22, 23, 25, 29, 35, 40, 45, 47, 50, 54]]
[60, 6.03234, [0, 1, 2, 3, 4, 6, 7, 8, 9, 11, 12, 13, 14, 16, 18, 19, 21, 22, 25, 29, 35, 40, 45, 47, 50, 53, 54]]
[60, 5.97694, [0, 1, 2, 3, 4, 6, 7, 8, 9, 11, 12, 13, 14, 16, 18, 19, 21, 25, 29, 35, 40, 45, 47, 50, 52, 53, 54]]
[60, 6.02198, [0, 1, 2, 3, 4, 6, 7, 8, 9, 11, 12, 13, 14, 16, 18, 22, 24, 25, 26, 27, 28, 35, 45, 49, 50, 51, 53]]
[60, 5.97221, [0, 1, 2, 3, 4, 6, 7, 8, 9, 11, 12, 13, 14, 16, 18, 22, 25, 26, 27, 28, 35, 45, 49, 50, 51, 53, 54]]
[60, 5.97704, [0, 1, 2, 3, 4, 6, 7, 8, 9, 11, 12, 13, 16, 17, 18, 19, 23, 25, 26, 27, 40, 44, 45, 50, 51, 52, 54]]
[60, 5.97916, [0, 1, 2, 3, 4, 6, 7, 8, 9, 11, 12, 13, 18, 19, 20, 21, 22, 24, 25, 28, 29, 35, 45, 46, 47, 53, 56]]
[60, 5.99802, [0, 1, 2, 3, 4, 6, 7, 8, 9, 11, 13, 14, 15, 16, 18, 19, 20, 25, 26, 28, 29, 42, 47, 51, 52, 53, 54]]
[60, 5.97328, [0, 1, 2, 3, 4, 6, 7, 8, 9, 11, 13, 14, 15, 16, 18, 19, 20, 25, 28, 29, 35, 42, 47, 52, 53, 54, 56]]
[60, 6.0573, [0, 1, 2, 3, 4, 6, 7, 8, 9, 11, 13, 14, 16, 17, 18, 19, 22, 23, 25, 26, 27, 29, 35, 40, 45, 50, 54]]
[60, 6.02518, [0, 1, 2, 3, 4, 6, 7, 8, 11, 12, 13, 14, 15, 17, 18, 19, 20, 22, 24, 25, 28, 29, 35, 39, 51, 53, 56]]
[60, 6.01484, [0, 1, 2, 3, 4, 6, 7, 8, 11, 12, 13, 14, 15, 17, 18, 19, 20, 24, 25, 26, 28, 29, 35, 39, 51, 52, 53]]
[60, 5.98907, [0, 1, 2, 3, 4, 6, 7, 8, 11, 12, 13, 14, 15, 17, 18, 19, 20, 25, 26, 27, 28, 29, 35, 51, 52, 53, 54]]
[60, 5.98965, [0, 1, 2, 3, 4, 6, 7, 8, 11, 12, 13, 14, 15, 18, 19, 20, 21, 22, 24, 25, 28, 29, 39, 46, 47, 56, 57]]
[60, 5.98613, [0, 1, 2, 3, 4, 6, 7, 8, 11, 12, 13, 14, 16, 17, 18, 19, 21, 24, 25, 27, 29, 35, 39, 40, 45, 50, 52]]
[60, 5.98395, [0, 1, 2, 3, 4, 6, 7, 8, 11, 12, 13, 14, 16, 17, 18, 19, 22, 24, 25, 26, 29, 35, 39, 40, 45, 50, 53]]
[60, 5.97092, [0, 1, 2, 3, 4, 6, 7, 8, 11, 12, 13, 14, 16, 17, 18, 19, 22, 24, 26, 28, 29, 35, 39, 40, 45, 53, 55]]
[60, 6.0127, [0, 1, 2, 3, 4, 6, 7, 8, 11, 12, 13, 14, 16, 17, 18, 19, 23, 24, 25, 26, 27, 29, 35, 39, 40, 50, 52]]
[60, 6.00497, [0, 1, 2, 3, 4, 6, 7, 8, 11, 12, 13, 14, 16, 17, 18, 19, 23, 24, 25, 26, 27, 29, 35, 40, 45, 50, 52]]
[60, 5.95524, [0, 1, 2, 3, 4, 6, 7, 8, 11, 12, 13, 14, 16, 17, 18, 19, 23, 25, 26, 27, 29, 35, 40, 45, 50, 52, 54]]
[60, 5.96826, [0, 1, 2, 3, 4, 6, 7, 8, 11, 12, 13, 14, 16, 17, 18, 19, 24, 25, 26, 27, 29, 35, 39, 40, 45, 50, 52]]
[60, 6.02138, [0, 1, 2, 3, 4, 6, 7, 9, 10, 11, 12, 13, 17, 18, 19, 20, 21, 23, 24, 27, 28, 29, 35, 38, 45, 46, 56]]
[60, 5.97338, [0, 1, 2, 3, 4, 6, 7, 9, 10, 11, 12, 13, 17, 18, 19, 20, 21, 23, 27, 28, 29, 35, 38, 45, 46, 52, 56]]
[60, 5.96043, [0, 1, 2, 3, 4, 6, 7, 9, 10, 11, 12, 13, 17, 18, 19, 20, 21, 23, 27, 28, 29, 38, 44, 45, 46, 52, 56]]
[60, 5.96257, [0, 1, 2, 3, 4, 6, 7, 9, 10, 11, 12, 13, 17, 18, 19, 21, 23, 24, 27, 28, 29, 35, 38, 45, 46, 50, 52]]
[60, 5.97462, [0, 1, 2, 3, 4, 6, 7, 9, 10, 11, 14, 15, 16, 17, 19, 20, 22, 24, 25, 26, 27, 28, 38, 43, 48, 51, 53]]
[60, 5.99067, [0, 1, 2, 3, 4, 6, 7, 9, 11, 12, 13, 14, 16, 17, 18, 19, 20, 23, 25, 27, 28, 29, 35, 38, 45, 52, 56]]
[60, 5.95628, [0, 1, 2, 3, 4, 6, 7, 9, 11, 12, 13, 14, 16, 17, 18, 19, 23, 24, 25, 27, 28, 35, 38, 40, 45, 50, 56]]
[60, 6.10769, [0, 1, 2, 3, 4, 6, 7, 10, 12, 13, 14, 15, 17, 18, 19, 20, 23, 24, 25, 27, 28, 29, 35, 38, 39, 41, 46, 56]]
[60, 5.95821, [0, 1, 2, 3, 4, 6, 8, 9, 11, 12, 13, 14, 16, 17, 18, 19, 22, 23, 25, 26, 27, 29, 35, 37, 50, 51, 54]]
[60, 5.98806, [0, 1, 2, 3, 4, 6, 8, 9, 11, 13, 14, 15, 16, 19, 20, 23, 25, 26, 27, 29, 35, 37, 42, 47, 48, 51, 52, 54]]
[60, 6.17074, [0, 1, 2, 3, 4, 7, 8, 11, 12, 13, 14, 16, 17, 18, 19, 21, 24, 25, 26, 27, 29, 35, 36, 39, 40, 45, 50, 52, 58]]
[60, 5.97164, [0, 1, 2, 3, 4, 7, 8, 11, 12, 13, 14, 16, 17, 18, 19, 21, 24, 25, 26, 27, 29, 35, 36, 39, 40, 45, 50, 58]]
[60, 5.96975, [0, 1, 2, 3, 4, 7, 8, 11, 12, 13, 14, 16, 17, 18, 19, 21, 24, 25, 26, 27, 29, 35, 36, 39, 40, 45, 52, 58]]
[60, 5.96439, [0, 1, 2, 3, 4, 7, 8, 11, 12, 13, 14, 16, 17, 18, 19, 21, 24, 25, 26, 27, 29, 35, 36, 39, 40, 50, 52, 58]]
[60, 5.95793, [0, 1, 2, 3, 4, 7, 8, 11, 12, 13, 14, 16, 17, 18, 19, 21, 24, 25, 26, 27, 29, 35, 36, 39, 45, 50, 52, 58]]
[60, 5.95647, [0, 1, 2, 3, 4, 7, 8, 11, 12, 13, 14, 16, 17, 18, 19, 21, 24, 25, 26, 27, 29, 35, 36, 40, 45, 50, 52, 58]]
[60, 5.95167, [0, 1, 2, 3, 4, 7, 8, 11, 12, 13, 14, 16, 17, 18, 19, 21, 24, 25, 26, 27, 29, 35, 39, 40, 45, 50, 52, 58]]
[60, 5.98811, [0, 1, 2, 3, 4, 8, 9, 10, 11, 13, 14, 15, 16, 18, 19, 20, 21, 23, 25, 26, 29, 35, 36, 37, 42, 47, 54, 57]]
[60, 5.98762, [0, 1, 2, 3, 5, 6, 7, 8, 10, 11, 12, 13, 15, 16, 17, 18, 19, 24, 25, 26, 28, 29, 44, 50, 51, 53, 57]]
[60, 6.0123, [0, 1, 2, 3, 5, 6, 7, 8, 10, 11, 12, 13, 15, 16, 17, 18, 19, 24, 25, 27, 28, 29, 34, 39, 52, 53, 56]]
[60, 5.97811, [0, 1, 2, 3, 5, 6, 7, 8, 10, 11, 12, 13, 15, 16, 17, 18, 19, 24, 25, 27, 29, 34, 39, 50, 52, 53, 56]]
[60, 5.96512, [0, 1, 2, 3, 5, 6, 7, 8, 10, 11, 12, 13, 15, 16, 17, 18, 19, 24, 27, 28, 29, 34, 39, 52, 53, 55, 56]]
[60, 5.97262, [0, 1, 2, 3, 5, 6, 7, 8, 10, 11, 12, 13, 15, 16, 17, 18, 19, 25, 26, 27, 28, 29, 50, 51, 52, 53, 54]]
[60, 5.96267, [0, 1, 2, 3, 5, 6, 7, 8, 10, 11, 12, 13, 15, 16, 17, 18, 19, 25, 27, 28, 29, 34, 39, 52, 53, 54, 56]]
[60, 5.9787, [0, 1, 2, 3, 5, 6, 7, 8, 10, 11, 12, 13, 15, 16, 17, 18, 20, 21, 27, 28, 29, 34, 39, 49, 52, 53, 54]]
[60, 6.01204, [0, 1, 2, 3, 5, 6, 7, 8, 10, 11, 12, 13, 15, 16, 17, 18, 22, 23, 24, 25, 26, 29, 39, 44, 49, 50, 51]]
[60, 5.9939, [0, 1, 2, 3, 5, 6, 7, 8, 10, 11, 12, 13, 15, 16, 17, 18, 22, 24, 25, 26, 28, 29, 39, 44, 49, 51, 53]]
[60, 5.95972, [0, 1, 2, 3, 5, 6, 7, 8, 10, 11, 12, 13, 15, 16, 17, 18, 22, 24, 25, 26, 29, 39, 44, 49, 50, 51, 53]]
[60, 5.9557, [0, 1, 2, 3, 5, 6, 7, 8, 10, 11, 12, 13, 15, 16, 17, 18, 22, 24, 25, 26, 29, 39, 44, 49, 50, 51, 58]]
[60, 5.95263, [0, 1, 2, 3, 5, 6, 7, 8, 10, 11, 12, 13, 15, 16, 17, 18, 23, 24, 25, 26, 29, 39, 44, 49, 50, 51, 57]]
[60, 6.01645, [0, 1, 2, 3, 5, 6, 7, 8, 10, 11, 12, 13, 15, 17, 18, 21, 27, 28, 29, 34, 39, 46, 49, 52, 53, 54, 55, 56]]
[60, 6.09051, [0, 1, 2, 3, 5, 6, 7, 8, 10, 11, 12, 13, 15, 17, 21, 23, 24, 25, 26, 27, 29, 34, 44, 48, 49, 50, 52, 58]]
[60, 6.04398, [0, 1, 2, 3, 5, 6, 7, 8, 10, 11, 12, 13, 17, 18, 19, 20, 21, 24, 27, 34, 39, 44, 45, 46, 52, 55, 56, 58]]
[60, 6.04089, [0, 1, 2, 3, 5, 6, 7, 8, 10, 11, 12, 15, 16, 17, 18, 22, 24, 25, 26, 29, 39, 43, 44, 49, 50, 51, 53, 58]]
[60, 6.06544, [0, 1, 2, 3, 5, 6, 7, 8, 10, 13, 14, 15, 16, 18, 24, 25, 28, 29, 34, 39, 41, 47, 49, 50, 51, 52, 53, 56, 57]]
[60, 6.08696, [0, 1, 2, 3, 5, 6, 7, 8, 11, 12, 15, 16, 17, 18, 19, 21, 27, 29, 34, 39, 40, 43, 44, 50, 52, 53, 54, 55, 58]]
[60, 6.0083, [0, 1, 2, 3, 5, 6, 7, 10, 11, 12, 13, 16, 17, 18, 19, 20, 23, 25, 27, 28, 29, 34, 38, 39, 44, 51, 52, 54]]
[60, 5.99333, [0, 1, 2, 3, 5, 6, 9, 10, 11, 12, 13, 16, 17, 18, 19, 20, 23, 24, 26, 27, 28, 29, 34, 38, 44, 45, 51, 55]]
[60, 5.99709, [0, 1, 2, 3, 6, 8, 9, 10, 11, 13, 14, 15, 16, 19, 20, 23, 24, 25, 26, 27, 29, 35, 37, 42, 47, 48, 51, 52, 58]]

Search completed in 0 hours, 1 minutes, and 35.392 seconds.  Enter a string to quit.