Enter an integer k for which our Kempner sets are k-free: 6
Enter a positive integer modulus b: 71
Enter estimation parameters, or * for pre-computed parameters ([0.0928, 1.0953, 1.4172]): *
Enter a threshold (e.g. 4.2) to determine printed output: 7.1
Enter a root for the search space (e.g. [0, 1, 2]) [or * for the root [0]]: *
Enter an upper bound for the size of allowable digit sets [or * to ignore]: 38
Enter a maximal number of deviations from a greedy search [or * to ignore]: *
Searching for k-free sets mod b...

[71, 7.25183, [0, 1, 2, 3, 4, 6, 7, 8, 9, 11, 12, 13, 14, 16, 17, 18, 19, 21, 22, 23, 24, 25, 32, 33, 34, 35, 36, 38, 42, 44, 45, 47, 49, 50, 51, 57]]
[71, 7.23357, [0, 1, 2, 3, 4, 6, 7, 8, 9, 11, 12, 13, 14, 16, 17, 18, 19, 21, 22, 23, 25, 30, 32, 33, 34, 35, 36, 38, 42, 44, 45, 47, 49, 50, 51, 57]]
[71, 7.22234, [0, 1, 2, 3, 4, 6, 7, 8, 9, 11, 12, 13, 14, 16, 17, 18, 19, 21, 22, 23, 25, 30, 32, 33, 34, 35, 36, 38, 42, 44, 45, 47, 49, 50, 57, 65]]
[71, 7.22134, [0, 1, 2, 3, 4, 6, 7, 8, 9, 11, 12, 13, 14, 16, 17, 18, 19, 21, 22, 23, 25, 30, 32, 33, 34, 35, 36, 38, 42, 44, 45, 47, 49, 51, 57, 65]]
[71, 7.21027, [0, 1, 2, 3, 4, 6, 7, 8, 9, 11, 12, 13, 14, 16, 17, 18, 19, 21, 22, 23, 25, 30, 32, 33, 34, 35, 36, 42, 44, 45, 46, 47, 49, 51, 57, 65]]
[71, 7.20246, [0, 1, 2, 3, 4, 6, 7, 8, 9, 11, 12, 13, 14, 16, 17, 18, 19, 21, 22, 23, 25, 30, 32, 33, 34, 35, 38, 42, 44, 45, 47, 49, 50, 51, 57, 65]]
[71, 7.19415, [0, 1, 2, 3, 4, 6, 7, 8, 9, 11, 12, 13, 14, 16, 17, 18, 19, 21, 22, 23, 25, 32, 33, 34, 35, 36, 38, 42, 44, 45, 46, 47, 49, 51, 57, 65]]
[71, 7.18923, [0, 1, 2, 3, 4, 6, 7, 8, 9, 11, 12, 13, 14, 16, 17, 18, 19, 21, 22, 23, 29, 30, 31, 33, 34, 35, 36, 40, 42, 46, 48, 51, 52, 55, 60, 65]]
[71, 7.13365, [0, 1, 2, 3, 4, 6, 7, 8, 9, 11, 12, 13, 14, 16, 17, 18, 19, 21, 22, 23, 29, 30, 32, 33, 34, 35, 36, 40, 52, 55, 58, 60, 61, 62, 64, 65]]
[71, 7.16784, [0, 1, 2, 3, 4, 6, 7, 8, 9, 11, 12, 13, 14, 16, 17, 18, 19, 21, 23, 25, 30, 32, 33, 34, 35, 36, 38, 42, 44, 45, 46, 47, 49, 51, 57, 65]]
[71, 7.16347, [0, 1, 2, 3, 4, 6, 7, 8, 9, 11, 12, 13, 14, 16, 17, 18, 19, 21, 23, 25, 30, 32, 33, 34, 35, 36, 38, 42, 44, 45, 47, 49, 50, 51, 57, 65]]
[71, 7.15737, [0, 1, 2, 3, 4, 6, 7, 8, 9, 11, 12, 13, 14, 16, 17, 18, 19, 21, 23, 27, 29, 30, 31, 32, 34, 35, 36, 40, 44, 48, 50, 51, 55, 60, 63, 65]]
[71, 7.1889, [0, 1, 2, 3, 4, 6, 7, 8, 9, 11, 12, 13, 14, 16, 17, 18, 19, 22, 23, 25, 26, 29, 33, 34, 35, 36, 38, 39, 42, 45, 46, 47, 49, 51, 57, 65]]
[71, 7.1746, [0, 1, 2, 3, 4, 6, 7, 8, 9, 11, 12, 13, 14, 16, 17, 18, 19, 22, 23, 25, 26, 32, 33, 34, 35, 36, 38, 42, 44, 45, 46, 47, 49, 51, 57, 65]]
[71, 7.18169, [0, 1, 2, 3, 4, 6, 7, 8, 9, 11, 12, 13, 14, 16, 17, 18, 19, 22, 23, 26, 29, 31, 32, 33, 34, 36, 38, 39, 42, 43, 45, 47, 49, 51, 57, 65]]
[71, 7.16568, [0, 1, 2, 3, 4, 6, 7, 8, 9, 11, 12, 13, 14, 16, 17, 18, 19, 22, 23, 26, 29, 31, 33, 34, 35, 36, 38, 39, 42, 43, 45, 47, 49, 57, 63, 65]]
[71, 7.15084, [0, 1, 2, 3, 4, 6, 7, 8, 9, 11, 12, 13, 14, 16, 17, 18, 19, 22, 23, 26, 29, 31, 33, 34, 35, 36, 38, 42, 43, 45, 47, 49, 51, 57, 63, 65]]
[71, 7.11824, [0, 1, 2, 3, 4, 6, 7, 8, 9, 11, 12, 13, 14, 16, 17, 18, 19, 23, 25, 26, 27, 30, 32, 35, 36, 40, 41, 42, 44, 49, 51, 52, 55, 59, 61, 64]]
[71, 7.10594, [0, 1, 2, 3, 4, 6, 7, 8, 9, 11, 12, 13, 14, 16, 17, 18, 19, 23, 26, 27, 29, 30, 31, 32, 34, 35, 36, 40, 51, 52, 55, 60, 61, 63, 64, 65]]
[71, 7.11586, [0, 1, 2, 3, 4, 6, 7, 8, 9, 11, 12, 13, 14, 16, 17, 18, 19, 23, 26, 27, 29, 30, 31, 34, 35, 36, 38, 40, 44, 48, 50, 55, 60, 63, 64, 65]]
[71, 7.11486, [0, 1, 2, 3, 4, 6, 7, 8, 9, 11, 12, 13, 14, 16, 17, 18, 19, 23, 26, 27, 29, 30, 31, 34, 35, 36, 38, 40, 44, 48, 51, 55, 60, 63, 64, 65]]
[71, 7.10655, [0, 1, 2, 3, 4, 6, 7, 8, 9, 11, 12, 13, 14, 16, 17, 18, 19, 23, 26, 27, 29, 30, 32, 33, 34, 35, 36, 40, 51, 52, 55, 58, 60, 61, 63, 64]]
[71, 7.12209, [0, 1, 2, 3, 4, 6, 7, 8, 9, 11, 12, 13, 14, 16, 17, 18, 19, 23, 26, 29, 31, 32, 33, 34, 36, 38, 39, 41, 42, 45, 47, 49, 50, 51, 63, 65]]
[71, 7.10754, [0, 1, 2, 3, 4, 6, 7, 8, 9, 11, 12, 13, 14, 16, 17, 18, 19, 23, 27, 29, 30, 31, 32, 34, 35, 36, 38, 42, 44, 48, 50, 51, 55, 60, 63, 65]]
[71, 7.12065, [0, 1, 2, 3, 4, 6, 7, 8, 9, 11, 12, 13, 14, 16, 17, 18, 19, 23, 27, 29, 30, 31, 33, 34, 35, 36, 38, 40, 44, 46, 48, 50, 51, 55, 64, 65]]
[71, 7.11186, [0, 1, 2, 3, 4, 6, 7, 8, 9, 11, 12, 13, 14, 16, 17, 18, 19, 23, 27, 29, 30, 31, 33, 34, 35, 36, 38, 40, 46, 48, 50, 51, 55, 57, 58, 65]]
[71, 7.10667, [0, 1, 2, 3, 4, 6, 7, 8, 9, 11, 12, 13, 14, 16, 17, 18, 19, 23, 27, 29, 30, 31, 33, 34, 35, 36, 38, 40, 46, 48, 50, 51, 55, 58, 64, 65]]
[71, 7.11474, [0, 1, 2, 3, 4, 6, 7, 8, 9, 11, 12, 13, 14, 16, 17, 18, 19, 26, 27, 28, 29, 31, 32, 33, 34, 35, 39, 40, 41, 42, 50, 56, 59, 60, 62, 63]]
[71, 7.12864, [0, 1, 2, 3, 4, 6, 7, 8, 9, 11, 12, 13, 14, 16, 17, 18, 21, 22, 23, 24, 31, 32, 33, 34, 36, 37, 44, 45, 46, 47, 49, 50, 51, 52, 57, 58]]
[71, 7.12139, [0, 1, 2, 3, 4, 6, 7, 8, 9, 11, 12, 13, 14, 16, 17, 18, 21, 22, 23, 25, 31, 32, 33, 34, 35, 37, 38, 45, 46, 47, 49, 52, 53, 57, 58, 65]]
[71, 7.17071, [0, 1, 2, 3, 4, 6, 7, 8, 9, 11, 12, 13, 14, 16, 17, 18, 22, 24, 25, 26, 28, 29, 31, 33, 34, 35, 36, 38, 39, 42, 43, 45, 49, 54, 63, 66]]
[71, 7.20451, [0, 1, 2, 3, 4, 6, 7, 8, 9, 11, 12, 13, 14, 16, 17, 19, 21, 22, 23, 24, 25, 30, 32, 33, 34, 35, 36, 38, 42, 44, 45, 47, 49, 50, 51, 57]]
[71, 7.19389, [0, 1, 2, 3, 4, 6, 7, 8, 9, 11, 12, 13, 14, 16, 17, 19, 21, 22, 23, 24, 25, 30, 32, 33, 34, 35, 36, 38, 42, 45, 47, 49, 50, 51, 54, 57]]
[71, 7.14348, [0, 1, 2, 3, 4, 6, 7, 8, 9, 11, 12, 13, 14, 16, 17, 19, 21, 22, 23, 24, 30, 31, 33, 34, 35, 36, 38, 42, 43, 45, 47, 49, 50, 57, 58, 65]]
[71, 7.14052, [0, 1, 2, 3, 4, 6, 7, 8, 9, 11, 12, 13, 14, 16, 17, 19, 21, 22, 23, 24, 30, 31, 33, 34, 35, 36, 39, 45, 46, 47, 49, 50, 51, 52, 54, 58]]
[71, 7.11138, [0, 1, 2, 3, 4, 6, 7, 8, 9, 11, 12, 13, 14, 16, 17, 19, 21, 22, 23, 24, 30, 31, 33, 35, 36, 38, 42, 43, 45, 47, 49, 50, 57, 58, 61, 65]]
[71, 7.1249, [0, 1, 2, 3, 4, 6, 7, 8, 9, 11, 12, 13, 14, 16, 17, 19, 21, 23, 27, 29, 30, 31, 32, 33, 35, 36, 38, 40, 44, 46, 47, 49, 50, 51, 55, 61]]
[71, 7.17028, [0, 1, 2, 3, 4, 6, 7, 8, 9, 11, 12, 13, 14, 16, 17, 22, 23, 24, 25, 26, 28, 29, 30, 31, 33, 34, 35, 36, 38, 39, 45, 47, 51, 53, 57, 60]]
[71, 7.11663, [0, 1, 2, 3, 4, 6, 7, 8, 9, 11, 12, 13, 14, 16, 17, 22, 24, 25, 26, 28, 29, 30, 31, 33, 34, 35, 36, 38, 39, 45, 47, 50, 51, 53, 57, 60]]
[71, 7.14528, [0, 1, 2, 3, 4, 6, 7, 8, 9, 11, 12, 13, 14, 16, 18, 19, 21, 22, 23, 25, 27, 30, 32, 34, 35, 36, 40, 41, 42, 44, 47, 49, 51, 55, 61, 65]]
[71, 7.14412, [0, 1, 2, 3, 4, 6, 7, 8, 9, 11, 12, 13, 14, 17, 18, 19, 21, 22, 23, 25, 26, 32, 33, 34, 35, 36, 38, 42, 44, 45, 46, 47, 49, 51, 57, 65]]
[71, 7.15173, [0, 1, 2, 3, 4, 6, 7, 8, 9, 11, 12, 13, 14, 17, 18, 19, 21, 22, 23, 26, 29, 30, 31, 32, 33, 36, 37, 39, 40, 41, 42, 44, 58, 61, 64, 67]]
[71, 7.11179, [0, 1, 2, 3, 4, 6, 7, 8, 9, 11, 12, 13, 14, 17, 18, 19, 21, 22, 23, 26, 29, 30, 31, 32, 33, 36, 37, 39, 41, 42, 58, 59, 61, 64, 66, 67]]
[71, 7.10924, [0, 1, 2, 3, 4, 6, 7, 8, 9, 11, 12, 13, 14, 17, 18, 19, 21, 22, 23, 26, 29, 31, 32, 33, 34, 38, 44, 45, 46, 47, 49, 50, 51, 53, 57, 65]]
[71, 7.10819, [0, 1, 2, 3, 4, 6, 7, 8, 9, 11, 12, 13, 14, 17, 18, 19, 21, 22, 23, 26, 31, 32, 33, 34, 35, 38, 42, 44, 45, 46, 47, 49, 50, 51, 57, 65]]
[71, 7.18728, [0, 1, 2, 3, 4, 6, 7, 8, 9, 11, 12, 13, 14, 17, 19, 23, 25, 27, 28, 29, 30, 33, 34, 35, 36, 39, 40, 48, 49, 51, 53, 55, 57, 58, 61, 63, 65]]
[71, 7.11508, [0, 1, 2, 3, 4, 6, 7, 8, 9, 11, 12, 13, 16, 17, 18, 19, 21, 22, 23, 25, 30, 32, 33, 34, 35, 36, 38, 42, 44, 45, 46, 47, 49, 51, 57, 65]]
[71, 7.18002, [0, 1, 2, 3, 4, 6, 7, 8, 9, 11, 12, 13, 16, 17, 18, 19, 21, 25, 27, 28, 35, 37, 39, 40, 41, 42, 44, 46, 47, 52, 53, 55, 56, 58, 59, 60, 61]]
[71, 7.12115, [0, 1, 2, 3, 4, 6, 7, 8, 9, 11, 12, 13, 16, 17, 18, 19, 22, 24, 26, 28, 29, 31, 32, 33, 34, 35, 37, 38, 42, 44, 45, 47, 48, 50, 51, 57]]
[71, 7.10435, [0, 1, 2, 3, 4, 6, 7, 8, 9, 11, 12, 13, 17, 18, 19, 20, 21, 24, 26, 27, 28, 29, 31, 32, 33, 34, 35, 38, 42, 44, 45, 48, 49, 54, 57, 67]]
[71, 7.13709, [0, 1, 2, 3, 4, 6, 7, 8, 9, 11, 12, 14, 16, 17, 18, 19, 21, 22, 23, 24, 25, 31, 32, 33, 34, 35, 37, 38, 44, 46, 47, 49, 51, 53, 57, 58]]
[71, 7.13272, [0, 1, 2, 3, 4, 6, 7, 8, 9, 11, 12, 14, 16, 17, 18, 19, 21, 22, 23, 24, 25, 31, 32, 33, 34, 35, 37, 38, 44, 47, 49, 50, 51, 53, 57, 58]]
[71, 7.11581, [0, 1, 2, 3, 4, 6, 7, 8, 9, 11, 12, 14, 16, 17, 18, 19, 21, 22, 23, 24, 25, 31, 33, 34, 35, 37, 38, 44, 45, 46, 47, 49, 51, 53, 57, 58]]
[71, 7.11145, [0, 1, 2, 3, 4, 6, 7, 8, 9, 11, 12, 14, 16, 17, 18, 19, 21, 22, 23, 24, 25, 31, 33, 34, 35, 37, 38, 44, 45, 47, 49, 50, 51, 53, 57, 58]]
[71, 7.1196, [0, 1, 2, 3, 4, 6, 7, 8, 9, 11, 12, 14, 16, 17, 18, 19, 22, 23, 24, 26, 28, 31, 32, 33, 34, 35, 37, 41, 43, 44, 46, 47, 50, 51, 52, 56]]
[71, 7.10621, [0, 1, 2, 3, 4, 6, 7, 8, 9, 11, 12, 14, 16, 17, 18, 19, 22, 23, 24, 26, 28, 31, 32, 33, 34, 35, 37, 41, 43, 44, 46, 50, 51, 52, 56, 62]]
[71, 7.17612, [0, 1, 2, 3, 4, 6, 7, 8, 9, 11, 13, 14, 16, 17, 18, 19, 20, 22, 27, 28, 29, 30, 32, 38, 40, 41, 49, 50, 54, 56, 57, 59, 61, 62, 63, 65, 66]]
[71, 7.1496, [0, 1, 2, 3, 4, 6, 7, 8, 9, 11, 13, 14, 16, 17, 18, 19, 21, 22, 23, 24, 25, 30, 32, 33, 34, 35, 36, 38, 42, 44, 45, 47, 49, 50, 51, 57]]
[71, 7.16646, [0, 1, 2, 3, 4, 6, 7, 8, 9, 11, 13, 14, 16, 17, 18, 19, 21, 22, 23, 24, 27, 38, 39, 43, 45, 46, 47, 49, 50, 52, 56, 59, 61, 62, 63, 64, 65]]
[71, 7.11825, [0, 1, 2, 3, 4, 6, 7, 8, 9, 11, 13, 14, 16, 17, 18, 19, 21, 22, 23, 24, 38, 39, 43, 45, 46, 47, 49, 50, 52, 56, 58, 59, 61, 62, 63, 64, 65]]
[71, 7.13708, [0, 1, 2, 3, 4, 6, 7, 8, 9, 11, 13, 14, 16, 17, 18, 20, 24, 26, 29, 30, 31, 33, 34, 36, 38, 39, 41, 42, 53, 56, 57, 60, 61, 62, 63, 66, 68]]
[71, 7.10446, [0, 1, 2, 3, 4, 6, 7, 8, 9, 11, 13, 14, 16, 17, 19, 20, 21, 22, 24, 25, 27, 30, 32, 34, 35, 36, 38, 39, 42, 45, 47, 49, 50, 51, 54, 55]]
[71, 7.10742, [0, 1, 2, 3, 4, 6, 7, 8, 9, 11, 13, 15, 16, 18, 19, 20, 21, 22, 24, 28, 29, 30, 31, 32, 34, 35, 37, 39, 42, 43, 45, 46, 47, 48, 49, 52]]
[71, 7.10299, [0, 1, 2, 3, 4, 6, 7, 8, 9, 11, 13, 15, 16, 18, 19, 20, 21, 22, 24, 28, 29, 30, 32, 33, 34, 35, 37, 39, 42, 43, 45, 46, 47, 48, 49, 52]]
[71, 7.14135, [0, 1, 2, 3, 4, 6, 7, 9, 11, 12, 13, 14, 16, 17, 18, 19, 20, 25, 26, 28, 29, 30, 32, 34, 35, 37, 41, 42, 50, 51, 53, 59, 61, 62, 63, 64, 69]]
[71, 7.14358, [0, 1, 2, 3, 4, 7, 8, 9, 10, 11, 14, 15, 16, 17, 19, 21, 22, 25, 26, 27, 29, 30, 31, 32, 34, 35, 37, 39, 40, 44, 45, 47, 49, 51, 55, 67, 69]]
[71, 7.11719, [0, 1, 2, 3, 5, 6, 7, 8, 10, 11, 12, 13, 15, 16, 17, 18, 20, 21, 22, 23, 24, 31, 32, 33, 34, 35, 37, 41, 43, 44, 45, 46, 48, 49, 50, 58]]
[71, 7.10539, [0, 1, 2, 3, 5, 6, 7, 8, 10, 11, 12, 13, 15, 16, 17, 18, 20, 21, 22, 23, 24, 31, 32, 33, 34, 35, 37, 43, 44, 45, 46, 48, 49, 50, 51, 58]]
[71, 7.10355, [0, 1, 2, 3, 5, 6, 7, 8, 10, 11, 12, 13, 15, 16, 17, 18, 20, 21, 22, 23, 24, 31, 32, 33, 34, 36, 37, 43, 44, 45, 46, 48, 49, 50, 51, 58]]
[71, 7.11108, [0, 1, 2, 3, 5, 6, 7, 8, 10, 11, 12, 16, 17, 18, 19, 20, 23, 25, 26, 27, 28, 30, 31, 32, 33, 36, 37, 43, 44, 48, 53, 56, 60, 62, 64, 65, 66]]
[71, 7.22498, [0, 1, 2, 3, 5, 6, 7, 8, 10, 11, 13, 15, 16, 17, 18, 20, 21, 22, 23, 24, 30, 31, 32, 33, 34, 36, 37, 39, 43, 45, 46, 48, 49, 50, 52, 56, 57]]
[71, 7.19302, [0, 1, 2, 3, 5, 6, 7, 8, 10, 11, 13, 15, 16, 17, 18, 20, 21, 22, 23, 24, 30, 31, 32, 33, 34, 36, 39, 43, 45, 46, 48, 49, 50, 52, 56, 57, 68]]

Search completed in 127 hours, 50 minutes, and 40.51 seconds.  Enter a string to quit.