Enter an integer k for which our Kempner sets are k-free: 6
Enter a positive integer modulus b: 94
Enter estimation parameters, or * for pre-computed parameters ([0.0865, 1.0799, 1.41]): *
Enter a threshold (e.g. 4.2) to determine printed output: 6.47
Enter a root for the search space (e.g. [0, 1, 2]) [or * for the root [0]]: *
Enter an upper bound for the size of allowable digit sets [or * to ignore]: 44
Enter a maximal number of deviations from a greedy search [or * to ignore]: *
Searching for k-free sets mod b...

[94, 6.47443, [0, 1, 2, 3, 4, 6, 7, 8, 9, 11, 12, 13, 14, 16, 17, 18, 19, 21, 22, 23, 24, 25, 35, 36, 37, 38, 39, 41, 42, 44, 45, 46, 52, 67, 73, 75, 77, 78, 79, 80, 81]]
[94, 6.48802, [0, 1, 2, 3, 4, 6, 7, 8, 9, 11, 12, 13, 14, 16, 17, 18, 19, 21, 22, 23, 29, 30, 31, 32, 33, 35, 36, 40, 42, 44, 45, 46, 57, 62, 67, 71, 72, 73, 74, 75, 88]]
[94, 6.47867, [0, 1, 2, 3, 4, 6, 7, 8, 9, 11, 12, 13, 14, 16, 17, 18, 19, 21, 22, 23, 29, 30, 31, 32, 33, 35, 36, 40, 44, 45, 46, 52, 57, 62, 67, 71, 72, 73, 74, 75, 88]]
[94, 6.47218, [0, 1, 2, 3, 4, 6, 7, 8, 9, 11, 12, 13, 14, 16, 17, 18, 19, 21, 22, 23, 29, 31, 32, 33, 35, 36, 37, 40, 43, 44, 45, 46, 52, 62, 67, 72, 73, 74, 77, 85, 88]]
[94, 6.48509, [0, 1, 2, 3, 4, 6, 7, 8, 9, 11, 12, 13, 14, 16, 17, 18, 19, 21, 22, 28, 29, 30, 32, 33, 36, 37, 39, 40, 41, 43, 44, 45, 46, 52, 57, 62, 72, 73, 74, 82, 89]]
[94, 6.49055, [0, 1, 2, 3, 4, 6, 7, 8, 9, 11, 12, 13, 14, 16, 17, 18, 19, 21, 22, 28, 29, 31, 32, 33, 36, 37, 38, 39, 41, 43, 44, 45, 46, 52, 57, 62, 70, 72, 73, 74, 89]]
[94, 6.47669, [0, 1, 2, 3, 4, 6, 7, 8, 9, 11, 12, 13, 14, 16, 17, 18, 19, 21, 22, 29, 30, 31, 32, 33, 35, 36, 37, 40, 41, 44, 45, 46, 52, 57, 62, 67, 70, 72, 73, 74, 75]]
[94, 6.48747, [0, 1, 2, 3, 4, 6, 7, 8, 9, 11, 12, 13, 14, 16, 17, 18, 19, 22, 23, 24, 25, 26, 33, 34, 36, 37, 39, 40, 42, 43, 44, 45, 46, 57, 67, 68, 74, 78, 79, 82, 85]]
[94, 6.47727, [0, 1, 2, 3, 4, 6, 7, 8, 9, 11, 12, 13, 14, 16, 17, 18, 19, 22, 23, 24, 25, 26, 33, 34, 36, 37, 39, 40, 42, 43, 44, 45, 46, 67, 68, 74, 77, 78, 79, 82, 85]]
[94, 6.49245, [0, 1, 2, 3, 4, 6, 7, 8, 9, 11, 12, 13, 14, 16, 17, 18, 19, 22, 23, 25, 26, 29, 32, 33, 34, 35, 36, 40, 42, 43, 44, 45, 46, 57, 62, 68, 71, 74, 77, 85, 88]]
[94, 6.47123, [0, 1, 2, 3, 4, 6, 7, 8, 9, 11, 12, 13, 14, 16, 17, 18, 19, 22, 23, 25, 26, 29, 32, 33, 34, 35, 36, 40, 42, 44, 45, 46, 57, 62, 68, 71, 74, 75, 77, 85, 88]]
[94, 6.48163, [0, 1, 2, 3, 4, 6, 7, 8, 9, 11, 12, 13, 14, 16, 17, 18, 19, 22, 23, 25, 26, 29, 33, 34, 35, 36, 39, 40, 42, 43, 44, 45, 46, 57, 62, 68, 71, 74, 77, 85, 88]]
[94, 6.51416, [0, 1, 2, 3, 4, 6, 7, 8, 9, 11, 12, 13, 14, 16, 17, 18, 19, 22, 23, 26, 29, 31, 32, 33, 34, 36, 37, 38, 39, 41, 43, 44, 45, 46, 52, 62, 68, 71, 74, 77, 82]]
[94, 6.51019, [0, 1, 2, 3, 4, 6, 7, 8, 9, 11, 12, 13, 14, 16, 17, 18, 19, 22, 23, 26, 29, 31, 32, 33, 34, 36, 38, 39, 40, 41, 43, 44, 45, 46, 52, 62, 68, 71, 74, 77, 82]]
[94, 6.48683, [0, 1, 2, 3, 4, 6, 7, 8, 9, 11, 12, 13, 14, 16, 17, 18, 19, 22, 23, 26, 29, 31, 32, 33, 34, 36, 39, 40, 41, 43, 44, 45, 46, 52, 57, 62, 68, 74, 77, 82, 85]]
[94, 6.47917, [0, 1, 2, 3, 4, 6, 7, 8, 9, 11, 12, 13, 14, 16, 17, 18, 19, 22, 23, 26, 29, 31, 32, 33, 34, 36, 39, 40, 41, 43, 44, 45, 46, 52, 62, 68, 71, 74, 77, 82, 85]]
[94, 6.55249, [0, 1, 2, 3, 4, 6, 7, 8, 9, 11, 12, 13, 14, 16, 17, 18, 19, 22, 23, 26, 29, 31, 33, 35, 36, 37, 40, 42, 43, 44, 45, 46, 62, 68, 71, 72, 74, 77, 81, 85, 86, 88]]
[94, 6.53089, [0, 1, 2, 3, 4, 6, 7, 8, 9, 11, 12, 13, 14, 16, 17, 18, 19, 22, 23, 26, 29, 31, 33, 35, 36, 37, 40, 42, 44, 45, 46, 62, 68, 71, 72, 74, 75, 77, 81, 85, 86, 88]]
[94, 6.5818, [0, 1, 2, 3, 4, 6, 7, 8, 9, 11, 12, 13, 14, 16, 17, 18, 19, 22, 23, 26, 29, 32, 33, 34, 35, 36, 39, 40, 43, 44, 45, 46, 52, 57, 62, 68, 71, 74, 77, 85, 88, 89]]
[94, 6.47856, [0, 1, 2, 3, 4, 6, 7, 8, 9, 11, 12, 13, 14, 16, 17, 18, 19, 22, 23, 26, 29, 32, 33, 34, 36, 38, 39, 40, 41, 43, 44, 45, 46, 52, 57, 62, 68, 71, 74, 77, 89]]
[94, 6.47104, [0, 1, 2, 3, 4, 6, 7, 8, 9, 11, 12, 13, 14, 16, 17, 18, 19, 22, 23, 26, 29, 32, 33, 34, 36, 38, 39, 40, 41, 43, 44, 45, 46, 52, 57, 68, 71, 74, 77, 78, 89]]
[94, 6.53796, [0, 1, 2, 3, 4, 6, 7, 8, 9, 11, 12, 13, 14, 16, 17, 18, 19, 22, 23, 29, 30, 31, 33, 34, 35, 36, 40, 42, 44, 45, 46, 52, 67, 68, 71, 72, 74, 75, 79, 85, 86, 88]]
[94, 6.4862, [0, 1, 2, 3, 4, 6, 7, 8, 9, 11, 12, 13, 14, 16, 17, 18, 19, 22, 26, 28, 29, 30, 32, 33, 35, 36, 37, 39, 40, 41, 44, 45, 46, 52, 57, 62, 68, 70, 72, 74, 89]]
[94, 6.47614, [0, 1, 2, 3, 4, 6, 7, 8, 9, 11, 12, 13, 14, 16, 17, 18, 19, 22, 26, 28, 29, 30, 32, 33, 35, 36, 37, 39, 40, 41, 44, 45, 46, 52, 57, 68, 70, 72, 74, 85, 89]]
[94, 6.47702, [0, 1, 2, 3, 4, 6, 7, 8, 9, 11, 12, 13, 14, 16, 17, 18, 19, 22, 26, 28, 29, 30, 32, 33, 35, 36, 37, 39, 40, 43, 44, 45, 46, 52, 57, 62, 68, 72, 74, 88, 89]]
[94, 6.48291, [0, 1, 2, 3, 4, 6, 7, 8, 9, 11, 12, 13, 14, 16, 17, 18, 19, 22, 26, 28, 29, 30, 32, 33, 35, 36, 37, 40, 41, 43, 44, 45, 46, 52, 57, 62, 67, 68, 72, 74, 89]]
[94, 6.47598, [0, 1, 2, 3, 4, 6, 7, 8, 9, 11, 12, 13, 14, 16, 17, 18, 19, 22, 26, 28, 29, 30, 32, 33, 35, 36, 37, 40, 41, 43, 44, 45, 46, 52, 57, 62, 68, 71, 74, 85, 89]]
[94, 6.47571, [0, 1, 2, 3, 4, 6, 7, 8, 9, 11, 12, 13, 14, 16, 17, 18, 19, 22, 26, 28, 29, 30, 32, 33, 35, 36, 37, 40, 41, 43, 44, 45, 46, 52, 62, 67, 68, 70, 72, 74, 89]]
[94, 6.47327, [0, 1, 2, 3, 4, 6, 7, 8, 9, 11, 12, 13, 14, 16, 17, 18, 19, 22, 26, 28, 29, 30, 32, 33, 35, 36, 39, 40, 41, 43, 44, 45, 46, 52, 57, 62, 68, 71, 74, 85, 89]]
[94, 6.49998, [0, 1, 2, 3, 4, 6, 7, 8, 9, 11, 12, 13, 14, 16, 17, 18, 19, 22, 26, 28, 29, 31, 32, 33, 34, 36, 37, 38, 39, 41, 43, 44, 45, 46, 52, 62, 68, 71, 74, 77, 82]]
[94, 6.49576, [0, 1, 2, 3, 4, 6, 7, 8, 9, 11, 12, 13, 14, 16, 17, 18, 19, 22, 26, 28, 29, 31, 32, 33, 34, 36, 37, 38, 39, 41, 43, 44, 45, 46, 52, 62, 68, 71, 74, 82, 89]]
[94, 6.48582, [0, 1, 2, 3, 4, 6, 7, 8, 9, 11, 12, 13, 14, 16, 17, 18, 19, 22, 26, 28, 29, 31, 32, 33, 34, 36, 37, 38, 39, 41, 44, 45, 46, 52, 57, 62, 68, 71, 74, 77, 89]]
[94, 6.47373, [0, 1, 2, 3, 4, 6, 7, 8, 9, 11, 12, 13, 14, 16, 17, 18, 19, 22, 26, 28, 29, 31, 32, 33, 34, 36, 37, 38, 39, 41, 44, 45, 46, 52, 62, 68, 71, 74, 77, 82, 89]]
[94, 6.47226, [0, 1, 2, 3, 4, 6, 7, 8, 9, 11, 12, 13, 14, 16, 17, 18, 19, 22, 26, 28, 29, 31, 32, 33, 34, 36, 37, 39, 41, 43, 44, 45, 46, 52, 57, 68, 70, 72, 74, 85, 89]]
[94, 6.47204, [0, 1, 2, 3, 4, 6, 7, 8, 9, 11, 12, 13, 14, 16, 17, 18, 19, 22, 26, 28, 29, 31, 32, 33, 35, 36, 37, 38, 40, 43, 44, 45, 46, 52, 62, 67, 68, 72, 77, 81, 88]]
[94, 6.47753, [0, 1, 2, 3, 4, 6, 7, 8, 9, 11, 12, 13, 14, 16, 17, 18, 19, 22, 26, 28, 29, 31, 32, 33, 35, 36, 37, 40, 41, 42, 43, 44, 46, 57, 62, 67, 68, 70, 72, 74, 77]]
[94, 6.47651, [0, 1, 2, 3, 4, 6, 7, 8, 9, 11, 12, 13, 14, 16, 17, 18, 19, 22, 26, 28, 29, 31, 32, 33, 35, 36, 37, 40, 41, 42, 43, 45, 46, 57, 62, 67, 68, 70, 72, 74, 77]]
[94, 6.47545, [0, 1, 2, 3, 4, 6, 7, 8, 9, 11, 12, 13, 14, 16, 17, 18, 19, 22, 26, 28, 29, 31, 32, 33, 35, 36, 37, 40, 41, 42, 44, 45, 46, 57, 62, 67, 68, 70, 72, 74, 77]]
[94, 6.48812, [0, 1, 2, 3, 4, 6, 7, 8, 9, 11, 12, 13, 14, 16, 17, 18, 19, 22, 26, 28, 29, 31, 32, 33, 35, 36, 37, 40, 41, 43, 44, 45, 46, 52, 57, 62, 67, 68, 70, 72, 74]]
[94, 6.48602, [0, 1, 2, 3, 4, 6, 7, 8, 9, 11, 12, 13, 14, 16, 17, 18, 19, 22, 26, 28, 29, 31, 32, 33, 35, 36, 37, 40, 41, 43, 44, 45, 46, 52, 57, 62, 67, 68, 70, 74, 77]]
[94, 6.61125, [0, 1, 2, 3, 4, 6, 7, 8, 9, 11, 12, 13, 14, 16, 17, 18, 19, 22, 26, 28, 29, 31, 32, 33, 35, 36, 37, 40, 41, 43, 44, 45, 46, 52, 57, 62, 68, 70, 72, 74, 77, 85]]
[94, 6.48074, [0, 1, 2, 3, 4, 6, 7, 8, 9, 11, 12, 13, 14, 16, 17, 18, 19, 22, 26, 28, 29, 31, 32, 33, 35, 36, 37, 40, 41, 43, 44, 45, 46, 52, 57, 62, 68, 70, 72, 74, 85]]
[94, 6.47951, [0, 1, 2, 3, 4, 6, 7, 8, 9, 11, 12, 13, 14, 16, 17, 18, 19, 22, 26, 28, 29, 31, 32, 33, 35, 36, 37, 40, 41, 43, 44, 45, 46, 52, 57, 62, 68, 70, 72, 77, 85]]
[94, 6.47864, [0, 1, 2, 3, 4, 6, 7, 8, 9, 11, 12, 13, 14, 16, 17, 18, 19, 22, 26, 28, 29, 31, 32, 33, 35, 36, 37, 40, 41, 43, 44, 45, 46, 52, 57, 62, 68, 70, 74, 77, 85]]
[94, 6.47773, [0, 1, 2, 3, 4, 6, 7, 8, 9, 11, 12, 13, 14, 16, 17, 18, 19, 22, 26, 28, 29, 31, 32, 33, 35, 36, 37, 40, 41, 43, 44, 45, 46, 52, 57, 62, 68, 72, 74, 77, 85]]
[94, 6.47678, [0, 1, 2, 3, 4, 6, 7, 8, 9, 11, 12, 13, 14, 16, 17, 18, 19, 22, 26, 28, 29, 31, 32, 33, 35, 36, 37, 40, 41, 43, 44, 45, 46, 52, 57, 62, 70, 72, 74, 77, 85]]
[94, 6.48099, [0, 1, 2, 3, 4, 6, 7, 8, 9, 11, 12, 13, 14, 16, 17, 18, 19, 22, 26, 28, 29, 31, 32, 33, 35, 36, 37, 40, 41, 43, 44, 45, 46, 52, 57, 67, 68, 70, 72, 74, 77]]
[94, 6.47361, [0, 1, 2, 3, 4, 6, 7, 8, 9, 11, 12, 13, 14, 16, 17, 18, 19, 22, 26, 28, 29, 31, 32, 33, 35, 36, 37, 40, 41, 43, 44, 45, 46, 52, 57, 68, 70, 72, 74, 77, 85]]
[94, 6.6054, [0, 1, 2, 3, 4, 6, 7, 8, 9, 11, 12, 13, 14, 16, 17, 18, 19, 22, 26, 28, 29, 31, 32, 33, 35, 36, 37, 40, 41, 43, 44, 45, 46, 52, 62, 67, 68, 70, 72, 74, 77, 85]]
[94, 6.47499, [0, 1, 2, 3, 4, 6, 7, 8, 9, 11, 12, 13, 14, 16, 17, 18, 19, 22, 26, 28, 29, 31, 32, 33, 35, 36, 37, 40, 41, 43, 44, 45, 46, 52, 62, 67, 68, 70, 72, 74, 85]]
[94, 6.47376, [0, 1, 2, 3, 4, 6, 7, 8, 9, 11, 12, 13, 14, 16, 17, 18, 19, 22, 26, 28, 29, 31, 32, 33, 35, 36, 37, 40, 41, 43, 44, 45, 46, 52, 62, 67, 68, 70, 72, 77, 85]]
[94, 6.47289, [0, 1, 2, 3, 4, 6, 7, 8, 9, 11, 12, 13, 14, 16, 17, 18, 19, 22, 26, 28, 29, 31, 32, 33, 35, 36, 37, 40, 41, 43, 44, 45, 46, 52, 62, 67, 68, 70, 74, 77, 85]]
[94, 6.47199, [0, 1, 2, 3, 4, 6, 7, 8, 9, 11, 12, 13, 14, 16, 17, 18, 19, 22, 26, 28, 29, 31, 32, 33, 35, 36, 37, 40, 41, 43, 44, 45, 46, 52, 62, 67, 68, 72, 74, 77, 85]]
[94, 6.47103, [0, 1, 2, 3, 4, 6, 7, 8, 9, 11, 12, 13, 14, 16, 17, 18, 19, 22, 26, 28, 29, 31, 32, 33, 35, 36, 37, 40, 41, 43, 44, 45, 46, 52, 62, 67, 70, 72, 74, 77, 85]]
[94, 6.47099, [0, 1, 2, 3, 4, 6, 7, 8, 9, 11, 12, 13, 14, 16, 17, 18, 19, 22, 26, 28, 29, 31, 32, 33, 35, 36, 37, 40, 41, 43, 44, 45, 46, 52, 62, 68, 70, 71, 74, 77, 85]]
[94, 6.47434, [0, 1, 2, 3, 4, 6, 7, 8, 9, 11, 12, 13, 14, 16, 17, 18, 19, 22, 26, 28, 29, 31, 32, 33, 35, 36, 37, 40, 41, 43, 44, 45, 46, 57, 62, 67, 68, 70, 72, 74, 77]]
[94, 6.47318, [0, 1, 2, 3, 4, 6, 7, 8, 9, 11, 12, 13, 14, 16, 17, 18, 19, 22, 26, 28, 29, 31, 32, 33, 35, 36, 37, 40, 42, 43, 44, 45, 46, 57, 62, 67, 68, 70, 72, 74, 77]]
[94, 6.47803, [0, 1, 2, 3, 4, 6, 7, 8, 9, 11, 12, 13, 14, 16, 17, 18, 19, 22, 26, 28, 29, 31, 32, 33, 35, 36, 39, 40, 41, 43, 44, 45, 46, 52, 57, 62, 68, 70, 72, 74, 85]]
[94, 6.47593, [0, 1, 2, 3, 4, 6, 7, 8, 9, 11, 12, 13, 14, 16, 17, 18, 19, 22, 26, 28, 29, 31, 32, 33, 35, 36, 39, 40, 41, 43, 44, 45, 46, 52, 57, 62, 68, 70, 74, 77, 85]]
[94, 6.47466, [0, 1, 2, 3, 4, 6, 7, 8, 9, 11, 12, 13, 14, 16, 17, 18, 19, 22, 26, 28, 29, 31, 33, 34, 35, 36, 38, 39, 41, 42, 43, 45, 46, 52, 57, 62, 70, 72, 74, 77, 87]]
[94, 6.56672, [0, 1, 2, 3, 4, 6, 7, 8, 9, 11, 12, 13, 14, 16, 17, 18, 19, 22, 26, 28, 29, 32, 33, 35, 36, 37, 40, 41, 43, 44, 45, 46, 52, 57, 62, 68, 70, 72, 74, 77, 85, 89]]
[94, 6.55906, [0, 1, 2, 3, 4, 6, 7, 8, 9, 11, 12, 13, 14, 16, 17, 18, 19, 22, 26, 28, 29, 32, 33, 35, 36, 37, 40, 41, 43, 44, 45, 46, 52, 57, 68, 70, 72, 74, 77, 78, 85, 89]]
[94, 6.56087, [0, 1, 2, 3, 4, 6, 7, 8, 9, 11, 12, 13, 14, 16, 17, 18, 19, 22, 26, 28, 29, 32, 33, 35, 36, 37, 40, 41, 43, 44, 45, 46, 52, 62, 67, 68, 70, 72, 74, 77, 85, 89]]
[94, 6.54701, [0, 1, 2, 3, 4, 6, 7, 8, 9, 11, 12, 13, 14, 16, 17, 18, 19, 22, 26, 28, 29, 32, 33, 35, 36, 37, 40, 41, 43, 44, 45, 52, 57, 62, 68, 70, 72, 74, 77, 78, 85, 89]]
[94, 6.54573, [0, 1, 2, 3, 4, 6, 7, 8, 9, 11, 12, 13, 14, 16, 17, 18, 19, 22, 26, 28, 29, 32, 34, 35, 36, 37, 40, 41, 43, 44, 45, 52, 57, 62, 68, 70, 71, 74, 77, 78, 85, 89]]
[94, 6.53395, [0, 1, 2, 3, 4, 6, 7, 8, 9, 11, 12, 13, 14, 16, 17, 18, 19, 22, 26, 28, 29, 32, 34, 35, 36, 37, 41, 43, 44, 45, 46, 52, 57, 68, 70, 71, 72, 74, 77, 78, 85, 89]]
[94, 6.52144, [0, 1, 2, 3, 4, 6, 7, 8, 9, 11, 12, 13, 14, 16, 17, 18, 19, 22, 26, 28, 29, 32, 35, 36, 37, 40, 41, 43, 44, 45, 46, 52, 57, 68, 70, 72, 74, 77, 78, 80, 85, 89]]
[94, 6.52804, [0, 1, 2, 3, 4, 6, 7, 8, 9, 11, 12, 13, 14, 16, 17, 18, 19, 22, 26, 28, 29, 33, 35, 36, 37, 40, 41, 43, 44, 45, 46, 52, 57, 62, 68, 70, 72, 74, 77, 78, 85, 89]]
[94, 6.48354, [0, 1, 2, 3, 4, 6, 7, 8, 9, 11, 12, 13, 14, 16, 17, 18, 19, 26, 27, 28, 29, 30, 32, 33, 34, 35, 37, 39, 40, 41, 42, 44, 45, 46, 52, 57, 70, 72, 78, 83, 85]]
[94, 6.50051, [0, 1, 2, 3, 4, 6, 7, 8, 9, 11, 12, 13, 14, 16, 17, 18, 22, 26, 28, 29, 31, 32, 33, 34, 35, 37, 41, 43, 44, 45, 46, 52, 57, 66, 68, 70, 72, 74, 77, 85, 87, 89]]
[94, 6.49666, [0, 1, 2, 3, 4, 6, 7, 8, 9, 11, 12, 13, 14, 16, 17, 19, 21, 22, 23, 28, 29, 31, 32, 33, 34, 36, 37, 38, 39, 41, 43, 44, 45, 46, 52, 62, 65, 71, 74, 77, 82]]
[94, 6.47862, [0, 1, 2, 3, 4, 6, 7, 8, 9, 11, 12, 13, 14, 16, 17, 19, 22, 23, 26, 28, 29, 31, 32, 33, 34, 36, 37, 38, 39, 41, 43, 44, 45, 46, 52, 62, 68, 71, 74, 77, 82]]
[94, 6.50881, [0, 1, 2, 3, 4, 6, 7, 8, 9, 11, 12, 13, 14, 17, 18, 19, 20, 21, 24, 25, 26, 27, 28, 33, 34, 37, 38, 39, 40, 42, 43, 44, 45, 46, 52, 57, 70, 78, 79, 82, 83]]
[94, 6.4778, [0, 1, 2, 3, 4, 6, 7, 8, 9, 11, 12, 13, 14, 17, 18, 19, 20, 21, 24, 25, 26, 27, 28, 33, 34, 37, 39, 40, 42, 43, 44, 45, 46, 52, 57, 70, 78, 79, 82, 83, 85]]
[94, 6.47675, [0, 1, 2, 3, 4, 6, 7, 8, 9, 11, 12, 13, 14, 17, 18, 19, 20, 21, 24, 25, 26, 27, 28, 33, 34, 38, 39, 40, 42, 43, 44, 45, 46, 52, 57, 70, 78, 79, 82, 83, 84]]
[94, 6.55536, [0, 1, 2, 3, 4, 6, 7, 8, 9, 11, 12, 13, 14, 17, 18, 19, 20, 22, 26, 28, 29, 31, 33, 34, 35, 36, 39, 41, 42, 43, 45, 46, 52, 57, 62, 68, 70, 72, 74, 77, 85, 87]]
[94, 6.58702, [0, 1, 2, 3, 4, 6, 7, 8, 9, 11, 12, 13, 14, 17, 18, 19, 21, 22, 23, 24, 26, 32, 33, 35, 36, 37, 38, 40, 41, 43, 44, 45, 46, 52, 62, 63, 72, 74, 77, 78, 81, 89]]
[94, 6.49778, [0, 1, 2, 3, 4, 6, 7, 8, 9, 11, 12, 13, 14, 17, 18, 19, 21, 23, 27, 29, 30, 32, 33, 34, 37, 38, 39, 41, 42, 44, 45, 46, 63, 69, 72, 73, 75, 78, 82, 83, 87, 90]]
[94, 6.49914, [0, 1, 2, 3, 4, 6, 7, 8, 9, 11, 12, 13, 14, 17, 18, 19, 22, 26, 28, 29, 32, 33, 34, 36, 37, 39, 40, 41, 42, 43, 45, 46, 57, 62, 63, 68, 70, 72, 74, 77, 78, 85]]
[94, 6.47109, [0, 1, 2, 3, 4, 6, 7, 8, 9, 11, 12, 13, 14, 17, 18, 19, 22, 26, 28, 29, 32, 33, 35, 36, 37, 40, 41, 43, 44, 45, 46, 52, 57, 62, 68, 70, 72, 74, 77, 78, 85, 89]]
[94, 6.52548, [0, 1, 2, 3, 4, 6, 7, 8, 9, 11, 12, 13, 16, 17, 18, 19, 21, 22, 28, 29, 30, 32, 33, 35, 36, 37, 39, 40, 41, 44, 45, 46, 52, 57, 61, 62, 70, 72, 73, 74, 85, 89]]
[94, 6.4784, [0, 1, 2, 3, 4, 6, 7, 8, 9, 11, 12, 13, 16, 17, 18, 19, 21, 22, 28, 29, 32, 33, 35, 36, 37, 40, 41, 43, 44, 45, 46, 52, 57, 61, 62, 70, 72, 73, 74, 77, 85, 89]]
[94, 6.47255, [0, 1, 2, 3, 4, 6, 7, 8, 9, 11, 12, 13, 16, 17, 18, 19, 21, 22, 28, 29, 32, 33, 35, 36, 37, 40, 41, 43, 44, 45, 46, 52, 61, 62, 67, 70, 72, 73, 74, 77, 85, 89]]
[94, 6.47898, [0, 1, 2, 3, 4, 6, 7, 8, 9, 11, 12, 13, 16, 17, 18, 19, 22, 23, 26, 29, 32, 33, 34, 35, 36, 39, 40, 43, 44, 45, 46, 52, 57, 61, 62, 68, 71, 74, 77, 85, 88, 89]]
[94, 6.52085, [0, 1, 2, 3, 4, 6, 7, 8, 9, 11, 12, 13, 17, 18, 19, 20, 22, 23, 25, 26, 29, 33, 34, 35, 36, 37, 39, 40, 42, 43, 44, 45, 46, 52, 61, 62, 68, 71, 74, 77, 85, 88]]
[94, 6.47441, [0, 1, 2, 3, 4, 6, 7, 8, 9, 11, 12, 13, 17, 19, 20, 21, 23, 24, 27, 28, 29, 30, 32, 33, 34, 35, 37, 40, 42, 44, 45, 52, 57, 61, 62, 63, 72, 78, 83, 85, 86, 88]]
[94, 6.52581, [0, 1, 2, 3, 4, 6, 7, 8, 9, 11, 13, 14, 15, 18, 20, 21, 22, 23, 24, 26, 29, 31, 33, 34, 35, 37, 38, 40, 41, 42, 43, 44, 52, 57, 59, 63, 64, 66, 72, 74, 75, 86]]
[94, 6.48659, [0, 1, 2, 3, 4, 6, 7, 9, 10, 11, 12, 14, 18, 19, 20, 21, 23, 24, 25, 26, 27, 33, 34, 36, 38, 39, 41, 43, 46, 52, 55, 62, 63, 64, 69, 75, 76, 77, 79, 82, 84, 87, 89]]

Search completed in 193 hours, 13 minutes, and 56.27 seconds.  Enter a string to quit.
