Enter an integer k for which our Kempner sets are k-free: 6
Enter a positive integer modulus b: 15
Enter estimation parameters, or * for pre-computed parameters ([0.1883, 1.1795, 1.6654]): *
Enter a threshold (e.g. 4.2) to determine printed output: 4.7
Enter a root for the search space (e.g. [0, 1, 2]) [or * for the root [0]]: *
Enter an upper bound for the size of allowable digit sets [or * to ignore]: *
Enter a maximal number of deviations from a greedy search [or * to ignore]: *
Searching for k-free sets mod b...

[15, 5.13855, [0, 1, 2, 3, 4, 6, 7, 8]]
[15, 6.05534, [0, 1, 2, 3, 4, 6, 7, 9, 10]]
[15, 5.98589, [0, 1, 2, 3, 4, 6, 7, 9, 13]]
[15, 5.0798, [0, 1, 2, 3, 4, 6, 7, 10]]
[15, 5.02074, [0, 1, 2, 3, 4, 6, 7, 13]]
[15, 5.06704, [0, 1, 2, 3, 4, 6, 8, 9]]
[15, 4.9984, [0, 1, 2, 3, 4, 6, 8, 12]]
[15, 5.87084, [0, 1, 2, 3, 4, 6, 9, 10, 13]]
[15, 4.94954, [0, 1, 2, 3, 4, 6, 9, 13]]
[15, 5.79051, [0, 1, 2, 3, 4, 6, 10, 12, 13]]
[15, 4.92302, [0, 1, 2, 3, 4, 6, 10, 13]]
[15, 4.8812, [0, 1, 2, 3, 4, 6, 12, 13]]
[15, 4.9905, [0, 1, 2, 3, 4, 7, 8, 10]]
[15, 4.95859, [0, 1, 2, 3, 4, 7, 9, 10]]
[15, 4.93609, [0, 1, 2, 3, 4, 7, 9, 11]]
[15, 4.89982, [0, 1, 2, 3, 4, 7, 9, 13]]
[15, 4.90958, [0, 1, 2, 3, 4, 7, 10, 11]]
[15, 4.85093, [0, 1, 2, 3, 4, 7, 11, 13]]
[15, 4.89689, [0, 1, 2, 3, 4, 8, 9, 11]]
[15, 4.87755, [0, 1, 2, 3, 4, 8, 9, 12]]
[15, 4.87042, [0, 1, 2, 3, 4, 8, 10, 11]]
[15, 4.8511, [0, 1, 2, 3, 4, 8, 10, 12]]
[15, 5.6489, [0, 1, 2, 3, 4, 9, 10, 12, 13]]
[15, 4.80252, [0, 1, 2, 3, 4, 9, 10, 13]]
[15, 4.79697, [0, 1, 2, 3, 4, 9, 11, 12]]
[15, 4.76091, [0, 1, 2, 3, 4, 9, 12, 13]]
[15, 4.7538, [0, 1, 2, 3, 4, 10, 11, 13]]
[15, 4.73457, [0, 1, 2, 3, 4, 10, 12, 13]]
[15, 4.71227, [0, 1, 2, 3, 4, 11, 12, 13]]
[15, 5.04632, [0, 1, 2, 3, 5, 6, 7, 8]]
[15, 5.01436, [0, 1, 2, 3, 5, 6, 7, 9]]
[15, 4.92904, [0, 1, 2, 3, 5, 6, 7, 13]]
[15, 4.97506, [0, 1, 2, 3, 5, 6, 8, 9]]
[15, 4.90673, [0, 1, 2, 3, 5, 6, 8, 12]]
[15, 4.79007, [0, 1, 2, 3, 5, 6, 12, 13]]
[15, 4.87636, [0, 1, 2, 3, 5, 7, 8, 11]]
[15, 4.80853, [0, 1, 2, 3, 5, 7, 9, 13]]
[15, 4.75985, [0, 1, 2, 3, 5, 7, 11, 13]]
[15, 5.6522, [0, 1, 2, 3, 5, 8, 9, 11, 12]]
[15, 4.78629, [0, 1, 2, 3, 5, 8, 9, 12]]
[15, 4.73765, [0, 1, 2, 3, 5, 8, 11, 12]]
[15, 4.70605, [0, 1, 2, 3, 5, 9, 11, 12]]
[15, 4.83319, [0, 1, 2, 3, 6, 7, 8, 10]]
[15, 5.62767, [0, 1, 2, 3, 6, 7, 9, 10, 13]]
[15, 4.7432, [0, 1, 2, 3, 6, 7, 9, 13]]
[15, 4.71691, [0, 1, 2, 3, 6, 7, 10, 13]]
[15, 4.90725, [0, 1, 2, 4, 5, 6, 7, 8]]
[15, 4.87551, [0, 1, 2, 4, 5, 6, 7, 9]]
[15, 4.79093, [0, 1, 2, 4, 5, 6, 7, 13]]
[15, 4.83645, [0, 1, 2, 4, 5, 6, 8, 9]]
[15, 4.73711, [0, 1, 2, 4, 5, 6, 9, 12]]
[15, 5.55358, [0, 1, 2, 4, 5, 7, 8, 11, 13]]
[15, 4.70264, [0, 1, 2, 4, 5, 7, 8, 13]]
[15, 4.70686, [0, 1, 2, 4, 5, 7, 9, 11]]
[15, 5.30478, [0, 1, 2, 4, 6, 9, 10, 12, 13]]
[15, 5.43549, [0, 1, 3, 4, 5, 6, 7, 9, 13]]
[15, 5.35731, [0, 1, 3, 4, 5, 6, 7, 12, 13]]
[15, 5.21829, [0, 1, 3, 4, 5, 7, 9, 12, 13]]
[15, 5.32329, [0, 1, 3, 4, 6, 7, 8, 9, 10]]
[15, 5.24543, [0, 1, 3, 4, 6, 7, 8, 10, 12]]
[15, 5.10679, [0, 1, 3, 4, 7, 8, 9, 10, 12]]
[15, 5.01504, [0, 1, 3, 4, 7, 9, 10, 11, 12]]
[15, 4.94906, [0, 1, 3, 4, 7, 9, 11, 12, 13]]
[15, 4.83851, [0, 1, 3, 4, 9, 10, 11, 12, 13]]
[15, 4.87759, [0, 1, 4, 5, 6, 7, 9, 12, 13]]
[15, 4.76673, [0, 1, 4, 6, 7, 8, 9, 10, 12]]
[15, 4.7017, [0, 1, 4, 6, 7, 8, 9, 12, 13]]
[15, 4.82184, [0, 2, 3, 4, 5, 6, 8, 9, 11]]
[15, 4.74809, [0, 2, 3, 4, 5, 6, 8, 11, 12]]

Search completed in 0 hours, 0 minutes, and 0.043 seconds.  Enter a string to quit.