Enter an integer k for which our Kempner sets are k-free: 6
Enter a positive integer modulus b: 42
Enter estimation parameters, or * for pre-computed parameters ([0.1117, 1.1209, 1.4663]): *
Enter a threshold (e.g. 4.2) to determine printed output: 5.65
Enter a root for the search space (e.g. [0, 1, 2]) [or * for the root [0]]: *
Enter an upper bound for the size of allowable digit sets [or * to ignore]: *
Enter a maximal number of deviations from a greedy search [or * to ignore]: *
Searching for k-free sets mod b...

[42, 5.98054, [0, 1, 2, 3, 4, 6, 7, 8, 9, 11, 12, 13, 14, 17, 18, 19, 20, 26, 36, 37]]
[42, 5.71102, [0, 1, 2, 3, 4, 6, 7, 8, 9, 11, 12, 13, 14, 17, 18, 19, 20, 26, 37]]
[42, 5.68665, [0, 1, 2, 3, 4, 6, 7, 8, 9, 11, 12, 13, 14, 17, 18, 19, 20, 36, 37]]
[42, 5.66255, [0, 1, 2, 3, 4, 6, 7, 8, 9, 11, 12, 13, 14, 17, 18, 19, 26, 36, 37]]
[42, 5.65727, [0, 1, 2, 3, 4, 6, 7, 8, 9, 11, 12, 13, 14, 17, 18, 20, 26, 36, 37]]
[42, 5.65149, [0, 1, 2, 3, 4, 6, 7, 8, 9, 11, 12, 13, 14, 17, 19, 20, 26, 36, 37]]
[42, 5.65746, [0, 1, 2, 3, 4, 6, 7, 8, 9, 11, 12, 13, 14, 18, 19, 20, 26, 31, 36]]
[42, 5.82897, [0, 1, 2, 3, 4, 6, 7, 8, 9, 11, 12, 13, 18, 19, 20, 26, 31, 35, 36, 38]]
[42, 5.81609, [0, 1, 2, 3, 4, 6, 7, 8, 9, 11, 12, 13, 18, 19, 20, 26, 35, 36, 37, 38]]
[42, 5.77102, [0, 1, 2, 3, 4, 6, 7, 8, 9, 11, 12, 13, 18, 20, 26, 31, 35, 36, 37, 38]]
[42, 5.72282, [0, 1, 2, 3, 4, 6, 7, 8, 9, 11, 12, 18, 19, 20, 26, 31, 35, 36, 37, 38]]
[42, 5.97506, [0, 1, 2, 3, 4, 6, 7, 8, 9, 11, 13, 14, 15, 16, 18, 19, 20, 26, 31, 33]]
[42, 5.69529, [0, 1, 2, 3, 4, 6, 7, 8, 9, 11, 13, 14, 15, 16, 18, 19, 20, 26, 33]]
[42, 5.68146, [0, 1, 2, 3, 4, 6, 7, 8, 9, 11, 13, 14, 15, 16, 18, 19, 20, 31, 33]]
[42, 5.67189, [0, 1, 2, 3, 4, 6, 7, 8, 9, 11, 13, 14, 15, 16, 18, 19, 20, 31, 38]]
[42, 5.65736, [0, 1, 2, 3, 4, 6, 7, 8, 9, 11, 13, 14, 15, 16, 18, 19, 26, 31, 33]]
[42, 5.65209, [0, 1, 2, 3, 4, 6, 7, 8, 9, 11, 13, 14, 15, 16, 18, 20, 26, 31, 33]]
[42, 5.90737, [0, 1, 2, 3, 4, 6, 7, 8, 9, 11, 13, 14, 15, 16, 19, 20, 26, 31, 33, 39]]
[42, 5.68029, [0, 1, 2, 3, 4, 6, 7, 8, 9, 11, 13, 14, 16, 17, 18, 19, 20, 26, 33]]
[42, 5.87316, [0, 1, 2, 3, 4, 6, 7, 8, 9, 11, 13, 15, 16, 18, 19, 20, 26, 31, 35, 38]]
[42, 5.80558, [0, 1, 2, 3, 4, 6, 7, 8, 9, 11, 13, 15, 16, 19, 20, 26, 31, 35, 38, 39]]
[42, 5.706, [0, 1, 2, 3, 4, 6, 7, 8, 9, 11, 13, 18, 19, 20, 26, 33, 35, 36, 37, 38]]
[42, 5.65804, [0, 1, 2, 3, 4, 6, 7, 8, 9, 11, 14, 18, 19, 26, 31, 33, 34, 36, 37, 38]]
[42, 5.74889, [0, 1, 2, 3, 4, 6, 7, 8, 9, 13, 15, 16, 18, 19, 20, 26, 31, 33, 35, 38]]
[42, 5.68145, [0, 1, 2, 3, 4, 6, 7, 8, 9, 13, 15, 16, 19, 20, 26, 31, 33, 35, 38, 39]]
[42, 5.75943, [0, 1, 2, 3, 4, 6, 7, 8, 11, 12, 13, 14, 17, 19, 20, 26, 30, 36, 37, 39]]
[42, 5.76004, [0, 1, 2, 3, 4, 6, 7, 8, 11, 12, 13, 15, 18, 19, 20, 26, 30, 31, 35, 38]]
[42, 5.6926, [0, 1, 2, 3, 4, 6, 7, 8, 11, 12, 13, 15, 19, 20, 26, 30, 31, 35, 38, 39]]
[42, 5.8381, [0, 1, 2, 3, 4, 6, 7, 9, 10, 11, 13, 14, 15, 18, 19, 20, 26, 33, 37, 38]]
[42, 5.77058, [0, 1, 2, 3, 4, 6, 7, 9, 10, 11, 13, 14, 15, 19, 20, 26, 33, 37, 38, 39]]
[42, 5.79663, [0, 1, 2, 3, 4, 6, 7, 9, 11, 12, 13, 14, 16, 18, 19, 20, 29, 31, 36, 38]]
[42, 5.74589, [0, 1, 2, 3, 4, 6, 7, 9, 11, 12, 13, 14, 18, 19, 20, 26, 29, 31, 36, 38]]
[42, 5.79468, [0, 1, 2, 3, 4, 7, 8, 9, 10, 11, 13, 14, 15, 18, 19, 20, 26, 27, 33, 37]]
[42, 5.76566, [0, 1, 2, 3, 4, 7, 8, 9, 10, 11, 13, 14, 15, 18, 19, 20, 27, 33, 37, 38]]
[42, 5.74056, [0, 1, 2, 3, 4, 7, 8, 9, 10, 11, 13, 14, 15, 18, 19, 26, 27, 33, 37, 38]]
[42, 5.69743, [0, 1, 2, 3, 4, 7, 8, 9, 10, 11, 13, 15, 18, 19, 20, 26, 27, 33, 37, 38]]
[42, 5.84304, [0, 1, 2, 3, 4, 7, 8, 9, 10, 12, 13, 14, 15, 17, 18, 19, 20, 26, 27, 37]]
[42, 5.7756, [0, 1, 2, 3, 4, 7, 8, 9, 10, 12, 13, 14, 15, 17, 19, 20, 26, 27, 37, 39]]
[42, 5.75881, [0, 1, 2, 3, 4, 7, 8, 9, 10, 12, 13, 14, 15, 17, 19, 20, 27, 32, 37, 39]]
[42, 5.73371, [0, 1, 2, 3, 4, 7, 8, 9, 10, 12, 13, 14, 15, 17, 19, 26, 27, 32, 37, 39]]
[42, 5.67459, [0, 1, 2, 3, 4, 7, 8, 9, 10, 12, 13, 14, 17, 19, 20, 27, 32, 36, 37, 39]]
[42, 5.69058, [0, 1, 2, 3, 4, 7, 8, 9, 10, 12, 13, 15, 17, 19, 20, 26, 27, 32, 37, 39]]
[42, 5.73294, [0, 1, 2, 3, 4, 7, 8, 9, 10, 13, 14, 15, 17, 18, 19, 20, 26, 27, 33, 37]]
[42, 5.67481, [0, 1, 2, 3, 4, 7, 8, 9, 11, 12, 13, 14, 17, 19, 20, 26, 27, 36, 37, 39]]
[42, 5.66869, [0, 1, 2, 3, 4, 7, 8, 9, 11, 12, 14, 15, 18, 19, 20, 26, 27, 31, 34, 37]]
[42, 5.73658, [0, 1, 2, 3, 4, 7, 8, 9, 11, 13, 14, 15, 16, 18, 19, 20, 26, 27, 31, 33]]
[42, 5.7076, [0, 1, 2, 3, 4, 7, 8, 9, 11, 13, 14, 15, 16, 18, 19, 20, 27, 31, 33, 38]]
[42, 5.68252, [0, 1, 2, 3, 4, 7, 8, 9, 11, 13, 14, 15, 16, 18, 19, 26, 27, 31, 33, 38]]
[42, 5.65699, [0, 1, 2, 3, 5, 6, 7, 8, 9, 12, 13, 16, 18, 20, 25, 31, 32, 35, 36, 38]]
[42, 5.71932, [0, 1, 2, 3, 5, 6, 7, 8, 9, 13, 14, 15, 16, 18, 20, 25, 31, 32, 33, 40]]
[42, 5.66531, [0, 1, 2, 3, 5, 6, 7, 8, 9, 13, 14, 15, 16, 18, 25, 31, 32, 33, 38, 40]]
[42, 5.65207, [0, 1, 2, 3, 5, 6, 7, 8, 9, 13, 14, 15, 16, 20, 25, 31, 32, 33, 39, 40]]
[42, 5.69914, [0, 1, 2, 3, 5, 6, 7, 8, 9, 13, 14, 15, 17, 18, 20, 25, 32, 33, 37, 40]]
[42, 5.73487, [0, 1, 2, 3, 5, 6, 7, 8, 10, 11, 12, 13, 14, 19, 20, 30, 36, 37, 38, 39]]
[42, 5.87615, [0, 1, 2, 3, 5, 6, 7, 8, 10, 11, 12, 13, 16, 17, 18, 19, 20, 25, 35, 36]]
[42, 5.8038, [0, 1, 2, 3, 5, 6, 7, 8, 10, 11, 12, 13, 16, 18, 19, 20, 25, 35, 36, 38]]
[42, 5.71562, [0, 1, 2, 3, 5, 6, 7, 8, 10, 11, 12, 13, 17, 19, 20, 30, 35, 36, 37, 39]]
[42, 5.66519, [0, 1, 2, 3, 5, 6, 7, 8, 10, 11, 13, 14, 18, 20, 25, 30, 33, 36, 37, 38]]
[42, 5.71604, [0, 1, 2, 3, 5, 6, 7, 8, 10, 12, 13, 14, 17, 19, 20, 25, 30, 32, 36, 39]]
[42, 5.68545, [0, 1, 2, 3, 5, 6, 7, 8, 10, 12, 13, 14, 17, 19, 20, 30, 32, 36, 37, 39]]
[42, 5.65835, [0, 1, 2, 3, 5, 6, 7, 8, 10, 12, 13, 14, 17, 20, 25, 30, 32, 36, 37, 39]]
[42, 5.71822, [0, 1, 2, 3, 5, 6, 7, 8, 11, 12, 13, 14, 15, 18, 20, 25, 30, 31, 38, 40]]
[42, 5.70542, [0, 1, 2, 3, 5, 6, 7, 8, 11, 12, 13, 14, 15, 18, 20, 25, 30, 37, 38, 40]]
[42, 5.68763, [0, 1, 2, 3, 5, 6, 7, 8, 11, 12, 13, 14, 15, 18, 20, 30, 31, 37, 38, 40]]
[42, 5.65599, [0, 1, 2, 3, 5, 6, 7, 8, 12, 13, 14, 15, 17, 18, 20, 25, 30, 32, 37, 40]]
[42, 5.68965, [0, 1, 2, 3, 5, 6, 7, 9, 10, 12, 13, 14, 18, 19, 20, 25, 29, 32, 36, 38]]
[42, 5.65909, [0, 1, 2, 3, 5, 6, 7, 9, 10, 12, 13, 14, 18, 19, 20, 29, 32, 36, 37, 38]]
[42, 5.70139, [0, 1, 2, 3, 5, 6, 7, 10, 11, 12, 13, 16, 17, 18, 19, 20, 25, 29, 35, 36]]
[42, 5.71359, [0, 1, 2, 3, 5, 6, 8, 9, 10, 12, 13, 14, 17, 18, 19, 20, 25, 32, 36, 37]]
[42, 5.66886, [0, 1, 2, 3, 5, 7, 8, 9, 10, 12, 13, 14, 15, 16, 19, 25, 27, 32, 38, 39]]
[42, 5.70013, [0, 1, 2, 3, 6, 7, 8, 9, 11, 12, 13, 14, 16, 17, 18, 19, 20, 25, 26, 36]]
[42, 5.68036, [0, 1, 2, 4, 5, 6, 7, 9, 10, 11, 12, 13, 17, 18, 19, 20, 24, 29, 35, 37]]
[42, 5.6812, [0, 1, 2, 4, 5, 6, 7, 9, 11, 12, 13, 14, 16, 17, 18, 19, 20, 29, 31, 36]]

Search completed in 0 hours, 0 minutes, and 0.788 seconds.  Enter a string to quit.