Enter an integer k for which our Kempner sets are k-free: 6
Enter a positive integer modulus b: 46
Enter estimation parameters, or * for pre-computed parameters ([0.1087, 1.1141, 1.4635]): *
Enter a threshold (e.g. 4.2) to determine printed output: 5.75
Enter a root for the search space (e.g. [0, 1, 2]) [or * for the root [0]]: *
Enter an upper bound for the size of allowable digit sets [or * to ignore]: *
Enter a maximal number of deviations from a greedy search [or * to ignore]: *
Searching for k-free sets mod b...

[46, 5.94588, [0, 1, 2, 3, 4, 6, 7, 8, 9, 11, 12, 13, 14, 16, 17, 18, 19, 21, 22, 28, 33]]
[46, 5.86951, [0, 1, 2, 3, 4, 6, 7, 8, 9, 11, 12, 13, 14, 16, 17, 19, 21, 22, 28, 38, 41]]
[46, 5.85628, [0, 1, 2, 3, 4, 6, 7, 8, 9, 11, 12, 13, 14, 17, 18, 19, 20, 21, 33, 38, 39]]
[46, 5.85187, [0, 1, 2, 3, 4, 6, 7, 8, 9, 11, 12, 13, 14, 17, 18, 19, 20, 22, 33, 38, 39]]
[46, 5.84708, [0, 1, 2, 3, 4, 6, 7, 8, 9, 11, 12, 13, 14, 17, 18, 19, 21, 22, 33, 38, 39]]
[46, 5.85882, [0, 1, 2, 3, 4, 6, 7, 8, 9, 11, 12, 13, 14, 17, 18, 20, 21, 22, 28, 33, 42]]
[46, 5.84185, [0, 1, 2, 3, 4, 6, 7, 8, 9, 11, 12, 13, 14, 17, 18, 20, 21, 22, 33, 38, 39]]
[46, 5.8357, [0, 1, 2, 3, 4, 6, 7, 8, 9, 11, 12, 13, 14, 17, 18, 20, 21, 22, 33, 39, 42]]
[46, 5.85922, [0, 1, 2, 3, 4, 6, 7, 8, 9, 11, 12, 13, 14, 17, 19, 20, 21, 22, 28, 33, 38]]
[46, 5.84515, [0, 1, 2, 3, 4, 6, 7, 8, 9, 11, 12, 13, 14, 17, 19, 20, 21, 22, 28, 38, 41]]
[46, 5.8361, [0, 1, 2, 3, 4, 6, 7, 8, 9, 11, 12, 13, 14, 17, 19, 20, 21, 22, 33, 38, 39]]
[46, 5.82203, [0, 1, 2, 3, 4, 6, 7, 8, 9, 11, 12, 13, 14, 17, 19, 20, 21, 22, 38, 39, 41]]
[46, 5.81248, [0, 1, 2, 3, 4, 6, 7, 8, 9, 11, 12, 13, 14, 17, 19, 20, 21, 28, 33, 38, 41]]
[46, 5.78938, [0, 1, 2, 3, 4, 6, 7, 8, 9, 11, 12, 13, 14, 17, 19, 20, 21, 33, 38, 39, 41]]
[46, 5.82977, [0, 1, 2, 3, 4, 6, 7, 8, 9, 11, 12, 13, 14, 18, 19, 20, 21, 22, 33, 38, 39]]
[46, 5.8172, [0, 1, 2, 3, 4, 6, 7, 8, 9, 11, 12, 13, 14, 18, 19, 20, 21, 22, 38, 39, 40]]
[46, 5.77535, [0, 1, 2, 3, 4, 6, 7, 8, 9, 11, 12, 13, 14, 18, 19, 21, 22, 33, 38, 39, 40]]
[46, 5.77342, [0, 1, 2, 3, 4, 6, 7, 8, 9, 11, 12, 13, 14, 19, 20, 21, 22, 28, 38, 40, 41]]
[46, 5.76568, [0, 1, 2, 3, 4, 6, 7, 8, 9, 11, 12, 13, 17, 18, 19, 20, 21, 33, 37, 38, 39]]
[46, 5.76128, [0, 1, 2, 3, 4, 6, 7, 8, 9, 11, 12, 13, 17, 18, 19, 20, 22, 33, 37, 38, 39]]
[46, 5.76822, [0, 1, 2, 3, 4, 6, 7, 8, 9, 11, 12, 13, 17, 18, 20, 21, 22, 28, 33, 37, 42]]
[46, 5.76392, [0, 1, 2, 3, 4, 6, 7, 8, 9, 11, 12, 13, 17, 19, 20, 21, 22, 28, 33, 37, 41]]
[46, 5.76222, [0, 1, 2, 3, 4, 6, 7, 8, 9, 11, 12, 13, 17, 19, 20, 21, 22, 28, 33, 38, 41]]
[46, 5.84686, [0, 1, 2, 3, 4, 6, 7, 8, 9, 11, 12, 14, 16, 17, 18, 19, 21, 22, 28, 33, 36]]
[46, 5.7706, [0, 1, 2, 3, 4, 6, 7, 8, 9, 11, 12, 14, 16, 17, 19, 21, 22, 28, 36, 38, 41]]
[46, 5.75739, [0, 1, 2, 3, 4, 6, 7, 8, 9, 11, 12, 14, 17, 18, 19, 20, 21, 33, 36, 38, 39]]
[46, 5.89796, [0, 1, 2, 3, 4, 6, 7, 8, 9, 11, 13, 14, 15, 16, 18, 19, 20, 21, 22, 28, 33]]
[46, 5.88183, [0, 1, 2, 3, 4, 6, 7, 8, 9, 11, 13, 14, 15, 16, 18, 19, 20, 21, 22, 33, 35]]
[46, 5.86925, [0, 1, 2, 3, 4, 6, 7, 8, 9, 11, 13, 14, 15, 16, 18, 19, 20, 21, 22, 35, 40]]
[46, 5.83917, [0, 1, 2, 3, 4, 6, 7, 8, 9, 11, 13, 14, 15, 16, 18, 19, 21, 22, 28, 33, 43]]
[46, 5.82304, [0, 1, 2, 3, 4, 6, 7, 8, 9, 11, 13, 14, 15, 16, 18, 19, 21, 22, 33, 35, 43]]
[46, 5.80459, [0, 1, 2, 3, 4, 6, 7, 8, 9, 11, 13, 14, 15, 18, 19, 20, 21, 22, 33, 35, 39]]
[46, 5.79203, [0, 1, 2, 3, 4, 6, 7, 8, 9, 11, 13, 14, 15, 18, 19, 20, 21, 22, 35, 39, 40]]
[46, 5.83658, [0, 1, 2, 3, 4, 6, 7, 8, 9, 11, 13, 14, 16, 17, 18, 19, 20, 22, 28, 33, 38]]
[46, 5.83256, [0, 1, 2, 3, 4, 6, 7, 8, 9, 11, 13, 14, 16, 17, 18, 19, 20, 22, 28, 35, 38]]
[46, 5.82426, [0, 1, 2, 3, 4, 6, 7, 8, 9, 11, 13, 14, 16, 17, 18, 19, 21, 22, 28, 33, 43]]
[46, 5.81489, [0, 1, 2, 3, 4, 6, 7, 8, 9, 11, 13, 14, 16, 17, 18, 19, 21, 22, 28, 38, 43]]
[46, 5.79877, [0, 1, 2, 3, 4, 6, 7, 8, 9, 11, 13, 14, 16, 17, 18, 19, 21, 22, 35, 38, 43]]
[46, 5.77382, [0, 1, 2, 3, 4, 6, 7, 8, 9, 11, 13, 14, 16, 17, 18, 19, 22, 28, 35, 38, 43]]
[46, 5.78548, [0, 1, 2, 3, 4, 6, 7, 8, 9, 11, 13, 14, 16, 17, 18, 20, 22, 28, 33, 35, 38]]
[46, 5.75789, [0, 1, 2, 3, 4, 6, 7, 8, 9, 11, 13, 14, 16, 17, 18, 20, 22, 33, 35, 38, 42]]
[46, 5.80675, [0, 1, 2, 3, 4, 6, 7, 8, 9, 11, 13, 14, 16, 17, 19, 20, 21, 22, 28, 38, 41]]
[46, 5.7858, [0, 1, 2, 3, 4, 6, 7, 8, 9, 11, 13, 14, 16, 18, 19, 20, 21, 22, 35, 38, 40]]
[46, 5.7734, [0, 1, 2, 3, 4, 6, 7, 8, 9, 11, 13, 14, 16, 18, 19, 20, 22, 28, 33, 35, 38]]
[46, 5.75939, [0, 1, 2, 3, 4, 6, 7, 8, 9, 11, 13, 14, 17, 18, 19, 20, 22, 28, 33, 38, 39]]
[46, 5.75538, [0, 1, 2, 3, 4, 6, 7, 8, 9, 11, 13, 14, 17, 18, 19, 20, 22, 28, 35, 38, 39]]
[46, 5.95132, [0, 1, 2, 3, 4, 6, 7, 8, 9, 11, 13, 14, 17, 18, 20, 22, 28, 33, 35, 38, 39, 42]]
[46, 5.77864, [0, 1, 2, 3, 4, 6, 7, 8, 9, 11, 13, 15, 16, 18, 19, 20, 21, 22, 35, 37, 40]]
[46, 5.79497, [0, 1, 2, 3, 4, 6, 7, 8, 9, 11, 14, 15, 16, 17, 18, 20, 21, 22, 33, 35, 36]]
[46, 5.75237, [0, 1, 2, 3, 4, 6, 7, 8, 9, 11, 14, 15, 16, 17, 18, 21, 22, 28, 33, 36, 43]]
[46, 5.799, [0, 1, 2, 3, 4, 6, 7, 8, 9, 11, 14, 15, 16, 18, 19, 20, 21, 22, 28, 33, 36]]
[46, 5.78289, [0, 1, 2, 3, 4, 6, 7, 8, 9, 11, 14, 15, 16, 18, 19, 20, 21, 22, 33, 35, 36]]
[46, 5.78001, [0, 1, 2, 3, 4, 6, 7, 8, 11, 12, 13, 14, 15, 17, 18, 20, 21, 22, 28, 33, 42]]
[46, 5.75693, [0, 1, 2, 3, 4, 6, 7, 8, 11, 12, 13, 14, 15, 17, 18, 20, 21, 22, 33, 39, 42]]
[46, 5.9613, [0, 1, 2, 3, 4, 6, 7, 8, 11, 12, 13, 15, 16, 18, 19, 21, 22, 28, 32, 33, 37, 43]]
[46, 5.88104, [0, 1, 2, 3, 4, 6, 7, 8, 11, 12, 13, 15, 18, 19, 21, 22, 28, 32, 33, 37, 39, 43]]
[46, 5.83021, [0, 1, 2, 3, 4, 6, 7, 8, 11, 13, 14, 16, 18, 19, 21, 22, 32, 33, 35, 38, 40, 43]]
[46, 5.78998, [0, 1, 2, 3, 4, 6, 7, 9, 10, 11, 12, 14, 16, 17, 19, 20, 21, 22, 28, 31, 41]]
[46, 5.76854, [0, 1, 2, 3, 4, 6, 7, 9, 10, 11, 12, 14, 16, 17, 19, 20, 21, 22, 31, 38, 41]]
[46, 5.75946, [0, 1, 2, 3, 4, 6, 7, 9, 10, 11, 14, 15, 16, 17, 19, 20, 21, 22, 28, 31, 41]]
[46, 5.83535, [0, 1, 2, 3, 4, 6, 7, 9, 10, 11, 15, 17, 18, 19, 20, 22, 31, 35, 36, 37, 39, 44]]
[46, 6.00007, [0, 1, 2, 3, 4, 6, 7, 9, 11, 12, 13, 14, 16, 17, 19, 20, 21, 22, 28, 31, 38, 41]]
[46, 5.89912, [0, 1, 2, 3, 4, 6, 7, 9, 11, 13, 14, 16, 17, 18, 19, 20, 22, 28, 31, 35, 38, 44]]
[46, 5.83816, [0, 1, 2, 3, 4, 6, 7, 9, 11, 13, 14, 16, 17, 18, 19, 22, 28, 31, 35, 38, 43, 44]]
[46, 5.81895, [0, 1, 2, 3, 4, 6, 7, 9, 11, 13, 14, 17, 18, 19, 20, 22, 28, 31, 35, 38, 39, 44]]
[46, 5.76712, [0, 1, 2, 3, 4, 6, 8, 9, 11, 13, 14, 18, 19, 20, 21, 22, 28, 33, 35, 38, 39, 40]]
[46, 5.78863, [0, 1, 2, 3, 4, 6, 8, 9, 11, 17, 18, 21, 22, 28, 30, 33, 35, 36, 37, 38, 39, 42, 43]]
[46, 5.75217, [0, 1, 2, 3, 4, 6, 9, 10, 11, 13, 14, 16, 17, 19, 21, 22, 28, 31, 35, 38, 41, 43]]
[46, 5.9488, [0, 1, 2, 3, 4, 7, 8, 9, 10, 12, 13, 14, 15, 17, 18, 20, 21, 22, 29, 34, 39, 42]]
[46, 5.87971, [0, 1, 2, 3, 4, 7, 8, 9, 11, 12, 13, 14, 16, 18, 19, 21, 22, 28, 29, 33, 40, 43]]
[46, 5.81035, [0, 1, 2, 3, 4, 7, 8, 9, 11, 12, 13, 14, 16, 19, 21, 22, 28, 29, 33, 40, 41, 43]]
[46, 5.80067, [0, 1, 2, 3, 4, 7, 8, 9, 11, 12, 13, 14, 16, 19, 21, 22, 28, 29, 38, 40, 41, 43]]
[46, 5.99937, [0, 1, 2, 3, 4, 7, 8, 11, 12, 13, 14, 15, 17, 19, 20, 22, 28, 29, 32, 33, 39, 41, 44]]
[46, 5.93183, [0, 1, 2, 3, 4, 7, 8, 11, 12, 13, 14, 15, 17, 20, 22, 28, 29, 32, 33, 39, 41, 42, 44]]
[46, 5.80156, [0, 1, 2, 3, 4, 7, 9, 10, 11, 12, 14, 15, 16, 19, 20, 21, 22, 28, 29, 36, 40, 41]]
[46, 5.7743, [0, 1, 2, 3, 4, 8, 9, 10, 11, 13, 14, 16, 17, 18, 19, 21, 22, 28, 29, 30, 35, 43]]
[46, 5.75212, [0, 1, 2, 3, 4, 8, 9, 11, 12, 13, 14, 15, 17, 18, 20, 21, 22, 28, 29, 30, 33, 42]]
[46, 5.77939, [0, 1, 2, 3, 5, 6, 7, 8, 10, 11, 12, 13, 15, 16, 18, 19, 20, 21, 27, 37, 40]]
[46, 5.76499, [0, 1, 2, 3, 5, 6, 7, 8, 10, 11, 12, 13, 15, 16, 18, 20, 21, 22, 27, 37, 40]]
[46, 5.75724, [0, 1, 2, 3, 5, 6, 7, 8, 10, 11, 12, 13, 15, 18, 19, 20, 21, 22, 27, 32, 39]]
[46, 5.80256, [0, 1, 2, 3, 5, 6, 7, 8, 10, 11, 15, 16, 17, 18, 19, 22, 32, 35, 36, 37, 43, 44]]
[46, 5.82636, [0, 1, 2, 3, 5, 6, 7, 8, 10, 12, 13, 17, 18, 19, 20, 21, 27, 32, 34, 37, 38, 39]]
[46, 5.84695, [0, 1, 2, 3, 5, 6, 7, 8, 10, 13, 15, 16, 17, 18, 20, 21, 22, 27, 34, 35, 37, 42]]
[46, 5.77266, [0, 1, 2, 3, 5, 6, 7, 8, 10, 13, 15, 16, 18, 20, 21, 22, 27, 34, 35, 37, 40, 42]]
[46, 5.76474, [0, 1, 2, 3, 5, 6, 7, 8, 11, 12, 13, 14, 15, 19, 22, 27, 32, 39, 40, 41, 43, 44]]
[46, 5.83717, [0, 1, 2, 3, 5, 6, 7, 8, 11, 12, 13, 14, 16, 18, 19, 22, 27, 32, 33, 40, 43, 44]]
[46, 5.88159, [0, 1, 2, 3, 5, 6, 7, 8, 11, 12, 14, 15, 16, 18, 19, 21, 22, 27, 32, 33, 36, 43]]
[46, 5.82436, [0, 1, 2, 3, 5, 6, 7, 8, 11, 12, 14, 15, 16, 18, 19, 22, 27, 32, 33, 36, 43, 44]]
[46, 5.79177, [0, 1, 2, 3, 5, 6, 7, 8, 11, 12, 14, 16, 18, 19, 21, 22, 27, 32, 33, 36, 40, 43]]
[46, 5.75864, [0, 1, 2, 3, 5, 6, 7, 10, 11, 12, 13, 14, 17, 19, 20, 22, 31, 32, 38, 39, 41, 44]]
[46, 5.91913, [0, 1, 2, 3, 5, 6, 8, 9, 10, 11, 13, 15, 16, 18, 19, 20, 21, 22, 27, 30, 37, 40]]
[46, 5.86191, [0, 1, 2, 3, 5, 6, 8, 9, 10, 11, 13, 15, 16, 18, 19, 20, 22, 27, 30, 37, 40, 44]]
[46, 5.75325, [0, 1, 2, 3, 5, 6, 8, 9, 10, 11, 15, 16, 17, 18, 19, 22, 30, 35, 36, 37, 43, 44]]
[46, 5.75768, [0, 1, 2, 3, 5, 6, 8, 10, 12, 13, 15, 16, 17, 18, 19, 21, 22, 27, 30, 34, 37, 43]]
[46, 5.79222, [0, 1, 2, 3, 5, 7, 8, 9, 10, 12, 13, 15, 16, 18, 20, 21, 22, 27, 34, 37, 40, 42]]
[46, 5.7642, [0, 1, 2, 3, 5, 7, 8, 10, 11, 13, 14, 15, 16, 18, 20, 21, 22, 27, 29, 32, 35, 42]]
[46, 5.78284, [0, 1, 2, 4, 5, 7, 8, 9, 10, 12, 13, 14, 15, 18, 19, 20, 21, 22, 26, 29, 34, 39]]

Search completed in 0 hours, 0 minutes, and 4.742 seconds.  Enter a string to quit.