Enter an integer k for which our Kempner sets are k-free: 6
Enter a positive integer modulus b: 29
Enter estimation parameters, or * for pre-computed parameters ([0.1319, 1.1409, 1.5243]): *
Enter a threshold (e.g. 4.2) to determine printed output: 6.4
Enter a root for the search space (e.g. [0, 1, 2]) [or * for the root [0]]: *
Enter an upper bound for the size of allowable digit sets [or * to ignore]: *
Enter a maximal number of deviations from a greedy search [or * to ignore]: *
Searching for k-free sets mod b...

[29, 6.57662, [0, 1, 2, 3, 4, 6, 7, 8, 9, 11, 12, 13, 14, 16, 17, 21]]
[29, 6.56814, [0, 1, 2, 3, 4, 6, 7, 8, 9, 11, 12, 13, 14, 16, 18, 21]]
[29, 6.55876, [0, 1, 2, 3, 4, 6, 7, 8, 9, 11, 12, 13, 14, 17, 18, 21]]
[29, 6.55104, [0, 1, 2, 3, 4, 6, 7, 8, 9, 11, 12, 13, 14, 17, 19, 21]]
[29, 6.52076, [0, 1, 2, 3, 4, 6, 7, 8, 9, 11, 12, 13, 14, 17, 21, 24]]
[29, 6.54255, [0, 1, 2, 3, 4, 6, 7, 8, 9, 11, 12, 13, 14, 18, 19, 21]]
[29, 6.51622, [0, 1, 2, 3, 4, 6, 7, 8, 9, 11, 12, 13, 14, 19, 20, 23]]
[29, 6.51566, [0, 1, 2, 3, 4, 6, 7, 8, 9, 11, 12, 14, 16, 17, 19, 21]]
[29, 6.50718, [0, 1, 2, 3, 4, 6, 7, 8, 9, 11, 12, 14, 16, 18, 19, 21]]
[29, 6.50248, [0, 1, 2, 3, 4, 6, 7, 8, 9, 11, 13, 14, 15, 18, 19, 21]]
[29, 6.47223, [0, 1, 2, 3, 4, 6, 7, 8, 9, 11, 13, 14, 15, 18, 21, 24]]
[29, 6.48772, [0, 1, 2, 3, 4, 6, 7, 8, 9, 11, 13, 14, 15, 19, 20, 21]]
[29, 6.46264, [0, 1, 2, 3, 4, 6, 7, 8, 9, 11, 13, 14, 15, 20, 21, 23]]
[29, 6.43464, [0, 1, 2, 3, 4, 6, 7, 8, 9, 11, 13, 14, 15, 21, 23, 25]]
[29, 6.42948, [0, 1, 2, 3, 4, 6, 7, 8, 9, 11, 13, 14, 15, 21, 24, 25]]
[29, 6.40375, [0, 1, 2, 3, 4, 6, 7, 8, 9, 11, 13, 14, 16, 22, 25, 26]]
[29, 6.45245, [0, 1, 2, 3, 4, 6, 7, 8, 9, 11, 13, 14, 17, 18, 21, 24]]
[29, 6.42642, [0, 1, 2, 3, 4, 6, 7, 8, 9, 11, 13, 14, 17, 18, 24, 26]]
[29, 6.44991, [0, 1, 2, 3, 4, 6, 7, 8, 9, 11, 13, 14, 17, 19, 21, 23]]
[29, 6.42669, [0, 1, 2, 3, 4, 6, 7, 8, 9, 11, 13, 14, 19, 20, 21, 23]]
[29, 6.99113, [0, 1, 2, 3, 4, 6, 7, 8, 9, 11, 14, 15, 17, 18, 21, 23, 24]]
[29, 6.42754, [0, 1, 2, 3, 4, 6, 7, 8, 9, 11, 14, 15, 17, 18, 21, 24]]
[29, 6.41602, [0, 1, 2, 3, 4, 6, 7, 8, 9, 11, 14, 15, 17, 18, 23, 24]]
[29, 6.44198, [0, 1, 2, 3, 4, 6, 7, 8, 9, 12, 13, 14, 18, 19, 20, 21]]
[29, 6.436, [0, 1, 2, 3, 4, 6, 7, 8, 9, 12, 13, 14, 18, 19, 20, 22]]
[29, 6.43045, [0, 1, 2, 3, 4, 6, 7, 8, 9, 12, 13, 14, 18, 19, 20, 23]]
[29, 6.40014, [0, 1, 2, 3, 4, 6, 7, 8, 9, 13, 14, 15, 17, 18, 21, 23]]
[29, 6.96334, [0, 1, 2, 3, 4, 6, 7, 8, 9, 13, 14, 15, 18, 19, 20, 21, 23]]
[29, 6.77529, [0, 1, 2, 3, 4, 6, 7, 8, 9, 15, 18, 19, 20, 21, 23, 24, 25]]
[29, 6.45625, [0, 1, 2, 3, 4, 6, 7, 8, 11, 12, 13, 14, 15, 17, 18, 21]]
[29, 6.43024, [0, 1, 2, 3, 4, 6, 7, 8, 11, 12, 13, 14, 15, 17, 18, 26]]
[29, 6.41834, [0, 1, 2, 3, 4, 6, 7, 8, 11, 12, 13, 14, 15, 17, 21, 24]]
[29, 6.44656, [0, 1, 2, 3, 4, 6, 7, 8, 11, 12, 13, 14, 15, 18, 19, 20]]
[29, 6.44008, [0, 1, 2, 3, 4, 6, 7, 8, 11, 12, 13, 14, 15, 18, 19, 21]]
[29, 6.44154, [0, 1, 2, 3, 4, 6, 7, 9, 10, 11, 12, 14, 16, 18, 19, 23]]
[29, 6.44838, [0, 1, 2, 3, 4, 6, 7, 9, 10, 11, 13, 14, 15, 18, 19, 21]]
[29, 6.41817, [0, 1, 2, 3, 4, 6, 7, 9, 10, 11, 13, 14, 15, 18, 21, 24]]
[29, 6.65106, [0, 1, 2, 3, 4, 6, 7, 12, 13, 14, 15, 18, 19, 20, 21, 26, 27]]
[29, 6.77176, [0, 1, 2, 3, 4, 7, 8, 9, 11, 12, 14, 15, 17, 18, 23, 24, 26]]
[29, 6.74142, [0, 1, 2, 3, 4, 7, 8, 10, 11, 13, 14, 15, 17, 18, 21, 24, 26]]
[29, 6.61763, [0, 1, 2, 3, 4, 7, 8, 10, 11, 14, 16, 17, 19, 22, 23, 25, 26]]
[29, 6.44327, [0, 1, 2, 3, 4, 7, 9, 10, 15, 16, 18, 19, 21, 22, 24, 25, 26]]
[29, 6.41486, [0, 1, 2, 3, 4, 7, 9, 12, 15, 16, 18, 19, 20, 22, 23, 25, 26]]
[29, 6.56301, [0, 1, 2, 3, 4, 8, 9, 10, 12, 13, 14, 15, 18, 24, 25, 26, 27]]
[29, 6.89823, [0, 1, 2, 3, 5, 6, 7, 8, 9, 13, 14, 15, 17, 18, 19, 20, 23]]
[29, 6.72984, [0, 1, 2, 3, 5, 6, 7, 8, 9, 14, 15, 17, 20, 21, 23, 24, 27]]
[29, 6.71073, [0, 1, 2, 3, 5, 6, 7, 8, 9, 15, 17, 18, 19, 20, 23, 24, 25]]
[29, 6.44865, [0, 1, 2, 3, 5, 6, 7, 8, 10, 11, 12, 13, 15, 16, 18, 20]]
[29, 6.41203, [0, 1, 2, 3, 5, 6, 7, 8, 10, 11, 12, 13, 15, 16, 18, 27]]
[29, 6.41597, [0, 1, 2, 3, 5, 6, 7, 8, 10, 11, 12, 13, 15, 16, 20, 23]]
[29, 6.99109, [0, 1, 2, 3, 5, 6, 7, 8, 10, 11, 12, 13, 15, 17, 18, 19, 27]]
[29, 6.43931, [0, 1, 2, 3, 5, 6, 7, 8, 10, 11, 12, 13, 15, 17, 18, 20]]
[29, 6.40269, [0, 1, 2, 3, 5, 6, 7, 8, 10, 11, 12, 13, 15, 17, 18, 27]]
[29, 6.93028, [0, 1, 2, 3, 5, 6, 7, 8, 10, 11, 12, 13, 15, 17, 21, 25, 27]]
[29, 6.86774, [0, 1, 2, 3, 5, 6, 7, 8, 10, 11, 12, 13, 15, 23, 24, 25, 27]]
[29, 6.82513, [0, 1, 2, 3, 5, 6, 7, 8, 10, 11, 12, 16, 18, 20, 22, 26, 27]]
[29, 6.73458, [0, 1, 2, 3, 5, 6, 7, 8, 10, 11, 12, 20, 22, 23, 24, 25, 27]]
[29, 6.73978, [0, 1, 2, 3, 5, 6, 7, 8, 10, 11, 15, 17, 19, 21, 25, 26, 27]]
[29, 6.98108, [0, 1, 2, 3, 5, 6, 7, 8, 10, 12, 13, 14, 15, 17, 18, 19, 20]]
[29, 6.85261, [0, 1, 2, 3, 5, 6, 7, 8, 10, 12, 13, 14, 15, 17, 25, 26, 27]]
[29, 6.74278, [0, 1, 2, 3, 5, 6, 7, 8, 10, 12, 13, 14, 22, 24, 25, 26, 27]]
[29, 6.64574, [0, 1, 2, 3, 5, 6, 7, 8, 10, 12, 16, 20, 22, 24, 25, 26, 27]]
[29, 6.54477, [0, 1, 2, 3, 5, 6, 7, 8, 10, 18, 19, 20, 22, 24, 25, 26, 27]]
[29, 6.45509, [0, 1, 2, 3, 5, 6, 7, 8, 17, 18, 19, 20, 22, 23, 24, 25, 27]]
[29, 6.65422, [0, 1, 2, 3, 5, 6, 7, 10, 11, 12, 14, 16, 20, 22, 24, 26, 27]]
[29, 6.73431, [0, 1, 2, 3, 5, 6, 7, 11, 12, 13, 14, 15, 17, 18, 19, 20, 26]]
[29, 6.44814, [0, 1, 2, 3, 5, 6, 7, 11, 13, 15, 17, 21, 22, 24, 25, 26, 27]]
[29, 6.45122, [0, 1, 2, 3, 5, 6, 8, 10, 12, 16, 18, 20, 21, 22, 25, 26, 27]]
[29, 6.43627, [0, 1, 2, 3, 5, 6, 10, 11, 13, 14, 15, 19, 21, 22, 23, 25, 26]]
[29, 6.81763, [0, 1, 2, 3, 5, 7, 8, 9, 10, 12, 13, 14, 15, 17, 18, 19, 27]]
[29, 6.67928, [0, 1, 2, 3, 5, 7, 8, 9, 10, 12, 13, 14, 15, 24, 25, 26, 27]]
[29, 6.48096, [0, 1, 2, 3, 5, 7, 8, 9, 10, 12, 20, 21, 22, 24, 25, 26, 27]]
[29, 6.53062, [0, 1, 2, 3, 5, 7, 8, 10, 11, 14, 16, 18, 19, 21, 22, 23, 27]]
[29, 6.44817, [0, 1, 2, 3, 5, 8, 9, 10, 11, 14, 16, 18, 19, 21, 22, 25, 27]]
[29, 6.44447, [0, 1, 2, 3, 6, 7, 8, 9, 14, 15, 17, 18, 19, 20, 21, 23, 24]]
[29, 6.45493, [0, 1, 2, 3, 6, 7, 8, 12, 13, 14, 15, 17, 18, 19, 20, 21, 27]]
[29, 6.41909, [0, 1, 2, 3, 6, 7, 9, 10, 11, 13, 17, 18, 19, 21, 22, 26, 27]]
[29, 6.41491, [0, 1, 2, 3, 6, 8, 9, 10, 11, 13, 15, 18, 19, 21, 22, 24, 26]]
[29, 6.73793, [0, 1, 2, 4, 5, 6, 7, 9, 10, 11, 12, 14, 15, 19, 21, 23, 25]]
[29, 6.81672, [0, 1, 2, 4, 5, 6, 7, 9, 10, 11, 12, 14, 16, 17, 18, 19, 21]]
[29, 6.56459, [0, 1, 2, 4, 5, 6, 7, 9, 10, 12, 14, 16, 20, 22, 24, 25, 26]]
[29, 6.48003, [0, 1, 2, 4, 5, 6, 9, 10, 11, 13, 14, 15, 19, 21, 22, 23, 25]]
[29, 6.44257, [0, 1, 2, 4, 5, 6, 9, 10, 12, 13, 14, 16, 20, 21, 22, 23, 25]]
[29, 6.40466, [0, 1, 2, 4, 5, 7, 8, 11, 12, 13, 14, 15, 18, 20, 23, 26, 27]]
[29, 6.59912, [0, 1, 2, 4, 6, 7, 8, 9, 11, 12, 13, 14, 16, 17, 18, 19, 21]]
[29, 6.42423, [0, 1, 3, 4, 5, 6, 8, 9, 10, 11, 13, 14, 15, 19, 21, 23, 25]]

Search completed in 0 hours, 0 minutes, and 0.837 seconds.  Enter a string to quit.