Enter an integer k for which our Kempner sets are k-free: 6
Enter a positive integer modulus b: 68
Enter estimation parameters, or * for pre-computed parameters ([0.0943, 1.0984, 1.4224]): *
Enter a threshold (e.g. 4.2) to determine printed output: 6.15
Enter a root for the search space (e.g. [0, 1, 2]) [or * for the root [0]]: *
Enter an upper bound for the size of allowable digit sets [or * to ignore]: 34
Enter a maximal number of deviations from a greedy search [or * to ignore]: *
Searching for k-free sets mod b...

[68, 6.18814, [0, 1, 2, 3, 4, 6, 7, 8, 9, 11, 12, 13, 14, 16, 17, 18, 19, 21, 22, 23, 29, 30, 31, 32, 33, 39, 54, 58, 59, 60]]
[68, 6.16665, [0, 1, 2, 3, 4, 6, 7, 8, 9, 11, 12, 13, 14, 16, 17, 18, 19, 21, 22, 23, 29, 30, 31, 32, 33, 54, 58, 59, 60, 62]]
[68, 6.16158, [0, 1, 2, 3, 4, 6, 7, 8, 9, 11, 12, 13, 14, 16, 17, 18, 19, 21, 22, 23, 29, 30, 31, 32, 33, 58, 59, 60, 61, 62]]
[68, 6.17149, [0, 1, 2, 3, 4, 6, 7, 8, 9, 11, 12, 13, 14, 16, 17, 18, 19, 21, 22, 23, 29, 31, 32, 33, 39, 44, 49, 54, 60, 62]]
[68, 6.15897, [0, 1, 2, 3, 4, 6, 7, 8, 9, 11, 12, 13, 14, 16, 17, 18, 19, 21, 22, 23, 29, 31, 32, 33, 39, 49, 54, 58, 60, 62]]
[68, 6.19556, [0, 1, 2, 3, 4, 6, 7, 8, 9, 11, 12, 13, 14, 16, 17, 18, 19, 21, 23, 27, 29, 30, 31, 32, 33, 39, 44, 49, 54, 56]]
[68, 6.17359, [0, 1, 2, 3, 4, 6, 7, 8, 9, 11, 12, 13, 14, 16, 17, 18, 19, 21, 23, 27, 29, 30, 31, 32, 33, 39, 54, 56, 59, 60]]
[68, 6.17212, [0, 1, 2, 3, 4, 6, 7, 8, 9, 11, 12, 13, 14, 16, 17, 18, 19, 21, 23, 27, 29, 30, 31, 32, 33, 39, 54, 58, 59, 60]]
[68, 6.17057, [0, 1, 2, 3, 4, 6, 7, 8, 9, 11, 12, 13, 14, 16, 17, 18, 19, 21, 23, 27, 29, 30, 31, 32, 33, 39, 56, 58, 59, 60]]
[68, 6.15548, [0, 1, 2, 3, 4, 6, 7, 8, 9, 11, 12, 13, 14, 16, 17, 18, 19, 21, 23, 27, 29, 31, 32, 33, 39, 44, 49, 54, 60, 62]]
[68, 6.29206, [0, 1, 2, 3, 4, 6, 7, 8, 9, 11, 12, 13, 14, 16, 17, 18, 19, 21, 27, 29, 30, 31, 32, 33, 39, 54, 56, 57, 58, 59, 60]]
[68, 6.15598, [0, 1, 2, 3, 4, 6, 7, 8, 9, 11, 12, 13, 14, 16, 17, 18, 19, 22, 23, 26, 29, 30, 31, 32, 33, 49, 55, 58, 61, 62]]
[68, 6.25064, [0, 1, 2, 3, 4, 6, 7, 8, 9, 11, 12, 13, 14, 16, 17, 18, 19, 22, 26, 30, 31, 32, 33, 39, 49, 55, 58, 59, 61, 62, 63]]
[68, 6.17684, [0, 1, 2, 3, 4, 6, 7, 8, 9, 11, 12, 13, 14, 16, 17, 18, 19, 23, 25, 26, 27, 29, 30, 32, 33, 44, 49, 54, 55, 56]]
[68, 6.16432, [0, 1, 2, 3, 4, 6, 7, 8, 9, 11, 12, 13, 14, 16, 17, 18, 19, 23, 25, 26, 27, 29, 30, 32, 33, 49, 54, 55, 56, 58]]
[68, 6.16016, [0, 1, 2, 3, 4, 6, 7, 8, 9, 11, 12, 13, 14, 16, 17, 18, 19, 23, 25, 26, 27, 29, 30, 32, 33, 49, 54, 55, 58, 62]]
[68, 6.17827, [0, 1, 2, 3, 4, 6, 7, 8, 9, 11, 12, 13, 14, 16, 17, 18, 19, 23, 26, 27, 29, 30, 31, 32, 33, 39, 44, 49, 54, 56]]
[68, 6.17021, [0, 1, 2, 3, 4, 6, 7, 8, 9, 11, 12, 13, 14, 16, 17, 18, 19, 23, 26, 27, 29, 30, 31, 32, 33, 39, 44, 54, 56, 59]]
[68, 6.16575, [0, 1, 2, 3, 4, 6, 7, 8, 9, 11, 12, 13, 14, 16, 17, 18, 19, 23, 26, 27, 29, 30, 31, 32, 33, 39, 49, 54, 56, 58]]
[68, 6.16159, [0, 1, 2, 3, 4, 6, 7, 8, 9, 11, 12, 13, 14, 16, 17, 18, 19, 23, 26, 27, 29, 30, 31, 32, 33, 39, 49, 54, 58, 62]]
[68, 6.15769, [0, 1, 2, 3, 4, 6, 7, 8, 9, 11, 12, 13, 14, 16, 17, 18, 19, 23, 26, 27, 29, 30, 31, 32, 33, 39, 54, 56, 58, 59]]
[68, 6.15353, [0, 1, 2, 3, 4, 6, 7, 8, 9, 11, 12, 13, 14, 16, 17, 18, 19, 23, 26, 27, 29, 30, 31, 32, 33, 39, 54, 58, 59, 62]]
[68, 6.20182, [0, 1, 2, 3, 4, 6, 7, 8, 9, 11, 12, 13, 14, 16, 17, 18, 22, 23, 29, 30, 32, 33, 39, 49, 53, 54, 55, 58, 60, 61, 62]]
[68, 6.18014, [0, 1, 2, 3, 4, 6, 7, 8, 9, 11, 12, 13, 14, 16, 17, 18, 22, 26, 30, 31, 32, 33, 39, 49, 53, 57, 58, 59, 61, 62, 63]]
[68, 6.17601, [0, 1, 2, 3, 4, 6, 7, 8, 9, 11, 12, 13, 14, 16, 17, 18, 22, 28, 30, 31, 32, 33, 39, 49, 53, 57, 58, 59, 60, 61, 63]]
[68, 6.2207, [0, 1, 2, 3, 4, 6, 7, 8, 9, 11, 12, 13, 14, 16, 17, 19, 25, 26, 27, 29, 30, 32, 33, 39, 49, 54, 55, 56, 57, 58, 62]]
[68, 6.15722, [0, 1, 2, 3, 4, 6, 7, 8, 9, 11, 12, 13, 14, 16, 17, 19, 25, 27, 29, 32, 33, 39, 44, 49, 52, 54, 55, 56, 57, 58, 62]]
[68, 6.17525, [0, 1, 2, 3, 4, 6, 7, 8, 9, 11, 12, 13, 14, 16, 18, 19, 21, 22, 23, 27, 29, 30, 31, 32, 33, 39, 44, 49, 51, 54]]
[68, 6.1665, [0, 1, 2, 3, 4, 6, 7, 8, 9, 11, 12, 13, 14, 16, 18, 19, 21, 22, 23, 27, 29, 30, 31, 32, 33, 39, 44, 51, 54, 60]]
[68, 6.16273, [0, 1, 2, 3, 4, 6, 7, 8, 9, 11, 12, 13, 14, 16, 18, 19, 21, 22, 23, 27, 29, 30, 31, 32, 33, 39, 49, 51, 54, 58]]
[68, 6.15399, [0, 1, 2, 3, 4, 6, 7, 8, 9, 11, 12, 13, 14, 16, 18, 19, 21, 22, 23, 27, 29, 30, 31, 32, 33, 39, 51, 54, 58, 60]]
[68, 6.31168, [0, 1, 2, 3, 4, 6, 7, 8, 9, 11, 12, 13, 14, 16, 18, 19, 21, 22, 23, 27, 29, 31, 32, 33, 39, 44, 49, 51, 54, 58, 60]]
[68, 6.30324, [0, 1, 2, 3, 4, 6, 7, 8, 9, 11, 12, 13, 14, 16, 18, 19, 21, 22, 23, 27, 29, 31, 32, 33, 39, 44, 49, 54, 58, 60, 62]]
[68, 6.27776, [0, 1, 2, 3, 4, 6, 7, 8, 9, 11, 12, 13, 14, 16, 18, 19, 21, 22, 23, 27, 29, 31, 33, 39, 44, 49, 51, 54, 58, 60, 62]]
[68, 6.24544, [0, 1, 2, 3, 4, 6, 7, 8, 9, 11, 12, 13, 14, 16, 18, 19, 22, 23, 27, 29, 31, 32, 33, 39, 44, 49, 51, 54, 58, 60, 62]]
[68, 6.17407, [0, 1, 2, 3, 4, 6, 7, 8, 9, 11, 12, 13, 14, 16, 18, 19, 22, 27, 29, 30, 32, 33, 39, 51, 54, 55, 57, 58, 59, 60, 62]]
[68, 6.15138, [0, 1, 2, 3, 4, 6, 7, 8, 9, 11, 12, 13, 14, 17, 18, 19, 21, 23, 26, 27, 29, 30, 31, 32, 33, 39, 44, 49, 54, 56]]
[68, 6.16621, [0, 1, 2, 3, 4, 6, 7, 8, 9, 11, 12, 13, 14, 17, 18, 19, 22, 26, 30, 31, 32, 33, 39, 49, 50, 55, 58, 59, 61, 62, 63]]
[68, 6.20476, [0, 1, 2, 3, 4, 6, 7, 8, 9, 11, 12, 13, 17, 18, 19, 21, 22, 23, 26, 29, 31, 32, 33, 39, 44, 48, 49, 50, 54, 62, 64]]
[68, 6.18341, [0, 1, 2, 3, 4, 6, 7, 8, 9, 11, 12, 13, 17, 18, 19, 21, 22, 23, 26, 29, 31, 32, 33, 44, 48, 49, 50, 54, 61, 62, 64]]
[68, 6.16947, [0, 1, 2, 3, 4, 6, 7, 8, 9, 11, 12, 13, 17, 18, 19, 21, 22, 23, 26, 29, 32, 33, 39, 44, 48, 49, 50, 54, 61, 62, 64]]
[68, 6.2141, [0, 1, 2, 3, 4, 6, 7, 8, 9, 11, 12, 14, 16, 17, 18, 19, 21, 25, 27, 28, 30, 31, 32, 33, 47, 54, 56, 57, 58, 60, 63]]
[68, 6.19212, [0, 1, 2, 3, 4, 6, 7, 8, 9, 11, 12, 14, 16, 18, 19, 21, 22, 23, 27, 29, 31, 32, 33, 39, 44, 49, 51, 54, 58, 60, 62]]
[68, 6.15486, [0, 1, 2, 3, 4, 6, 7, 8, 9, 11, 12, 14, 16, 18, 19, 21, 22, 23, 27, 31, 32, 33, 39, 44, 47, 49, 54, 58, 60, 62, 63]]
[68, 6.15179, [0, 1, 2, 3, 4, 6, 7, 8, 9, 11, 13, 14, 15, 16, 18, 19, 26, 27, 29, 30, 32, 33, 39, 44, 46, 54, 55, 56, 57, 59, 62]]
[68, 6.21738, [0, 1, 2, 3, 4, 6, 7, 8, 9, 11, 13, 14, 15, 16, 18, 23, 24, 26, 27, 29, 30, 31, 32, 33, 39, 44, 46, 53, 56, 59, 62]]
[68, 6.27394, [0, 1, 2, 3, 4, 6, 7, 8, 9, 11, 13, 14, 16, 17, 18, 19, 21, 22, 23, 27, 29, 30, 31, 32, 33, 39, 54, 58, 59, 60, 62]]
[68, 6.2243, [0, 1, 2, 3, 4, 6, 7, 8, 9, 11, 13, 14, 16, 17, 18, 19, 21, 22, 27, 28, 29, 30, 32, 33, 39, 54, 57, 58, 59, 60, 65]]
[68, 6.21917, [0, 1, 2, 3, 4, 6, 7, 8, 9, 11, 13, 14, 16, 17, 18, 19, 21, 22, 27, 29, 30, 31, 32, 33, 39, 54, 57, 58, 59, 60, 62]]
[68, 6.16651, [0, 1, 2, 3, 4, 6, 7, 8, 9, 11, 13, 14, 16, 17, 18, 19, 21, 27, 28, 29, 30, 32, 33, 39, 54, 56, 57, 58, 59, 60, 65]]
[68, 6.16138, [0, 1, 2, 3, 4, 6, 7, 8, 9, 11, 13, 14, 16, 17, 18, 19, 21, 27, 29, 30, 31, 32, 33, 39, 54, 56, 57, 58, 59, 60, 62]]
[68, 6.23003, [0, 1, 2, 3, 4, 6, 7, 8, 9, 11, 13, 14, 16, 17, 18, 19, 23, 25, 26, 27, 29, 30, 32, 33, 44, 46, 49, 54, 55, 56, 62]]
[68, 6.17779, [0, 1, 2, 3, 4, 6, 7, 8, 9, 11, 13, 14, 16, 17, 18, 19, 23, 25, 26, 27, 29, 32, 33, 46, 49, 54, 55, 56, 58, 62, 64]]
[68, 6.21582, [0, 1, 2, 3, 4, 6, 7, 8, 9, 11, 13, 14, 16, 17, 18, 23, 24, 25, 26, 27, 29, 30, 32, 33, 44, 46, 49, 53, 54, 55, 56]]
[68, 6.20997, [0, 1, 2, 3, 4, 6, 7, 8, 9, 11, 13, 14, 16, 17, 18, 23, 24, 25, 26, 27, 29, 30, 32, 33, 44, 46, 49, 53, 55, 56, 62]]
[68, 6.1981, [0, 1, 2, 3, 4, 6, 7, 8, 9, 11, 13, 14, 16, 17, 18, 23, 24, 25, 26, 27, 29, 30, 33, 39, 44, 46, 49, 53, 55, 56, 62]]
[68, 6.17055, [0, 1, 2, 3, 4, 6, 7, 8, 9, 11, 13, 14, 16, 17, 18, 23, 24, 25, 26, 27, 29, 32, 33, 44, 46, 49, 53, 55, 56, 62, 64]]
[68, 6.15101, [0, 1, 2, 3, 4, 6, 7, 8, 9, 11, 13, 14, 16, 17, 18, 23, 24, 25, 27, 29, 30, 33, 39, 44, 46, 49, 53, 55, 56, 60, 62]]
[68, 6.1805, [0, 1, 2, 3, 4, 6, 7, 8, 9, 11, 13, 14, 16, 17, 18, 23, 24, 26, 27, 29, 30, 32, 33, 39, 44, 46, 49, 53, 55, 56, 62]]
[68, 6.16109, [0, 1, 2, 3, 4, 6, 7, 8, 9, 11, 13, 14, 16, 17, 18, 23, 25, 26, 27, 29, 30, 32, 33, 44, 46, 49, 53, 54, 55, 56, 62]]
[68, 6.15271, [0, 1, 2, 3, 4, 6, 7, 8, 9, 11, 13, 14, 16, 17, 19, 20, 21, 27, 29, 30, 31, 32, 33, 39, 52, 56, 57, 58, 59, 60, 62]]
[68, 6.18073, [0, 1, 2, 3, 4, 6, 7, 8, 9, 11, 13, 14, 16, 17, 19, 21, 22, 23, 27, 28, 29, 32, 33, 39, 46, 52, 54, 58, 59, 60, 65]]
[68, 6.26168, [0, 1, 2, 3, 4, 6, 7, 8, 9, 11, 13, 14, 17, 18, 19, 21, 22, 23, 26, 27, 29, 30, 31, 32, 33, 39, 44, 46, 49, 54, 62]]
[68, 6.20386, [0, 1, 2, 3, 4, 6, 7, 8, 9, 11, 13, 14, 17, 18, 19, 21, 23, 26, 27, 29, 30, 31, 32, 33, 39, 44, 46, 49, 54, 56, 62]]
[68, 6.16275, [0, 1, 2, 3, 4, 6, 7, 8, 9, 11, 13, 14, 17, 18, 19, 21, 23, 26, 27, 30, 31, 32, 33, 39, 44, 46, 49, 54, 56, 62, 63]]
[68, 6.17866, [0, 1, 2, 3, 4, 6, 7, 8, 9, 11, 13, 14, 17, 18, 24, 26, 27, 28, 30, 32, 39, 44, 46, 49, 53, 54, 55, 56, 57, 59, 63, 65]]
[68, 6.18444, [0, 1, 2, 3, 4, 6, 7, 8, 11, 12, 13, 14, 15, 18, 20, 21, 22, 25, 27, 28, 29, 30, 31, 33, 39, 43, 44, 51, 53, 58, 60]]
[68, 6.15812, [0, 1, 2, 3, 4, 6, 7, 8, 11, 13, 14, 15, 16, 18, 20, 21, 22, 25, 27, 28, 29, 30, 31, 33, 39, 43, 44, 46, 51, 53, 60]]
[68, 6.17954, [0, 1, 2, 3, 4, 6, 7, 9, 10, 11, 12, 13, 18, 19, 20, 22, 23, 24, 25, 27, 28, 29, 32, 33, 42, 48, 49, 50, 51, 55, 64]]
[68, 6.21111, [0, 1, 2, 3, 4, 6, 7, 9, 10, 11, 12, 13, 18, 19, 21, 22, 23, 24, 26, 27, 28, 29, 31, 32, 33, 39, 42, 48, 51, 54, 64]]
[68, 6.20918, [0, 1, 2, 3, 4, 6, 7, 9, 10, 11, 12, 13, 18, 19, 21, 22, 23, 24, 26, 27, 28, 29, 31, 32, 33, 39, 42, 50, 51, 54, 64]]
[68, 6.17647, [0, 1, 2, 3, 4, 6, 7, 9, 10, 11, 12, 13, 18, 19, 21, 22, 23, 24, 27, 28, 29, 31, 32, 33, 39, 42, 48, 49, 50, 51, 64]]
[68, 6.17203, [0, 1, 2, 3, 4, 6, 7, 9, 10, 11, 12, 13, 18, 19, 21, 22, 23, 24, 27, 28, 29, 31, 32, 33, 39, 42, 48, 50, 51, 54, 64]]
[68, 6.15141, [0, 1, 2, 3, 4, 6, 7, 9, 10, 11, 12, 13, 18, 19, 21, 23, 24, 26, 27, 28, 29, 31, 32, 33, 39, 42, 50, 51, 54, 56, 64]]
[68, 6.17307, [0, 1, 2, 3, 4, 6, 7, 9, 10, 11, 12, 14, 16, 17, 18, 19, 21, 25, 27, 28, 30, 31, 32, 33, 47, 54, 56, 57, 58, 60, 63]]
[68, 6.15401, [0, 1, 2, 3, 4, 6, 7, 9, 10, 11, 14, 15, 16, 17, 19, 20, 21, 22, 24, 27, 30, 31, 32, 39, 42, 46, 57, 59, 60, 62, 63]]
[68, 6.1809, [0, 1, 2, 3, 4, 6, 7, 9, 10, 11, 14, 15, 16, 17, 20, 21, 22, 23, 24, 27, 29, 30, 31, 32, 39, 42, 46, 53, 59, 60, 62]]
[68, 6.1854, [0, 1, 2, 3, 4, 6, 7, 9, 11, 12, 13, 14, 16, 17, 19, 20, 21, 23, 24, 27, 28, 30, 31, 33, 39, 42, 44, 52, 59, 60, 66]]
[68, 6.16445, [0, 1, 2, 3, 4, 6, 7, 10, 11, 12, 14, 15, 16, 17, 19, 20, 22, 24, 25, 26, 29, 30, 31, 32, 33, 39, 42, 47, 57, 61, 62]]
[68, 6.17547, [0, 1, 2, 3, 4, 6, 8, 9, 11, 12, 13, 14, 16, 17, 18, 19, 22, 23, 26, 27, 29, 30, 31, 32, 33, 39, 41, 55, 58, 59, 62]]
[68, 6.1982, [0, 1, 2, 3, 4, 7, 8, 9, 11, 12, 14, 15, 17, 18, 19, 20, 24, 25, 26, 27, 28, 30, 33, 39, 44, 47, 50, 56, 57, 63, 65, 66]]
[68, 6.22082, [0, 1, 2, 3, 5, 6, 7, 8, 9, 13, 14, 15, 16, 17, 19, 23, 24, 26, 27, 29, 30, 31, 33, 38, 44, 52, 54, 55, 56, 59, 62, 66]]
[68, 6.18547, [0, 1, 2, 3, 5, 6, 7, 8, 10, 11, 12, 13, 15, 16, 17, 18, 19, 24, 25, 26, 28, 29, 32, 38, 48, 54, 55, 56, 57, 61, 65]]
[68, 6.20163, [0, 1, 2, 3, 5, 6, 7, 8, 10, 11, 12, 13, 15, 16, 17, 18, 20, 21, 27, 28, 29, 30, 31, 33, 38, 53, 56, 57, 58, 59, 60]]
[68, 6.17578, [0, 1, 2, 3, 5, 6, 7, 8, 10, 11, 12, 13, 15, 16, 17, 18, 20, 21, 27, 28, 29, 30, 31, 33, 53, 56, 57, 58, 59, 60, 66]]
[68, 6.1648, [0, 1, 2, 3, 5, 6, 7, 8, 10, 11, 12, 13, 15, 16, 17, 18, 20, 21, 27, 29, 30, 31, 33, 38, 48, 53, 56, 57, 59, 60, 66]]
[68, 6.23396, [0, 1, 2, 3, 5, 6, 7, 8, 10, 11, 12, 13, 15, 16, 17, 23, 25, 26, 27, 28, 29, 33, 48, 52, 53, 54, 55, 56, 58, 64, 65, 66]]
[68, 6.16463, [0, 1, 2, 3, 5, 6, 7, 8, 10, 11, 12, 13, 15, 16, 18, 20, 22, 26, 27, 28, 29, 30, 32, 33, 38, 48, 51, 55, 57, 59, 65]]
[68, 6.20045, [0, 1, 2, 3, 5, 6, 7, 8, 10, 11, 12, 13, 16, 17, 19, 23, 25, 26, 27, 29, 33, 38, 43, 48, 52, 54, 55, 56, 58, 62, 64, 65]]
[68, 6.15909, [0, 1, 2, 3, 5, 6, 7, 8, 10, 11, 12, 15, 16, 17, 18, 19, 21, 25, 27, 29, 30, 31, 32, 33, 38, 43, 47, 48, 54, 58, 60]]
[68, 6.15775, [0, 1, 2, 3, 5, 6, 7, 8, 10, 11, 12, 15, 16, 17, 18, 19, 21, 25, 27, 29, 30, 31, 32, 33, 38, 43, 47, 48, 54, 58, 62]]
[68, 6.15635, [0, 1, 2, 3, 5, 6, 7, 8, 10, 11, 12, 15, 16, 17, 18, 19, 21, 25, 27, 29, 30, 31, 32, 33, 38, 43, 47, 48, 54, 60, 62]]
[68, 6.15817, [0, 1, 2, 3, 5, 6, 7, 8, 10, 11, 12, 15, 17, 18, 19, 25, 27, 28, 29, 30, 31, 33, 47, 48, 50, 54, 55, 56, 57, 58, 60, 66]]
[68, 6.16569, [0, 1, 2, 3, 5, 6, 7, 10, 11, 12, 13, 16, 17, 18, 20, 21, 22, 23, 25, 28, 30, 31, 38, 42, 43, 48, 49, 53, 60, 61, 63, 66]]
[68, 6.22163, [0, 1, 2, 4, 5, 6, 7, 9, 10, 11, 12, 14, 15, 16, 17, 19, 20, 21, 27, 29, 30, 31, 32, 33, 37, 52, 56, 57, 58, 59, 60, 62]]

Search completed in 0 hours, 45 minutes, and 6.926 seconds.  Enter a string to quit.