Enter an integer k for which our Kempner sets are k-free: 6
Enter a positive integer modulus b: 88
Enter estimation parameters, or * for pre-computed parameters ([0.0877, 1.0841, 1.4098]): *
Enter a threshold (e.g. 4.2) to determine printed output: 6.4
Enter a root for the search space (e.g. [0, 1, 2]) [or * for the root [0]]: *
Enter an upper bound for the size of allowable digit sets [or * to ignore]: 41
Enter a maximal number of deviations from a greedy search [or * to ignore]: *
Searching for k-free sets mod b...

[88, 6.46705, [0, 1, 2, 3, 4, 6, 7, 8, 9, 11, 12, 13, 14, 16, 17, 18, 19, 21, 22, 23, 24, 31, 32, 35, 36, 37, 38, 39, 41, 49, 59, 64, 70, 71, 72, 73, 74, 77, 78]]
[88, 6.464, [0, 1, 2, 3, 4, 6, 7, 8, 9, 11, 12, 13, 14, 16, 17, 18, 19, 21, 22, 23, 25, 33, 34, 35, 37, 38, 39, 40, 42, 43, 49, 64, 68, 70, 71, 74, 75, 76, 80]]
[88, 6.46119, [0, 1, 2, 3, 4, 6, 7, 8, 9, 11, 12, 13, 14, 16, 17, 18, 19, 21, 22, 23, 29, 31, 32, 34, 35, 37, 39, 40, 42, 43, 59, 64, 68, 69, 70, 71, 74, 77, 82]]
[88, 6.42141, [0, 1, 2, 3, 4, 6, 7, 8, 9, 11, 12, 13, 14, 16, 17, 18, 19, 21, 22, 23, 29, 31, 34, 35, 37, 39, 40, 42, 43, 59, 64, 68, 69, 70, 71, 74, 77, 80, 82]]
[88, 6.41053, [0, 1, 2, 3, 4, 6, 7, 8, 9, 11, 12, 13, 14, 16, 17, 18, 19, 21, 22, 23, 30, 31, 35, 36, 38, 39, 41, 42, 49, 59, 64, 68, 69, 70, 72, 73, 76, 77, 78]]
[88, 6.40724, [0, 1, 2, 3, 4, 6, 7, 8, 9, 11, 12, 13, 14, 16, 17, 18, 19, 21, 22, 23, 30, 31, 35, 36, 38, 39, 41, 42, 49, 59, 64, 68, 69, 70, 72, 76, 77, 78, 81]]
[88, 6.40562, [0, 1, 2, 3, 4, 6, 7, 8, 9, 11, 12, 13, 14, 16, 17, 18, 19, 21, 23, 24, 27, 31, 32, 33, 34, 36, 37, 38, 39, 41, 42, 43, 49, 54, 59, 66, 73, 74]]
[88, 6.43141, [0, 1, 2, 3, 4, 6, 7, 8, 9, 11, 12, 13, 14, 16, 17, 18, 19, 21, 23, 27, 29, 31, 32, 34, 37, 39, 40, 41, 42, 43, 59, 66, 68, 69, 72, 74, 77, 80, 82]]
[88, 6.40335, [0, 1, 2, 3, 4, 6, 7, 8, 9, 11, 12, 13, 14, 16, 17, 18, 19, 21, 23, 27, 31, 32, 34, 37, 39, 40, 41, 42, 43, 49, 59, 66, 68, 69, 72, 74, 77, 80, 82]]
[88, 6.4059, [0, 1, 2, 3, 4, 6, 7, 8, 9, 11, 12, 13, 14, 16, 17, 18, 19, 23, 26, 27, 29, 30, 31, 32, 34, 39, 40, 41, 43, 59, 65, 66, 68, 69, 72, 77, 80, 81, 82]]
[88, 6.44842, [0, 1, 2, 3, 4, 6, 7, 8, 9, 11, 12, 13, 14, 16, 17, 18, 19, 23, 26, 27, 29, 31, 32, 33, 34, 37, 38, 40, 41, 42, 43, 64, 65, 66, 68, 74, 79, 80, 83]]
[88, 6.40253, [0, 1, 2, 3, 4, 6, 7, 8, 9, 11, 12, 13, 14, 16, 17, 18, 21, 22, 23, 24, 25, 32, 35, 36, 37, 38, 41, 42, 49, 59, 63, 64, 70, 72, 73, 74, 75, 78, 83]]
[88, 6.41612, [0, 1, 2, 3, 4, 6, 7, 8, 9, 11, 12, 13, 14, 16, 17, 18, 21, 23, 24, 27, 31, 32, 33, 34, 35, 37, 41, 42, 43, 49, 54, 63, 64, 66, 69, 70, 72, 74, 83]]
[88, 6.47749, [0, 1, 2, 3, 4, 6, 7, 8, 9, 11, 12, 13, 14, 16, 17, 18, 22, 23, 24, 26, 29, 31, 32, 33, 34, 36, 37, 39, 41, 42, 43, 49, 59, 63, 64, 65, 72, 74, 79]]
[88, 6.43561, [0, 1, 2, 3, 4, 6, 7, 8, 9, 11, 12, 13, 14, 16, 17, 18, 22, 24, 25, 26, 28, 29, 35, 36, 37, 39, 40, 41, 42, 43, 49, 54, 59, 63, 64, 71, 74, 75, 78]]
[88, 6.42981, [0, 1, 2, 3, 4, 6, 7, 8, 9, 11, 12, 13, 14, 16, 17, 18, 22, 24, 25, 26, 28, 29, 35, 36, 37, 39, 40, 41, 42, 43, 49, 54, 59, 63, 71, 74, 75, 76, 78]]
[88, 6.40375, [0, 1, 2, 3, 4, 6, 7, 8, 9, 11, 12, 13, 14, 16, 17, 18, 22, 24, 25, 26, 28, 29, 35, 36, 39, 40, 41, 42, 43, 49, 54, 59, 63, 64, 71, 74, 75, 78, 81]]
[88, 6.40425, [0, 1, 2, 3, 4, 6, 7, 8, 9, 11, 12, 13, 14, 16, 17, 18, 22, 24, 25, 26, 28, 29, 35, 37, 39, 40, 41, 42, 43, 49, 54, 59, 63, 64, 71, 74, 75, 76, 78]]
[88, 6.4191, [0, 1, 2, 3, 4, 6, 7, 8, 9, 11, 12, 13, 14, 16, 17, 18, 22, 25, 26, 28, 29, 30, 35, 36, 37, 39, 40, 41, 42, 43, 49, 54, 59, 63, 64, 71, 75, 76, 78]]
[88, 6.44372, [0, 1, 2, 3, 4, 6, 7, 8, 9, 11, 12, 13, 14, 16, 17, 19, 22, 23, 24, 26, 28, 31, 32, 33, 36, 37, 39, 41, 42, 43, 49, 54, 62, 64, 65, 71, 74, 78, 79]]
[88, 6.47976, [0, 1, 2, 3, 4, 6, 7, 8, 9, 11, 12, 13, 14, 16, 17, 19, 22, 23, 26, 28, 29, 31, 32, 33, 34, 36, 37, 38, 39, 41, 42, 43, 49, 62, 65, 68, 71, 74, 79]]
[88, 6.40875, [0, 1, 2, 3, 4, 6, 7, 8, 9, 11, 12, 13, 14, 16, 17, 19, 24, 26, 27, 28, 30, 31, 33, 34, 36, 37, 38, 40, 41, 42, 49, 54, 59, 62, 67, 73, 76, 79, 83]]
[88, 6.40526, [0, 1, 2, 3, 4, 6, 7, 8, 9, 11, 12, 13, 14, 16, 17, 22, 23, 24, 25, 26, 28, 29, 30, 34, 35, 39, 40, 42, 43, 49, 54, 59, 63, 64, 65, 71, 76, 81, 82]]
[88, 6.43992, [0, 1, 2, 3, 4, 6, 7, 8, 9, 11, 12, 13, 14, 16, 17, 22, 23, 24, 25, 26, 28, 29, 31, 32, 36, 37, 39, 41, 42, 43, 49, 54, 59, 62, 63, 64, 71, 74, 78]]
[88, 6.4279, [0, 1, 2, 3, 4, 6, 7, 8, 9, 11, 12, 13, 14, 16, 17, 22, 23, 24, 25, 26, 28, 29, 33, 35, 37, 38, 39, 40, 42, 43, 49, 54, 59, 62, 63, 65, 71, 74, 80]]
[88, 6.46499, [0, 1, 2, 3, 4, 6, 7, 8, 9, 11, 12, 13, 14, 16, 17, 22, 23, 24, 26, 28, 29, 31, 32, 33, 34, 36, 37, 38, 39, 41, 42, 43, 49, 59, 62, 65, 71, 74, 79]]
[88, 6.41258, [0, 1, 2, 3, 4, 6, 7, 8, 9, 11, 12, 13, 14, 16, 22, 23, 24, 25, 26, 28, 29, 30, 33, 34, 35, 36, 39, 40, 41, 42, 43, 49, 54, 59, 61, 63, 65, 71, 82]]
[88, 6.41664, [0, 1, 2, 3, 4, 6, 7, 8, 9, 11, 12, 13, 14, 17, 18, 19, 20, 21, 24, 25, 26, 27, 28, 34, 38, 39, 40, 42, 43, 49, 66, 67, 73, 74, 75, 76, 77, 79, 80]]
[88, 6.41782, [0, 1, 2, 3, 4, 6, 7, 8, 9, 11, 12, 13, 14, 17, 18, 19, 20, 21, 24, 25, 26, 27, 28, 37, 38, 39, 41, 42, 43, 49, 54, 67, 73, 74, 75, 76, 78, 79, 80]]
[88, 6.40764, [0, 1, 2, 3, 4, 6, 7, 8, 9, 11, 12, 13, 14, 17, 18, 19, 20, 21, 24, 25, 26, 27, 28, 37, 39, 40, 41, 42, 43, 49, 66, 67, 73, 74, 75, 76, 78, 79, 80]]
[88, 6.40495, [0, 1, 2, 3, 4, 6, 7, 8, 9, 11, 12, 13, 14, 17, 18, 19, 20, 21, 24, 25, 26, 28, 34, 36, 38, 39, 40, 41, 42, 49, 66, 67, 71, 73, 74, 75, 76, 77, 79]]
[88, 6.48208, [0, 1, 2, 3, 4, 6, 7, 8, 9, 11, 12, 13, 14, 17, 18, 19, 20, 21, 24, 26, 27, 28, 31, 33, 36, 37, 38, 39, 41, 42, 43, 49, 54, 59, 67, 73, 74, 76, 78]]
[88, 6.46685, [0, 1, 2, 3, 4, 6, 7, 8, 9, 11, 12, 13, 14, 17, 18, 19, 20, 21, 24, 26, 27, 28, 31, 33, 36, 37, 38, 39, 41, 43, 49, 54, 59, 60, 67, 73, 74, 76, 78]]
[88, 6.4491, [0, 1, 2, 3, 4, 6, 7, 8, 9, 11, 12, 13, 14, 17, 18, 19, 20, 21, 24, 26, 27, 28, 31, 33, 37, 38, 39, 41, 42, 43, 49, 54, 59, 67, 73, 74, 76, 78, 80]]
[88, 6.43387, [0, 1, 2, 3, 4, 6, 7, 8, 9, 11, 12, 13, 14, 17, 18, 19, 20, 21, 24, 26, 27, 28, 31, 33, 37, 38, 39, 41, 43, 49, 54, 59, 60, 67, 73, 74, 76, 78, 80]]
[88, 6.40778, [0, 1, 2, 3, 4, 6, 7, 8, 9, 11, 12, 13, 14, 17, 18, 19, 20, 21, 24, 26, 27, 28, 33, 37, 38, 39, 41, 42, 43, 49, 54, 59, 67, 73, 74, 76, 78, 79, 80]]
[88, 6.41911, [0, 1, 2, 3, 4, 6, 7, 8, 9, 11, 12, 13, 14, 17, 18, 19, 20, 21, 24, 26, 28, 33, 34, 36, 37, 38, 39, 40, 42, 43, 49, 59, 66, 71, 73, 74, 75, 76, 79]]
[88, 6.43065, [0, 1, 2, 3, 4, 6, 7, 8, 9, 11, 12, 13, 14, 17, 18, 19, 20, 22, 26, 28, 29, 30, 33, 35, 36, 37, 38, 40, 41, 42, 43, 49, 65, 68, 71, 75, 76, 78, 83]]
[88, 6.41375, [0, 1, 2, 3, 4, 6, 7, 8, 9, 11, 12, 13, 14, 17, 18, 19, 20, 22, 26, 28, 29, 30, 33, 35, 36, 37, 38, 40, 42, 43, 49, 60, 65, 69, 71, 75, 76, 78, 83]]
[88, 6.40927, [0, 1, 2, 3, 4, 6, 7, 8, 9, 11, 12, 13, 14, 17, 18, 19, 20, 22, 26, 28, 29, 30, 33, 35, 36, 37, 38, 40, 42, 43, 49, 65, 68, 69, 71, 75, 76, 78, 83]]
[88, 6.40651, [0, 1, 2, 3, 4, 6, 7, 8, 9, 11, 12, 13, 14, 17, 18, 19, 20, 22, 26, 28, 29, 30, 33, 36, 37, 38, 40, 41, 42, 43, 49, 59, 65, 68, 71, 75, 76, 78, 83]]
[88, 6.40487, [0, 1, 2, 3, 4, 6, 7, 8, 9, 11, 12, 13, 14, 17, 18, 19, 20, 22, 26, 28, 29, 30, 33, 36, 37, 38, 40, 41, 42, 43, 49, 59, 65, 68, 71, 76, 78, 79, 83]]
[88, 6.40273, [0, 1, 2, 3, 4, 6, 7, 8, 9, 11, 12, 13, 14, 17, 18, 19, 20, 22, 28, 29, 30, 32, 33, 35, 36, 37, 38, 40, 42, 43, 49, 60, 65, 69, 70, 71, 75, 78, 83]]
[88, 6.42772, [0, 1, 2, 3, 4, 6, 7, 8, 9, 11, 12, 13, 14, 17, 18, 19, 21, 23, 24, 26, 27, 32, 33, 34, 35, 36, 38, 39, 41, 42, 49, 60, 66, 69, 72, 73, 74, 75, 84]]
[88, 6.41537, [0, 1, 2, 3, 4, 6, 7, 8, 9, 11, 12, 13, 14, 17, 19, 20, 21, 22, 24, 25, 28, 30, 32, 34, 37, 38, 39, 41, 42, 43, 54, 59, 60, 67, 70, 73, 75, 79, 84]]
[88, 6.41942, [0, 1, 2, 3, 4, 6, 7, 8, 9, 11, 12, 13, 14, 17, 19, 20, 21, 22, 24, 25, 30, 32, 34, 36, 37, 38, 39, 41, 42, 43, 49, 54, 59, 60, 67, 70, 73, 75, 79]]
[88, 6.41677, [0, 1, 2, 3, 4, 6, 7, 8, 9, 11, 12, 13, 14, 17, 19, 20, 21, 22, 24, 25, 30, 32, 34, 36, 37, 39, 40, 41, 42, 43, 49, 54, 59, 60, 67, 70, 73, 75, 79]]
[88, 6.40566, [0, 1, 2, 3, 4, 6, 7, 8, 9, 11, 12, 13, 14, 17, 19, 20, 21, 22, 25, 28, 30, 32, 34, 36, 37, 39, 40, 41, 42, 43, 49, 54, 59, 60, 67, 70, 73, 75, 79]]
[88, 6.42346, [0, 1, 2, 3, 4, 6, 7, 8, 9, 11, 12, 13, 14, 17, 19, 20, 21, 24, 26, 27, 28, 30, 31, 33, 34, 37, 38, 39, 42, 43, 49, 54, 60, 62, 67, 73, 76, 79, 80]]
[88, 6.40613, [0, 1, 2, 3, 4, 6, 7, 8, 9, 11, 12, 13, 14, 17, 19, 20, 21, 24, 26, 27, 28, 31, 33, 36, 37, 38, 39, 41, 42, 43, 49, 54, 59, 62, 67, 73, 74, 76, 78]]
[88, 6.43812, [0, 1, 2, 3, 4, 6, 7, 8, 9, 11, 12, 13, 14, 17, 19, 21, 23, 24, 26, 27, 28, 30, 31, 32, 33, 37, 38, 40, 41, 42, 43, 49, 54, 59, 62, 66, 73, 80, 83]]
[88, 6.42977, [0, 1, 2, 3, 4, 6, 7, 8, 9, 11, 12, 13, 14, 17, 19, 21, 23, 24, 26, 27, 28, 31, 32, 33, 36, 37, 38, 40, 41, 42, 43, 49, 54, 59, 62, 66, 73, 74, 83]]
[88, 6.43971, [0, 1, 2, 3, 4, 6, 7, 8, 9, 11, 12, 13, 14, 17, 21, 23, 24, 26, 27, 30, 32, 33, 34, 35, 37, 40, 41, 42, 49, 54, 59, 60, 63, 64, 66, 69, 75, 80, 82, 83]]
[88, 6.4877, [0, 1, 2, 3, 4, 6, 7, 8, 9, 11, 12, 13, 14, 18, 19, 20, 22, 23, 26, 29, 30, 33, 35, 36, 37, 38, 40, 42, 43, 49, 60, 61, 65, 68, 69, 71, 75, 76, 78, 83]]
[88, 6.47645, [0, 1, 2, 3, 4, 6, 7, 8, 9, 11, 12, 13, 14, 18, 19, 20, 22, 23, 29, 30, 32, 33, 35, 36, 37, 38, 40, 42, 43, 49, 60, 61, 65, 68, 69, 70, 71, 75, 78, 83]]
[88, 6.43754, [0, 1, 2, 3, 4, 6, 7, 8, 9, 11, 12, 13, 14, 18, 19, 20, 22, 23, 29, 30, 33, 35, 36, 37, 38, 40, 42, 43, 49, 60, 61, 65, 68, 69, 70, 71, 75, 76, 78, 83]]
[88, 6.40878, [0, 1, 2, 3, 4, 6, 7, 8, 9, 11, 12, 13, 17, 19, 20, 21, 23, 24, 26, 27, 28, 30, 31, 32, 33, 37, 38, 39, 40, 41, 43, 49, 54, 58, 62, 66, 69, 78, 80]]
[88, 6.40877, [0, 1, 2, 3, 4, 6, 7, 8, 9, 11, 12, 13, 17, 19, 20, 21, 23, 24, 26, 27, 28, 30, 31, 32, 33, 37, 38, 40, 41, 42, 43, 49, 54, 58, 59, 62, 66, 80, 83]]
[88, 6.40316, [0, 1, 2, 3, 4, 6, 7, 8, 9, 11, 12, 13, 17, 19, 20, 21, 23, 24, 26, 27, 28, 30, 31, 32, 33, 37, 38, 40, 41, 42, 43, 49, 54, 58, 62, 66, 69, 80, 83]]
[88, 6.46949, [0, 1, 2, 3, 4, 6, 7, 8, 9, 11, 13, 14, 15, 16, 18, 20, 23, 24, 25, 26, 29, 30, 31, 33, 34, 35, 36, 38, 39, 41, 42, 43, 49, 54, 56, 61, 65, 71, 76]]
[88, 6.41869, [0, 1, 2, 3, 4, 6, 7, 8, 9, 11, 13, 14, 15, 16, 20, 22, 23, 24, 25, 28, 29, 30, 31, 33, 34, 35, 38, 39, 41, 42, 43, 49, 54, 56, 61, 62, 65, 71, 84]]
[88, 6.40569, [0, 1, 2, 3, 4, 6, 7, 8, 9, 11, 13, 14, 15, 16, 20, 22, 23, 24, 25, 28, 30, 31, 33, 34, 35, 36, 38, 39, 41, 42, 43, 49, 54, 56, 61, 62, 65, 71, 84]]
[88, 6.44022, [0, 1, 2, 3, 4, 6, 7, 8, 9, 11, 13, 14, 15, 16, 20, 23, 24, 25, 26, 28, 29, 30, 31, 33, 34, 35, 36, 38, 39, 41, 42, 43, 49, 54, 56, 61, 62, 65, 71]]
[88, 6.40855, [0, 1, 2, 3, 4, 6, 7, 8, 9, 11, 13, 14, 15, 18, 20, 21, 23, 24, 25, 26, 29, 31, 33, 34, 35, 36, 38, 39, 41, 42, 43, 49, 54, 56, 60, 61, 66, 71, 76]]
[88, 6.41879, [0, 1, 2, 3, 5, 6, 7, 8, 10, 11, 12, 16, 18, 19, 20, 22, 23, 25, 26, 27, 29, 30, 31, 32, 36, 37, 39, 40, 41, 42, 43, 48, 53, 57, 58, 61, 65, 72, 79, 82]]

Search completed in 15 hours, 15 minutes, and 31.691 seconds.  Enter a string to quit.