Enter an integer k for which our Kempner sets are k-free: 4
Enter a positive integer modulus b: 100
Enter estimation parameters, or * for pre-computed parameters ([0.0852, 1.0767, 1.4085]): *
Enter a threshold (e.g. 4.2) to determine printed output: 4.16
Enter a root for the search space (e.g. [0, 1, 2]) [or * for the root [0]]: *
Enter an upper bound for the size of allowable digit sets [or * to ignore]: 30
Enter a maximal number of deviations from a greedy search [or * to ignore]: *
Searching for k-free sets mod b...

[100, 4.21663, [0, 1, 2, 4, 5, 7, 8, 9, 14, 15, 16, 18, 25, 26, 28, 29, 31, 32, 33, 36, 45, 49, 60, 62, 63, 71, 74, 80]]
[100, 4.20676, [0, 1, 2, 4, 5, 7, 8, 9, 14, 15, 16, 18, 25, 26, 28, 29, 31, 32, 33, 36, 45, 60, 62, 63, 67, 71, 77, 80]]
[100, 4.16397, [0, 1, 2, 4, 5, 7, 8, 9, 14, 15, 16, 18, 28, 29, 31, 32, 35, 36, 39, 45, 47, 49, 60, 62, 67, 71, 80, 83]]
[100, 4.16522, [0, 1, 2, 4, 5, 7, 8, 9, 14, 15, 17, 18, 23, 24, 26, 28, 29, 36, 39, 44, 45, 47, 48, 53, 56, 69, 71]]
[100, 4.16141, [0, 1, 2, 4, 5, 7, 8, 9, 14, 15, 17, 18, 23, 24, 29, 30, 37, 38, 39, 46, 47, 48, 63, 82, 83, 84, 86, 90]]
[100, 4.18711, [0, 1, 2, 4, 5, 7, 8, 9, 14, 15, 17, 18, 23, 24, 29, 33, 37, 38, 39, 44, 45, 46, 48, 56, 61, 82, 86, 90]]
[100, 4.16527, [0, 1, 2, 4, 5, 7, 8, 9, 14, 15, 17, 23, 24, 26, 27, 29, 30, 39, 44, 46, 47, 48, 53, 56, 63, 86, 92, 95]]
[100, 4.16411, [0, 1, 2, 4, 5, 7, 8, 9, 14, 15, 17, 23, 26, 27, 29, 33, 34, 36, 42, 45, 46, 47, 53, 60, 62, 66, 74, 78]]
[100, 4.1644, [0, 1, 2, 4, 5, 7, 8, 9, 14, 15, 17, 23, 26, 27, 29, 33, 34, 36, 42, 45, 47, 48, 53, 60, 62, 66, 69, 78]]
[100, 4.21353, [0, 1, 2, 4, 5, 7, 8, 9, 14, 15, 17, 23, 26, 27, 29, 33, 34, 36, 42, 46, 47, 53, 60, 62, 63, 66, 74, 78, 95]]
[100, 4.17993, [0, 1, 2, 4, 5, 7, 8, 9, 14, 15, 17, 24, 26, 28, 29, 31, 32, 33, 39, 44, 45, 46, 48, 56, 61, 63, 66, 92]]
[100, 4.17767, [0, 1, 2, 4, 5, 7, 8, 9, 14, 15, 17, 24, 28, 29, 30, 33, 35, 37, 38, 40, 44, 46, 47, 48, 53, 60, 63, 95]]
[100, 4.16345, [0, 1, 2, 4, 5, 7, 8, 9, 14, 15, 17, 24, 28, 29, 31, 32, 33, 37, 39, 44, 45, 46, 48, 56, 61, 63, 66, 92]]
[100, 4.16092, [0, 1, 2, 4, 5, 7, 8, 9, 14, 15, 17, 24, 28, 29, 31, 32, 35, 37, 39, 44, 45, 46, 48, 56, 61, 63, 66, 92]]
[100, 4.16545, [0, 1, 2, 4, 5, 7, 8, 9, 14, 15, 17, 24, 28, 29, 31, 35, 37, 39, 40, 44, 45, 46, 48, 49, 60, 62, 63, 66]]
[100, 4.18078, [0, 1, 2, 4, 5, 7, 8, 9, 14, 15, 18, 23, 24, 26, 28, 29, 35, 36, 39, 44, 45, 47, 48, 49, 63, 71, 80, 83]]
[100, 4.16115, [0, 1, 2, 4, 5, 7, 8, 9, 14, 15, 18, 23, 24, 26, 28, 29, 35, 36, 39, 44, 46, 47, 49, 63, 71, 83, 88, 92]]
[100, 4.17074, [0, 1, 2, 4, 5, 7, 8, 9, 14, 15, 18, 23, 24, 26, 28, 29, 35, 39, 44, 45, 46, 48, 49, 56, 61, 63, 71, 92]]
[100, 4.17755, [0, 1, 2, 4, 5, 7, 8, 9, 14, 15, 18, 23, 24, 26, 30, 33, 35, 39, 41, 43, 44, 46, 48, 49, 56, 61, 66, 95]]
[100, 4.16701, [0, 1, 2, 4, 5, 7, 8, 9, 14, 15, 18, 23, 26, 28, 30, 34, 35, 36, 39, 40, 43, 48, 49, 56, 61, 63, 66, 95]]
[100, 4.16718, [0, 1, 2, 4, 5, 7, 8, 9, 14, 15, 18, 23, 26, 30, 33, 34, 35, 39, 40, 41, 43, 44, 46, 48, 56, 61, 66, 95]]
[100, 4.16935, [0, 1, 2, 4, 5, 7, 8, 9, 14, 15, 23, 24, 26, 28, 29, 33, 35, 36, 39, 40, 44, 45, 46, 49, 60, 61, 63, 66]]
[100, 4.18523, [0, 1, 2, 4, 5, 7, 8, 9, 14, 16, 17, 18, 22, 28, 29, 31, 32, 35, 36, 39, 45, 49, 60, 62, 71, 77, 80, 83]]
[100, 4.16609, [0, 1, 2, 4, 5, 7, 8, 9, 14, 16, 17, 18, 22, 29, 33, 34, 36, 38, 42, 44, 45, 48, 53, 56, 61, 65, 87, 90]]
[100, 4.1717, [0, 1, 2, 4, 5, 7, 8, 9, 14, 16, 17, 18, 22, 29, 33, 34, 36, 38, 44, 45, 46, 48, 53, 56, 61, 62, 65, 87]]
[100, 4.17935, [0, 1, 2, 4, 5, 7, 8, 9, 14, 16, 17, 18, 22, 31, 33, 34, 35, 38, 40, 41, 43, 45, 53, 56, 61, 62, 65, 94]]
[100, 4.16368, [0, 1, 2, 4, 5, 7, 8, 9, 14, 16, 17, 18, 22, 33, 34, 35, 38, 40, 41, 43, 45, 46, 53, 56, 61, 62, 65, 94]]
[100, 4.19971, [0, 1, 2, 4, 5, 7, 8, 9, 14, 16, 17, 18, 22, 33, 34, 36, 40, 42, 43, 46, 47, 48, 53, 56, 69, 73, 87, 88, 89]]
[100, 4.18588, [0, 1, 2, 4, 5, 7, 8, 9, 14, 16, 17, 18, 22, 33, 34, 36, 40, 42, 43, 46, 48, 53, 56, 69, 73, 77, 87, 88, 89]]
[100, 4.16219, [0, 1, 2, 4, 5, 7, 8, 9, 14, 17, 18, 23, 24, 26, 28, 29, 36, 37, 39, 43, 44, 45, 48, 49, 77, 80, 83, 85]]
[100, 4.16467, [0, 1, 2, 4, 5, 7, 8, 9, 14, 17, 18, 23, 24, 26, 30, 31, 33, 37, 39, 40, 42, 45, 53, 60, 65, 66, 77, 86]]
[100, 4.16562, [0, 1, 2, 4, 5, 7, 8, 9, 14, 17, 22, 23, 24, 28, 29, 31, 33, 36, 37, 40, 44, 46, 47, 53, 60, 61, 63, 88]]
[100, 4.16949, [0, 1, 2, 4, 5, 7, 8, 9, 14, 17, 22, 23, 24, 28, 29, 31, 33, 36, 37, 44, 46, 47, 48, 53, 56, 61, 62, 63]]
[100, 4.16469, [0, 1, 2, 4, 5, 7, 8, 9, 14, 17, 22, 23, 24, 28, 30, 31, 33, 35, 36, 40, 44, 46, 47, 53, 60, 61, 63, 95]]
[100, 4.2034, [0, 1, 2, 4, 5, 7, 8, 9, 15, 16, 17, 19, 20, 26, 27, 28, 30, 34, 39, 42, 46, 47, 48, 61, 63, 72, 81, 86]]
[100, 4.1902, [0, 1, 2, 4, 5, 7, 8, 9, 15, 16, 17, 19, 20, 26, 27, 28, 34, 39, 42, 44, 46, 47, 53, 56, 63, 64, 81, 85]]
[100, 4.18618, [0, 1, 2, 4, 5, 7, 8, 9, 15, 16, 17, 19, 20, 26, 27, 28, 34, 39, 42, 44, 46, 47, 56, 61, 63, 64, 81, 85]]
[100, 4.18879, [0, 1, 2, 4, 5, 7, 8, 9, 15, 16, 17, 19, 20, 26, 27, 28, 34, 39, 42, 44, 47, 48, 53, 56, 63, 64, 81, 85]]
[100, 4.18477, [0, 1, 2, 4, 5, 7, 8, 9, 15, 16, 17, 19, 20, 26, 27, 28, 34, 39, 42, 44, 47, 48, 56, 61, 63, 64, 81, 85]]
[100, 4.18727, [0, 1, 2, 4, 5, 7, 8, 9, 15, 16, 17, 19, 20, 26, 27, 28, 34, 39, 42, 46, 47, 48, 53, 56, 63, 64, 81, 85]]
[100, 4.18324, [0, 1, 2, 4, 5, 7, 8, 9, 15, 16, 17, 19, 20, 26, 27, 28, 34, 39, 42, 46, 47, 48, 56, 61, 63, 64, 81, 85]]
[100, 4.1766, [0, 1, 2, 4, 5, 7, 8, 9, 15, 16, 17, 19, 20, 26, 27, 28, 34, 39, 42, 46, 47, 48, 61, 63, 64, 72, 81, 85]]
[100, 4.16961, [0, 1, 2, 4, 5, 7, 8, 9, 15, 16, 17, 19, 20, 26, 27, 28, 34, 39, 42, 46, 47, 48, 61, 63, 72, 81, 85, 86]]
[100, 4.18561, [0, 1, 2, 4, 5, 7, 8, 9, 15, 16, 17, 19, 20, 26, 27, 28, 34, 39, 44, 46, 47, 48, 53, 56, 63, 64, 81, 85]]
[100, 4.18159, [0, 1, 2, 4, 5, 7, 8, 9, 15, 16, 17, 19, 20, 26, 27, 28, 34, 39, 44, 46, 47, 48, 56, 61, 63, 64, 81, 85]]
[100, 4.17518, [0, 1, 2, 4, 5, 7, 8, 9, 15, 16, 17, 19, 20, 26, 27, 28, 34, 39, 44, 46, 47, 48, 56, 63, 64, 79, 81, 85]]
[100, 4.16121, [0, 1, 2, 4, 5, 7, 8, 9, 15, 16, 17, 19, 20, 26, 27, 28, 39, 42, 44, 47, 48, 53, 56, 63, 64, 81, 83, 85]]
[100, 4.16416, [0, 1, 2, 4, 5, 7, 8, 9, 15, 16, 17, 19, 20, 26, 27, 34, 39, 40, 42, 46, 47, 48, 53, 56, 63, 81, 85, 88]]
[100, 4.16722, [0, 1, 2, 4, 5, 7, 8, 9, 15, 16, 17, 19, 20, 27, 29, 30, 31, 35, 36, 40, 47, 62, 64, 73, 75, 82, 83, 84]]
[100, 4.16046, [0, 1, 2, 4, 5, 7, 8, 9, 15, 16, 17, 20, 21, 26, 28, 29, 34, 36, 38, 42, 45, 60, 61, 62, 74, 85, 90, 91]]
[100, 4.18281, [0, 1, 2, 4, 5, 7, 8, 9, 15, 16, 18, 19, 20, 25, 26, 28, 29, 31, 32, 33, 36, 45, 49, 60, 61, 62, 74]]
[100, 4.18239, [0, 1, 2, 4, 5, 7, 8, 9, 15, 16, 18, 19, 20, 25, 26, 28, 29, 31, 32, 33, 36, 45, 49, 60, 61, 63, 74]]
[100, 4.24756, [0, 1, 2, 4, 5, 7, 8, 9, 15, 16, 18, 19, 20, 25, 26, 28, 29, 31, 32, 33, 36, 45, 49, 60, 62, 63, 71, 74]]
[100, 4.18196, [0, 1, 2, 4, 5, 7, 8, 9, 15, 16, 18, 19, 20, 25, 26, 28, 29, 31, 32, 33, 36, 45, 49, 60, 62, 63, 74]]
[100, 4.17896, [0, 1, 2, 4, 5, 7, 8, 9, 15, 16, 18, 19, 20, 25, 26, 28, 29, 31, 32, 33, 36, 45, 49, 60, 62, 71, 74]]
[100, 4.17854, [0, 1, 2, 4, 5, 7, 8, 9, 15, 16, 18, 19, 20, 25, 26, 28, 29, 31, 32, 33, 36, 45, 49, 60, 63, 71, 74]]
[100, 4.24432, [0, 1, 2, 4, 5, 7, 8, 9, 15, 16, 18, 19, 20, 25, 26, 28, 29, 31, 32, 33, 36, 45, 49, 61, 62, 63, 74, 80]]
[100, 4.17974, [0, 1, 2, 4, 5, 7, 8, 9, 15, 16, 18, 19, 20, 25, 26, 28, 29, 31, 32, 33, 36, 45, 49, 61, 62, 63, 80]]
[100, 4.17576, [0, 1, 2, 4, 5, 7, 8, 9, 15, 16, 18, 19, 20, 25, 26, 28, 29, 31, 32, 33, 36, 45, 49, 61, 62, 74, 80]]
[100, 4.17534, [0, 1, 2, 4, 5, 7, 8, 9, 15, 16, 18, 19, 20, 25, 26, 28, 29, 31, 32, 33, 36, 45, 49, 61, 63, 74, 80]]
[100, 4.24041, [0, 1, 2, 4, 5, 7, 8, 9, 15, 16, 18, 19, 20, 25, 26, 28, 29, 31, 32, 33, 36, 45, 49, 62, 63, 71, 74, 80]]
[100, 4.17588, [0, 1, 2, 4, 5, 7, 8, 9, 15, 16, 18, 19, 20, 25, 26, 28, 29, 31, 32, 33, 36, 45, 49, 62, 63, 71, 80]]
[100, 4.1749, [0, 1, 2, 4, 5, 7, 8, 9, 15, 16, 18, 19, 20, 25, 26, 28, 29, 31, 32, 33, 36, 45, 49, 62, 63, 74, 80]]
[100, 4.1719, [0, 1, 2, 4, 5, 7, 8, 9, 15, 16, 18, 19, 20, 25, 26, 28, 29, 31, 32, 33, 36, 45, 49, 62, 71, 74, 80]]
[100, 4.17148, [0, 1, 2, 4, 5, 7, 8, 9, 15, 16, 18, 19, 20, 25, 26, 28, 29, 31, 32, 33, 36, 45, 49, 63, 71, 74, 80]]
[100, 4.23526, [0, 1, 2, 4, 5, 7, 8, 9, 15, 16, 18, 19, 20, 25, 26, 28, 29, 31, 32, 33, 36, 45, 60, 62, 63, 71, 74, 77]]
[100, 4.1708, [0, 1, 2, 4, 5, 7, 8, 9, 15, 16, 18, 19, 20, 25, 26, 28, 29, 31, 32, 33, 36, 45, 60, 62, 63, 71, 77]]
[100, 4.16982, [0, 1, 2, 4, 5, 7, 8, 9, 15, 16, 18, 19, 20, 25, 26, 28, 29, 31, 32, 33, 36, 45, 60, 62, 63, 74, 77]]
[100, 4.16682, [0, 1, 2, 4, 5, 7, 8, 9, 15, 16, 18, 19, 20, 25, 26, 28, 29, 31, 32, 33, 36, 45, 60, 62, 71, 74, 77]]
[100, 4.1664, [0, 1, 2, 4, 5, 7, 8, 9, 15, 16, 18, 19, 20, 25, 26, 28, 29, 31, 32, 33, 36, 45, 60, 63, 71, 74, 77]]
[100, 4.16852, [0, 1, 2, 4, 5, 7, 8, 9, 15, 16, 18, 19, 20, 25, 26, 28, 29, 31, 32, 33, 36, 45, 61, 62, 63, 74, 80]]
[100, 4.16552, [0, 1, 2, 4, 5, 7, 8, 9, 15, 16, 18, 19, 20, 25, 26, 28, 29, 31, 32, 33, 36, 45, 62, 63, 71, 74, 77]]
[100, 4.16466, [0, 1, 2, 4, 5, 7, 8, 9, 15, 16, 18, 19, 20, 25, 26, 28, 29, 31, 32, 33, 36, 45, 62, 63, 71, 74, 80]]
[100, 4.16375, [0, 1, 2, 4, 5, 7, 8, 9, 15, 16, 18, 19, 20, 25, 26, 28, 29, 31, 32, 33, 36, 45, 62, 63, 71, 77, 80]]
[100, 4.16277, [0, 1, 2, 4, 5, 7, 8, 9, 15, 16, 18, 19, 20, 25, 26, 28, 29, 31, 32, 33, 36, 45, 62, 63, 74, 77, 80]]
[100, 4.16893, [0, 1, 2, 4, 5, 7, 8, 9, 15, 16, 18, 19, 20, 25, 26, 28, 29, 31, 32, 33, 36, 49, 60, 62, 63, 71, 74]]
[100, 4.16573, [0, 1, 2, 4, 5, 7, 8, 9, 15, 16, 18, 19, 20, 25, 26, 28, 29, 31, 32, 33, 36, 49, 61, 62, 63, 74, 80]]
[100, 4.16188, [0, 1, 2, 4, 5, 7, 8, 9, 15, 16, 18, 19, 20, 25, 26, 28, 29, 31, 32, 33, 36, 49, 62, 63, 71, 74, 80]]
[100, 4.16066, [0, 1, 2, 4, 5, 7, 8, 9, 15, 16, 18, 19, 20, 25, 26, 28, 29, 31, 32, 33, 45, 49, 60, 62, 63, 71, 74]]
[100, 4.16919, [0, 1, 2, 4, 5, 7, 8, 9, 15, 16, 18, 19, 20, 25, 26, 28, 29, 32, 33, 36, 42, 45, 49, 61, 62, 63, 74]]
[100, 4.16274, [0, 1, 2, 4, 5, 7, 8, 9, 15, 16, 18, 19, 20, 25, 26, 28, 29, 32, 33, 36, 42, 45, 49, 61, 63, 74, 81]]
[100, 4.17763, [0, 1, 2, 4, 5, 7, 8, 9, 15, 16, 18, 19, 20, 26, 28, 29, 31, 32, 36, 45, 49, 60, 62, 63, 71, 74, 77, 83]]
[100, 4.19192, [0, 1, 2, 4, 5, 7, 8, 9, 15, 16, 18, 19, 25, 26, 28, 29, 31, 32, 33, 36, 45, 49, 60, 62, 63, 71, 74, 80]]
[100, 4.16963, [0, 1, 2, 4, 5, 7, 8, 9, 15, 16, 18, 20, 21, 25, 26, 28, 32, 33, 36, 42, 49, 60, 62, 69, 74, 81, 85, 87]]
[100, 4.20109, [0, 1, 2, 4, 5, 7, 8, 9, 15, 16, 18, 20, 21, 25, 26, 28, 33, 39, 42, 43, 44, 47, 48, 49, 56, 64, 69, 85]]
[100, 4.18535, [0, 1, 2, 4, 5, 7, 8, 9, 15, 16, 18, 20, 21, 25, 28, 33, 37, 39, 42, 43, 44, 47, 48, 49, 56, 64, 67, 85]]
[100, 4.16978, [0, 1, 2, 4, 5, 7, 8, 9, 15, 16, 18, 20, 21, 25, 29, 36, 37, 39, 41, 42, 44, 46, 47, 49, 56, 84, 85, 90]]
[100, 4.18162, [0, 1, 2, 4, 5, 7, 8, 9, 15, 16, 18, 20, 21, 25, 29, 36, 37, 39, 41, 42, 44, 47, 48, 49, 56, 64, 67, 85]]
[100, 4.17164, [0, 1, 2, 4, 5, 7, 8, 9, 15, 16, 18, 20, 21, 25, 32, 33, 36, 38, 41, 42, 43, 47, 53, 60, 62, 64, 67, 85]]
[100, 4.18223, [0, 1, 2, 4, 5, 7, 8, 9, 15, 16, 19, 20, 26, 27, 28, 30, 34, 35, 39, 42, 46, 47, 48, 53, 56, 63, 64, 71]]
[100, 4.17426, [0, 1, 2, 4, 5, 7, 8, 9, 15, 16, 19, 20, 26, 27, 28, 30, 34, 39, 42, 43, 46, 47, 48, 53, 56, 63, 64, 71]]
[100, 4.16116, [0, 1, 2, 4, 5, 7, 8, 9, 15, 16, 19, 20, 27, 28, 29, 33, 34, 35, 37, 42, 44, 45, 48, 56, 61, 64, 81, 93]]
[100, 4.16621, [0, 1, 2, 4, 5, 7, 8, 9, 15, 16, 19, 25, 26, 28, 29, 31, 32, 33, 36, 38, 42, 45, 49, 61, 62, 63, 74, 80]]
[100, 4.16964, [0, 1, 2, 4, 5, 7, 8, 9, 15, 17, 18, 19, 23, 24, 32, 33, 35, 36, 37, 43, 44, 45, 56, 61, 63, 66, 76, 78]]
[100, 4.16382, [0, 1, 2, 4, 5, 7, 8, 9, 15, 17, 18, 19, 23, 24, 32, 33, 35, 36, 37, 43, 44, 45, 56, 63, 66, 76, 77, 78]]
[100, 4.17893, [0, 1, 2, 4, 5, 7, 8, 9, 15, 17, 18, 19, 23, 24, 34, 35, 36, 39, 42, 47, 48, 56, 64, 71, 79, 81, 87, 88, 90]]
[100, 4.16733, [0, 1, 2, 4, 5, 7, 8, 9, 15, 17, 18, 20, 23, 24, 30, 32, 34, 35, 37, 40, 41, 42, 49, 64, 77, 81, 88, 89]]
[100, 4.16088, [0, 1, 2, 4, 5, 7, 8, 9, 15, 17, 18, 20, 23, 24, 30, 34, 35, 39, 41, 42, 46, 47, 48, 56, 66, 71, 79, 81]]
[100, 4.17442, [0, 1, 2, 4, 5, 7, 8, 9, 15, 17, 18, 20, 23, 24, 32, 34, 35, 37, 38, 42, 43, 45, 48, 49, 60, 64, 77, 89]]
[100, 4.16209, [0, 1, 2, 4, 5, 7, 8, 9, 15, 17, 19, 20, 23, 24, 30, 34, 35, 37, 39, 42, 46, 47, 48, 56, 63, 66, 81, 86]]
[100, 4.16778, [0, 1, 2, 4, 5, 7, 8, 9, 15, 17, 19, 20, 24, 27, 28, 30, 34, 35, 39, 42, 46, 47, 48, 56, 61, 63, 81, 86]]
[100, 4.18731, [0, 1, 2, 4, 5, 7, 8, 9, 15, 17, 20, 21, 23, 24, 28, 34, 35, 37, 38, 39, 44, 45, 46, 48, 60, 61, 63, 66]]
[100, 4.19083, [0, 1, 2, 4, 5, 7, 8, 9, 15, 18, 19, 20, 23, 24, 26, 28, 35, 36, 39, 40, 45, 46, 48, 49, 61, 63, 66, 81]]
[100, 4.16929, [0, 1, 2, 4, 5, 7, 8, 9, 15, 18, 19, 20, 23, 24, 26, 30, 32, 34, 35, 39, 47, 53, 60, 62, 64, 71, 79, 87]]
[100, 4.16799, [0, 1, 2, 4, 5, 7, 8, 9, 15, 18, 19, 20, 23, 24, 26, 30, 32, 34, 35, 39, 47, 53, 60, 62, 64, 75, 79, 87]]
[100, 4.16287, [0, 1, 2, 4, 5, 7, 8, 9, 15, 18, 19, 20, 23, 24, 26, 30, 32, 34, 35, 39, 47, 53, 60, 62, 64, 79, 87, 95]]
[100, 4.1769, [0, 1, 2, 4, 5, 7, 8, 9, 15, 18, 19, 20, 23, 24, 26, 30, 32, 35, 39, 42, 47, 48, 53, 56, 64, 66, 71, 79]]
[100, 4.16125, [0, 1, 2, 4, 5, 7, 8, 9, 15, 18, 19, 20, 23, 24, 26, 30, 32, 35, 39, 42, 47, 53, 56, 64, 66, 71, 79, 87]]
[100, 4.17531, [0, 1, 2, 4, 5, 7, 8, 9, 15, 18, 19, 20, 23, 24, 26, 30, 32, 35, 42, 43, 47, 48, 53, 56, 64, 66, 67, 77]]
[100, 4.16535, [0, 1, 2, 4, 5, 7, 8, 9, 15, 18, 19, 20, 23, 24, 26, 30, 34, 35, 39, 46, 47, 48, 53, 56, 66, 71, 79, 81]]
[100, 4.16208, [0, 1, 2, 4, 5, 7, 8, 9, 15, 18, 19, 20, 23, 24, 26, 30, 34, 35, 39, 46, 47, 48, 53, 56, 66, 71, 81, 92]]
[100, 4.16405, [0, 1, 2, 4, 5, 7, 8, 9, 15, 18, 19, 20, 23, 24, 26, 30, 34, 35, 39, 46, 47, 48, 53, 56, 66, 75, 79, 81]]
[100, 4.17827, [0, 1, 2, 4, 5, 7, 8, 9, 15, 18, 19, 20, 23, 24, 26, 32, 35, 36, 39, 41, 42, 47, 48, 56, 64, 66, 67, 81]]
[100, 4.17433, [0, 1, 2, 4, 5, 7, 8, 9, 15, 18, 19, 20, 23, 24, 26, 32, 35, 36, 39, 41, 42, 47, 48, 56, 64, 66, 79, 81]]
[100, 4.1758, [0, 1, 2, 4, 5, 7, 8, 9, 15, 18, 19, 20, 23, 24, 26, 32, 35, 36, 41, 42, 43, 47, 48, 56, 64, 66, 67, 77]]
[100, 4.16135, [0, 1, 2, 4, 5, 7, 8, 9, 15, 18, 19, 20, 23, 24, 26, 35, 36, 38, 42, 43, 44, 46, 47, 49, 63, 66, 87, 95]]
[100, 4.1639, [0, 1, 2, 4, 5, 7, 8, 9, 15, 18, 19, 20, 23, 24, 28, 30, 34, 35, 39, 42, 47, 48, 53, 56, 64, 71, 79, 87]]
[100, 4.16579, [0, 1, 2, 4, 5, 7, 8, 9, 15, 18, 19, 20, 23, 24, 29, 32, 33, 35, 36, 37, 45, 48, 56, 61, 64, 66, 81, 93]]
[100, 4.16809, [0, 1, 2, 4, 5, 7, 8, 9, 15, 18, 19, 20, 23, 24, 29, 32, 33, 35, 36, 37, 45, 49, 56, 61, 63, 71, 76, 81]]
[100, 4.16393, [0, 1, 2, 4, 5, 7, 8, 9, 15, 18, 19, 20, 23, 24, 29, 32, 33, 35, 36, 37, 45, 49, 56, 61, 63, 71, 81, 92]]
[100, 4.16157, [0, 1, 2, 4, 5, 7, 8, 9, 15, 18, 19, 20, 23, 24, 29, 32, 33, 35, 36, 37, 45, 56, 61, 63, 64, 66, 78, 81]]
[100, 4.20531, [0, 1, 2, 4, 5, 7, 8, 9, 15, 18, 19, 20, 23, 24, 30, 34, 35, 39, 42, 46, 47, 48, 53, 56, 66, 71, 79, 81, 87]]
[100, 4.16122, [0, 1, 2, 4, 5, 7, 8, 9, 15, 18, 19, 20, 23, 26, 28, 30, 35, 39, 40, 44, 46, 48, 49, 56, 61, 63, 66, 95]]
[100, 4.19553, [0, 1, 2, 4, 5, 7, 8, 9, 15, 19, 20, 21, 23, 24, 26, 28, 34, 35, 38, 39, 44, 45, 46, 48, 60, 61, 63, 66]]
[100, 4.16461, [0, 1, 2, 4, 5, 7, 8, 9, 15, 19, 20, 21, 23, 24, 26, 30, 32, 35, 42, 43, 47, 48, 53, 56, 64, 66, 67, 77]]
[100, 4.16511, [0, 1, 2, 4, 5, 7, 8, 9, 15, 19, 20, 21, 23, 24, 26, 32, 35, 36, 41, 42, 43, 47, 48, 56, 64, 66, 67, 77]]
[100, 4.18698, [0, 1, 2, 4, 5, 7, 8, 9, 15, 20, 23, 24, 27, 29, 30, 32, 35, 36, 37, 39, 40, 46, 47, 61, 63, 66, 75, 76, 81]]
[100, 4.1607, [0, 1, 2, 4, 5, 7, 8, 9, 16, 17, 19, 20, 22, 26, 28, 30, 31, 33, 37, 38, 45, 53, 62, 65, 68, 74, 77, 90]]
[100, 4.18563, [0, 1, 2, 4, 5, 7, 8, 9, 16, 17, 19, 20, 22, 27, 29, 31, 34, 35, 36, 40, 44, 45, 47, 56, 61, 62, 64, 65]]
[100, 4.16922, [0, 1, 2, 4, 5, 7, 8, 9, 16, 18, 20, 21, 25, 26, 28, 29, 30, 37, 41, 42, 43, 47, 48, 49, 56, 62, 64, 85]]
[100, 4.17679, [0, 1, 2, 4, 5, 7, 8, 9, 17, 18, 19, 21, 22, 24, 28, 29, 30, 32, 33, 35, 37, 56, 62, 63, 64, 66, 77, 88]]
[100, 4.16943, [0, 1, 2, 4, 5, 7, 8, 9, 17, 18, 19, 22, 23, 24, 26, 31, 32, 33, 37, 39, 41, 48, 53, 60, 64, 65, 66, 86]]
[100, 4.16529, [0, 1, 2, 4, 5, 7, 8, 9, 17, 18, 19, 22, 23, 24, 26, 31, 32, 33, 37, 39, 41, 48, 53, 60, 64, 66, 77, 86]]
[100, 4.16158, [0, 1, 2, 4, 5, 7, 8, 9, 17, 18, 19, 22, 23, 24, 26, 31, 32, 33, 37, 39, 45, 48, 53, 60, 65, 66, 77, 86]]
[100, 4.21474, [0, 1, 2, 4, 5, 7, 8, 9, 17, 18, 19, 22, 23, 24, 26, 31, 32, 33, 37, 41, 48, 53, 60, 61, 64, 65, 66, 86, 94]]
[100, 4.16076, [0, 1, 2, 4, 5, 7, 8, 9, 17, 18, 19, 22, 23, 24, 26, 31, 32, 33, 37, 42, 45, 48, 53, 56, 65, 66, 77, 86]]
[100, 4.17599, [0, 1, 2, 4, 5, 7, 8, 9, 17, 18, 19, 22, 23, 24, 26, 32, 33, 36, 37, 38, 41, 42, 48, 56, 64, 65, 66, 77]]
[100, 4.16237, [0, 1, 2, 4, 5, 7, 8, 9, 17, 18, 19, 22, 23, 24, 28, 31, 32, 35, 37, 40, 41, 45, 53, 60, 64, 65, 66, 94]]
[100, 4.16525, [0, 1, 2, 4, 5, 7, 8, 9, 17, 18, 20, 21, 22, 26, 28, 31, 32, 33, 39, 40, 41, 43, 48, 53, 62, 66, 77, 95]]
[100, 4.1939, [0, 1, 2, 4, 5, 7, 8, 9, 18, 19, 21, 22, 24, 26, 31, 32, 33, 37, 38, 39, 41, 48, 49, 60, 64, 65, 66, 85, 86]]
[100, 4.16133, [0, 1, 2, 4, 5, 7, 8, 13, 14, 15, 17, 18, 24, 25, 26, 28, 29, 31, 32, 33, 56, 59, 62, 70, 71, 73, 88, 97]]
[100, 4.1846, [0, 1, 2, 4, 5, 7, 8, 13, 14, 15, 17, 18, 24, 25, 27, 28, 29, 33, 39, 44, 46, 47, 48, 53, 56, 62, 69, 82]]
[100, 4.17813, [0, 1, 2, 4, 5, 7, 8, 13, 14, 15, 17, 18, 24, 25, 27, 28, 29, 33, 39, 44, 46, 47, 48, 53, 56, 62, 82, 92]]
[100, 4.16639, [0, 1, 2, 4, 5, 7, 8, 13, 14, 15, 17, 18, 24, 25, 27, 28, 29, 33, 39, 44, 47, 48, 53, 56, 62, 69, 82, 92]]
[100, 4.16119, [0, 1, 2, 4, 5, 7, 8, 13, 14, 15, 17, 18, 24, 25, 27, 28, 29, 33, 44, 45, 47, 48, 53, 56, 62, 69, 82, 92]]
[100, 4.16525, [0, 1, 2, 4, 5, 7, 8, 13, 15, 16, 17, 20, 21, 23, 28, 32, 34, 35, 37, 38, 39, 43, 45, 46, 74, 80, 81, 86]]
[100, 4.16415, [0, 1, 2, 4, 5, 7, 8, 13, 15, 16, 18, 20, 21, 27, 28, 30, 31, 32, 35, 36, 37, 43, 47, 60, 62, 75, 83, 91]]
[100, 4.16722, [0, 1, 2, 4, 5, 7, 8, 13, 16, 17, 18, 21, 22, 27, 33, 34, 35, 40, 42, 43, 45, 46, 48, 53, 56, 69, 76, 87, 88]]
[100, 4.16384, [0, 1, 2, 4, 5, 7, 8, 13, 16, 18, 20, 21, 25, 27, 28, 31, 32, 33, 35, 41, 43, 47, 62, 64, 65, 73, 79, 80, 88]]
[100, 4.17786, [0, 1, 2, 4, 5, 7, 9, 12, 14, 15, 16, 20, 22, 25, 27, 29, 37, 39, 41, 42, 44, 49, 67, 76, 81, 84, 85, 86, 90]]
[100, 4.17667, [0, 1, 2, 4, 5, 7, 9, 12, 14, 15, 16, 20, 22, 25, 27, 29, 37, 39, 41, 42, 44, 49, 67, 80, 81, 84, 85, 86, 90]]
[100, 4.16089, [0, 1, 2, 4, 5, 7, 9, 12, 14, 15, 16, 20, 22, 25, 27, 29, 37, 39, 41, 42, 49, 67, 76, 80, 81, 84, 85, 86, 90]]
[100, 4.16592, [0, 1, 2, 4, 5, 7, 9, 12, 14, 15, 16, 22, 24, 25, 27, 29, 37, 39, 41, 42, 47, 49, 60, 76, 80, 84, 85, 86, 96]]
[100, 4.17319, [0, 1, 2, 4, 5, 7, 11, 12, 13, 15, 16, 18, 20, 23, 27, 30, 32, 33, 35, 39, 40, 41, 53, 56, 64, 72, 81, 86]]
[100, 4.16397, [0, 1, 2, 4, 5, 7, 11, 12, 13, 15, 16, 18, 20, 23, 27, 30, 32, 33, 35, 39, 40, 41, 56, 64, 72, 75, 81, 86]]
[100, 4.18347, [0, 1, 2, 4, 5, 7, 11, 12, 13, 15, 16, 18, 20, 23, 27, 30, 32, 35, 36, 39, 40, 42, 43, 53, 56, 64, 81, 87]]
[100, 4.16653, [0, 1, 2, 4, 5, 7, 11, 12, 13, 15, 18, 20, 22, 23, 26, 27, 35, 36, 38, 41, 42, 43, 46, 48, 49, 58, 67, 94]]
[100, 4.16052, [0, 1, 2, 4, 5, 7, 11, 12, 13, 15, 18, 20, 22, 23, 26, 27, 35, 36, 38, 41, 42, 43, 46, 48, 58, 60, 67, 94]]

Search completed in 0 hours, 29 minutes, and 7.09 seconds.  Enter a string to quit.