Enter an integer k for which our Kempner sets are k-free: 4
Enter a positive integer modulus b: 85
Enter estimation parameters, or * for pre-computed parameters ([0.0885, 1.0882, 1.4102]): *
Enter a threshold (e.g. 4.2) to determine printed output: 4.26
Enter a root for the search space (e.g. [0, 1, 2]) [or * for the root [0]]: *
Enter an upper bound for the size of allowable digit sets [or * to ignore]: *
Enter a maximal number of deviations from a greedy search [or * to ignore]: *
Searching for k-free sets mod b...

[85, 4.28417, [0, 1, 2, 4, 5, 7, 8, 9, 14, 15, 16, 18, 26, 28, 32, 33, 34, 36, 39, 43, 45, 49, 53, 55, 56, 58]]
[85, 4.28286, [0, 1, 2, 4, 5, 7, 8, 9, 14, 15, 16, 18, 26, 28, 32, 33, 35, 36, 39, 43, 45, 49, 53, 55, 56, 58]]
[85, 4.28148, [0, 1, 2, 4, 5, 7, 8, 9, 14, 15, 16, 18, 26, 28, 32, 34, 35, 36, 39, 43, 45, 49, 53, 55, 56, 58]]
[85, 4.28243, [0, 1, 2, 4, 5, 7, 8, 9, 14, 15, 16, 18, 26, 30, 31, 32, 34, 35, 40, 41, 43, 49, 51, 53, 57, 74]]
[85, 4.28124, [0, 1, 2, 4, 5, 7, 8, 9, 14, 15, 16, 18, 26, 30, 31, 32, 34, 35, 40, 41, 43, 49, 51, 55, 57, 74]]
[85, 4.27997, [0, 1, 2, 4, 5, 7, 8, 9, 14, 15, 16, 18, 26, 30, 31, 32, 34, 35, 40, 41, 43, 49, 53, 55, 57, 74]]
[85, 4.27153, [0, 1, 2, 4, 5, 7, 8, 9, 14, 15, 16, 18, 26, 30, 32, 33, 34, 39, 40, 41, 43, 51, 53, 55, 56, 74]]
[85, 4.27022, [0, 1, 2, 4, 5, 7, 8, 9, 14, 15, 16, 18, 26, 30, 32, 33, 35, 39, 40, 41, 43, 51, 53, 55, 56, 74]]
[85, 4.26884, [0, 1, 2, 4, 5, 7, 8, 9, 14, 15, 16, 18, 26, 30, 32, 34, 35, 39, 40, 41, 43, 51, 53, 55, 56, 74]]
[85, 4.26738, [0, 1, 2, 4, 5, 7, 8, 9, 14, 15, 16, 18, 26, 30, 33, 34, 35, 39, 40, 41, 43, 51, 53, 55, 56, 74]]
[85, 4.27112, [0, 1, 2, 4, 5, 7, 8, 9, 14, 15, 16, 18, 26, 32, 33, 34, 36, 39, 40, 41, 43, 49, 53, 55, 56, 58]]
[85, 4.26981, [0, 1, 2, 4, 5, 7, 8, 9, 14, 15, 16, 18, 26, 32, 33, 35, 36, 39, 40, 41, 43, 49, 53, 55, 56, 58]]
[85, 4.26842, [0, 1, 2, 4, 5, 7, 8, 9, 14, 15, 16, 18, 26, 32, 34, 35, 36, 39, 40, 41, 43, 49, 53, 55, 56, 58]]
[85, 4.26088, [0, 1, 2, 4, 5, 7, 8, 9, 14, 15, 16, 18, 26, 32, 34, 35, 36, 39, 40, 41, 43, 49, 53, 55, 58, 73]]
[85, 4.27516, [0, 1, 2, 4, 5, 7, 8, 9, 14, 16, 17, 18, 26, 28, 32, 33, 34, 36, 37, 39, 43, 45, 53, 55, 57, 79]]
[85, 4.26422, [0, 1, 2, 4, 5, 7, 8, 9, 14, 16, 17, 18, 26, 28, 32, 33, 34, 36, 39, 41, 45, 52, 53, 55, 57, 79]]
[85, 4.30726, [0, 1, 2, 4, 5, 7, 8, 9, 15, 16, 17, 19, 27, 31, 34, 35, 36, 40, 41, 42, 44, 54, 56, 57, 59, 66, 75]]
[85, 4.29855, [0, 1, 2, 4, 5, 7, 8, 9, 15, 16, 17, 19, 27, 31, 34, 35, 36, 40, 42, 44, 52, 54, 56, 57, 59, 66, 75]]
[85, 4.30687, [0, 1, 2, 4, 5, 7, 8, 9, 15, 16, 17, 20, 21, 26, 29, 30, 32, 33, 34, 39, 40, 42, 52, 54, 56, 75]]
[85, 4.26639, [0, 1, 2, 4, 5, 7, 8, 9, 15, 16, 18, 19, 20, 25, 26, 28, 29, 31, 33, 55, 63, 64, 67, 69, 73, 75]]
[85, 4.26243, [0, 1, 2, 4, 5, 7, 8, 9, 15, 16, 18, 19, 20, 30, 31, 32, 35, 37, 39, 40, 49, 51, 53, 56, 57, 74]]
[85, 4.27321, [0, 1, 2, 4, 5, 7, 8, 9, 15, 16, 18, 20, 21, 26, 30, 32, 33, 35, 39, 41, 42, 51, 55, 56, 57, 74]]
[85, 4.28795, [0, 1, 2, 4, 5, 7, 8, 9, 15, 16, 19, 20, 21, 28, 29, 30, 32, 33, 36, 37, 38, 42, 50, 54, 75, 78]]
[85, 4.26315, [0, 1, 2, 4, 5, 7, 8, 9, 15, 16, 19, 20, 21, 28, 29, 30, 33, 36, 37, 38, 42, 50, 54, 62, 75, 78]]
[85, 4.27355, [0, 1, 2, 4, 5, 7, 8, 9, 15, 17, 18, 19, 23, 24, 26, 28, 32, 40, 42, 44, 50, 52, 54, 57, 58, 60]]
[85, 4.26732, [0, 1, 2, 4, 5, 7, 8, 9, 15, 17, 18, 19, 23, 24, 26, 28, 32, 42, 44, 48, 50, 52, 53, 57, 58, 60]]
[85, 4.26338, [0, 1, 2, 4, 5, 7, 8, 9, 15, 17, 18, 19, 23, 24, 26, 28, 32, 42, 44, 50, 52, 53, 54, 57, 58, 60]]
[85, 4.29533, [0, 1, 2, 4, 5, 7, 8, 9, 15, 17, 18, 19, 23, 24, 28, 32, 34, 35, 37, 39, 42, 44, 48, 53, 57, 58]]
[85, 4.30123, [0, 1, 2, 4, 5, 7, 8, 9, 15, 17, 19, 20, 27, 28, 30, 31, 33, 34, 35, 44, 48, 56, 65, 66, 71, 72, 77]]
[85, 4.2819, [0, 1, 2, 4, 5, 7, 8, 9, 15, 17, 20, 21, 24, 26, 29, 30, 33, 36, 50, 54, 55, 56, 62, 66, 67, 75, 77]]
[85, 4.26794, [0, 1, 2, 4, 5, 7, 8, 9, 15, 18, 19, 20, 23, 24, 25, 28, 37, 39, 40, 43, 48, 50, 52, 53, 57, 59]]
[85, 4.26341, [0, 1, 2, 4, 5, 7, 8, 9, 15, 18, 19, 20, 23, 24, 25, 28, 37, 40, 42, 44, 48, 50, 53, 54, 57, 58]]
[85, 4.2607, [0, 1, 2, 4, 5, 7, 8, 9, 15, 18, 19, 20, 23, 24, 25, 28, 37, 40, 42, 44, 50, 52, 53, 54, 57, 58]]
[85, 4.26714, [0, 1, 2, 4, 5, 7, 8, 9, 15, 18, 19, 20, 23, 24, 26, 32, 33, 34, 36, 39, 41, 51, 56, 57, 66, 77]]
[85, 4.26336, [0, 1, 2, 4, 5, 7, 8, 9, 15, 19, 20, 21, 23, 24, 26, 30, 32, 34, 35, 39, 42, 51, 56, 57, 65, 71]]
[85, 4.26293, [0, 1, 2, 4, 5, 7, 8, 9, 15, 19, 20, 21, 23, 24, 28, 29, 30, 33, 36, 37, 40, 48, 54, 62, 75, 78]]
[85, 4.27964, [0, 1, 2, 4, 5, 7, 8, 9, 15, 19, 20, 21, 25, 26, 28, 29, 34, 42, 46, 51, 54, 55, 56, 62, 65, 71, 77]]
[85, 4.30061, [0, 1, 2, 4, 5, 7, 8, 9, 16, 17, 19, 20, 21, 26, 28, 29, 30, 33, 34, 36, 37, 48, 50, 54, 56, 66]]
[85, 4.27866, [0, 1, 2, 4, 5, 7, 8, 9, 16, 17, 19, 20, 21, 26, 28, 29, 30, 33, 36, 37, 48, 50, 54, 56, 62, 66]]
[85, 4.27421, [0, 1, 2, 4, 5, 7, 8, 9, 16, 17, 19, 20, 22, 28, 30, 31, 32, 35, 37, 38, 39, 45, 49, 51, 53, 79]]
[85, 4.26285, [0, 1, 2, 4, 5, 7, 8, 9, 16, 17, 20, 21, 22, 26, 28, 37, 38, 41, 43, 45, 59, 62, 68, 70, 71, 75, 76]]
[85, 4.26882, [0, 1, 2, 4, 5, 7, 8, 9, 16, 17, 20, 21, 22, 28, 29, 31, 37, 38, 43, 50, 59, 61, 63, 67, 70, 75, 79]]
[85, 4.28854, [0, 1, 2, 4, 5, 7, 8, 9, 17, 19, 20, 22, 23, 24, 27, 28, 30, 35, 39, 42, 59, 63, 65, 69, 71, 72, 80]]
[85, 4.27311, [0, 1, 2, 4, 5, 7, 8, 13, 17, 18, 20, 21, 22, 26, 28, 32, 33, 36, 37, 41, 42, 48, 55, 56, 60, 76, 78]]
[85, 4.26221, [0, 1, 2, 4, 5, 7, 8, 13, 17, 18, 20, 21, 22, 26, 28, 32, 33, 36, 37, 41, 42, 55, 56, 60, 68, 76, 78]]
[85, 4.29525, [0, 1, 2, 4, 5, 7, 11, 12, 13, 15, 16, 18, 20, 23, 26, 27, 30, 32, 33, 35, 40, 41, 51, 53, 63, 67]]
[85, 4.27848, [0, 1, 2, 4, 5, 7, 11, 12, 13, 15, 16, 18, 20, 23, 26, 27, 30, 32, 35, 40, 41, 43, 53, 61, 63, 67]]
[85, 4.27177, [0, 1, 2, 4, 5, 7, 11, 12, 13, 15, 16, 18, 20, 23, 26, 27, 30, 32, 35, 41, 43, 49, 53, 61, 63, 65]]
[85, 4.35495, [0, 1, 2, 4, 5, 7, 11, 12, 13, 15, 16, 18, 20, 23, 26, 27, 30, 33, 35, 40, 41, 51, 53, 57, 62, 63, 67]]
[85, 4.27344, [0, 1, 2, 4, 5, 7, 11, 12, 13, 15, 16, 18, 20, 23, 26, 27, 30, 33, 35, 40, 41, 51, 53, 57, 62, 67]]
[85, 4.27298, [0, 1, 2, 4, 5, 7, 11, 12, 13, 15, 16, 18, 20, 23, 26, 27, 30, 33, 35, 40, 41, 51, 53, 57, 63, 67]]
[85, 4.27047, [0, 1, 2, 4, 5, 7, 11, 12, 13, 15, 16, 18, 20, 23, 26, 27, 30, 33, 35, 40, 41, 51, 53, 62, 63, 67]]
[85, 4.26817, [0, 1, 2, 4, 5, 7, 11, 12, 13, 15, 16, 18, 20, 23, 26, 27, 30, 33, 35, 40, 41, 51, 57, 62, 63, 67]]
[85, 4.26691, [0, 1, 2, 4, 5, 7, 11, 12, 13, 15, 16, 18, 20, 23, 26, 27, 30, 33, 35, 40, 41, 53, 57, 62, 63, 67]]
[85, 4.36762, [0, 1, 2, 4, 5, 7, 11, 12, 13, 15, 16, 18, 20, 23, 26, 27, 30, 35, 36, 40, 41, 43, 48, 53, 57, 62, 63]]
[85, 4.28544, [0, 1, 2, 4, 5, 7, 11, 12, 13, 15, 16, 18, 20, 23, 26, 27, 30, 35, 36, 40, 41, 43, 48, 53, 57, 63]]
[85, 4.28293, [0, 1, 2, 4, 5, 7, 11, 12, 13, 15, 16, 18, 20, 23, 26, 27, 30, 35, 36, 40, 41, 43, 48, 53, 62, 63]]
[85, 4.28064, [0, 1, 2, 4, 5, 7, 11, 12, 13, 15, 16, 18, 20, 23, 26, 27, 30, 35, 36, 40, 41, 43, 48, 57, 62, 63]]
[85, 4.27481, [0, 1, 2, 4, 5, 7, 11, 12, 13, 15, 16, 18, 20, 23, 26, 27, 30, 35, 36, 40, 41, 43, 48, 57, 63, 77]]
[85, 4.2773, [0, 1, 2, 4, 5, 7, 11, 12, 13, 15, 16, 18, 20, 23, 26, 27, 30, 35, 36, 40, 41, 43, 53, 57, 62, 63]]
[85, 4.2733, [0, 1, 2, 4, 5, 7, 11, 12, 13, 15, 16, 18, 20, 23, 26, 27, 30, 35, 36, 40, 41, 48, 53, 57, 62, 63]]
[85, 4.27146, [0, 1, 2, 4, 5, 7, 11, 12, 13, 15, 16, 18, 20, 23, 26, 27, 30, 35, 36, 40, 43, 48, 53, 57, 62, 63]]
[85, 4.27047, [0, 1, 2, 4, 5, 7, 11, 12, 13, 15, 16, 18, 20, 23, 26, 27, 30, 35, 36, 41, 43, 48, 53, 57, 62, 63]]
[85, 4.26959, [0, 1, 2, 4, 5, 7, 11, 12, 13, 15, 16, 18, 20, 23, 26, 27, 30, 35, 36, 41, 43, 48, 53, 57, 62, 65]]
[85, 4.26465, [0, 1, 2, 4, 5, 7, 11, 12, 13, 15, 16, 18, 20, 23, 26, 27, 30, 35, 36, 41, 43, 48, 53, 57, 63, 77]]
[85, 4.34839, [0, 1, 2, 4, 5, 7, 11, 12, 13, 15, 16, 18, 20, 23, 26, 27, 30, 35, 40, 41, 43, 48, 53, 57, 61, 62, 63]]
[85, 4.26654, [0, 1, 2, 4, 5, 7, 11, 12, 13, 15, 16, 18, 20, 23, 26, 27, 30, 35, 40, 41, 43, 48, 53, 57, 61, 63]]
[85, 4.26606, [0, 1, 2, 4, 5, 7, 11, 12, 13, 15, 16, 18, 20, 23, 26, 27, 30, 35, 40, 41, 43, 48, 53, 57, 62, 63]]
[85, 4.26403, [0, 1, 2, 4, 5, 7, 11, 12, 13, 15, 16, 18, 20, 23, 26, 27, 30, 35, 40, 41, 43, 48, 53, 61, 62, 63]]
[85, 4.26173, [0, 1, 2, 4, 5, 7, 11, 12, 13, 15, 16, 18, 20, 23, 26, 27, 30, 35, 40, 41, 43, 48, 57, 61, 62, 63]]
[85, 4.33789, [0, 1, 2, 4, 5, 7, 11, 12, 13, 15, 16, 18, 20, 23, 26, 27, 30, 35, 40, 41, 43, 53, 57, 61, 62, 63, 67]]
[85, 4.26482, [0, 1, 2, 4, 5, 7, 11, 12, 13, 15, 16, 18, 20, 23, 26, 27, 30, 36, 40, 41, 43, 48, 53, 57, 62, 63]]
[85, 4.28061, [0, 1, 2, 4, 5, 7, 11, 12, 13, 15, 16, 18, 20, 23, 26, 30, 33, 35, 36, 38, 40, 41, 48, 53, 57, 62]]
[85, 4.26998, [0, 1, 2, 4, 5, 7, 11, 12, 13, 15, 16, 18, 20, 23, 26, 30, 33, 35, 36, 38, 40, 41, 48, 57, 62, 77]]
[85, 4.27201, [0, 1, 2, 4, 5, 7, 11, 12, 13, 15, 16, 18, 20, 23, 26, 30, 33, 35, 36, 38, 40, 41, 53, 57, 62, 63]]
[85, 4.26138, [0, 1, 2, 4, 5, 7, 11, 12, 13, 15, 16, 18, 20, 23, 26, 30, 33, 35, 36, 38, 40, 41, 57, 62, 63, 77]]
[85, 4.34006, [0, 1, 2, 4, 5, 7, 11, 12, 13, 15, 16, 18, 20, 23, 26, 30, 35, 36, 38, 40, 41, 43, 48, 57, 62, 63, 77]]
[85, 4.26084, [0, 1, 2, 4, 5, 7, 11, 12, 13, 15, 16, 18, 20, 23, 26, 30, 35, 36, 38, 40, 41, 43, 53, 57, 62, 63]]
[85, 4.26179, [0, 1, 2, 4, 5, 7, 11, 12, 13, 15, 16, 18, 20, 26, 27, 30, 31, 32, 35, 40, 41, 43, 53, 61, 63, 67]]
[85, 4.27222, [0, 1, 2, 4, 5, 7, 11, 12, 13, 15, 16, 18, 20, 30, 31, 33, 36, 38, 40, 41, 43, 57, 62, 63, 72, 75, 76]]
[85, 4.27155, [0, 1, 2, 4, 5, 7, 11, 12, 13, 15, 16, 20, 22, 23, 26, 27, 30, 35, 36, 40, 41, 43, 48, 53, 57, 62]]
[85, 4.26688, [0, 1, 2, 4, 5, 7, 11, 12, 13, 18, 20, 21, 23, 26, 27, 30, 36, 38, 40, 41, 43, 47, 51, 53, 57, 63, 77]]
[85, 4.26091, [0, 1, 2, 4, 5, 7, 11, 12, 14, 15, 16, 20, 22, 23, 26, 27, 30, 35, 36, 39, 41, 43, 49, 54, 57, 69]]
[85, 4.27002, [0, 1, 2, 4, 5, 7, 11, 13, 14, 15, 18, 20, 22, 28, 32, 34, 35, 37, 38, 39, 45, 47, 49, 54, 55, 57, 81]]

Search completed in 197 hours, 59 minutes, and 29.357 seconds.  Enter a string to quit.