Enter an integer k for which our Kempner sets are k-free: 4
Enter a positive integer modulus b: 67
Enter estimation parameters, or * for pre-computed parameters ([0.0938, 1.1015, 1.4141]): *
Enter a threshold (e.g. 4.2) to determine printed output: 4.2
Enter a root for the search space (e.g. [0, 1, 2]) [or * for the root [0]]: *
Enter an upper bound for the size of allowable digit sets [or * to ignore]: *
Enter a maximal number of deviations from a greedy search [or * to ignore]: *
Searching for k-free sets mod b...

[67, 4.2014, [0, 1, 2, 4, 5, 7, 8, 9, 14, 15, 17, 18, 23, 24, 30, 33, 35, 39, 41, 44, 47]]
[67, 4.20604, [0, 1, 2, 4, 5, 7, 8, 9, 14, 15, 17, 18, 24, 28, 29, 30, 33, 35, 39, 44, 47]]
[67, 4.20072, [0, 1, 2, 4, 5, 7, 8, 9, 14, 16, 17, 18, 22, 28, 29, 31, 33, 37, 39, 45, 47]]
[67, 4.23218, [0, 1, 2, 4, 5, 7, 8, 9, 15, 16, 17, 19, 20, 26, 27, 29, 30, 32, 34, 40, 46]]
[67, 4.22398, [0, 1, 2, 4, 5, 7, 8, 9, 15, 16, 17, 19, 20, 26, 27, 29, 31, 32, 34, 40, 55]]
[67, 4.21774, [0, 1, 2, 4, 5, 7, 8, 9, 15, 16, 17, 19, 20, 26, 27, 30, 31, 34, 39, 40, 48]]
[67, 4.21418, [0, 1, 2, 4, 5, 7, 8, 9, 15, 16, 18, 19, 20, 26, 28, 30, 31, 33, 35, 39, 54]]
[67, 4.20343, [0, 1, 2, 4, 5, 7, 8, 9, 15, 16, 18, 19, 21, 25, 26, 30, 32, 38, 40, 42, 49]]
[67, 4.27975, [0, 1, 2, 4, 5, 7, 8, 9, 15, 17, 18, 20, 21, 28, 29, 30, 33, 35, 39, 44, 47, 62]]
[67, 4.25581, [0, 1, 2, 4, 5, 7, 8, 9, 15, 17, 19, 20, 26, 27, 28, 32, 34, 36, 42, 45, 46, 62]]
[67, 4.22301, [0, 1, 2, 4, 5, 7, 8, 9, 16, 17, 19, 20, 21, 26, 27, 33, 43, 48, 53, 55, 56, 57]]
[67, 4.23363, [0, 1, 2, 4, 5, 7, 8, 9, 16, 17, 19, 20, 22, 26, 27, 34, 43, 45, 46, 48, 52, 57]]
[67, 4.20348, [0, 1, 2, 4, 5, 7, 8, 9, 16, 17, 19, 20, 22, 26, 28, 29, 31, 32, 33, 37, 45]]
[67, 4.23951, [0, 1, 2, 4, 5, 7, 8, 9, 16, 18, 19, 20, 25, 26, 28, 32, 33, 35, 42, 54, 56, 60]]
[67, 4.22098, [0, 1, 2, 4, 5, 7, 8, 9, 16, 18, 19, 20, 25, 26, 28, 32, 33, 42, 54, 55, 56, 60]]
[67, 4.21406, [0, 1, 2, 4, 5, 7, 8, 9, 16, 18, 19, 20, 25, 26, 32, 33, 35, 42, 49, 54, 55, 60]]
[67, 4.20926, [0, 1, 2, 4, 5, 7, 8, 9, 16, 18, 19, 20, 25, 26, 32, 33, 35, 42, 54, 55, 56, 60]]
[67, 4.20844, [0, 1, 2, 4, 5, 7, 8, 9, 16, 18, 19, 20, 26, 30, 31, 33, 35, 39, 48, 54, 56, 60]]
[67, 4.20765, [0, 1, 2, 4, 5, 7, 8, 9, 16, 18, 19, 25, 26, 28, 31, 32, 33, 35, 42, 56, 60, 61]]
[67, 4.20845, [0, 1, 2, 4, 5, 7, 8, 9, 16, 19, 20, 21, 26, 27, 28, 32, 34, 43, 46, 55, 57, 58]]
[67, 4.20199, [0, 1, 2, 4, 5, 7, 8, 9, 17, 18, 19, 21, 22, 24, 26, 29, 31, 32, 33, 37, 42]]
[67, 4.24034, [0, 1, 2, 4, 5, 7, 8, 9, 17, 19, 20, 21, 24, 26, 27, 29, 32, 36, 40, 42, 61, 62]]
[67, 4.2271, [0, 1, 2, 4, 5, 7, 8, 9, 17, 19, 20, 21, 26, 27, 29, 30, 32, 36, 40, 42, 61, 62]]
[67, 4.22701, [0, 1, 2, 4, 5, 7, 8, 9, 18, 19, 20, 22, 23, 25, 26, 32, 33, 35, 42, 54, 55, 60]]
[67, 4.22638, [0, 1, 2, 4, 5, 7, 8, 9, 18, 19, 20, 22, 23, 25, 26, 32, 33, 35, 42, 54, 56, 60]]
[67, 4.20688, [0, 1, 2, 4, 5, 7, 8, 9, 18, 19, 20, 23, 25, 26, 28, 30, 34, 36, 40, 59, 61, 62]]
[67, 4.20362, [0, 1, 2, 4, 5, 7, 8, 9, 18, 19, 21, 24, 25, 26, 30, 31, 33, 35, 42, 55, 56, 57]]
[67, 4.23154, [0, 1, 2, 4, 5, 7, 8, 13, 15, 17, 18, 20, 21, 26, 27, 30, 36, 38, 44, 46, 48, 53]]
[67, 4.25873, [0, 1, 2, 4, 5, 7, 8, 14, 15, 17, 18, 19, 23, 25, 26, 28, 30, 34, 36, 40, 44, 59]]
[67, 4.23066, [0, 1, 2, 4, 5, 7, 8, 14, 15, 17, 18, 19, 23, 25, 26, 28, 34, 39, 40, 44, 52, 59]]
[67, 4.22319, [0, 1, 2, 4, 5, 7, 8, 16, 17, 18, 20, 21, 23, 29, 31, 37, 42, 43, 47, 48, 51, 62, 64]]
[67, 4.23931, [0, 1, 2, 4, 5, 7, 8, 16, 18, 19, 20, 23, 25, 26, 31, 32, 33, 35, 42, 54, 55, 56, 60]]
[67, 4.24761, [0, 1, 2, 4, 5, 7, 9, 12, 14, 15, 16, 20, 22, 25, 29, 31, 37, 39, 41, 45, 47, 51]]
[67, 4.24144, [0, 1, 2, 4, 5, 7, 9, 12, 14, 15, 16, 20, 22, 25, 29, 31, 37, 39, 41, 45, 47, 61]]
[67, 4.26308, [0, 1, 2, 4, 5, 7, 9, 12, 14, 15, 16, 22, 24, 25, 26, 30, 31, 33, 39, 40, 43, 63]]
[67, 4.25486, [0, 1, 2, 4, 5, 7, 9, 12, 14, 15, 16, 22, 24, 25, 26, 30, 31, 33, 39, 43, 49, 63]]
[67, 4.24262, [0, 1, 2, 4, 5, 7, 9, 12, 14, 15, 16, 22, 24, 25, 26, 30, 33, 39, 40, 43, 49, 63]]
[67, 4.23979, [0, 1, 2, 4, 5, 7, 9, 12, 14, 15, 16, 22, 24, 25, 30, 31, 33, 39, 40, 41, 43, 63]]
[67, 4.22178, [0, 1, 2, 4, 5, 7, 9, 12, 14, 15, 16, 24, 25, 26, 30, 31, 33, 39, 40, 43, 49, 63]]
[67, 4.21346, [0, 1, 2, 4, 5, 7, 9, 12, 14, 16, 22, 24, 25, 26, 29, 30, 31, 33, 39, 41, 43, 63]]
[67, 4.21026, [0, 1, 2, 4, 5, 7, 9, 12, 14, 16, 22, 24, 25, 26, 29, 30, 31, 33, 41, 42, 43, 63]]
[67, 4.20032, [0, 1, 2, 4, 5, 7, 11, 12, 13, 15, 16, 18, 22, 23, 24, 39, 41, 47, 49, 53, 61, 63]]
[67, 4.209, [0, 1, 2, 4, 5, 7, 11, 12, 13, 15, 16, 18, 23, 24, 29, 33, 39, 41, 47, 49, 53, 61]]
[67, 4.20582, [0, 1, 2, 4, 5, 7, 11, 12, 14, 15, 16, 20, 22, 23, 26, 35, 39, 40, 43, 44, 61, 62]]
[67, 4.21096, [0, 1, 2, 4, 5, 7, 11, 12, 15, 16, 18, 20, 23, 26, 27, 30, 32, 33, 35, 40, 58, 62]]
[67, 4.22874, [0, 1, 2, 4, 5, 7, 12, 14, 15, 18, 19, 22, 23, 30, 33, 35, 39, 40, 41, 43, 44, 49, 50]]
[67, 4.24048, [0, 1, 2, 4, 5, 8, 9, 10, 17, 18, 19, 21, 22, 24, 29, 30, 32, 33, 35, 37, 42, 44]]
[67, 4.20493, [0, 1, 2, 4, 5, 9, 11, 12, 14, 16, 24, 25, 26, 29, 30, 31, 33, 39, 42, 43, 45, 58, 63]]
[67, 4.21082, [0, 1, 2, 4, 5, 9, 11, 12, 15, 16, 19, 21, 24, 28, 29, 30, 33, 35, 53, 57, 60, 61, 63]]

Search completed in 1 hours, 0 minutes, and 51.135 seconds.  Enter a string to quit.