Enter an integer k for which our Kempner sets are k-free: 4
Enter a positive integer modulus b: 104
Enter estimation parameters, or * for pre-computed parameters ([0.0842, 1.0774, 1.405]): *
Enter a threshold (e.g. 4.2) to determine printed output: 4.17
Enter a root for the search space (e.g. [0, 1, 2]) [or * for the root [0]]: *
Enter an upper bound for the size of allowable digit sets [or * to ignore]: 32
Enter a maximal number of deviations from a greedy search [or * to ignore]: *
Searching for k-free sets mod b...

[104, 4.17465, [0, 1, 2, 4, 5, 7, 8, 9, 14, 15, 17, 18, 23, 24, 35, 36, 37, 42, 44, 45, 47, 48, 49, 55, 58, 68, 90, 91, 92]]
[104, 4.17453, [0, 1, 2, 4, 5, 7, 8, 9, 14, 15, 17, 28, 29, 30, 33, 34, 35, 37, 38, 40, 44, 47, 48, 50, 55, 62, 64, 65, 77]]
[104, 4.17243, [0, 1, 2, 4, 5, 7, 8, 9, 14, 16, 18, 25, 26, 28, 29, 33, 35, 36, 39, 41, 43, 44, 48, 55, 58, 64, 69, 79, 98]]
[104, 4.17757, [0, 1, 2, 4, 5, 7, 8, 9, 15, 16, 17, 19, 20, 26, 27, 29, 31, 34, 36, 44, 45, 47, 48, 50, 55, 58, 65, 66]]
[104, 4.17309, [0, 1, 2, 4, 5, 7, 8, 9, 15, 16, 17, 19, 20, 26, 29, 31, 33, 36, 38, 44, 45, 58, 66, 73, 74, 77, 79, 80, 86]]
[104, 4.19072, [0, 1, 2, 4, 5, 7, 8, 9, 15, 16, 19, 21, 25, 26, 29, 30, 38, 40, 46, 47, 50, 51, 58, 63, 66, 70, 84, 93, 94, 95]]
[104, 4.18875, [0, 1, 2, 4, 5, 7, 8, 9, 15, 17, 18, 20, 21, 28, 29, 30, 32, 33, 35, 36, 37, 48, 51, 62, 65, 77, 90, 96, 99]]
[104, 4.18526, [0, 1, 2, 4, 5, 7, 8, 9, 15, 17, 18, 20, 21, 28, 29, 30, 32, 33, 35, 36, 37, 48, 51, 62, 75, 77, 90, 96, 99]]
[104, 4.17271, [0, 1, 2, 4, 5, 7, 8, 9, 15, 17, 18, 20, 21, 28, 29, 30, 32, 33, 36, 37, 42, 50, 51, 65, 76, 87, 90, 96, 99]]
[104, 4.1759, [0, 1, 2, 4, 5, 7, 8, 9, 15, 17, 19, 20, 23, 24, 28, 29, 30, 36, 38, 40, 46, 48, 55, 62, 65, 79, 83, 86, 99]]
[104, 4.18245, [0, 1, 2, 4, 5, 7, 8, 9, 15, 17, 20, 21, 24, 28, 29, 30, 33, 36, 37, 48, 50, 51, 65, 75, 77, 83, 84, 90, 96, 99]]
[104, 4.17987, [0, 1, 2, 4, 5, 7, 8, 9, 15, 18, 19, 20, 23, 24, 25, 33, 34, 36, 38, 39, 41, 43, 63, 64, 66, 68, 69, 79, 96]]
[104, 4.17467, [0, 1, 2, 4, 5, 7, 8, 9, 15, 18, 19, 20, 23, 24, 26, 33, 34, 35, 38, 39, 41, 43, 51, 64, 68, 79, 83, 89, 92]]
[104, 4.1958, [0, 1, 2, 4, 5, 7, 8, 9, 15, 18, 19, 20, 23, 25, 26, 33, 34, 36, 38, 39, 41, 43, 44, 63, 64, 66, 68, 69, 79]]
[104, 4.19403, [0, 1, 2, 4, 5, 7, 8, 9, 15, 18, 19, 20, 24, 25, 26, 33, 34, 36, 38, 39, 41, 44, 45, 48, 66, 68, 69, 79, 81]]
[104, 4.20006, [0, 1, 2, 4, 5, 7, 8, 9, 16, 17, 19, 20, 22, 28, 29, 30, 32, 33, 35, 36, 37, 42, 45, 51, 64, 66, 79, 90, 93]]
[104, 4.19666, [0, 1, 2, 4, 5, 7, 8, 9, 16, 17, 19, 20, 22, 28, 29, 30, 32, 33, 35, 36, 37, 42, 45, 51, 64, 76, 79, 90, 93]]
[104, 4.1833, [0, 1, 2, 4, 5, 7, 8, 9, 16, 17, 19, 20, 22, 28, 29, 30, 32, 33, 36, 38, 42, 45, 51, 64, 65, 67, 76, 79, 87]]
[104, 4.18398, [0, 1, 2, 4, 5, 7, 8, 9, 16, 17, 19, 20, 22, 28, 29, 30, 33, 35, 36, 37, 42, 45, 51, 58, 64, 65, 66, 90, 91]]
[104, 4.17587, [0, 1, 2, 4, 5, 7, 8, 9, 16, 17, 19, 20, 22, 28, 29, 30, 33, 35, 36, 37, 42, 45, 51, 58, 64, 66, 90, 91, 93]]
[104, 4.18411, [0, 1, 2, 4, 5, 7, 8, 9, 16, 19, 20, 21, 25, 26, 27, 29, 30, 32, 37, 40, 46, 47, 49, 51, 58, 63, 64, 70, 95]]
[104, 4.1795, [0, 1, 2, 4, 5, 7, 8, 9, 16, 20, 21, 22, 25, 26, 27, 29, 30, 32, 36, 39, 40, 41, 47, 49, 51, 64, 83, 94, 95]]
[104, 4.17415, [0, 1, 2, 4, 5, 7, 8, 9, 17, 18, 19, 21, 22, 24, 26, 29, 31, 37, 48, 51, 62, 64, 67, 68, 75, 82, 85, 90, 91, 94]]
[104, 4.17238, [0, 1, 2, 4, 5, 7, 8, 9, 17, 18, 19, 22, 24, 28, 30, 31, 33, 34, 35, 39, 42, 45, 55, 58, 63, 64, 66, 67, 68]]
[104, 4.1762, [0, 1, 2, 4, 5, 7, 8, 9, 17, 18, 20, 21, 22, 26, 28, 29, 31, 32, 33, 37, 43, 48, 50, 51, 62, 75, 88, 90, 99]]
[104, 4.17308, [0, 1, 2, 4, 5, 7, 8, 9, 17, 18, 20, 21, 22, 26, 28, 31, 32, 37, 40, 41, 43, 45, 48, 50, 62, 65, 66, 71, 99]]
[104, 4.21837, [0, 1, 2, 4, 5, 7, 8, 9, 17, 18, 20, 21, 22, 26, 28, 31, 32, 37, 40, 43, 45, 48, 50, 51, 62, 65, 66, 88, 98, 99]]
[104, 4.19138, [0, 1, 2, 4, 5, 7, 8, 9, 17, 18, 20, 21, 22, 28, 31, 32, 37, 39, 40, 43, 45, 48, 51, 62, 65, 66, 67, 88, 98, 99]]
[104, 4.18268, [0, 1, 2, 4, 5, 7, 8, 9, 17, 18, 20, 21, 22, 28, 31, 32, 37, 40, 43, 45, 48, 50, 51, 62, 65, 66, 67, 88, 98, 99]]
[104, 4.17855, [0, 1, 2, 4, 5, 7, 8, 13, 14, 15, 17, 18, 24, 25, 28, 29, 30, 33, 39, 44, 46, 47, 48, 55, 58, 61, 73, 94, 101]]
[104, 4.17808, [0, 1, 2, 4, 5, 7, 8, 13, 14, 15, 17, 23, 25, 26, 28, 29, 30, 33, 34, 36, 44, 46, 48, 58, 61, 63, 64, 73, 101]]
[104, 4.17678, [0, 1, 2, 4, 5, 7, 8, 13, 14, 15, 17, 23, 25, 26, 28, 29, 30, 33, 34, 36, 44, 46, 50, 58, 61, 63, 64, 73, 101]]
[104, 4.17538, [0, 1, 2, 4, 5, 7, 8, 13, 14, 15, 17, 23, 25, 26, 28, 29, 30, 33, 34, 36, 44, 48, 50, 58, 61, 63, 64, 73, 101]]
[104, 4.17387, [0, 1, 2, 4, 5, 7, 8, 13, 14, 15, 17, 23, 25, 26, 28, 29, 30, 33, 34, 36, 46, 48, 50, 58, 61, 63, 64, 73, 101]]
[104, 4.20236, [0, 1, 2, 4, 5, 7, 11, 12, 13, 15, 16, 18, 20, 23, 26, 27, 30, 32, 35, 36, 40, 41, 49, 58, 61, 74, 76, 77, 85]]
[104, 4.2001, [0, 1, 2, 4, 5, 7, 11, 12, 13, 15, 16, 18, 20, 23, 26, 27, 30, 32, 35, 36, 40, 41, 49, 58, 61, 74, 76, 77, 95]]
[104, 4.19277, [0, 1, 2, 4, 5, 7, 11, 12, 13, 15, 16, 18, 20, 23, 26, 27, 30, 32, 35, 36, 40, 49, 55, 58, 61, 74, 76, 77, 85]]
[104, 4.19051, [0, 1, 2, 4, 5, 7, 11, 12, 13, 15, 16, 18, 20, 23, 26, 27, 30, 32, 35, 36, 40, 49, 55, 58, 61, 74, 76, 77, 95]]
[104, 4.18511, [0, 1, 2, 4, 5, 7, 11, 12, 13, 15, 16, 18, 20, 23, 26, 30, 32, 33, 35, 40, 41, 42, 49, 51, 71, 74, 77, 81, 86]]
[104, 4.17221, [0, 1, 2, 4, 5, 7, 11, 12, 13, 15, 16, 18, 20, 23, 26, 30, 32, 35, 36, 40, 41, 49, 55, 58, 61, 74, 76, 77, 95]]
[104, 4.18251, [0, 1, 2, 4, 5, 7, 11, 12, 13, 15, 16, 18, 20, 26, 27, 30, 31, 32, 36, 40, 42, 43, 47, 49, 55, 75, 77, 85, 93]]

Search completed in 3 hours, 15 minutes, and 20.592 seconds.  Enter a string to quit.