Enter an integer k for which our Kempner sets are k-free: 4
Enter a positive integer modulus b: 71
Enter estimation parameters, or * for pre-computed parameters ([0.0928, 1.0953, 1.4172]): *
Enter a threshold (e.g. 4.2) to determine printed output: 4.2
Enter a root for the search space (e.g. [0, 1, 2]) [or * for the root [0]]: *
Enter an upper bound for the size of allowable digit sets [or * to ignore]: *
Enter a maximal number of deviations from a greedy search [or * to ignore]: *
Searching for k-free sets mod b...

[71, 4.22683, [0, 1, 2, 4, 5, 7, 8, 9, 14, 15, 16, 18, 26, 28, 29, 30, 33, 34, 35, 39, 48, 49]]
[71, 4.2132, [0, 1, 2, 4, 5, 7, 8, 9, 14, 15, 16, 18, 26, 28, 29, 30, 33, 35, 39, 47, 48, 49]]
[71, 4.22333, [0, 1, 2, 4, 5, 7, 8, 9, 14, 15, 16, 18, 26, 28, 30, 31, 33, 34, 35, 39, 48, 49]]
[71, 4.2097, [0, 1, 2, 4, 5, 7, 8, 9, 14, 15, 16, 18, 26, 28, 30, 31, 33, 35, 39, 47, 48, 49]]
[71, 4.20898, [0, 1, 2, 4, 5, 7, 8, 9, 14, 15, 16, 18, 26, 28, 30, 31, 33, 35, 39, 47, 48, 50]]
[71, 4.22738, [0, 1, 2, 4, 5, 7, 8, 9, 14, 15, 17, 18, 23, 26, 28, 29, 30, 34, 36, 44, 48, 63]]
[71, 4.22599, [0, 1, 2, 4, 5, 7, 8, 9, 14, 15, 17, 18, 23, 26, 28, 29, 30, 34, 36, 44, 48, 66]]
[71, 4.21375, [0, 1, 2, 4, 5, 7, 8, 9, 14, 15, 17, 18, 23, 26, 28, 29, 30, 36, 44, 47, 48, 63]]
[71, 4.20598, [0, 1, 2, 4, 5, 7, 8, 9, 14, 15, 17, 18, 23, 26, 28, 29, 34, 36, 44, 48, 49, 63]]
[71, 4.20459, [0, 1, 2, 4, 5, 7, 8, 9, 14, 15, 17, 18, 23, 26, 28, 29, 34, 36, 44, 48, 49, 66]]
[71, 4.287, [0, 1, 2, 4, 5, 7, 8, 9, 14, 15, 17, 18, 23, 26, 28, 29, 36, 44, 47, 48, 49, 56, 63]]
[71, 4.27982, [0, 1, 2, 4, 5, 7, 8, 9, 14, 15, 17, 18, 23, 26, 28, 29, 39, 44, 47, 49, 53, 56, 63]]
[71, 4.21747, [0, 1, 2, 4, 5, 7, 8, 9, 14, 15, 17, 18, 23, 26, 29, 30, 33, 34, 36, 44, 48, 66]]
[71, 4.2226, [0, 1, 2, 4, 5, 7, 8, 9, 14, 15, 17, 18, 24, 33, 37, 39, 45, 47, 50, 53, 55, 57, 58]]
[71, 4.20117, [0, 1, 2, 4, 5, 7, 8, 9, 14, 15, 17, 18, 26, 28, 29, 30, 34, 36, 44, 46, 48, 49]]
[71, 4.21999, [0, 1, 2, 4, 5, 7, 8, 9, 14, 15, 18, 23, 24, 25, 33, 37, 39, 45, 53, 57, 58, 60, 63]]
[71, 4.2371, [0, 1, 2, 4, 5, 7, 8, 9, 14, 15, 18, 23, 26, 28, 29, 35, 39, 44, 47, 48, 49, 56, 63]]
[71, 4.20606, [0, 1, 2, 4, 5, 7, 8, 9, 14, 18, 22, 23, 25, 29, 33, 34, 35, 39, 43, 45, 58, 63, 66]]
[71, 4.2499, [0, 1, 2, 4, 5, 7, 8, 9, 15, 16, 17, 19, 20, 26, 27, 28, 30, 31, 34, 36, 47, 48]]
[71, 4.24799, [0, 1, 2, 4, 5, 7, 8, 9, 15, 16, 17, 19, 20, 26, 27, 29, 30, 31, 34, 36, 47, 48]]
[71, 4.22865, [0, 1, 2, 4, 5, 7, 8, 9, 15, 16, 17, 19, 20, 26, 27, 29, 32, 34, 36, 40, 42, 62]]
[71, 4.22202, [0, 1, 2, 4, 5, 7, 8, 9, 15, 16, 17, 19, 20, 26, 28, 30, 31, 34, 36, 47, 48, 50]]
[71, 4.20196, [0, 1, 2, 4, 5, 7, 8, 9, 15, 16, 17, 19, 20, 29, 30, 31, 34, 35, 37, 47, 48, 52]]
[71, 4.21314, [0, 1, 2, 4, 5, 7, 8, 9, 15, 16, 17, 20, 21, 26, 28, 29, 30, 34, 42, 46, 48, 49]]
[71, 4.20808, [0, 1, 2, 4, 5, 7, 8, 9, 15, 16, 17, 20, 21, 26, 28, 29, 30, 38, 42, 46, 48, 49]]
[71, 4.21321, [0, 1, 2, 4, 5, 7, 8, 9, 15, 16, 18, 19, 20, 26, 28, 30, 31, 35, 39, 47, 48, 49]]
[71, 4.21326, [0, 1, 2, 4, 5, 7, 8, 9, 15, 16, 18, 19, 20, 28, 29, 30, 32, 33, 35, 37, 49, 64]]
[71, 4.20207, [0, 1, 2, 4, 5, 7, 8, 9, 15, 16, 19, 20, 25, 26, 27, 29, 32, 33, 36, 41, 42, 61]]
[71, 4.23729, [0, 1, 2, 4, 5, 7, 8, 9, 15, 17, 18, 19, 23, 26, 28, 29, 44, 47, 49, 53, 56, 59, 63]]
[71, 4.20146, [0, 1, 2, 4, 5, 7, 8, 9, 15, 17, 18, 20, 21, 26, 28, 29, 30, 34, 44, 46, 48, 49]]
[71, 4.25623, [0, 1, 2, 4, 5, 7, 8, 9, 15, 17, 18, 21, 23, 26, 28, 29, 36, 42, 44, 48, 49, 55, 66]]
[71, 4.27352, [0, 1, 2, 4, 5, 7, 8, 9, 15, 17, 19, 20, 24, 26, 27, 28, 31, 33, 34, 57, 58, 59, 63]]
[71, 4.24607, [0, 1, 2, 4, 5, 7, 8, 9, 15, 17, 19, 20, 24, 26, 27, 28, 36, 40, 42, 55, 58, 62, 66]]
[71, 4.26032, [0, 1, 2, 4, 5, 7, 8, 9, 15, 17, 20, 21, 23, 28, 29, 30, 32, 38, 40, 42, 46, 57, 66]]
[71, 4.25663, [0, 1, 2, 4, 5, 7, 8, 9, 15, 18, 19, 20, 23, 24, 32, 33, 35, 41, 43, 45, 49, 51, 54]]
[71, 4.26926, [0, 1, 2, 4, 5, 7, 8, 9, 15, 18, 19, 20, 24, 25, 26, 28, 29, 33, 44, 53, 56, 59, 63]]
[71, 4.20896, [0, 1, 2, 4, 5, 7, 8, 9, 15, 18, 19, 21, 26, 28, 29, 33, 42, 44, 49, 53, 55, 56, 59]]
[71, 4.23295, [0, 1, 2, 4, 5, 7, 8, 9, 15, 19, 20, 21, 23, 24, 28, 29, 33, 44, 49, 53, 56, 59, 63]]
[71, 4.22998, [0, 1, 2, 4, 5, 7, 8, 9, 15, 19, 20, 21, 24, 26, 28, 31, 34, 35, 46, 56, 58, 59, 62]]
[71, 4.20826, [0, 1, 2, 4, 5, 7, 8, 9, 16, 17, 19, 20, 21, 26, 27, 29, 30, 32, 36, 40, 42, 61]]
[71, 4.22727, [0, 1, 2, 4, 5, 7, 8, 9, 16, 17, 19, 21, 22, 26, 27, 30, 42, 46, 48, 54, 56, 58, 61]]
[71, 4.22291, [0, 1, 2, 4, 5, 7, 8, 9, 16, 18, 19, 20, 26, 28, 30, 31, 35, 39, 47, 48, 49, 64, 65]]
[71, 4.22132, [0, 1, 2, 4, 5, 7, 8, 9, 17, 18, 19, 21, 22, 24, 28, 29, 30, 32, 33, 35, 37, 44]]
[71, 4.20171, [0, 1, 2, 4, 5, 7, 8, 9, 17, 18, 19, 21, 22, 24, 28, 29, 30, 32, 33, 35, 44, 63]]
[71, 4.20279, [0, 1, 2, 4, 5, 7, 8, 9, 17, 18, 19, 21, 22, 24, 28, 30, 31, 33, 34, 35, 39, 58]]
[71, 4.26253, [0, 1, 2, 4, 5, 7, 8, 9, 17, 18, 19, 21, 22, 24, 28, 32, 33, 35, 37, 44, 51, 57, 59]]
[71, 4.24254, [0, 1, 2, 4, 5, 7, 8, 9, 17, 18, 19, 21, 22, 24, 28, 32, 33, 35, 44, 51, 57, 59, 63]]
[71, 4.2183, [0, 1, 2, 4, 5, 7, 8, 9, 17, 19, 20, 21, 24, 26, 28, 31, 33, 37, 44, 57, 58, 59, 63]]
[71, 4.22016, [0, 1, 2, 4, 5, 7, 8, 9, 17, 19, 20, 22, 23, 24, 27, 28, 29, 40, 55, 59, 61, 62, 65]]
[71, 4.20703, [0, 1, 2, 4, 5, 7, 8, 9, 17, 19, 21, 22, 24, 28, 31, 32, 33, 35, 44, 51, 57, 59, 63]]
[71, 4.21934, [0, 1, 2, 4, 5, 7, 8, 9, 18, 19, 21, 24, 25, 26, 28, 32, 33, 35, 37, 44, 57, 58, 59]]
[71, 4.20673, [0, 1, 2, 4, 5, 7, 8, 9, 18, 19, 21, 24, 25, 26, 28, 32, 33, 35, 37, 57, 58, 59, 63]]
[71, 4.24759, [0, 1, 2, 4, 5, 7, 8, 9, 19, 20, 21, 23, 24, 26, 27, 28, 33, 34, 35, 37, 44, 57, 58]]
[71, 4.24704, [0, 1, 2, 4, 5, 7, 8, 9, 19, 20, 21, 23, 24, 26, 27, 28, 33, 34, 35, 37, 44, 57, 59]]
[71, 4.20247, [0, 1, 2, 4, 5, 7, 8, 9, 19, 20, 21, 23, 26, 27, 28, 30, 33, 34, 37, 57, 58, 59, 61]]
[71, 4.20632, [0, 1, 2, 4, 5, 7, 8, 9, 19, 20, 21, 23, 26, 27, 28, 33, 34, 35, 37, 44, 57, 58, 59]]
[71, 4.20875, [0, 1, 2, 4, 5, 7, 8, 9, 19, 20, 21, 24, 25, 26, 28, 33, 34, 35, 37, 44, 56, 58, 59]]
[71, 4.20816, [0, 1, 2, 4, 5, 7, 8, 9, 19, 20, 21, 24, 25, 26, 28, 33, 34, 35, 37, 44, 57, 58, 59]]
[71, 4.20653, [0, 1, 2, 4, 5, 7, 8, 9, 19, 20, 21, 24, 25, 27, 28, 33, 34, 35, 37, 44, 56, 58, 59]]
[71, 4.20594, [0, 1, 2, 4, 5, 7, 8, 9, 19, 20, 21, 24, 25, 27, 28, 33, 34, 35, 37, 44, 57, 58, 59]]
[71, 4.21215, [0, 1, 2, 4, 5, 7, 8, 9, 19, 20, 21, 24, 26, 27, 28, 31, 33, 34, 35, 44, 57, 58, 59]]
[71, 4.20414, [0, 1, 2, 4, 5, 7, 8, 9, 19, 20, 21, 24, 26, 27, 28, 33, 34, 35, 37, 44, 56, 58, 59]]
[71, 4.20355, [0, 1, 2, 4, 5, 7, 8, 9, 19, 20, 21, 24, 26, 27, 28, 33, 34, 35, 37, 44, 57, 58, 59]]
[71, 4.23943, [0, 1, 2, 4, 5, 7, 8, 13, 14, 17, 18, 22, 25, 27, 28, 29, 33, 34, 35, 39, 43, 63, 65]]
[71, 4.20702, [0, 1, 2, 4, 5, 7, 8, 14, 15, 17, 18, 19, 23, 24, 25, 33, 37, 39, 45, 53, 57, 58, 63]]
[71, 4.20387, [0, 1, 2, 4, 5, 7, 8, 14, 15, 17, 18, 19, 23, 24, 25, 33, 37, 39, 51, 53, 57, 58, 60]]
[71, 4.20785, [0, 1, 2, 4, 5, 7, 8, 14, 18, 19, 22, 24, 25, 27, 32, 33, 35, 44, 51, 56, 57, 58, 60, 63]]
[71, 4.21693, [0, 1, 2, 4, 5, 7, 8, 16, 17, 19, 21, 22, 26, 27, 28, 30, 42, 46, 48, 54, 55, 56, 58, 61]]
[71, 4.2117, [0, 1, 2, 4, 5, 7, 9, 12, 15, 16, 19, 21, 24, 25, 28, 29, 30, 32, 37, 57, 61, 65, 67]]
[71, 4.20497, [0, 1, 2, 4, 5, 7, 9, 12, 15, 16, 19, 21, 24, 25, 28, 30, 32, 33, 37, 57, 61, 65, 67]]
[71, 4.20748, [0, 1, 2, 4, 5, 7, 11, 12, 13, 15, 16, 18, 20, 23, 26, 27, 30, 32, 36, 40, 42, 47]]
[71, 4.27771, [0, 1, 2, 4, 5, 7, 11, 12, 13, 15, 16, 18, 22, 23, 24, 26, 27, 29, 45, 53, 54, 55, 57]]
[71, 4.25322, [0, 1, 2, 4, 5, 7, 11, 12, 13, 15, 16, 20, 23, 25, 26, 27, 32, 36, 42, 44, 45, 47, 62]]
[71, 4.2221, [0, 1, 2, 4, 5, 7, 11, 12, 13, 15, 16, 20, 23, 25, 26, 32, 36, 42, 44, 45, 47, 54, 62]]
[71, 4.24415, [0, 1, 2, 4, 5, 7, 11, 12, 13, 15, 16, 21, 22, 23, 25, 28, 36, 38, 42, 44, 45, 54, 64]]
[71, 4.20323, [0, 1, 2, 4, 5, 7, 11, 12, 15, 16, 18, 20, 23, 26, 27, 30, 32, 36, 40, 42, 47, 62, 66]]
[71, 4.20872, [0, 1, 2, 4, 5, 7, 11, 13, 14, 16, 17, 18, 26, 27, 28, 31, 33, 35, 41, 43, 47, 48, 62]]
[71, 4.2109, [0, 1, 2, 4, 5, 7, 11, 13, 15, 16, 20, 21, 22, 24, 25, 27, 32, 36, 41, 45, 47, 51, 53]]
[71, 4.20437, [0, 1, 2, 4, 5, 7, 12, 14, 15, 16, 19, 22, 23, 28, 35, 37, 39, 45, 47, 48, 49, 53, 58, 65]]
[71, 4.25494, [0, 1, 2, 4, 5, 8, 10, 13, 14, 16, 17, 23, 25, 28, 29, 30, 34, 38, 39, 46, 47, 61, 65, 68]]
[71, 4.24288, [0, 1, 2, 4, 5, 8, 10, 13, 14, 17, 19, 21, 26, 30, 31, 32, 34, 37, 42, 44, 46, 56, 57, 64]]

Search completed in 3 hours, 18 minutes, and 0.293 seconds.  Enter a string to quit.