Enter an integer k for which our Kempner sets are k-free: 4
Enter a positive integer modulus b: 70
Enter estimation parameters, or * for pre-computed parameters ([0.0935, 1.0971, 1.4205]): *
Enter a threshold (e.g. 4.2) to determine printed output: 4.08
Enter a root for the search space (e.g. [0, 1, 2]) [or * for the root [0]]: *
Enter an upper bound for the size of allowable digit sets [or * to ignore]: *
Enter a maximal number of deviations from a greedy search [or * to ignore]: *
Searching for k-free sets mod b...

[70, 4.09135, [0, 1, 2, 4, 5, 7, 8, 9, 14, 15, 17, 18, 23, 24, 30, 33, 38, 54, 56, 57, 60]]
[70, 4.09595, [0, 1, 2, 4, 5, 7, 8, 9, 14, 17, 18, 23, 24, 26, 29, 30, 31, 33, 46, 56, 57]]
[70, 4.17054, [0, 1, 2, 4, 5, 7, 8, 9, 15, 16, 17, 19, 20, 26, 27, 28, 30, 31, 33, 34, 57]]
[70, 4.11962, [0, 1, 2, 4, 5, 7, 8, 9, 15, 16, 17, 19, 20, 26, 27, 28, 33, 34, 56, 57, 58]]
[70, 4.09787, [0, 1, 2, 4, 5, 7, 8, 9, 15, 16, 17, 19, 20, 26, 27, 28, 33, 56, 57, 58, 60]]
[70, 4.14228, [0, 1, 2, 4, 5, 7, 8, 9, 15, 16, 17, 19, 20, 27, 28, 30, 31, 33, 34, 48, 57]]
[70, 4.08559, [0, 1, 2, 4, 5, 7, 8, 9, 15, 16, 18, 19, 20, 25, 26, 28, 29, 31, 32, 33]]
[70, 4.13559, [0, 1, 2, 4, 5, 7, 8, 9, 15, 16, 18, 19, 20, 25, 26, 28, 29, 32, 47, 56, 58]]
[70, 4.10752, [0, 1, 2, 4, 5, 7, 8, 9, 15, 16, 18, 19, 20, 25, 26, 28, 32, 47, 56, 57, 58]]
[70, 4.12815, [0, 1, 2, 4, 5, 7, 8, 9, 15, 16, 18, 19, 20, 25, 29, 31, 32, 33, 38, 49, 63]]
[70, 4.12472, [0, 1, 2, 4, 5, 7, 8, 9, 15, 16, 18, 19, 20, 25, 29, 31, 32, 38, 41, 49, 52]]
[70, 4.12129, [0, 1, 2, 4, 5, 7, 8, 9, 15, 16, 18, 19, 21, 25, 29, 31, 32, 38, 41, 49, 52]]
[70, 4.1064, [0, 1, 2, 4, 5, 7, 8, 9, 15, 16, 18, 19, 21, 29, 31, 32, 33, 38, 41, 49, 52]]
[70, 4.1213, [0, 1, 2, 4, 5, 7, 8, 9, 15, 16, 18, 20, 21, 25, 26, 28, 32, 33, 47, 57, 58]]
[70, 4.11753, [0, 1, 2, 4, 5, 7, 8, 9, 15, 16, 18, 20, 21, 25, 29, 31, 32, 38, 41, 49, 52]]
[70, 4.14039, [0, 1, 2, 4, 5, 7, 8, 9, 15, 16, 18, 20, 21, 26, 29, 30, 32, 33, 34, 41, 49]]
[70, 4.11372, [0, 1, 2, 4, 5, 7, 8, 9, 15, 16, 18, 20, 21, 29, 30, 31, 33, 34, 41, 48, 49]]
[70, 4.11339, [0, 1, 2, 4, 5, 7, 8, 9, 15, 16, 19, 20, 21, 25, 29, 31, 32, 38, 41, 49, 52]]
[70, 4.08659, [0, 1, 2, 4, 5, 7, 8, 9, 15, 17, 18, 19, 24, 26, 28, 31, 33, 45, 46, 56, 57]]
[70, 4.11505, [0, 1, 2, 4, 5, 7, 8, 9, 15, 17, 19, 20, 24, 26, 27, 28, 31, 33, 34, 56, 57]]
[70, 4.08988, [0, 1, 2, 4, 5, 7, 8, 9, 15, 17, 19, 20, 24, 26, 27, 28, 33, 34, 56, 57, 58]]
[70, 4.08881, [0, 1, 2, 4, 5, 7, 8, 9, 15, 17, 19, 20, 24, 26, 27, 28, 33, 34, 56, 57, 60]]
[70, 4.09136, [0, 1, 2, 4, 5, 7, 8, 9, 15, 17, 19, 20, 24, 26, 28, 31, 33, 34, 45, 56, 57]]
[70, 4.08759, [0, 1, 2, 4, 5, 7, 8, 9, 15, 17, 20, 21, 24, 26, 30, 31, 32, 34, 41, 49, 62]]
[70, 4.12266, [0, 1, 2, 4, 5, 7, 8, 9, 15, 18, 19, 20, 23, 24, 25, 29, 32, 33, 38, 41, 62]]
[70, 4.10417, [0, 1, 2, 4, 5, 7, 8, 9, 15, 18, 19, 20, 23, 24, 25, 29, 32, 38, 41, 52, 62]]
[70, 4.11163, [0, 1, 2, 4, 5, 7, 8, 9, 15, 18, 19, 20, 23, 24, 26, 30, 32, 33, 34, 57, 62]]
[70, 4.09323, [0, 1, 2, 4, 5, 7, 8, 9, 15, 18, 19, 20, 23, 24, 26, 32, 33, 34, 41, 62, 65]]
[70, 4.08218, [0, 1, 2, 4, 5, 7, 8, 9, 15, 18, 19, 20, 23, 24, 29, 32, 33, 38, 41, 62, 65]]
[70, 4.08655, [0, 1, 2, 4, 5, 7, 8, 9, 15, 18, 19, 20, 24, 25, 26, 28, 33, 34, 57, 58, 62]]
[70, 4.08837, [0, 1, 2, 4, 5, 7, 8, 9, 16, 17, 18, 20, 21, 28, 29, 31, 33, 34, 48, 57, 59]]
[70, 4.09963, [0, 1, 2, 4, 5, 7, 8, 9, 16, 17, 18, 20, 21, 28, 30, 31, 33, 34, 41, 48, 57]]
[70, 4.08302, [0, 1, 2, 4, 5, 7, 8, 9, 16, 17, 19, 20, 21, 26, 27, 28, 33, 41, 57, 58, 59]]
[70, 4.11552, [0, 1, 2, 4, 5, 7, 8, 9, 16, 17, 19, 20, 21, 27, 28, 30, 31, 33, 34, 48, 57]]
[70, 4.09429, [0, 1, 2, 4, 5, 7, 8, 9, 16, 17, 19, 20, 21, 27, 28, 30, 31, 33, 48, 57, 59]]
[70, 4.09365, [0, 1, 2, 4, 5, 7, 8, 9, 16, 17, 19, 20, 21, 27, 28, 31, 33, 34, 48, 50, 57]]
[70, 4.17569, [0, 1, 2, 4, 5, 7, 8, 9, 16, 17, 19, 20, 21, 27, 28, 31, 33, 41, 48, 50, 57, 59]]
[70, 4.08437, [0, 1, 2, 4, 5, 7, 8, 9, 16, 17, 19, 20, 21, 27, 28, 31, 33, 41, 48, 50, 59]]
[70, 4.08122, [0, 1, 2, 4, 5, 7, 8, 9, 16, 17, 19, 20, 22, 27, 28, 31, 33, 41, 48, 50, 59]]
[70, 4.10093, [0, 1, 2, 4, 5, 7, 8, 9, 16, 17, 19, 21, 22, 26, 28, 29, 30, 33, 38, 59, 60]]
[70, 4.09595, [0, 1, 2, 4, 5, 7, 8, 9, 16, 17, 19, 21, 22, 26, 28, 29, 30, 38, 45, 47, 59]]
[70, 4.08933, [0, 1, 2, 4, 5, 7, 8, 9, 16, 17, 20, 21, 22, 26, 28, 30, 33, 38, 41, 47, 59]]
[70, 4.10013, [0, 1, 2, 4, 5, 7, 8, 9, 16, 18, 19, 20, 25, 26, 28, 29, 31, 32, 33, 57, 58]]
[70, 4.0809, [0, 1, 2, 4, 5, 7, 8, 9, 17, 18, 19, 22, 23, 24, 28, 30, 31, 32, 45, 56, 64]]
[70, 4.09081, [0, 1, 2, 4, 5, 7, 8, 9, 17, 18, 20, 21, 22, 26, 28, 29, 31, 33, 34, 59, 60]]
[70, 4.08633, [0, 1, 2, 4, 5, 7, 8, 9, 17, 18, 20, 21, 24, 26, 28, 29, 31, 33, 34, 57, 60]]
[70, 4.08716, [0, 1, 2, 4, 5, 7, 8, 9, 17, 19, 20, 21, 24, 26, 27, 28, 31, 33, 34, 57, 58]]
[70, 4.09269, [0, 1, 2, 4, 5, 7, 8, 13, 14, 15, 17, 18, 25, 26, 27, 30, 31, 33, 46, 47, 56]]
[70, 4.10359, [0, 1, 2, 4, 5, 7, 8, 13, 14, 15, 17, 18, 25, 26, 28, 29, 30, 33, 34, 47, 62]]
[70, 4.09647, [0, 1, 2, 4, 5, 7, 8, 13, 14, 15, 17, 24, 25, 26, 28, 29, 31, 32, 33, 45, 46]]
[70, 4.10451, [0, 1, 2, 4, 5, 7, 8, 13, 14, 16, 17, 18, 26, 27, 28, 30, 31, 33, 34, 41, 47]]
[70, 4.08713, [0, 1, 2, 4, 5, 7, 8, 13, 14, 16, 17, 23, 26, 27, 28, 30, 31, 33, 34, 41, 47]]
[70, 4.08667, [0, 1, 2, 4, 5, 7, 11, 12, 13, 15, 16, 21, 23, 24, 25, 28, 30, 32, 38, 43, 66]]
[70, 4.1564, [0, 1, 2, 4, 5, 7, 11, 12, 13, 15, 16, 21, 23, 24, 25, 28, 30, 33, 52, 53, 57, 66]]
[70, 4.0823, [0, 1, 2, 4, 5, 7, 11, 12, 13, 15, 16, 21, 23, 24, 25, 28, 32, 38, 43, 44, 45]]

Search completed in 0 hours, 12 minutes, and 20.429 seconds.  Enter a string to quit.