Enter an integer k for which our Kempner sets are k-free: 4
Enter a positive integer modulus b: 48
Enter estimation parameters, or * for pre-computed parameters ([0.1069, 1.1123, 1.4579]): *
Enter a threshold (e.g. 4.2) to determine printed output: 3.9
Enter a root for the search space (e.g. [0, 1, 2]) [or * for the root [0]]: *
Enter an upper bound for the size of allowable digit sets [or * to ignore]: *
Enter a maximal number of deviations from a greedy search [or * to ignore]: *
Searching for k-free sets mod b...

[48, 4.10099, [0, 1, 2, 4, 5, 7, 8, 9, 14, 15, 17, 18, 23, 30, 37, 40]]
[48, 3.96536, [0, 1, 2, 4, 5, 7, 8, 9, 14, 15, 17, 18, 23, 30, 40]]
[48, 3.95427, [0, 1, 2, 4, 5, 7, 8, 9, 14, 15, 17, 18, 23, 37, 40]]
[48, 3.94724, [0, 1, 2, 4, 5, 7, 8, 9, 14, 15, 17, 18, 23, 40, 43]]
[48, 3.93759, [0, 1, 2, 4, 5, 7, 8, 9, 14, 15, 17, 18, 30, 37, 40]]
[48, 3.91895, [0, 1, 2, 4, 5, 7, 8, 9, 14, 15, 17, 23, 30, 37, 40]]
[48, 3.91214, [0, 1, 2, 4, 5, 7, 8, 9, 14, 15, 17, 23, 34, 37, 40]]
[48, 3.90512, [0, 1, 2, 4, 5, 7, 8, 9, 14, 15, 17, 23, 34, 40, 43]]
[48, 3.91407, [0, 1, 2, 4, 5, 7, 8, 9, 14, 15, 18, 23, 30, 37, 40]]
[48, 3.90705, [0, 1, 2, 4, 5, 7, 8, 9, 14, 15, 18, 23, 30, 40, 43]]
[48, 3.93348, [0, 1, 2, 4, 5, 7, 8, 9, 14, 17, 18, 22, 23, 30, 40]]
[48, 3.91537, [0, 1, 2, 4, 5, 7, 8, 9, 14, 17, 18, 22, 23, 40, 43]]
[48, 3.90259, [0, 1, 2, 4, 5, 7, 8, 9, 14, 17, 18, 23, 30, 37, 40]]
[48, 3.9455, [0, 1, 2, 4, 5, 7, 8, 9, 14, 17, 34, 36, 37, 39, 40, 42]]
[48, 3.9793, [0, 1, 2, 4, 5, 7, 8, 9, 15, 16, 17, 19, 20, 27, 30]]
[48, 3.93774, [0, 1, 2, 4, 5, 7, 8, 9, 15, 17, 18, 19, 23, 30, 40]]
[48, 3.97174, [0, 1, 2, 4, 5, 7, 8, 9, 15, 17, 18, 20, 21, 23, 30]]
[48, 4.085, [0, 1, 2, 4, 5, 7, 8, 9, 15, 17, 18, 20, 21, 23, 40, 43]]
[48, 3.95361, [0, 1, 2, 4, 5, 7, 8, 9, 15, 17, 18, 20, 21, 23, 43]]
[48, 3.92212, [0, 1, 2, 4, 5, 7, 8, 9, 15, 17, 18, 20, 21, 40, 43]]
[48, 3.93745, [0, 1, 2, 4, 5, 7, 8, 9, 15, 17, 18, 20, 23, 30, 37]]
[48, 3.92263, [0, 1, 2, 4, 5, 7, 8, 9, 15, 17, 18, 20, 23, 37, 40]]
[48, 3.9156, [0, 1, 2, 4, 5, 7, 8, 9, 15, 17, 18, 20, 23, 40, 43]]
[48, 3.93003, [0, 1, 2, 4, 5, 7, 8, 9, 15, 17, 18, 21, 23, 30, 40]]
[48, 3.9203, [0, 1, 2, 4, 5, 7, 8, 9, 15, 17, 18, 21, 23, 36, 40]]
[48, 3.91192, [0, 1, 2, 4, 5, 7, 8, 9, 15, 17, 18, 21, 23, 40, 43]]
[48, 3.91478, [0, 1, 2, 4, 5, 7, 8, 9, 15, 17, 20, 21, 23, 34, 40]]
[48, 3.90348, [0, 1, 2, 4, 5, 7, 8, 9, 15, 17, 20, 21, 23, 40, 43]]
[48, 3.90846, [0, 1, 2, 4, 5, 7, 8, 9, 15, 18, 19, 20, 23, 40, 41]]
[48, 3.92073, [0, 1, 2, 4, 5, 7, 8, 9, 15, 18, 19, 21, 23, 30, 40]]
[48, 3.90478, [0, 1, 2, 4, 5, 7, 8, 9, 15, 18, 19, 21, 23, 40, 41]]
[48, 3.90075, [0, 1, 2, 4, 5, 7, 8, 9, 15, 18, 20, 21, 23, 40, 41]]
[48, 3.95079, [0, 1, 2, 4, 5, 7, 8, 9, 16, 17, 19, 20, 21, 27, 30]]
[48, 3.92751, [0, 1, 2, 4, 5, 7, 8, 9, 16, 17, 19, 20, 21, 30, 42]]
[48, 3.91388, [0, 1, 2, 4, 5, 7, 8, 9, 16, 17, 19, 20, 21, 39, 42]]
[48, 3.9474, [0, 1, 2, 4, 5, 7, 8, 9, 16, 17, 19, 20, 22, 27, 30]]
[48, 3.94372, [0, 1, 2, 4, 5, 7, 8, 9, 16, 17, 19, 21, 22, 27, 30]]
[48, 3.93969, [0, 1, 2, 4, 5, 7, 8, 9, 16, 17, 20, 21, 22, 27, 30]]
[48, 3.91238, [0, 1, 2, 4, 5, 7, 8, 9, 17, 18, 19, 21, 22, 30, 40]]
[48, 3.90587, [0, 1, 2, 4, 5, 7, 8, 9, 17, 18, 19, 22, 23, 30, 40]]
[48, 3.92211, [0, 1, 2, 4, 5, 7, 8, 9, 17, 20, 27, 34, 39, 40, 42, 43]]
[48, 3.93734, [0, 1, 2, 4, 5, 7, 8, 13, 14, 16, 17, 18, 22, 27, 30]]
[48, 3.91103, [0, 1, 2, 4, 5, 7, 8, 13, 14, 16, 17, 18, 22, 30, 45]]
[48, 4.01589, [0, 1, 2, 4, 5, 7, 8, 13, 14, 16, 18, 22, 27, 30, 33, 45]]
[48, 3.93589, [0, 1, 2, 4, 5, 7, 8, 13, 15, 16, 17, 20, 21, 23, 30]]
[48, 3.92908, [0, 1, 2, 4, 5, 7, 8, 13, 15, 16, 17, 20, 21, 23, 34]]
[48, 3.92545, [0, 1, 2, 4, 5, 7, 8, 13, 15, 16, 17, 20, 21, 27, 30]]
[48, 3.92057, [0, 1, 2, 4, 5, 7, 8, 13, 15, 16, 18, 20, 21, 27, 30]]
[48, 3.91514, [0, 1, 2, 4, 5, 7, 8, 13, 15, 17, 18, 20, 21, 27, 30]]
[48, 3.90908, [0, 1, 2, 4, 5, 7, 8, 13, 16, 17, 18, 20, 21, 27, 30]]
[48, 3.90201, [0, 1, 2, 4, 5, 7, 8, 13, 16, 17, 18, 21, 22, 27, 30]]
[48, 3.93146, [0, 1, 2, 4, 5, 7, 9, 12, 14, 15, 16, 20, 22, 27, 30]]
[48, 3.9006, [0, 1, 2, 4, 5, 7, 9, 12, 14, 15, 16, 20, 27, 30, 37]]
[48, 3.90384, [0, 1, 2, 4, 5, 7, 9, 12, 15, 16, 19, 20, 22, 27, 30]]
[48, 3.93556, [0, 1, 2, 4, 5, 7, 11, 12, 13, 15, 16, 20, 21, 22, 27]]
[48, 3.92099, [0, 1, 2, 4, 5, 7, 11, 12, 13, 15, 16, 20, 21, 23, 33]]
[48, 3.91915, [0, 1, 2, 4, 5, 7, 11, 12, 13, 15, 16, 21, 22, 23, 30]]
[48, 3.90007, [0, 1, 2, 4, 5, 7, 11, 12, 13, 15, 16, 21, 22, 23, 44]]
[48, 3.90871, [0, 1, 2, 4, 5, 7, 11, 12, 13, 15, 16, 21, 22, 27, 30]]
[48, 3.90462, [0, 1, 2, 4, 5, 7, 11, 12, 13, 16, 18, 20, 21, 23, 33]]
[48, 3.92506, [0, 1, 2, 4, 5, 8, 10, 13, 16, 17, 18, 21, 31, 36, 38, 39]]
[48, 3.9653, [0, 1, 2, 4, 5, 10, 11, 13, 14, 17, 18, 19, 21, 27, 30, 32]]
[48, 3.91858, [0, 1, 2, 4, 5, 10, 11, 13, 14, 18, 19, 21, 27, 30, 32, 33]]
[48, 3.94064, [0, 1, 2, 4, 5, 10, 12, 13, 14, 17, 18, 19, 21, 27, 32, 39]]
[48, 3.92378, [0, 1, 2, 4, 7, 8, 9, 11, 16, 17, 19, 20, 22, 27, 39, 42]]

Search completed in 0 hours, 0 minutes, and 2.249 seconds.  Enter a string to quit.