Enter an integer k for which our Kempner sets are k-free: 4
Enter a positive integer modulus b: 21
Enter estimation parameters, or * for pre-computed parameters ([0.1548, 1.1666, 1.5803]): *
Enter a threshold (e.g. 4.2) to determine printed output: 3.6
Enter a root for the search space (e.g. [0, 1, 2]) [or * for the root [0]]: *
Enter an upper bound for the size of allowable digit sets [or * to ignore]: *
Enter a maximal number of deviations from a greedy search [or * to ignore]: *
Searching for k-free sets mod b...

[21, 3.80191, [0, 1, 2, 4, 5, 7, 8, 9]]
[21, 4.04104, [0, 1, 2, 4, 5, 7, 8, 16, 18]]
[21, 3.70365, [0, 1, 2, 4, 5, 7, 8, 18]]
[21, 4.08204, [0, 1, 2, 4, 5, 7, 9, 12, 15]]
[21, 3.70336, [0, 1, 2, 4, 5, 7, 9, 15]]
[21, 4.03347, [0, 1, 2, 4, 5, 7, 11, 13, 15]]
[21, 3.67008, [0, 1, 2, 4, 5, 7, 11, 15]]
[21, 3.65703, [0, 1, 2, 4, 5, 7, 12, 15]]
[21, 3.64913, [0, 1, 2, 4, 5, 7, 12, 16]]
[21, 3.64571, [0, 1, 2, 4, 5, 7, 13, 15]]
[21, 3.92663, [0, 1, 2, 4, 5, 7, 15, 17, 18]]
[21, 3.60549, [0, 1, 2, 4, 5, 7, 15, 18]]
[21, 3.91808, [0, 1, 2, 4, 5, 7, 16, 17, 18]]
[21, 4.093, [0, 1, 2, 4, 5, 8, 9, 10, 14]]
[21, 3.68518, [0, 1, 2, 4, 5, 8, 9, 14]]
[21, 3.66714, [0, 1, 2, 4, 5, 8, 10, 14]]
[21, 3.60094, [0, 1, 2, 4, 5, 8, 14, 16]]
[21, 4.01879, [0, 1, 2, 4, 5, 9, 10, 12, 14]]
[21, 3.64534, [0, 1, 2, 4, 5, 9, 10, 14]]
[21, 3.62132, [0, 1, 2, 4, 5, 9, 11, 15]]
[21, 3.61711, [0, 1, 2, 4, 5, 9, 12, 14]]
[21, 3.6083, [0, 1, 2, 4, 5, 9, 12, 15]]
[21, 3.81516, [0, 1, 2, 4, 5, 12, 16, 17, 18]]
[21, 3.63926, [0, 1, 2, 4, 7, 8, 9, 11]]
[21, 3.61494, [0, 1, 2, 4, 7, 8, 9, 13]]
[21, 3.76572, [0, 1, 2, 4, 7, 11, 15, 16, 17]]
[21, 3.87339, [0, 1, 2, 4, 8, 9, 11, 13, 14]]
[21, 3.79593, [0, 1, 2, 4, 9, 10, 12, 14, 15]]
[21, 3.69791, [0, 1, 2, 4, 9, 13, 14, 15, 18]]
[21, 3.69756, [0, 1, 2, 4, 10, 12, 14, 15, 17]]
[21, 4.02541, [0, 1, 2, 5, 6, 7, 9, 10, 12]]
[21, 3.97652, [0, 1, 2, 5, 6, 7, 9, 10, 17]]
[21, 3.62348, [0, 1, 2, 5, 6, 7, 9, 12]]
[21, 3.60548, [0, 1, 2, 5, 6, 7, 10, 12]]
[21, 3.91406, [0, 1, 2, 5, 6, 7, 10, 13, 17]]
[21, 3.91378, [0, 1, 2, 5, 6, 7, 11, 13, 15]]
[21, 3.87038, [0, 1, 2, 5, 6, 7, 11, 15, 18]]
[21, 3.84095, [0, 1, 2, 5, 6, 7, 11, 18, 19]]
[21, 3.85101, [0, 1, 2, 5, 6, 7, 13, 15, 17]]
[21, 3.78599, [0, 1, 2, 5, 6, 7, 16, 18, 19]]
[21, 3.94717, [0, 1, 2, 5, 6, 8, 9, 10, 17]]
[21, 3.85116, [0, 1, 2, 5, 6, 8, 12, 14, 16]]
[21, 3.75686, [0, 1, 2, 5, 6, 8, 16, 18, 19]]
[21, 3.61436, [0, 1, 2, 5, 7, 15, 16, 18, 19]]
[21, 3.8068, [0, 1, 2, 5, 8, 9, 10, 12, 17]]
[21, 3.7707, [0, 1, 2, 5, 8, 9, 10, 14, 19]]
[21, 3.63066, [0, 1, 2, 5, 8, 12, 16, 17, 18]]
[21, 3.79781, [0, 1, 2, 6, 7, 8, 10, 13, 17]]
[21, 3.72561, [0, 1, 2, 6, 7, 8, 12, 16, 19]]
[21, 3.71555, [0, 1, 2, 6, 8, 9, 11, 13, 19]]
[21, 3.61177, [0, 1, 2, 6, 8, 10, 16, 17, 18]]
[21, 3.90926, [0, 1, 3, 4, 5, 8, 9, 10, 14]]
[21, 3.87069, [0, 1, 3, 4, 5, 8, 9, 10, 19]]
[21, 3.85435, [0, 1, 3, 4, 5, 8, 9, 11, 19]]
[21, 3.76611, [0, 1, 3, 4, 5, 8, 10, 18, 19]]
[21, 3.68762, [0, 1, 3, 4, 5, 11, 13, 15, 19]]
[21, 3.66119, [0, 1, 3, 4, 5, 11, 14, 17, 19]]
[21, 3.66781, [0, 1, 3, 4, 5, 12, 14, 16, 17]]
[21, 3.63582, [0, 1, 3, 4, 5, 12, 16, 17, 18]]
[21, 3.90658, [0, 1, 3, 4, 6, 7, 8, 11, 13]]
[21, 3.6555, [0, 1, 3, 5, 6, 10, 12, 13, 14]]
[21, 3.60747, [0, 1, 3, 5, 6, 11, 13, 14, 15]]
[21, 3.63005, [0, 1, 4, 5, 6, 8, 9, 11, 19]]

Search completed in 0 hours, 0 minutes, and 0.037 seconds.  Enter a string to quit.