Enter an integer k for which our Kempner sets are k-free: 4
Enter a positive integer modulus b: 101
Enter estimation parameters, or * for pre-computed parameters ([0.0852, 1.0771, 1.4094]): *
Enter a threshold (e.g. 4.2) to determine printed output: 4.24
Enter a root for the search space (e.g. [0, 1, 2]) [or * for the root [0]]: *
Enter an upper bound for the size of allowable digit sets [or * to ignore]: 33
Enter a maximal number of deviations from a greedy search [or * to ignore]: *
Searching for k-free sets mod b...

[101, 4.24809, [0, 1, 2, 4, 5, 7, 8, 9, 14, 15, 16, 18, 25, 26, 28, 29, 31, 32, 33, 36, 52, 61, 62, 64, 66, 74, 80, 82, 84]]
[101, 4.24495, [0, 1, 2, 4, 5, 7, 8, 9, 14, 15, 16, 18, 25, 26, 28, 29, 31, 32, 33, 36, 52, 61, 64, 66, 70, 74, 80, 82, 84]]
[101, 4.25153, [0, 1, 2, 4, 5, 7, 8, 9, 14, 15, 16, 18, 25, 26, 28, 29, 31, 32, 33, 45, 53, 54, 59, 63, 67, 68, 69, 76, 83]]
[101, 4.24847, [0, 1, 2, 4, 5, 7, 8, 9, 14, 15, 16, 18, 25, 26, 28, 29, 31, 32, 33, 45, 53, 54, 59, 67, 68, 69, 71, 76, 83]]
[101, 4.24327, [0, 1, 2, 4, 5, 7, 8, 9, 14, 15, 16, 18, 25, 26, 28, 29, 31, 32, 33, 45, 53, 54, 67, 68, 69, 71, 72, 76, 83]]
[101, 4.24792, [0, 1, 2, 4, 5, 7, 8, 9, 14, 15, 16, 18, 25, 26, 28, 29, 31, 32, 33, 45, 53, 55, 59, 67, 68, 69, 71, 76, 83]]
[101, 4.24578, [0, 1, 2, 4, 5, 7, 8, 9, 14, 15, 16, 18, 25, 26, 28, 29, 31, 32, 33, 45, 53, 55, 63, 67, 68, 69, 72, 76, 83]]
[101, 4.24272, [0, 1, 2, 4, 5, 7, 8, 9, 14, 15, 16, 18, 25, 26, 28, 29, 31, 32, 33, 45, 53, 55, 67, 68, 69, 71, 72, 76, 83]]
[101, 4.24587, [0, 1, 2, 4, 5, 7, 8, 9, 14, 15, 16, 18, 25, 26, 28, 31, 32, 33, 43, 45, 49, 53, 54, 59, 67, 68, 69, 71, 76]]
[101, 4.24716, [0, 1, 2, 4, 5, 7, 8, 9, 14, 15, 16, 18, 25, 26, 30, 31, 33, 36, 40, 42, 49, 53, 55, 57, 63, 65, 67, 68, 77]]
[101, 4.24731, [0, 1, 2, 4, 5, 7, 8, 9, 14, 15, 16, 18, 25, 29, 30, 33, 38, 39, 41, 42, 46, 47, 48, 52, 58, 60, 61, 65, 85]]
[101, 4.24837, [0, 1, 2, 4, 5, 7, 8, 9, 14, 15, 16, 18, 25, 30, 31, 33, 36, 37, 38, 40, 41, 48, 50, 52, 56, 58, 62, 88, 90]]
[101, 4.24334, [0, 1, 2, 4, 5, 7, 8, 9, 14, 15, 16, 18, 25, 30, 31, 33, 37, 38, 39, 41, 42, 48, 50, 52, 56, 58, 62, 88, 90]]
[101, 4.24237, [0, 1, 2, 4, 5, 7, 8, 9, 14, 15, 16, 18, 25, 30, 31, 33, 37, 38, 40, 41, 42, 48, 50, 52, 56, 58, 62, 88, 90]]
[101, 4.245, [0, 1, 2, 4, 5, 7, 8, 9, 14, 15, 16, 18, 25, 30, 31, 33, 38, 39, 40, 42, 43, 47, 50, 52, 56, 62, 64, 66, 83]]
[101, 4.26616, [0, 1, 2, 4, 5, 7, 8, 9, 14, 15, 16, 18, 25, 30, 33, 38, 39, 40, 42, 46, 47, 49, 51, 58, 61, 66, 81, 85, 87, 88]]
[101, 4.27276, [0, 1, 2, 4, 5, 7, 8, 9, 14, 15, 16, 18, 26, 28, 29, 30, 33, 34, 35, 39, 46, 47, 48, 56, 58, 60, 61, 65, 80]]
[101, 4.26849, [0, 1, 2, 4, 5, 7, 8, 9, 14, 15, 16, 18, 26, 28, 29, 30, 33, 34, 35, 39, 47, 48, 51, 56, 58, 61, 62, 65, 80]]
[101, 4.24938, [0, 1, 2, 4, 5, 7, 8, 9, 14, 15, 16, 18, 26, 28, 30, 31, 33, 35, 36, 43, 47, 48, 51, 56, 61, 62, 64, 80, 88]]
[101, 4.25877, [0, 1, 2, 4, 5, 7, 8, 9, 14, 15, 16, 18, 26, 30, 31, 32, 35, 36, 39, 40, 42, 47, 49, 51, 57, 59, 61, 65, 81]]
[101, 4.251, [0, 1, 2, 4, 5, 7, 8, 9, 14, 15, 16, 18, 26, 30, 31, 32, 35, 36, 39, 40, 42, 47, 51, 56, 58, 61, 62, 65, 88]]
[101, 4.24157, [0, 1, 2, 4, 5, 7, 8, 9, 14, 15, 16, 18, 26, 30, 31, 32, 35, 36, 39, 40, 42, 47, 51, 58, 61, 62, 65, 81, 88]]
[101, 4.24768, [0, 1, 2, 4, 5, 7, 8, 9, 14, 15, 16, 18, 29, 31, 33, 34, 36, 37, 38, 42, 45, 47, 48, 49, 57, 59, 61, 64, 66]]
[101, 4.24356, [0, 1, 2, 4, 5, 7, 8, 9, 14, 15, 16, 18, 29, 31, 33, 34, 36, 37, 38, 42, 47, 48, 49, 51, 57, 59, 61, 64, 66]]
[101, 4.24242, [0, 1, 2, 4, 5, 7, 8, 9, 14, 15, 16, 18, 29, 34, 36, 37, 39, 41, 42, 46, 48, 52, 56, 58, 61, 62, 84, 86, 90, 91]]
[101, 4.24706, [0, 1, 2, 4, 5, 7, 8, 9, 14, 15, 16, 25, 26, 27, 29, 30, 32, 33, 41, 42, 46, 47, 52, 56, 58, 60, 61, 66, 70]]
[101, 4.27691, [0, 1, 2, 4, 5, 7, 8, 9, 14, 15, 16, 25, 26, 29, 31, 32, 33, 40, 41, 42, 44, 50, 52, 54, 60, 63, 66, 81, 83, 90]]
[101, 4.26271, [0, 1, 2, 4, 5, 7, 8, 9, 14, 15, 16, 25, 26, 29, 31, 32, 33, 40, 42, 44, 50, 52, 54, 60, 63, 64, 66, 81, 83, 90]]
[101, 4.25549, [0, 1, 2, 4, 5, 7, 8, 9, 14, 15, 17, 18, 23, 24, 26, 29, 36, 39, 46, 53, 57, 61, 75, 76, 79, 80, 84, 86, 87, 90]]
[101, 4.2414, [0, 1, 2, 4, 5, 7, 8, 9, 14, 15, 17, 18, 23, 24, 30, 33, 35, 37, 38, 46, 47, 48, 50, 56, 60, 64, 80, 84, 88]]
[101, 4.25358, [0, 1, 2, 4, 5, 7, 8, 9, 14, 15, 17, 18, 23, 24, 30, 33, 35, 38, 39, 40, 46, 47, 48, 50, 58, 64, 66, 87, 96]]
[101, 4.24335, [0, 1, 2, 4, 5, 7, 8, 9, 14, 15, 17, 18, 23, 24, 30, 33, 35, 38, 39, 40, 46, 47, 48, 50, 64, 66, 87, 88, 96]]
[101, 4.24816, [0, 1, 2, 4, 5, 7, 8, 9, 14, 15, 17, 18, 23, 24, 30, 33, 35, 38, 39, 40, 46, 47, 48, 58, 60, 64, 66, 87, 96]]
[101, 4.25139, [0, 1, 2, 4, 5, 7, 8, 9, 14, 15, 17, 18, 23, 24, 30, 33, 35, 38, 39, 46, 47, 48, 50, 56, 58, 60, 64, 66, 96]]
[101, 4.24116, [0, 1, 2, 4, 5, 7, 8, 9, 14, 15, 17, 18, 23, 24, 30, 33, 35, 38, 39, 46, 47, 48, 50, 56, 60, 64, 66, 88, 96]]
[101, 4.2528, [0, 1, 2, 4, 5, 7, 8, 9, 14, 15, 17, 18, 23, 24, 30, 33, 35, 39, 40, 41, 44, 46, 47, 48, 60, 66, 67, 87, 96]]
[101, 4.26684, [0, 1, 2, 4, 5, 7, 8, 9, 14, 15, 17, 18, 23, 24, 33, 35, 36, 38, 39, 40, 44, 46, 47, 50, 58, 60, 61, 66, 67]]
[101, 4.24542, [0, 1, 2, 4, 5, 7, 8, 9, 14, 15, 17, 18, 23, 24, 33, 35, 36, 38, 39, 40, 46, 47, 48, 50, 58, 64, 66, 87, 96]]
[101, 4.24365, [0, 1, 2, 4, 5, 7, 8, 9, 14, 15, 17, 18, 23, 24, 33, 35, 36, 38, 40, 44, 46, 47, 50, 58, 60, 61, 62, 66, 96]]
[101, 4.25408, [0, 1, 2, 4, 5, 7, 8, 9, 14, 15, 17, 18, 23, 26, 29, 30, 33, 34, 36, 44, 47, 48, 56, 58, 60, 64, 66, 74, 96]]
[101, 4.24072, [0, 1, 2, 4, 5, 7, 8, 9, 14, 15, 17, 18, 23, 26, 29, 30, 33, 34, 36, 44, 47, 56, 58, 60, 64, 66, 74, 78, 96]]
[101, 4.25301, [0, 1, 2, 4, 5, 7, 8, 9, 14, 15, 17, 18, 23, 30, 33, 34, 35, 38, 39, 40, 44, 46, 47, 48, 56, 58, 60, 66, 96]]
[101, 4.2493, [0, 1, 2, 4, 5, 7, 8, 9, 14, 15, 17, 18, 23, 30, 33, 34, 35, 38, 39, 40, 44, 46, 47, 48, 58, 60, 64, 66, 96]]
[101, 4.25513, [0, 1, 2, 4, 5, 7, 8, 9, 14, 15, 17, 18, 23, 30, 33, 34, 35, 38, 39, 40, 44, 46, 47, 56, 58, 60, 61, 64, 66]]
[101, 4.24452, [0, 1, 2, 4, 5, 7, 8, 9, 14, 15, 17, 18, 23, 30, 33, 34, 35, 38, 39, 40, 44, 46, 47, 56, 58, 60, 64, 66, 96]]
[101, 4.25009, [0, 1, 2, 4, 5, 7, 8, 9, 14, 15, 17, 18, 23, 30, 33, 34, 35, 39, 40, 41, 44, 46, 47, 48, 56, 58, 60, 66, 96]]
[101, 4.24702, [0, 1, 2, 4, 5, 7, 8, 9, 14, 15, 17, 18, 23, 30, 33, 34, 35, 39, 40, 41, 44, 46, 47, 48, 58, 60, 64, 66, 93]]
[101, 4.25221, [0, 1, 2, 4, 5, 7, 8, 9, 14, 15, 17, 18, 23, 30, 33, 34, 35, 39, 40, 41, 44, 46, 47, 56, 58, 60, 61, 64, 66]]
[101, 4.24105, [0, 1, 2, 4, 5, 7, 8, 9, 14, 15, 17, 18, 23, 30, 33, 34, 35, 39, 40, 41, 44, 46, 47, 58, 60, 61, 63, 64, 93]]
[101, 4.26186, [0, 1, 2, 4, 5, 7, 8, 9, 14, 15, 17, 18, 23, 30, 33, 35, 39, 40, 42, 46, 47, 50, 56, 57, 64, 66, 84, 87, 88, 96]]
[101, 4.24153, [0, 1, 2, 4, 5, 7, 8, 9, 14, 15, 17, 18, 23, 30, 33, 38, 39, 40, 42, 47, 50, 56, 57, 64, 66, 84, 85, 87, 88, 96]]
[101, 4.25418, [0, 1, 2, 4, 5, 7, 8, 9, 14, 15, 17, 18, 24, 26, 28, 31, 32, 33, 39, 40, 43, 45, 53, 55, 65, 68, 76, 80, 96]]
[101, 4.27093, [0, 1, 2, 4, 5, 7, 8, 9, 14, 15, 17, 18, 24, 28, 29, 30, 32, 33, 35, 37, 44, 48, 50, 54, 56, 58, 65, 74, 96]]
[101, 4.26998, [0, 1, 2, 4, 5, 7, 8, 9, 14, 15, 17, 18, 24, 28, 29, 30, 32, 33, 35, 37, 44, 48, 50, 54, 56, 60, 65, 74, 96]]
[101, 4.26896, [0, 1, 2, 4, 5, 7, 8, 9, 14, 15, 17, 18, 24, 28, 29, 30, 32, 33, 35, 37, 44, 48, 50, 54, 58, 60, 65, 74, 96]]
[101, 4.26789, [0, 1, 2, 4, 5, 7, 8, 9, 14, 15, 17, 18, 24, 28, 29, 30, 32, 33, 35, 37, 44, 48, 50, 56, 58, 60, 65, 74, 96]]
[101, 4.26006, [0, 1, 2, 4, 5, 7, 8, 9, 14, 15, 17, 18, 24, 28, 29, 30, 32, 33, 35, 37, 44, 50, 54, 56, 60, 65, 72, 74, 89]]
[101, 4.25851, [0, 1, 2, 4, 5, 7, 8, 9, 14, 15, 17, 18, 24, 28, 29, 30, 32, 33, 35, 37, 44, 50, 54, 56, 60, 65, 72, 74, 96]]
[101, 4.25829, [0, 1, 2, 4, 5, 7, 8, 9, 14, 15, 17, 18, 24, 28, 29, 30, 32, 33, 35, 37, 48, 50, 54, 56, 58, 65, 67, 74, 96]]
[101, 4.25734, [0, 1, 2, 4, 5, 7, 8, 9, 14, 15, 17, 18, 24, 28, 29, 30, 32, 33, 35, 37, 48, 50, 54, 56, 60, 65, 67, 74, 96]]
[101, 4.25633, [0, 1, 2, 4, 5, 7, 8, 9, 14, 15, 17, 18, 24, 28, 29, 30, 32, 33, 35, 37, 48, 50, 54, 58, 60, 65, 67, 74, 96]]
[101, 4.25424, [0, 1, 2, 4, 5, 7, 8, 9, 14, 15, 17, 18, 24, 28, 29, 30, 32, 33, 35, 37, 48, 50, 54, 58, 60, 65, 67, 81, 96]]
[101, 4.25179, [0, 1, 2, 4, 5, 7, 8, 9, 14, 15, 17, 18, 24, 28, 29, 30, 32, 33, 35, 37, 48, 50, 54, 58, 60, 65, 74, 81, 96]]
[101, 4.24885, [0, 1, 2, 4, 5, 7, 8, 9, 14, 15, 17, 18, 24, 28, 29, 30, 32, 33, 35, 37, 48, 50, 54, 58, 65, 67, 74, 81, 96]]
[101, 4.25525, [0, 1, 2, 4, 5, 7, 8, 9, 14, 15, 17, 18, 24, 28, 29, 30, 32, 33, 35, 37, 48, 50, 56, 58, 60, 65, 67, 74, 96]]
[101, 4.24742, [0, 1, 2, 4, 5, 7, 8, 9, 14, 15, 17, 18, 24, 28, 29, 30, 32, 33, 35, 37, 50, 54, 56, 60, 65, 67, 72, 74, 89]]
[101, 4.24587, [0, 1, 2, 4, 5, 7, 8, 9, 14, 15, 17, 18, 24, 28, 29, 30, 32, 33, 35, 37, 50, 54, 56, 60, 65, 67, 72, 74, 96]]
[101, 4.2487, [0, 1, 2, 4, 5, 7, 8, 9, 14, 15, 17, 18, 24, 28, 29, 30, 33, 35, 37, 46, 47, 48, 50, 56, 58, 60, 67, 80, 96]]
[101, 4.24269, [0, 1, 2, 4, 5, 7, 8, 9, 14, 15, 17, 18, 24, 28, 29, 30, 33, 35, 37, 46, 47, 50, 56, 58, 60, 61, 64, 80, 96]]
[101, 4.2415, [0, 1, 2, 4, 5, 7, 8, 9, 14, 15, 17, 18, 24, 28, 29, 30, 33, 35, 37, 46, 47, 50, 56, 58, 60, 61, 67, 80, 96]]
[101, 4.24598, [0, 1, 2, 4, 5, 7, 8, 9, 14, 15, 17, 18, 24, 29, 30, 35, 37, 38, 39, 42, 44, 47, 48, 50, 58, 60, 62, 65, 96]]
[101, 4.24563, [0, 1, 2, 4, 5, 7, 8, 9, 14, 15, 17, 18, 24, 29, 31, 33, 36, 37, 39, 45, 46, 47, 50, 52, 56, 61, 62, 64, 87]]
[101, 4.27219, [0, 1, 2, 4, 5, 7, 8, 9, 14, 15, 17, 18, 24, 29, 31, 33, 36, 37, 45, 46, 47, 50, 56, 61, 62, 64, 80, 84, 87, 96]]
[101, 4.24745, [0, 1, 2, 4, 5, 7, 8, 9, 14, 15, 17, 18, 24, 29, 31, 35, 36, 37, 39, 42, 46, 47, 48, 50, 56, 58, 62, 64, 96]]
[101, 4.24682, [0, 1, 2, 4, 5, 7, 8, 9, 14, 15, 17, 18, 24, 29, 31, 35, 36, 37, 39, 42, 46, 47, 48, 51, 56, 58, 62, 64, 96]]
[101, 4.24849, [0, 1, 2, 4, 5, 7, 8, 9, 14, 15, 17, 18, 24, 31, 35, 36, 37, 40, 42, 45, 49, 51, 55, 57, 67, 81, 87, 89, 90, 91]]
[101, 4.24821, [0, 1, 2, 4, 5, 7, 8, 9, 14, 15, 17, 18, 24, 32, 33, 36, 37, 39, 41, 44, 51, 53, 61, 62, 66, 79, 82, 84, 87, 93]]
[101, 4.24793, [0, 1, 2, 4, 5, 7, 8, 9, 14, 15, 17, 18, 26, 29, 30, 31, 33, 36, 46, 50, 57, 63, 64, 68, 70, 75, 76, 84, 87, 96]]
[101, 4.24469, [0, 1, 2, 4, 5, 7, 8, 9, 14, 15, 17, 18, 31, 33, 35, 36, 40, 42, 43, 45, 46, 47, 51, 56, 57, 64, 84, 87, 88, 96]]
[101, 4.24554, [0, 1, 2, 4, 5, 7, 8, 9, 14, 15, 17, 23, 24, 27, 29, 30, 36, 38, 39, 44, 46, 47, 49, 50, 52, 58, 61, 63, 91]]
[101, 4.25197, [0, 1, 2, 4, 5, 7, 8, 9, 14, 15, 18, 23, 24, 30, 33, 35, 38, 39, 46, 47, 48, 50, 56, 58, 60, 61, 64, 66, 88, 96]]
[101, 4.24266, [0, 1, 2, 4, 5, 7, 8, 9, 14, 15, 18, 23, 25, 26, 28, 29, 30, 34, 36, 44, 46, 48, 58, 60, 61, 63, 64, 66, 79]]
[101, 4.24093, [0, 1, 2, 4, 5, 7, 8, 9, 14, 15, 18, 23, 26, 28, 29, 30, 34, 35, 36, 44, 46, 47, 48, 51, 58, 61, 63, 64, 79]]
[101, 4.24695, [0, 1, 2, 4, 5, 7, 8, 9, 14, 15, 18, 23, 29, 30, 34, 35, 36, 38, 44, 46, 47, 48, 58, 60, 61, 63, 64, 66, 79, 96]]
[101, 4.28107, [0, 1, 2, 4, 5, 7, 8, 9, 14, 15, 18, 24, 25, 26, 28, 31, 32, 33, 43, 45, 49, 53, 54, 59, 67, 68, 69, 71, 76, 83]]
[101, 4.26658, [0, 1, 2, 4, 5, 7, 8, 9, 14, 15, 18, 24, 25, 26, 28, 31, 32, 33, 43, 49, 53, 54, 59, 67, 68, 69, 71, 74, 76, 83]]
[101, 4.25131, [0, 1, 2, 4, 5, 7, 8, 9, 14, 15, 18, 24, 25, 26, 28, 32, 33, 43, 45, 49, 53, 54, 59, 67, 68, 69, 71, 74, 76, 83]]
[101, 4.25223, [0, 1, 2, 4, 5, 7, 8, 9, 14, 15, 23, 26, 27, 28, 30, 33, 34, 35, 39, 44, 46, 48, 52, 60, 61, 63, 66, 72, 79, 93]]
[101, 4.26958, [0, 1, 2, 4, 5, 7, 8, 9, 14, 15, 25, 26, 27, 29, 30, 32, 33, 34, 42, 44, 46, 47, 51, 53, 57, 61, 63, 64, 66, 70]]
[101, 4.24332, [0, 1, 2, 4, 5, 7, 8, 9, 14, 16, 17, 18, 22, 28, 29, 30, 32, 33, 35, 36, 45, 57, 59, 64, 66, 75, 77, 78, 80]]
[101, 4.26694, [0, 1, 2, 4, 5, 7, 8, 9, 14, 16, 17, 18, 22, 28, 29, 30, 32, 33, 35, 37, 45, 51, 56, 57, 61, 64, 65, 67, 71]]
[101, 4.26545, [0, 1, 2, 4, 5, 7, 8, 9, 14, 16, 17, 18, 22, 28, 29, 30, 32, 33, 35, 37, 45, 51, 57, 59, 61, 64, 65, 67, 71]]
[101, 4.26268, [0, 1, 2, 4, 5, 7, 8, 9, 14, 16, 17, 18, 22, 28, 29, 30, 32, 33, 35, 37, 45, 51, 57, 59, 61, 64, 65, 71, 75]]
[101, 4.25928, [0, 1, 2, 4, 5, 7, 8, 9, 14, 16, 17, 18, 22, 28, 29, 30, 32, 33, 35, 37, 45, 51, 57, 61, 64, 65, 67, 71, 75]]
[101, 4.25495, [0, 1, 2, 4, 5, 7, 8, 9, 14, 16, 17, 18, 22, 28, 29, 30, 32, 33, 35, 37, 45, 57, 59, 61, 64, 65, 67, 71, 75]]
[101, 4.24991, [0, 1, 2, 4, 5, 7, 8, 9, 14, 16, 17, 18, 22, 28, 29, 30, 32, 33, 35, 37, 45, 57, 59, 61, 64, 67, 71, 75, 80]]
[101, 4.25581, [0, 1, 2, 4, 5, 7, 8, 9, 14, 16, 17, 18, 22, 28, 29, 30, 32, 33, 35, 39, 45, 53, 57, 59, 61, 64, 67, 75, 80]]
[101, 4.25998, [0, 1, 2, 4, 5, 7, 8, 9, 14, 16, 17, 18, 22, 28, 29, 30, 32, 33, 35, 39, 45, 53, 57, 59, 63, 64, 65, 67, 75]]
[101, 4.24499, [0, 1, 2, 4, 5, 7, 8, 9, 14, 16, 17, 18, 22, 28, 29, 30, 32, 33, 35, 45, 51, 56, 57, 61, 64, 65, 67, 71, 75]]
[101, 4.24388, [0, 1, 2, 4, 5, 7, 8, 9, 14, 16, 17, 18, 22, 28, 29, 30, 32, 33, 35, 45, 51, 57, 59, 61, 64, 65, 66, 71, 75]]
[101, 4.24613, [0, 1, 2, 4, 5, 7, 8, 9, 14, 16, 17, 18, 22, 28, 29, 30, 32, 35, 36, 45, 49, 51, 57, 59, 61, 64, 66, 75, 78]]
[101, 4.2504, [0, 1, 2, 4, 5, 7, 8, 9, 14, 16, 17, 18, 22, 28, 29, 30, 32, 35, 37, 45, 49, 51, 57, 59, 61, 64, 65, 67, 71]]
[101, 4.24764, [0, 1, 2, 4, 5, 7, 8, 9, 14, 16, 17, 18, 22, 28, 29, 30, 32, 35, 37, 45, 49, 51, 57, 59, 61, 64, 65, 71, 75]]
[101, 4.24423, [0, 1, 2, 4, 5, 7, 8, 9, 14, 16, 17, 18, 22, 28, 29, 30, 32, 35, 37, 45, 49, 51, 57, 61, 64, 65, 67, 71, 75]]
[101, 4.27452, [0, 1, 2, 4, 5, 7, 8, 9, 14, 16, 17, 18, 22, 28, 29, 30, 33, 35, 36, 37, 45, 46, 47, 51, 59, 61, 63, 67, 79]]
[101, 4.26534, [0, 1, 2, 4, 5, 7, 8, 9, 14, 16, 17, 18, 22, 28, 29, 30, 33, 35, 36, 37, 45, 46, 51, 59, 61, 63, 64, 67, 79]]
[101, 4.26257, [0, 1, 2, 4, 5, 7, 8, 9, 14, 16, 17, 18, 22, 28, 29, 30, 33, 35, 36, 37, 45, 46, 51, 59, 61, 63, 64, 75, 79]]
[101, 4.24148, [0, 1, 2, 4, 5, 7, 8, 9, 14, 16, 17, 18, 22, 28, 29, 30, 33, 35, 39, 45, 46, 53, 57, 59, 61, 64, 67, 75, 80]]
[101, 4.24564, [0, 1, 2, 4, 5, 7, 8, 9, 14, 16, 17, 18, 22, 28, 29, 30, 33, 35, 39, 45, 46, 53, 57, 59, 63, 64, 65, 67, 75]]
[101, 4.27312, [0, 1, 2, 4, 5, 7, 8, 9, 14, 16, 17, 18, 22, 28, 29, 30, 33, 35, 45, 51, 57, 59, 61, 64, 65, 66, 71, 75, 90, 91]]
[101, 4.25958, [0, 1, 2, 4, 5, 7, 8, 9, 14, 16, 17, 18, 22, 28, 29, 30, 35, 36, 37, 39, 45, 46, 47, 49, 61, 63, 67, 79, 86]]
[101, 4.26757, [0, 1, 2, 4, 5, 7, 8, 9, 14, 16, 17, 18, 22, 28, 29, 30, 35, 36, 37, 39, 45, 46, 47, 51, 59, 61, 63, 67, 79]]
[101, 4.25399, [0, 1, 2, 4, 5, 7, 8, 9, 14, 16, 17, 18, 22, 28, 29, 30, 35, 36, 37, 39, 45, 46, 47, 59, 61, 63, 67, 79, 86]]
[101, 4.26398, [0, 1, 2, 4, 5, 7, 8, 9, 14, 16, 17, 18, 22, 28, 29, 30, 35, 36, 37, 39, 45, 46, 49, 51, 61, 63, 64, 67, 79]]
[101, 4.25838, [0, 1, 2, 4, 5, 7, 8, 9, 14, 16, 17, 18, 22, 28, 29, 30, 35, 36, 37, 39, 45, 46, 51, 59, 61, 63, 64, 67, 79]]
[101, 4.26464, [0, 1, 2, 4, 5, 7, 8, 9, 14, 16, 17, 18, 22, 28, 29, 30, 35, 36, 37, 39, 46, 47, 49, 51, 58, 61, 63, 67, 81]]
[101, 4.25677, [0, 1, 2, 4, 5, 7, 8, 9, 14, 16, 17, 18, 22, 28, 29, 30, 35, 36, 37, 39, 46, 47, 49, 51, 61, 63, 67, 79, 81]]
[101, 4.25067, [0, 1, 2, 4, 5, 7, 8, 9, 14, 16, 17, 18, 22, 28, 29, 30, 35, 36, 37, 39, 46, 47, 49, 60, 61, 63, 67, 79, 86]]
[101, 4.25029, [0, 1, 2, 4, 5, 7, 8, 9, 14, 16, 17, 18, 22, 28, 29, 30, 35, 36, 37, 45, 46, 49, 51, 59, 61, 63, 64, 67, 79]]
[101, 4.24752, [0, 1, 2, 4, 5, 7, 8, 9, 14, 16, 17, 18, 22, 28, 29, 30, 35, 36, 37, 45, 46, 49, 51, 59, 61, 63, 64, 75, 79]]
[101, 4.24267, [0, 1, 2, 4, 5, 7, 8, 9, 14, 16, 17, 18, 22, 28, 29, 31, 32, 35, 37, 45, 49, 51, 57, 61, 64, 65, 67, 71, 75]]
[101, 4.24821, [0, 1, 2, 4, 5, 7, 8, 9, 14, 16, 17, 18, 22, 28, 29, 33, 35, 37, 43, 44, 45, 71, 75, 77, 78, 80, 83, 84, 88, 90]]
[101, 4.27374, [0, 1, 2, 4, 5, 7, 8, 9, 14, 16, 17, 18, 22, 28, 30, 31, 32, 35, 36, 37, 39, 45, 49, 57, 61, 63, 64, 65, 75]]
[101, 4.27986, [0, 1, 2, 4, 5, 7, 8, 9, 14, 16, 17, 18, 22, 28, 30, 31, 32, 35, 36, 37, 39, 49, 51, 53, 57, 59, 63, 64, 65]]
[101, 4.27142, [0, 1, 2, 4, 5, 7, 8, 9, 14, 16, 17, 18, 22, 28, 30, 31, 32, 35, 36, 37, 39, 49, 51, 57, 59, 61, 64, 65, 75]]
[101, 4.25297, [0, 1, 2, 4, 5, 7, 8, 9, 14, 16, 17, 18, 22, 28, 30, 31, 32, 35, 36, 37, 45, 49, 57, 61, 63, 64, 65, 75, 78]]
[101, 4.25955, [0, 1, 2, 4, 5, 7, 8, 9, 14, 16, 17, 18, 22, 28, 30, 31, 32, 35, 37, 39, 49, 51, 53, 57, 59, 63, 64, 65, 67]]
[101, 4.24101, [0, 1, 2, 4, 5, 7, 8, 9, 14, 16, 17, 18, 22, 28, 30, 31, 32, 35, 37, 45, 49, 51, 57, 61, 64, 65, 67, 71, 75]]
[101, 4.25799, [0, 1, 2, 4, 5, 7, 8, 9, 14, 16, 17, 18, 22, 28, 30, 31, 32, 36, 37, 39, 49, 51, 53, 57, 59, 63, 64, 65, 68]]
[101, 4.25442, [0, 1, 2, 4, 5, 7, 8, 9, 14, 16, 17, 18, 22, 28, 30, 31, 35, 36, 37, 39, 49, 51, 53, 57, 59, 63, 64, 65, 67]]
[101, 4.26652, [0, 1, 2, 4, 5, 7, 8, 9, 14, 16, 17, 18, 22, 28, 30, 31, 35, 36, 37, 39, 60, 61, 64, 67, 76, 79, 80, 82, 86, 88]]
[101, 4.24607, [0, 1, 2, 4, 5, 7, 8, 9, 14, 16, 17, 18, 22, 28, 30, 35, 36, 37, 39, 45, 46, 49, 51, 53, 59, 63, 64, 65, 67]]
[101, 4.25356, [0, 1, 2, 4, 5, 7, 8, 9, 14, 16, 17, 18, 22, 29, 30, 34, 35, 37, 39, 42, 45, 46, 47, 49, 57, 61, 63, 65, 86]]
[101, 4.24486, [0, 1, 2, 4, 5, 7, 8, 9, 14, 16, 17, 18, 22, 29, 30, 34, 35, 37, 39, 42, 45, 46, 47, 49, 57, 61, 63, 86, 95]]
[101, 4.2452, [0, 1, 2, 4, 5, 7, 8, 9, 14, 16, 17, 18, 22, 29, 30, 34, 35, 37, 39, 42, 45, 46, 47, 49, 61, 63, 65, 79, 86]]
[101, 4.25171, [0, 1, 2, 4, 5, 7, 8, 9, 14, 16, 17, 18, 22, 29, 31, 32, 34, 37, 38, 39, 42, 45, 49, 57, 61, 63, 64, 65, 95]]
[101, 4.26395, [0, 1, 2, 4, 5, 7, 8, 9, 14, 16, 17, 18, 22, 29, 31, 33, 34, 37, 38, 39, 42, 43, 45, 47, 57, 61, 63, 65, 95]]
[101, 4.24523, [0, 1, 2, 4, 5, 7, 8, 9, 14, 16, 17, 18, 22, 30, 31, 33, 35, 36, 40, 41, 42, 47, 51, 55, 57, 63, 65, 67, 88]]
[101, 4.25067, [0, 1, 2, 4, 5, 7, 8, 9, 14, 16, 17, 18, 26, 28, 29, 30, 33, 34, 37, 39, 45, 46, 47, 57, 59, 61, 65, 79, 95]]
[101, 4.26656, [0, 1, 2, 4, 5, 7, 8, 9, 14, 16, 17, 18, 26, 28, 29, 31, 33, 34, 36, 39, 43, 45, 47, 48, 52, 56, 62, 80, 88]]
[101, 4.26301, [0, 1, 2, 4, 5, 7, 8, 9, 14, 16, 17, 18, 26, 28, 29, 31, 33, 36, 37, 39, 43, 45, 47, 48, 52, 56, 62, 80, 88]]
[101, 4.24392, [0, 1, 2, 4, 5, 7, 8, 9, 14, 16, 17, 18, 26, 28, 29, 31, 33, 36, 37, 39, 43, 45, 47, 48, 52, 80, 84, 88, 90]]
[101, 4.25582, [0, 1, 2, 4, 5, 7, 8, 9, 14, 16, 17, 18, 26, 28, 29, 31, 33, 36, 37, 39, 43, 45, 47, 52, 56, 61, 62, 80, 88]]
[101, 4.25884, [0, 1, 2, 4, 5, 7, 8, 9, 14, 16, 17, 18, 26, 28, 29, 33, 34, 36, 37, 39, 43, 45, 47, 48, 52, 56, 62, 80, 88]]
[101, 4.25004, [0, 1, 2, 4, 5, 7, 8, 9, 14, 16, 17, 18, 26, 28, 32, 33, 34, 36, 37, 39, 43, 44, 45, 55, 57, 61, 63, 65, 95]]
[101, 4.25384, [0, 1, 2, 4, 5, 7, 8, 9, 14, 16, 17, 18, 26, 29, 31, 33, 34, 36, 37, 39, 43, 45, 47, 48, 52, 56, 62, 80, 88]]
[101, 4.2443, [0, 1, 2, 4, 5, 7, 8, 9, 14, 16, 17, 18, 28, 30, 34, 36, 37, 39, 46, 47, 49, 53, 59, 61, 63, 64, 67, 80, 86, 95]]
[101, 4.25144, [0, 1, 2, 4, 5, 7, 8, 9, 14, 16, 18, 22, 25, 28, 29, 30, 32, 33, 35, 36, 45, 49, 51, 53, 59, 61, 63, 64, 75]]
[101, 4.24806, [0, 1, 2, 4, 5, 7, 8, 9, 14, 16, 18, 22, 25, 28, 29, 30, 32, 33, 35, 36, 45, 49, 51, 57, 59, 61, 64, 66, 75]]
[101, 4.24529, [0, 1, 2, 4, 5, 7, 8, 9, 14, 16, 18, 22, 25, 28, 29, 30, 32, 33, 35, 36, 45, 49, 51, 59, 61, 63, 64, 66, 75]]
[101, 4.25393, [0, 1, 2, 4, 5, 7, 8, 9, 14, 16, 18, 26, 28, 29, 30, 33, 34, 35, 41, 43, 48, 51, 56, 58, 62, 64, 65, 66, 88, 90]]
[101, 4.26036, [0, 1, 2, 4, 5, 7, 8, 9, 14, 18, 23, 25, 26, 28, 29, 30, 35, 36, 39, 44, 45, 46, 48, 49, 51, 61, 63, 79, 81, 95]]
[101, 4.24367, [0, 1, 2, 4, 5, 7, 8, 9, 14, 18, 23, 25, 26, 28, 29, 30, 35, 36, 39, 44, 45, 46, 48, 51, 61, 63, 79, 81, 93, 95]]
[101, 4.26604, [0, 1, 2, 4, 5, 7, 8, 9, 15, 16, 17, 19, 20, 26, 27, 28, 30, 31, 33, 34, 39, 57, 61, 63, 65, 73, 75, 79, 85]]
[101, 4.27526, [0, 1, 2, 4, 5, 7, 8, 9, 15, 16, 17, 19, 20, 26, 27, 28, 30, 31, 33, 34, 48, 52, 56, 58, 64, 65, 69, 71, 80]]
[101, 4.26182, [0, 1, 2, 4, 5, 7, 8, 9, 15, 16, 17, 19, 20, 26, 27, 28, 30, 31, 33, 34, 48, 56, 58, 64, 69, 71, 74, 76, 80]]
[101, 4.25251, [0, 1, 2, 4, 5, 7, 8, 9, 15, 16, 17, 19, 20, 26, 27, 28, 30, 31, 33, 34, 48, 57, 64, 69, 73, 74, 76, 78, 82]]
[101, 4.26506, [0, 1, 2, 4, 5, 7, 8, 9, 15, 16, 17, 19, 20, 26, 27, 28, 30, 31, 33, 34, 52, 58, 61, 63, 64, 65, 69, 71, 79]]
[101, 4.25832, [0, 1, 2, 4, 5, 7, 8, 9, 15, 16, 17, 19, 20, 26, 27, 28, 30, 31, 33, 34, 52, 58, 63, 64, 65, 69, 71, 79, 80]]
[101, 4.25784, [0, 1, 2, 4, 5, 7, 8, 9, 15, 16, 17, 19, 20, 26, 27, 28, 30, 31, 33, 34, 52, 59, 63, 64, 65, 69, 71, 79, 80]]
[101, 4.24879, [0, 1, 2, 4, 5, 7, 8, 9, 15, 16, 17, 19, 20, 26, 27, 28, 30, 31, 33, 34, 52, 59, 63, 65, 69, 71, 79, 83, 91]]
[101, 4.2475, [0, 1, 2, 4, 5, 7, 8, 9, 15, 16, 17, 19, 20, 26, 27, 28, 30, 31, 33, 34, 57, 61, 63, 65, 71, 73, 75, 79, 85]]
[101, 4.24798, [0, 1, 2, 4, 5, 7, 8, 9, 15, 16, 17, 19, 20, 26, 27, 28, 30, 31, 34, 36, 56, 60, 62, 64, 65, 67, 78, 80, 88]]
[101, 4.24484, [0, 1, 2, 4, 5, 7, 8, 9, 15, 16, 17, 19, 20, 26, 27, 28, 30, 31, 34, 36, 56, 60, 64, 65, 67, 70, 78, 80, 88]]
[101, 4.25402, [0, 1, 2, 4, 5, 7, 8, 9, 15, 16, 17, 19, 20, 26, 27, 28, 31, 33, 34, 36, 39, 57, 61, 63, 73, 75, 76, 79, 85]]
[101, 4.24979, [0, 1, 2, 4, 5, 7, 8, 9, 15, 16, 17, 19, 20, 26, 27, 28, 32, 33, 36, 39, 43, 56, 57, 61, 68, 69, 75, 77, 91]]
[101, 4.24292, [0, 1, 2, 4, 5, 7, 8, 9, 15, 16, 17, 19, 20, 26, 27, 28, 32, 33, 36, 39, 43, 57, 61, 68, 69, 75, 76, 79, 84]]
[101, 4.30454, [0, 1, 2, 4, 5, 7, 8, 9, 15, 16, 17, 19, 20, 26, 27, 28, 32, 33, 36, 39, 43, 57, 61, 68, 69, 75, 77, 79, 84, 91]]
[101, 4.24092, [0, 1, 2, 4, 5, 7, 8, 9, 15, 16, 17, 19, 20, 26, 27, 28, 32, 33, 36, 39, 43, 57, 61, 68, 69, 75, 77, 79, 91]]
[101, 4.24882, [0, 1, 2, 4, 5, 7, 8, 9, 15, 16, 17, 19, 20, 26, 27, 28, 34, 36, 56, 60, 62, 64, 65, 67, 70, 78, 80, 82, 87, 88]]
[101, 4.24399, [0, 1, 2, 4, 5, 7, 8, 9, 15, 16, 17, 19, 20, 26, 27, 29, 30, 32, 34, 42, 56, 60, 62, 64, 65, 70, 72, 74, 78]]
[101, 4.24203, [0, 1, 2, 4, 5, 7, 8, 9, 15, 16, 17, 19, 20, 26, 27, 29, 30, 32, 34, 50, 52, 58, 60, 62, 63, 65, 67, 81, 91]]
[101, 4.2405, [0, 1, 2, 4, 5, 7, 8, 9, 15, 16, 17, 19, 20, 26, 27, 29, 30, 32, 34, 50, 56, 60, 62, 64, 65, 67, 70, 72, 78]]
[101, 4.26411, [0, 1, 2, 4, 5, 7, 8, 9, 15, 16, 17, 19, 20, 26, 28, 32, 33, 36, 39, 43, 57, 61, 68, 69, 75, 77, 79, 84, 87, 91]]
[101, 4.24565, [0, 1, 2, 4, 5, 7, 8, 9, 15, 16, 17, 19, 20, 26, 29, 32, 34, 46, 50, 56, 60, 62, 64, 65, 67, 70, 72, 78, 82, 91]]
[101, 4.24899, [0, 1, 2, 4, 5, 7, 8, 9, 15, 16, 17, 19, 20, 27, 28, 29, 31, 32, 34, 35, 52, 55, 59, 61, 65, 67, 71, 83, 89]]
[101, 4.25461, [0, 1, 2, 4, 5, 7, 8, 9, 15, 16, 17, 19, 20, 27, 28, 29, 31, 34, 35, 45, 47, 52, 56, 58, 61, 64, 65, 71, 79]]
[101, 4.24591, [0, 1, 2, 4, 5, 7, 8, 9, 15, 16, 17, 19, 20, 27, 28, 29, 31, 34, 35, 45, 47, 52, 56, 61, 64, 65, 71, 79, 82]]
[101, 4.24903, [0, 1, 2, 4, 5, 7, 8, 9, 15, 16, 17, 19, 20, 27, 28, 29, 33, 35, 42, 44, 45, 48, 54, 56, 58, 62, 64, 78, 85]]
[101, 4.27312, [0, 1, 2, 4, 5, 7, 8, 9, 15, 16, 17, 19, 20, 28, 29, 33, 34, 35, 37, 38, 42, 44, 45, 52, 58, 62, 63, 64, 66]]
[101, 4.26783, [0, 1, 2, 4, 5, 7, 8, 9, 15, 16, 17, 19, 20, 28, 29, 33, 34, 35, 37, 38, 42, 44, 45, 52, 58, 62, 64, 66, 78]]
[101, 4.25559, [0, 1, 2, 4, 5, 7, 8, 9, 15, 16, 17, 19, 20, 28, 29, 33, 34, 35, 37, 38, 42, 44, 52, 58, 60, 63, 64, 66, 89]]
[101, 4.25501, [0, 1, 2, 4, 5, 7, 8, 9, 15, 16, 17, 19, 20, 28, 29, 33, 34, 35, 37, 42, 44, 45, 52, 56, 58, 62, 64, 65, 78]]
[101, 4.25461, [0, 1, 2, 4, 5, 7, 8, 9, 15, 16, 17, 19, 20, 28, 29, 33, 34, 35, 37, 42, 44, 45, 52, 56, 58, 62, 64, 66, 78]]
[101, 4.24853, [0, 1, 2, 4, 5, 7, 8, 9, 15, 16, 17, 20, 21, 28, 29, 30, 32, 33, 37, 38, 39, 52, 59, 61, 62, 63, 67, 75, 77]]
[101, 4.24062, [0, 1, 2, 4, 5, 7, 8, 9, 15, 16, 17, 20, 21, 29, 30, 32, 36, 37, 38, 51, 59, 61, 62, 68, 75, 77, 78, 83, 87, 91]]
[101, 4.29099, [0, 1, 2, 4, 5, 7, 8, 9, 15, 16, 18, 19, 20, 25, 26, 28, 29, 31, 32, 33, 45, 52, 54, 56, 60, 62, 67, 68, 72]]
[101, 4.26852, [0, 1, 2, 4, 5, 7, 8, 9, 15, 16, 18, 19, 20, 25, 26, 28, 29, 31, 32, 33, 51, 58, 60, 62, 63, 65, 67, 80, 81]]
[101, 4.25929, [0, 1, 2, 4, 5, 7, 8, 9, 15, 16, 18, 19, 20, 25, 26, 28, 29, 31, 32, 33, 51, 58, 62, 63, 65, 67, 79, 81, 89]]
[101, 4.25901, [0, 1, 2, 4, 5, 7, 8, 9, 15, 16, 18, 19, 20, 25, 26, 28, 29, 31, 32, 33, 51, 58, 62, 63, 65, 67, 80, 81, 89]]
[101, 4.26984, [0, 1, 2, 4, 5, 7, 8, 9, 15, 16, 18, 19, 20, 25, 26, 28, 29, 31, 32, 45, 47, 51, 56, 57, 61, 67, 69, 71, 79]]
[101, 4.25244, [0, 1, 2, 4, 5, 7, 8, 9, 15, 16, 18, 19, 20, 25, 26, 28, 29, 31, 32, 47, 51, 56, 58, 61, 65, 67, 71, 79, 89]]
[101, 4.24287, [0, 1, 2, 4, 5, 7, 8, 9, 15, 16, 18, 19, 20, 25, 26, 28, 31, 33, 36, 39, 51, 60, 61, 62, 65, 67, 73, 82, 88]]
[101, 4.24794, [0, 1, 2, 4, 5, 7, 8, 9, 15, 16, 18, 19, 20, 25, 26, 28, 32, 33, 51, 58, 62, 65, 67, 78, 79, 81, 82, 87, 88, 89]]
[101, 4.28503, [0, 1, 2, 4, 5, 7, 8, 9, 15, 16, 18, 19, 20, 25, 26, 29, 31, 32, 33, 51, 58, 62, 63, 65, 67, 79, 80, 81, 89, 90]]
[101, 4.2474, [0, 1, 2, 4, 5, 7, 8, 9, 15, 16, 18, 19, 20, 25, 28, 32, 33, 36, 37, 42, 43, 45, 50, 56, 62, 64, 66, 88, 94]]
[101, 4.26133, [0, 1, 2, 4, 5, 7, 8, 9, 15, 16, 18, 19, 20, 26, 28, 29, 31, 34, 35, 45, 47, 48, 51, 56, 58, 61, 65, 71, 79]]
[101, 4.24395, [0, 1, 2, 4, 5, 7, 8, 9, 15, 16, 18, 19, 20, 26, 28, 31, 32, 33, 35, 36, 39, 55, 59, 63, 65, 73, 77, 81, 88]]
[101, 4.26036, [0, 1, 2, 4, 5, 7, 8, 9, 15, 16, 18, 19, 20, 26, 28, 31, 32, 33, 39, 51, 62, 63, 65, 67, 72, 79, 80, 81, 88, 89]]
[101, 4.25903, [0, 1, 2, 4, 5, 7, 8, 9, 15, 16, 18, 19, 20, 26, 28, 31, 32, 34, 39, 51, 62, 63, 65, 67, 72, 79, 80, 81, 88, 89]]
[101, 4.24425, [0, 1, 2, 4, 5, 7, 8, 9, 15, 16, 18, 19, 20, 26, 30, 32, 35, 39, 40, 42, 43, 49, 53, 55, 57, 63, 65, 67, 72]]
[101, 4.25166, [0, 1, 2, 4, 5, 7, 8, 9, 15, 16, 18, 19, 21, 25, 26, 28, 30, 33, 39, 42, 43, 53, 55, 57, 66, 69, 72, 77, 83]]
[101, 4.26225, [0, 1, 2, 4, 5, 7, 8, 9, 15, 16, 18, 19, 21, 25, 26, 28, 30, 33, 39, 42, 46, 50, 52, 56, 58, 60, 68, 72, 88]]
[101, 4.25334, [0, 1, 2, 4, 5, 7, 8, 9, 15, 16, 18, 19, 21, 25, 26, 28, 30, 33, 39, 42, 46, 52, 56, 58, 60, 61, 66, 85, 88]]
[101, 4.2739, [0, 1, 2, 4, 5, 7, 8, 9, 15, 16, 18, 19, 21, 25, 26, 28, 30, 33, 39, 46, 51, 61, 66, 75, 79, 80, 81, 85, 88, 91]]
[101, 4.27365, [0, 1, 2, 4, 5, 7, 8, 9, 15, 16, 18, 19, 21, 25, 26, 29, 30, 32, 36, 38, 42, 52, 56, 58, 60, 61, 66, 68, 70]]
[101, 4.25002, [0, 1, 2, 4, 5, 7, 8, 9, 15, 16, 18, 19, 21, 25, 26, 29, 36, 38, 41, 45, 59, 62, 70, 76, 78, 79, 84, 85, 87, 91]]
[101, 4.25869, [0, 1, 2, 4, 5, 7, 8, 9, 15, 16, 18, 19, 21, 25, 26, 30, 32, 38, 40, 42, 43, 47, 50, 52, 56, 64, 66, 70, 83]]
[101, 4.24112, [0, 1, 2, 4, 5, 7, 8, 9, 15, 16, 18, 19, 21, 25, 26, 30, 32, 38, 42, 43, 47, 50, 52, 56, 64, 66, 70, 71, 83]]
[101, 4.27537, [0, 1, 2, 4, 5, 7, 8, 9, 15, 16, 18, 19, 21, 26, 28, 29, 30, 33, 34, 35, 46, 48, 51, 56, 58, 60, 64, 65, 80]]
[101, 4.27497, [0, 1, 2, 4, 5, 7, 8, 9, 15, 16, 18, 19, 21, 26, 28, 29, 30, 33, 34, 35, 46, 48, 51, 56, 58, 60, 64, 66, 80]]
[101, 4.27447, [0, 1, 2, 4, 5, 7, 8, 9, 15, 16, 18, 19, 21, 26, 28, 29, 30, 33, 34, 35, 46, 48, 51, 56, 58, 62, 64, 65, 80]]
[101, 4.27407, [0, 1, 2, 4, 5, 7, 8, 9, 15, 16, 18, 19, 21, 26, 28, 29, 30, 33, 34, 35, 46, 48, 51, 56, 58, 62, 64, 66, 80]]
[101, 4.27352, [0, 1, 2, 4, 5, 7, 8, 9, 15, 16, 18, 19, 21, 26, 28, 29, 30, 33, 34, 35, 46, 48, 51, 56, 60, 62, 64, 65, 80]]
[101, 4.2738, [0, 1, 2, 4, 5, 7, 8, 9, 15, 16, 18, 19, 21, 26, 28, 29, 30, 33, 34, 35, 46, 48, 51, 58, 60, 61, 62, 65, 80]]
[101, 4.2734, [0, 1, 2, 4, 5, 7, 8, 9, 15, 16, 18, 19, 21, 26, 28, 29, 30, 33, 34, 35, 46, 48, 51, 58, 60, 61, 62, 66, 80]]
[101, 4.27295, [0, 1, 2, 4, 5, 7, 8, 9, 15, 16, 18, 19, 21, 26, 28, 29, 30, 33, 34, 35, 46, 48, 51, 58, 60, 61, 64, 65, 80]]
[101, 4.27255, [0, 1, 2, 4, 5, 7, 8, 9, 15, 16, 18, 19, 21, 26, 28, 29, 30, 33, 34, 35, 46, 48, 51, 58, 60, 61, 64, 66, 80]]
[101, 4.27234, [0, 1, 2, 4, 5, 7, 8, 9, 15, 16, 18, 19, 21, 26, 28, 29, 30, 33, 34, 35, 46, 48, 51, 58, 61, 62, 64, 65, 79]]
[101, 4.27205, [0, 1, 2, 4, 5, 7, 8, 9, 15, 16, 18, 19, 21, 26, 28, 29, 30, 33, 34, 35, 46, 48, 51, 58, 61, 62, 64, 65, 80]]
[101, 4.27194, [0, 1, 2, 4, 5, 7, 8, 9, 15, 16, 18, 19, 21, 26, 28, 29, 30, 33, 34, 35, 46, 48, 51, 58, 61, 62, 64, 66, 79]]
[101, 4.27165, [0, 1, 2, 4, 5, 7, 8, 9, 15, 16, 18, 19, 21, 26, 28, 29, 30, 33, 34, 35, 46, 48, 51, 58, 61, 62, 64, 66, 80]]
[101, 4.2711, [0, 1, 2, 4, 5, 7, 8, 9, 15, 16, 18, 19, 21, 26, 28, 29, 30, 33, 34, 35, 46, 48, 51, 60, 61, 62, 64, 65, 80]]
[101, 4.27012, [0, 1, 2, 4, 5, 7, 8, 9, 15, 16, 18, 19, 21, 26, 28, 29, 30, 33, 34, 35, 46, 48, 56, 58, 60, 61, 64, 65, 80]]
[101, 4.26972, [0, 1, 2, 4, 5, 7, 8, 9, 15, 16, 18, 19, 21, 26, 28, 29, 30, 33, 34, 35, 46, 48, 56, 58, 60, 61, 64, 66, 80]]
[101, 4.26922, [0, 1, 2, 4, 5, 7, 8, 9, 15, 16, 18, 19, 21, 26, 28, 29, 30, 33, 34, 35, 46, 48, 56, 58, 61, 62, 64, 65, 80]]
[101, 4.26882, [0, 1, 2, 4, 5, 7, 8, 9, 15, 16, 18, 19, 21, 26, 28, 29, 30, 33, 34, 35, 46, 48, 56, 58, 61, 62, 64, 66, 80]]
[101, 4.26827, [0, 1, 2, 4, 5, 7, 8, 9, 15, 16, 18, 19, 21, 26, 28, 29, 30, 33, 34, 35, 46, 48, 56, 60, 61, 62, 64, 65, 80]]
[101, 4.26161, [0, 1, 2, 4, 5, 7, 8, 9, 15, 16, 18, 19, 21, 26, 28, 29, 30, 33, 34, 35, 46, 51, 56, 58, 60, 64, 66, 78, 80]]
[101, 4.26675, [0, 1, 2, 4, 5, 7, 8, 9, 15, 16, 18, 19, 21, 26, 28, 29, 30, 33, 34, 35, 48, 51, 56, 58, 60, 61, 64, 65, 80]]
[101, 4.26585, [0, 1, 2, 4, 5, 7, 8, 9, 15, 16, 18, 19, 21, 26, 28, 29, 30, 33, 34, 35, 48, 51, 56, 58, 61, 62, 64, 65, 80]]
[101, 4.26236, [0, 1, 2, 4, 5, 7, 8, 9, 15, 16, 18, 19, 21, 26, 28, 29, 30, 33, 34, 35, 48, 51, 56, 58, 61, 64, 65, 71, 80]]
[101, 4.2649, [0, 1, 2, 4, 5, 7, 8, 9, 15, 16, 18, 19, 21, 26, 28, 29, 30, 33, 34, 35, 48, 51, 56, 60, 61, 62, 64, 65, 80]]
[101, 4.24565, [0, 1, 2, 4, 5, 7, 8, 9, 15, 16, 18, 19, 21, 26, 28, 29, 30, 33, 34, 35, 51, 56, 58, 61, 64, 65, 71, 80, 91]]
[101, 4.24614, [0, 1, 2, 4, 5, 7, 8, 9, 15, 16, 18, 19, 21, 26, 28, 29, 30, 33, 55, 57, 63, 69, 71, 72, 73, 76, 77, 78, 83, 84]]
[101, 4.25885, [0, 1, 2, 4, 5, 7, 8, 9, 15, 16, 18, 19, 21, 26, 28, 29, 33, 34, 35, 44, 46, 48, 51, 56, 58, 60, 64, 66, 81]]
[101, 4.24236, [0, 1, 2, 4, 5, 7, 8, 9, 15, 16, 18, 19, 21, 26, 28, 29, 33, 34, 35, 46, 48, 51, 56, 58, 60, 64, 65, 80, 81]]
[101, 4.24196, [0, 1, 2, 4, 5, 7, 8, 9, 15, 16, 18, 19, 21, 26, 28, 29, 33, 34, 35, 46, 48, 51, 56, 58, 60, 64, 66, 80, 81]]
[101, 4.24507, [0, 1, 2, 4, 5, 7, 8, 9, 15, 16, 18, 19, 21, 26, 29, 33, 34, 35, 38, 44, 46, 48, 51, 56, 58, 60, 64, 66, 81]]
[101, 4.2424, [0, 1, 2, 4, 5, 7, 8, 9, 15, 16, 18, 19, 21, 28, 29, 31, 33, 34, 36, 42, 48, 52, 56, 58, 61, 62, 64, 66, 74]]
[101, 4.26791, [0, 1, 2, 4, 5, 7, 8, 9, 15, 16, 18, 19, 21, 28, 30, 31, 32, 35, 36, 37, 39, 47, 51, 56, 58, 60, 61, 64, 65]]
[101, 4.25025, [0, 1, 2, 4, 5, 7, 8, 9, 15, 16, 18, 19, 21, 29, 31, 33, 34, 36, 37, 38, 42, 48, 52, 56, 58, 61, 62, 64, 66]]
[101, 4.24201, [0, 1, 2, 4, 5, 7, 8, 9, 15, 16, 18, 19, 21, 31, 32, 34, 35, 37, 38, 39, 42, 45, 51, 56, 60, 61, 62, 64, 65]]
[101, 4.24899, [0, 1, 2, 4, 5, 7, 8, 9, 15, 16, 18, 19, 25, 26, 28, 29, 31, 32, 33, 36, 42, 49, 52, 61, 64, 68, 74, 80, 82]]
[101, 4.24503, [0, 1, 2, 4, 5, 7, 8, 9, 15, 16, 18, 19, 25, 26, 28, 29, 31, 32, 33, 36, 42, 52, 60, 61, 64, 66, 70, 80, 82]]
[101, 4.24427, [0, 1, 2, 4, 5, 7, 8, 9, 15, 16, 18, 19, 25, 26, 28, 29, 31, 32, 33, 36, 42, 52, 60, 61, 64, 68, 70, 80, 82]]
[101, 4.2506, [0, 1, 2, 4, 5, 7, 8, 9, 15, 16, 18, 20, 21, 25, 28, 31, 33, 36, 37, 39, 47, 48, 50, 56, 60, 62, 64, 65, 88]]
[101, 4.32042, [0, 1, 2, 4, 5, 7, 8, 9, 15, 16, 18, 20, 21, 25, 28, 31, 33, 36, 37, 39, 47, 48, 51, 56, 60, 61, 62, 65, 67, 88]]
[101, 4.25126, [0, 1, 2, 4, 5, 7, 8, 9, 15, 16, 18, 20, 21, 25, 28, 31, 33, 36, 37, 39, 47, 48, 51, 56, 60, 61, 62, 65, 88]]
[101, 4.25048, [0, 1, 2, 4, 5, 7, 8, 9, 15, 16, 18, 20, 21, 25, 28, 31, 33, 36, 37, 39, 47, 48, 51, 56, 60, 61, 62, 67, 88]]
[101, 4.24923, [0, 1, 2, 4, 5, 7, 8, 9, 15, 16, 18, 20, 21, 25, 28, 31, 33, 36, 37, 39, 47, 48, 51, 56, 60, 61, 65, 67, 88]]
[101, 4.24878, [0, 1, 2, 4, 5, 7, 8, 9, 15, 16, 18, 20, 21, 25, 28, 31, 33, 36, 37, 39, 47, 48, 51, 56, 60, 62, 65, 67, 88]]
[101, 4.24833, [0, 1, 2, 4, 5, 7, 8, 9, 15, 16, 18, 20, 21, 25, 28, 31, 33, 36, 37, 39, 47, 48, 51, 56, 61, 62, 65, 67, 88]]
[101, 4.24684, [0, 1, 2, 4, 5, 7, 8, 9, 15, 16, 18, 20, 21, 25, 28, 31, 33, 36, 37, 39, 47, 48, 51, 59, 61, 62, 65, 67, 88]]
[101, 4.24637, [0, 1, 2, 4, 5, 7, 8, 9, 15, 16, 18, 20, 21, 25, 28, 31, 33, 36, 37, 39, 47, 48, 51, 60, 61, 62, 65, 67, 88]]
[101, 4.24473, [0, 1, 2, 4, 5, 7, 8, 9, 15, 16, 18, 20, 21, 25, 28, 31, 33, 36, 37, 39, 47, 48, 56, 60, 61, 62, 64, 65, 88]]
[101, 4.24354, [0, 1, 2, 4, 5, 7, 8, 9, 15, 16, 18, 20, 21, 25, 28, 31, 33, 36, 37, 39, 47, 48, 56, 60, 61, 62, 65, 67, 88]]
[101, 4.24159, [0, 1, 2, 4, 5, 7, 8, 9, 15, 16, 18, 20, 21, 25, 28, 31, 33, 36, 37, 39, 47, 51, 56, 60, 61, 62, 65, 67, 88]]
[101, 4.24089, [0, 1, 2, 4, 5, 7, 8, 9, 15, 16, 18, 20, 21, 25, 28, 31, 33, 36, 37, 39, 48, 51, 56, 60, 61, 62, 65, 67, 88]]
[101, 4.26135, [0, 1, 2, 4, 5, 7, 8, 9, 15, 16, 18, 20, 21, 28, 29, 31, 32, 34, 35, 36, 39, 45, 51, 53, 60, 61, 63, 76, 79]]
[101, 4.24104, [0, 1, 2, 4, 5, 7, 8, 9, 15, 16, 18, 20, 21, 28, 29, 31, 32, 34, 35, 39, 45, 51, 53, 60, 61, 63, 67, 76, 79]]
[101, 4.24238, [0, 1, 2, 4, 5, 7, 8, 9, 15, 16, 18, 20, 21, 33, 35, 36, 40, 41, 42, 47, 48, 51, 56, 58, 62, 65, 67, 77, 87, 88]]
[101, 4.24451, [0, 1, 2, 4, 5, 7, 8, 9, 15, 17, 18, 19, 23, 24, 26, 30, 32, 33, 38, 39, 50, 56, 58, 60, 61, 65, 66, 67, 69]]
[101, 4.24077, [0, 1, 2, 4, 5, 7, 8, 9, 15, 17, 18, 19, 23, 24, 28, 29, 30, 32, 37, 42, 50, 52, 56, 58, 64, 65, 68, 77, 78]]
[101, 4.25393, [0, 1, 2, 4, 5, 7, 8, 9, 15, 17, 18, 20, 21, 23, 28, 30, 35, 36, 37, 39, 40, 46, 47, 56, 57, 64, 65, 80, 88]]
[101, 4.25609, [0, 1, 2, 4, 5, 7, 8, 9, 15, 17, 18, 20, 21, 23, 29, 30, 32, 33, 34, 37, 38, 39, 52, 60, 64, 76, 78, 80, 89]]
[101, 4.25554, [0, 1, 2, 4, 5, 7, 8, 9, 15, 17, 18, 20, 21, 23, 29, 30, 32, 33, 34, 37, 38, 39, 52, 60, 64, 76, 78, 82, 89]]
[101, 4.25497, [0, 1, 2, 4, 5, 7, 8, 9, 15, 17, 18, 20, 21, 23, 29, 30, 32, 33, 34, 37, 38, 39, 52, 60, 64, 76, 80, 82, 89]]
[101, 4.25436, [0, 1, 2, 4, 5, 7, 8, 9, 15, 17, 18, 20, 21, 23, 29, 30, 32, 33, 34, 37, 38, 39, 52, 60, 64, 78, 80, 82, 89]]
[101, 4.25113, [0, 1, 2, 4, 5, 7, 8, 9, 15, 17, 18, 20, 21, 23, 29, 30, 32, 33, 34, 37, 38, 39, 52, 60, 64, 78, 82, 89, 93]]
[101, 4.24067, [0, 1, 2, 4, 5, 7, 8, 9, 15, 17, 18, 20, 21, 23, 29, 30, 32, 33, 34, 37, 38, 58, 60, 63, 64, 65, 79, 81, 89]]
[101, 4.24775, [0, 1, 2, 4, 5, 7, 8, 9, 15, 17, 18, 20, 21, 23, 29, 32, 33, 34, 37, 38, 39, 42, 52, 54, 60, 64, 78, 89, 93]]
[101, 4.24076, [0, 1, 2, 4, 5, 7, 8, 9, 15, 17, 18, 20, 21, 23, 30, 32, 33, 35, 36, 40, 41, 42, 51, 56, 58, 62, 87, 90, 93]]
[101, 4.24296, [0, 1, 2, 4, 5, 7, 8, 9, 15, 17, 18, 20, 21, 23, 30, 33, 35, 36, 40, 41, 42, 44, 47, 51, 56, 57, 67, 87, 96]]
[101, 4.24061, [0, 1, 2, 4, 5, 7, 8, 9, 15, 17, 18, 20, 21, 23, 30, 33, 35, 36, 40, 41, 42, 44, 47, 51, 56, 62, 67, 87, 96]]
[101, 4.25752, [0, 1, 2, 4, 5, 7, 8, 9, 15, 17, 18, 20, 21, 23, 30, 33, 35, 37, 38, 40, 41, 42, 47, 48, 58, 62, 65, 67, 77]]
[101, 4.25064, [0, 1, 2, 4, 5, 7, 8, 9, 15, 17, 18, 20, 21, 23, 30, 33, 35, 37, 38, 40, 41, 42, 47, 48, 58, 62, 67, 77, 87]]
[101, 4.24431, [0, 1, 2, 4, 5, 7, 8, 9, 15, 17, 18, 20, 21, 23, 30, 33, 35, 37, 40, 41, 42, 47, 48, 56, 58, 62, 65, 67, 77]]
[101, 4.24607, [0, 1, 2, 4, 5, 7, 8, 9, 15, 17, 18, 20, 21, 23, 30, 33, 35, 38, 40, 41, 42, 47, 48, 51, 58, 62, 65, 67, 77]]
[101, 4.27455, [0, 1, 2, 4, 5, 7, 8, 9, 15, 17, 18, 20, 21, 23, 30, 35, 40, 41, 42, 46, 47, 48, 56, 58, 62, 65, 66, 67, 72, 96]]
[101, 4.24362, [0, 1, 2, 4, 5, 7, 8, 9, 15, 17, 18, 20, 21, 23, 32, 33, 34, 37, 38, 39, 41, 42, 48, 52, 54, 64, 66, 89, 93]]
[101, 4.24059, [0, 1, 2, 4, 5, 7, 8, 9, 15, 17, 18, 20, 21, 23, 32, 33, 34, 37, 38, 39, 41, 42, 48, 52, 60, 64, 66, 89, 93]]
[101, 4.25311, [0, 1, 2, 4, 5, 7, 8, 9, 15, 17, 18, 20, 21, 23, 32, 33, 34, 37, 38, 40, 41, 42, 48, 52, 54, 58, 64, 66, 93]]
[101, 4.24265, [0, 1, 2, 4, 5, 7, 8, 9, 15, 17, 18, 20, 21, 23, 32, 33, 34, 37, 38, 40, 41, 42, 48, 52, 54, 64, 66, 89, 93]]
[101, 4.29211, [0, 1, 2, 4, 5, 7, 8, 9, 15, 17, 18, 20, 21, 23, 33, 35, 37, 38, 40, 41, 42, 47, 48, 58, 62, 65, 66, 67, 77, 87]]
[101, 4.24765, [0, 1, 2, 4, 5, 7, 8, 9, 15, 17, 18, 20, 21, 28, 29, 30, 32, 33, 35, 48, 54, 60, 67, 72, 73, 81, 82, 87, 93, 96]]
[101, 4.24064, [0, 1, 2, 4, 5, 7, 8, 9, 15, 17, 18, 20, 21, 28, 30, 31, 35, 36, 37, 39, 40, 46, 47, 51, 56, 57, 65, 88, 96]]
[101, 4.29632, [0, 1, 2, 4, 5, 7, 8, 9, 15, 17, 18, 20, 21, 28, 30, 31, 35, 36, 37, 39, 40, 46, 47, 56, 62, 64, 65, 80, 88, 96]]
[101, 4.28296, [0, 1, 2, 4, 5, 7, 8, 9, 15, 17, 18, 20, 21, 28, 30, 31, 35, 36, 37, 39, 46, 47, 56, 60, 62, 64, 65, 80, 88, 96]]
[101, 4.24922, [0, 1, 2, 4, 5, 7, 8, 9, 15, 17, 18, 20, 21, 28, 30, 31, 35, 36, 37, 40, 46, 47, 48, 51, 56, 58, 62, 65, 67]]
[101, 4.2411, [0, 1, 2, 4, 5, 7, 8, 9, 15, 17, 18, 20, 21, 28, 30, 31, 35, 36, 37, 40, 46, 47, 48, 51, 56, 58, 62, 65, 96]]
[101, 4.27947, [0, 1, 2, 4, 5, 7, 8, 9, 15, 17, 18, 20, 21, 28, 31, 35, 36, 37, 39, 40, 45, 46, 47, 56, 62, 64, 65, 80, 88, 96]]
[101, 4.26621, [0, 1, 2, 4, 5, 7, 8, 9, 15, 17, 18, 20, 21, 28, 31, 35, 36, 37, 39, 46, 47, 48, 56, 60, 62, 64, 65, 80, 86, 88]]
[101, 4.25648, [0, 1, 2, 4, 5, 7, 8, 9, 15, 17, 18, 20, 21, 33, 35, 37, 38, 40, 41, 42, 47, 48, 51, 58, 62, 65, 66, 67, 77, 87]]
[101, 4.25573, [0, 1, 2, 4, 5, 7, 8, 9, 15, 17, 18, 20, 23, 24, 28, 35, 36, 37, 39, 43, 53, 59, 61, 63, 64, 66, 75, 79, 88, 93]]
[101, 4.2515, [0, 1, 2, 4, 5, 7, 8, 9, 15, 17, 18, 20, 24, 31, 33, 36, 37, 39, 40, 41, 47, 50, 59, 61, 62, 65, 66, 67, 77, 87]]
[101, 4.26138, [0, 1, 2, 4, 5, 7, 8, 9, 15, 17, 18, 21, 23, 26, 28, 30, 36, 40, 42, 46, 47, 51, 53, 60, 62, 64, 65, 88, 93, 96]]
[101, 4.24362, [0, 1, 2, 4, 5, 7, 8, 9, 15, 17, 18, 21, 23, 26, 32, 36, 38, 48, 50, 60, 65, 66, 69, 73, 76, 80, 82, 85, 86, 89, 90]]
[101, 4.24049, [0, 1, 2, 4, 5, 7, 8, 9, 15, 17, 18, 21, 28, 29, 30, 33, 35, 36, 37, 46, 47, 51, 58, 60, 61, 67, 79, 81, 93, 96]]
[101, 4.25075, [0, 1, 2, 4, 5, 7, 8, 9, 15, 17, 18, 21, 28, 30, 31, 33, 35, 36, 40, 46, 47, 48, 51, 56, 60, 62, 65, 80, 88, 96]]
[101, 4.24216, [0, 1, 2, 4, 5, 7, 8, 9, 15, 17, 18, 21, 28, 30, 31, 33, 35, 36, 40, 46, 47, 51, 56, 60, 62, 64, 65, 80, 88, 96]]
[101, 4.25885, [0, 1, 2, 4, 5, 7, 8, 9, 15, 17, 18, 21, 28, 30, 31, 35, 36, 37, 39, 40, 46, 47, 51, 56, 60, 62, 64, 65, 88, 96]]
[101, 4.24672, [0, 1, 2, 4, 5, 7, 8, 9, 15, 17, 18, 21, 28, 30, 31, 35, 36, 37, 39, 40, 46, 47, 56, 60, 62, 64, 65, 80, 88, 96]]
[101, 4.25157, [0, 1, 2, 4, 5, 7, 8, 9, 15, 17, 18, 21, 28, 30, 31, 36, 37, 39, 40, 42, 46, 47, 51, 56, 60, 62, 64, 65, 88, 96]]
[101, 4.24102, [0, 1, 2, 4, 5, 7, 8, 9, 15, 17, 18, 21, 30, 31, 35, 36, 37, 39, 40, 42, 46, 47, 51, 56, 60, 62, 64, 65, 88, 96]]
[101, 4.25253, [0, 1, 2, 4, 5, 7, 8, 9, 15, 17, 19, 20, 24, 26, 27, 28, 34, 38, 39, 40, 43, 44, 45, 47, 53, 55, 59, 69, 96]]
[101, 4.24097, [0, 1, 2, 4, 5, 7, 8, 9, 15, 17, 19, 20, 24, 28, 34, 35, 36, 39, 40, 45, 47, 48, 57, 59, 64, 65, 67, 87, 88, 96]]
[101, 4.25646, [0, 1, 2, 4, 5, 7, 8, 9, 15, 17, 20, 21, 24, 26, 28, 29, 36, 38, 39, 40, 45, 46, 48, 57, 76, 80, 82, 87, 92, 96]]
[101, 4.26102, [0, 1, 2, 4, 5, 7, 8, 9, 15, 18, 19, 20, 23, 24, 25, 29, 32, 33, 48, 49, 50, 54, 58, 64, 68, 70, 74, 81, 93, 94]]
[101, 4.2476, [0, 1, 2, 4, 5, 7, 8, 9, 15, 18, 19, 20, 23, 24, 26, 28, 34, 35, 36, 39, 40, 43, 57, 59, 61, 65, 66, 67, 77]]
[101, 4.2493, [0, 1, 2, 4, 5, 7, 8, 9, 15, 18, 19, 20, 23, 24, 26, 30, 32, 34, 35, 39, 40, 43, 57, 59, 61, 65, 66, 67, 77]]
[101, 4.25035, [0, 1, 2, 4, 5, 7, 8, 9, 15, 18, 19, 20, 23, 24, 26, 30, 32, 35, 39, 40, 42, 43, 49, 53, 57, 59, 65, 67, 89]]
[101, 4.25162, [0, 1, 2, 4, 5, 7, 8, 9, 15, 18, 19, 20, 23, 24, 26, 32, 34, 35, 36, 40, 41, 43, 47, 55, 57, 61, 65, 66, 77]]
[101, 4.24922, [0, 1, 2, 4, 5, 7, 8, 9, 15, 18, 19, 20, 23, 24, 26, 32, 34, 35, 36, 41, 43, 47, 48, 56, 57, 61, 64, 65, 66]]
[101, 4.24689, [0, 1, 2, 4, 5, 7, 8, 9, 15, 18, 19, 20, 23, 26, 32, 33, 35, 39, 42, 43, 48, 49, 51, 57, 65, 72, 80, 84, 89, 90]]
[101, 4.24537, [0, 1, 2, 4, 5, 7, 8, 9, 15, 18, 19, 20, 24, 25, 26, 28, 29, 31, 33, 48, 50, 52, 56, 58, 61, 62, 64, 65, 66]]
[101, 4.27297, [0, 1, 2, 4, 5, 7, 8, 9, 15, 18, 19, 20, 24, 25, 26, 28, 29, 31, 33, 51, 58, 62, 63, 65, 66, 67, 71, 79, 81, 89]]
[101, 4.27034, [0, 1, 2, 4, 5, 7, 8, 9, 15, 18, 19, 20, 24, 25, 26, 29, 31, 32, 33, 51, 58, 60, 62, 63, 65, 66, 67, 80, 81, 90]]
[101, 4.32688, [0, 1, 2, 4, 5, 7, 8, 9, 15, 18, 19, 20, 24, 25, 26, 29, 31, 32, 33, 51, 58, 62, 63, 65, 66, 67, 79, 80, 81, 89, 90]]
[101, 4.26334, [0, 1, 2, 4, 5, 7, 8, 9, 15, 18, 19, 20, 24, 25, 26, 29, 31, 32, 33, 51, 58, 62, 63, 65, 66, 67, 79, 80, 81, 90]]
[101, 4.26128, [0, 1, 2, 4, 5, 7, 8, 9, 15, 18, 19, 20, 24, 25, 26, 29, 31, 32, 33, 51, 58, 62, 63, 65, 66, 67, 79, 80, 89, 90]]
[101, 4.26099, [0, 1, 2, 4, 5, 7, 8, 9, 15, 18, 19, 20, 24, 25, 26, 29, 31, 32, 33, 51, 58, 62, 63, 65, 66, 67, 79, 81, 89, 90]]
[101, 4.26071, [0, 1, 2, 4, 5, 7, 8, 9, 15, 18, 19, 20, 24, 25, 26, 29, 31, 32, 33, 51, 58, 62, 63, 65, 66, 67, 80, 81, 89, 90]]
[101, 4.25668, [0, 1, 2, 4, 5, 7, 8, 9, 15, 18, 19, 20, 24, 25, 26, 29, 31, 32, 33, 51, 58, 62, 63, 65, 66, 79, 80, 81, 89, 90]]
[101, 4.25629, [0, 1, 2, 4, 5, 7, 8, 9, 15, 18, 19, 20, 24, 25, 26, 29, 31, 32, 33, 51, 58, 62, 63, 65, 67, 79, 80, 81, 89, 90]]
[101, 4.25589, [0, 1, 2, 4, 5, 7, 8, 9, 15, 18, 19, 20, 24, 25, 26, 29, 31, 32, 33, 51, 58, 62, 63, 66, 67, 79, 80, 81, 89, 90]]
[101, 4.26024, [0, 1, 2, 4, 5, 7, 8, 9, 15, 18, 19, 20, 24, 25, 26, 29, 31, 32, 33, 51, 58, 62, 65, 66, 67, 71, 79, 80, 81, 90]]
[101, 4.25789, [0, 1, 2, 4, 5, 7, 8, 9, 15, 18, 19, 20, 24, 25, 26, 29, 31, 32, 33, 51, 58, 62, 65, 66, 67, 71, 79, 81, 89, 90]]
[101, 4.25505, [0, 1, 2, 4, 5, 7, 8, 9, 15, 18, 19, 20, 24, 25, 26, 29, 31, 32, 33, 51, 58, 62, 65, 66, 67, 79, 80, 81, 89, 90]]
[101, 4.25462, [0, 1, 2, 4, 5, 7, 8, 9, 15, 18, 19, 20, 24, 25, 26, 29, 31, 32, 33, 51, 58, 63, 65, 66, 67, 79, 80, 81, 89, 90]]
[101, 4.25152, [0, 1, 2, 4, 5, 7, 8, 9, 15, 18, 19, 20, 24, 25, 26, 29, 31, 32, 33, 51, 58, 65, 66, 67, 71, 79, 80, 81, 89, 90]]
[101, 4.25275, [0, 1, 2, 4, 5, 7, 8, 9, 15, 18, 19, 20, 24, 25, 26, 29, 31, 32, 33, 51, 62, 63, 65, 66, 67, 79, 80, 81, 89, 90]]
[101, 4.24886, [0, 1, 2, 4, 5, 7, 8, 9, 15, 18, 19, 20, 24, 25, 26, 29, 31, 32, 33, 58, 62, 63, 65, 66, 67, 79, 80, 81, 89, 90]]
[101, 4.26094, [0, 1, 2, 4, 5, 7, 8, 9, 15, 18, 19, 23, 24, 26, 30, 32, 33, 35, 39, 43, 44, 50, 57, 59, 63, 66, 67, 75, 77, 89]]
[101, 4.26432, [0, 1, 2, 4, 5, 7, 8, 9, 15, 18, 20, 21, 23, 26, 30, 36, 39, 40, 41, 43, 44, 47, 49, 53, 57, 63, 66, 67, 69, 96]]
[101, 4.2525, [0, 1, 2, 4, 5, 7, 8, 9, 15, 18, 20, 21, 23, 26, 30, 36, 40, 41, 43, 44, 47, 49, 53, 55, 57, 63, 66, 67, 69, 96]]
[101, 4.25722, [0, 1, 2, 4, 5, 7, 8, 9, 15, 18, 20, 23, 24, 26, 30, 32, 34, 35, 39, 41, 43, 56, 57, 61, 65, 66, 67, 72, 77, 78]]
[101, 4.26417, [0, 1, 2, 4, 5, 7, 8, 9, 15, 19, 20, 21, 23, 24, 28, 29, 30, 33, 36, 48, 50, 54, 56, 64, 66, 67, 70, 74, 94, 96]]
[101, 4.25734, [0, 1, 2, 4, 5, 7, 8, 9, 15, 19, 20, 21, 23, 24, 28, 29, 30, 33, 36, 50, 54, 56, 60, 64, 66, 67, 70, 74, 94, 96]]
[101, 4.24649, [0, 1, 2, 4, 5, 7, 8, 9, 15, 19, 20, 21, 23, 28, 29, 30, 32, 33, 36, 48, 50, 60, 61, 64, 66, 70, 73, 74, 76, 94]]
[101, 4.24222, [0, 1, 2, 4, 5, 7, 8, 9, 15, 19, 20, 21, 24, 25, 28, 29, 31, 40, 44, 45, 46, 53, 54, 62, 66, 72, 76, 89, 92, 94]]
[101, 4.25089, [0, 1, 2, 4, 5, 7, 8, 9, 15, 19, 21, 23, 24, 28, 29, 30, 33, 36, 56, 58, 60, 64, 66, 67, 69, 74, 77, 78, 85, 94, 96]]
[101, 4.24703, [0, 1, 2, 4, 5, 7, 8, 9, 16, 17, 18, 20, 21, 26, 28, 29, 32, 34, 36, 39, 43, 45, 53, 55, 57, 61, 63, 76, 95]]
[101, 4.27961, [0, 1, 2, 4, 5, 7, 8, 9, 16, 17, 18, 20, 21, 26, 28, 29, 32, 36, 39, 43, 45, 53, 57, 61, 63, 68, 76, 79, 84, 87]]
[101, 4.24232, [0, 1, 2, 4, 5, 7, 8, 9, 16, 17, 18, 20, 21, 26, 28, 30, 33, 36, 37, 41, 42, 47, 50, 56, 60, 62, 64, 65, 88]]
[101, 4.27848, [0, 1, 2, 4, 5, 7, 8, 9, 16, 17, 18, 20, 21, 26, 28, 30, 37, 41, 42, 46, 47, 48, 50, 56, 60, 62, 65, 72, 86, 88]]
[101, 4.27819, [0, 1, 2, 4, 5, 7, 8, 9, 16, 17, 18, 20, 21, 28, 29, 31, 32, 34, 39, 43, 45, 53, 57, 61, 63, 64, 67, 76, 79, 95]]
[101, 4.27527, [0, 1, 2, 4, 5, 7, 8, 9, 16, 17, 18, 20, 21, 28, 30, 31, 35, 36, 37, 39, 47, 56, 60, 61, 62, 64, 65, 67, 86, 88]]
[101, 4.26844, [0, 1, 2, 4, 5, 7, 8, 9, 16, 17, 18, 20, 21, 28, 30, 31, 35, 36, 37, 39, 47, 56, 60, 62, 64, 65, 67, 80, 86, 88]]
[101, 4.27327, [0, 1, 2, 4, 5, 7, 8, 9, 16, 17, 18, 20, 21, 28, 30, 36, 37, 41, 42, 45, 46, 47, 50, 56, 58, 62, 64, 65, 67, 95]]
[101, 4.25647, [0, 1, 2, 4, 5, 7, 8, 9, 16, 17, 19, 20, 21, 26, 28, 29, 32, 34, 43, 46, 56, 58, 61, 65, 69, 71, 75, 77, 79, 91]]
[101, 4.24454, [0, 1, 2, 4, 5, 7, 8, 9, 16, 17, 19, 20, 22, 26, 27, 28, 30, 31, 36, 39, 45, 49, 51, 61, 62, 65, 67, 69, 82]]
[101, 4.25291, [0, 1, 2, 4, 5, 7, 8, 9, 16, 17, 19, 20, 22, 26, 28, 29, 30, 33, 36, 37, 38, 45, 51, 59, 61, 62, 63, 67, 87]]
[101, 4.2469, [0, 1, 2, 4, 5, 7, 8, 9, 16, 17, 19, 20, 22, 26, 28, 29, 30, 33, 36, 37, 38, 45, 51, 59, 61, 63, 67, 79, 87]]
[101, 4.24383, [0, 1, 2, 4, 5, 7, 8, 9, 16, 17, 19, 20, 22, 26, 28, 29, 30, 33, 36, 37, 38, 45, 51, 59, 61, 63, 67, 87, 91]]
[101, 4.24318, [0, 1, 2, 4, 5, 7, 8, 9, 16, 17, 19, 20, 22, 26, 28, 29, 30, 33, 36, 37, 38, 45, 51, 59, 61, 63, 75, 79, 91]]
[101, 4.24325, [0, 1, 2, 4, 5, 7, 8, 9, 16, 17, 19, 20, 22, 26, 28, 29, 31, 32, 33, 37, 45, 51, 56, 57, 61, 65, 67, 71, 75]]
[101, 4.2717, [0, 1, 2, 4, 5, 7, 8, 9, 16, 17, 19, 20, 22, 26, 28, 29, 32, 33, 37, 45, 51, 56, 57, 61, 65, 67, 71, 75, 87, 91]]
[101, 4.2418, [0, 1, 2, 4, 5, 7, 8, 9, 16, 17, 19, 21, 22, 26, 28, 29, 30, 33, 36, 37, 38, 51, 56, 60, 61, 62, 64, 67, 87]]
[101, 4.24718, [0, 1, 2, 4, 5, 7, 8, 9, 16, 17, 20, 21, 22, 26, 28, 29, 30, 36, 38, 39, 45, 57, 68, 76, 77, 80, 82, 84, 87, 90]]
[101, 4.25563, [0, 1, 2, 4, 5, 7, 8, 9, 16, 17, 20, 21, 22, 28, 29, 30, 32, 33, 38, 39, 51, 53, 57, 61, 63, 68, 84, 87, 90, 91]]
[101, 4.31615, [0, 1, 2, 4, 5, 7, 8, 9, 16, 18, 19, 20, 25, 26, 28, 32, 33, 35, 36, 37, 41, 42, 43, 51, 56, 58, 62, 65, 66, 78]]
[101, 4.24669, [0, 1, 2, 4, 5, 7, 8, 9, 16, 18, 19, 20, 25, 26, 28, 32, 33, 35, 36, 37, 41, 42, 43, 51, 56, 58, 62, 65, 78]]
[101, 4.2463, [0, 1, 2, 4, 5, 7, 8, 9, 16, 18, 19, 20, 25, 26, 28, 32, 33, 35, 36, 37, 41, 42, 43, 51, 56, 58, 62, 66, 78]]
[101, 4.24504, [0, 1, 2, 4, 5, 7, 8, 9, 16, 18, 19, 20, 25, 26, 28, 32, 33, 35, 36, 37, 41, 42, 43, 51, 56, 58, 65, 66, 78]]
[101, 4.24319, [0, 1, 2, 4, 5, 7, 8, 9, 16, 18, 19, 20, 25, 26, 28, 32, 33, 35, 36, 37, 41, 42, 43, 51, 56, 62, 65, 66, 78]]
[101, 4.24747, [0, 1, 2, 4, 5, 7, 8, 9, 16, 18, 19, 20, 25, 26, 28, 32, 33, 35, 36, 37, 41, 42, 43, 51, 58, 62, 63, 65, 66]]
[101, 4.24218, [0, 1, 2, 4, 5, 7, 8, 9, 16, 18, 19, 20, 25, 26, 28, 32, 33, 35, 36, 37, 41, 42, 43, 51, 58, 62, 65, 66, 78]]
[101, 4.25591, [0, 1, 2, 4, 5, 7, 8, 9, 16, 18, 19, 20, 25, 26, 28, 32, 33, 35, 37, 43, 49, 53, 54, 59, 66, 67, 72, 76, 88, 94]]
[101, 4.24257, [0, 1, 2, 4, 5, 7, 8, 9, 16, 18, 19, 20, 25, 28, 33, 35, 36, 37, 42, 43, 45, 48, 56, 58, 62, 64, 66, 67, 88, 94]]
[101, 4.25557, [0, 1, 2, 4, 5, 7, 8, 9, 16, 18, 19, 20, 26, 28, 29, 30, 33, 35, 37, 42, 43, 48, 56, 58, 62, 64, 80, 88, 90, 94]]
[101, 4.24102, [0, 1, 2, 4, 5, 7, 8, 9, 16, 18, 19, 20, 26, 28, 29, 30, 33, 37, 42, 43, 48, 52, 56, 58, 62, 64, 80, 88, 90, 94]]
[101, 4.24065, [0, 1, 2, 4, 5, 7, 8, 9, 16, 18, 19, 21, 26, 29, 30, 35, 38, 42, 43, 46, 47, 48, 51, 58, 61, 64, 65, 66, 71, 79]]
[101, 4.2535, [0, 1, 2, 4, 5, 7, 8, 9, 16, 18, 20, 25, 26, 28, 32, 33, 35, 36, 37, 41, 42, 43, 51, 56, 58, 62, 65, 66, 78, 88]]
[101, 4.25279, [0, 1, 2, 4, 5, 7, 8, 9, 17, 18, 19, 21, 22, 24, 28, 29, 30, 32, 33, 35, 37, 44, 50, 54, 56, 60, 72, 74, 96]]
[101, 4.24566, [0, 1, 2, 4, 5, 7, 8, 9, 17, 18, 19, 21, 22, 24, 28, 29, 30, 32, 33, 35, 37, 44, 50, 54, 58, 60, 74, 95, 96]]
[101, 4.25014, [0, 1, 2, 4, 5, 7, 8, 9, 17, 18, 19, 21, 22, 24, 28, 29, 30, 32, 33, 35, 37, 44, 50, 54, 60, 62, 72, 74, 95]]
[101, 4.2422, [0, 1, 2, 4, 5, 7, 8, 9, 17, 18, 19, 21, 22, 24, 28, 29, 30, 33, 46, 50, 56, 58, 61, 64, 66, 70, 77, 80, 85, 96]]
[101, 4.24064, [0, 1, 2, 4, 5, 7, 8, 9, 17, 18, 19, 21, 22, 24, 28, 30, 31, 32, 37, 39, 42, 49, 51, 58, 60, 61, 64, 65, 68]]
[101, 4.27707, [0, 1, 2, 4, 5, 7, 8, 9, 17, 18, 19, 21, 22, 24, 28, 30, 32, 39, 40, 42, 44, 45, 53, 55, 57, 65, 68, 72, 86, 96]]
[101, 4.24249, [0, 1, 2, 4, 5, 7, 8, 9, 17, 18, 19, 21, 22, 24, 28, 31, 35, 36, 39, 41, 45, 55, 63, 67, 76, 77, 78, 81, 87, 88]]
[101, 4.24512, [0, 1, 2, 4, 5, 7, 8, 9, 17, 18, 19, 21, 24, 26, 28, 29, 31, 32, 33, 37, 42, 48, 50, 54, 56, 62, 64, 65, 66]]
[101, 4.24598, [0, 1, 2, 4, 5, 7, 8, 9, 17, 18, 20, 21, 23, 28, 30, 31, 35, 36, 37, 46, 47, 48, 56, 60, 62, 64, 65, 80, 86, 88]]
[101, 4.24641, [0, 1, 2, 4, 5, 7, 8, 9, 17, 18, 21, 23, 26, 28, 30, 31, 37, 40, 41, 42, 46, 47, 50, 56, 58, 62, 64, 65, 67, 77]]
[101, 4.24267, [0, 1, 2, 4, 5, 7, 8, 9, 17, 19, 20, 21, 27, 28, 29, 31, 32, 40, 45, 46, 48, 49, 50, 54, 62, 64, 66, 67, 72, 78]]
[101, 4.25092, [0, 1, 2, 4, 5, 7, 8, 9, 17, 19, 20, 22, 23, 24, 29, 30, 32, 33, 38, 40, 51, 55, 59, 61, 65, 67, 68, 77, 83, 91]]
[101, 4.24483, [0, 1, 2, 4, 5, 7, 8, 9, 18, 19, 20, 22, 23, 26, 28, 32, 34, 35, 37, 41, 43, 47, 56, 58, 61, 67, 77, 79, 89, 95]]
[101, 4.24315, [0, 1, 2, 4, 5, 7, 8, 9, 18, 20, 21, 23, 24, 25, 28, 29, 30, 34, 43, 44, 45, 55, 57, 59, 63, 66, 69, 70, 76, 79]]
[101, 4.24524, [0, 1, 2, 4, 5, 7, 8, 9, 18, 20, 21, 23, 24, 26, 30, 31, 32, 34, 35, 40, 41, 43, 53, 57, 64, 67, 72, 78, 90, 95]]
[101, 4.26253, [0, 1, 2, 4, 5, 7, 8, 13, 14, 16, 17, 18, 22, 25, 27, 28, 29, 33, 35, 36, 39, 46, 51, 53, 57, 59, 61, 64, 75]]
[101, 4.24031, [0, 1, 2, 4, 5, 7, 8, 13, 14, 16, 17, 18, 22, 25, 27, 28, 29, 33, 36, 39, 46, 51, 53, 57, 59, 61, 64, 69, 75]]
[101, 4.24373, [0, 1, 2, 4, 5, 7, 8, 13, 14, 16, 17, 18, 22, 25, 27, 28, 30, 35, 36, 39, 46, 49, 51, 53, 57, 59, 64, 66, 75]]
[101, 4.26421, [0, 1, 2, 4, 5, 7, 8, 13, 14, 16, 17, 18, 22, 25, 28, 29, 30, 32, 33, 35, 36, 45, 51, 53, 57, 59, 64, 66, 75]]
[101, 4.26029, [0, 1, 2, 4, 5, 7, 8, 13, 14, 16, 17, 18, 22, 25, 28, 29, 30, 32, 33, 35, 36, 45, 51, 56, 57, 62, 64, 66, 78]]
[101, 4.25549, [0, 1, 2, 4, 5, 7, 8, 13, 14, 16, 17, 18, 22, 25, 28, 29, 30, 32, 33, 35, 36, 45, 51, 56, 57, 64, 66, 75, 78]]
[101, 4.2588, [0, 1, 2, 4, 5, 7, 8, 13, 14, 16, 17, 18, 22, 25, 28, 29, 30, 32, 33, 35, 36, 45, 51, 57, 59, 62, 64, 66, 78]]
[101, 4.25399, [0, 1, 2, 4, 5, 7, 8, 13, 14, 16, 17, 18, 22, 25, 28, 29, 30, 32, 33, 35, 36, 45, 51, 57, 59, 64, 66, 75, 78]]
[101, 4.24987, [0, 1, 2, 4, 5, 7, 8, 13, 14, 16, 17, 18, 22, 25, 28, 29, 30, 33, 35, 36, 45, 46, 51, 53, 57, 59, 64, 66, 75]]
[101, 4.26853, [0, 1, 2, 4, 5, 7, 8, 13, 14, 16, 22, 23, 26, 28, 29, 30, 33, 36, 41, 47, 48, 49, 56, 60, 63, 66, 74, 77, 80, 86, 98]]
[101, 4.27551, [0, 1, 2, 4, 5, 7, 8, 13, 15, 16, 18, 20, 21, 25, 27, 28, 31, 36, 39, 57, 59, 61, 67, 69, 73, 76, 77, 86, 88, 92, 94]]
[101, 4.24366, [0, 1, 2, 4, 5, 7, 8, 13, 15, 16, 18, 20, 25, 27, 28, 31, 33, 36, 39, 57, 59, 67, 69, 73, 76, 77, 79, 86, 88, 92, 94]]
[101, 4.26623, [0, 1, 2, 4, 5, 7, 8, 13, 15, 17, 18, 20, 21, 28, 31, 33, 36, 37, 40, 42, 43, 45, 47, 48, 50, 56, 65, 66, 67, 88]]
[101, 4.25253, [0, 1, 2, 4, 5, 7, 8, 14, 15, 16, 18, 19, 25, 26, 27, 29, 30, 32, 33, 42, 51, 56, 57, 62, 63, 64, 68, 70, 78, 90]]
[101, 4.25203, [0, 1, 2, 4, 5, 7, 8, 14, 15, 16, 18, 19, 25, 26, 27, 29, 30, 32, 33, 42, 51, 56, 58, 62, 63, 64, 68, 70, 78, 90]]
[101, 4.24276, [0, 1, 2, 4, 5, 7, 8, 14, 15, 16, 18, 19, 25, 26, 27, 29, 30, 32, 33, 42, 51, 58, 62, 63, 64, 68, 70, 78, 80, 90]]
[101, 4.24175, [0, 1, 2, 4, 5, 7, 8, 14, 15, 17, 18, 19, 23, 24, 25, 30, 33, 37, 38, 39, 48, 52, 54, 58, 65, 67, 76, 81, 88, 93]]
[101, 4.2513, [0, 1, 2, 4, 5, 7, 8, 14, 15, 17, 18, 19, 23, 24, 25, 30, 33, 37, 38, 40, 48, 52, 54, 58, 60, 65, 67, 76, 81, 88]]
[101, 4.24757, [0, 1, 2, 4, 5, 7, 8, 14, 15, 17, 18, 19, 25, 26, 27, 29, 30, 32, 33, 42, 51, 56, 57, 62, 63, 64, 68, 70, 78, 90]]
[101, 4.24706, [0, 1, 2, 4, 5, 7, 8, 14, 15, 17, 18, 19, 25, 26, 27, 29, 30, 32, 33, 42, 51, 56, 58, 62, 63, 64, 68, 70, 78, 90]]
[101, 4.24327, [0, 1, 2, 4, 5, 7, 8, 14, 15, 17, 18, 19, 25, 26, 27, 29, 30, 32, 36, 42, 51, 56, 58, 62, 63, 64, 68, 70, 78, 90]]
[101, 4.24391, [0, 1, 2, 4, 5, 7, 8, 14, 17, 18, 19, 22, 23, 25, 29, 30, 31, 33, 34, 36, 42, 46, 52, 55, 57, 64, 66, 70, 82, 89]]
[101, 4.24409, [0, 1, 2, 4, 5, 7, 8, 14, 17, 18, 19, 22, 23, 25, 29, 30, 31, 33, 34, 36, 42, 46, 52, 55, 57, 66, 70, 73, 76, 82]]
[101, 4.28322, [0, 1, 2, 4, 5, 7, 8, 14, 17, 18, 19, 22, 25, 29, 30, 31, 33, 34, 36, 42, 45, 46, 52, 55, 57, 64, 66, 70, 76, 77, 78]]
[101, 4.25432, [0, 1, 2, 4, 5, 7, 9, 12, 14, 15, 16, 20, 22, 25, 26, 27, 31, 33, 36, 48, 54, 58, 59, 60, 64, 76, 79, 86, 88, 90]]
[101, 4.24812, [0, 1, 2, 4, 5, 7, 9, 12, 14, 15, 16, 20, 22, 27, 30, 31, 33, 34, 37, 43, 48, 51, 55, 61, 71, 73, 75, 76, 83, 85]]
[101, 4.24339, [0, 1, 2, 4, 5, 7, 9, 12, 14, 15, 16, 20, 22, 27, 30, 31, 33, 34, 37, 43, 48, 51, 55, 61, 71, 75, 76, 83, 85, 90]]
[101, 4.24195, [0, 1, 2, 4, 5, 7, 9, 12, 14, 15, 16, 22, 25, 26, 29, 31, 33, 40, 41, 42, 44, 45, 48, 50, 60, 63, 85, 90, 92, 97]]
[101, 4.2653, [0, 1, 2, 4, 5, 7, 11, 12, 13, 15, 16, 18, 20, 23, 26, 27, 30, 32, 33, 35, 40, 41, 51, 53, 57, 61, 63, 67, 75]]
[101, 4.2628, [0, 1, 2, 4, 5, 7, 11, 12, 13, 15, 16, 18, 20, 23, 26, 27, 30, 32, 36, 40, 41, 43, 47, 49, 51, 57, 61, 69, 79]]
[101, 4.25756, [0, 1, 2, 4, 5, 7, 11, 12, 13, 15, 16, 18, 20, 23, 26, 27, 30, 32, 36, 40, 42, 64, 68, 70, 74, 80, 82, 84, 87, 90]]
[101, 4.25508, [0, 1, 2, 4, 5, 7, 11, 12, 13, 15, 16, 18, 20, 23, 26, 27, 30, 32, 36, 40, 42, 64, 68, 70, 74, 80, 84, 87, 90, 92]]
[101, 4.25222, [0, 1, 2, 4, 5, 7, 11, 12, 13, 15, 16, 18, 20, 23, 26, 27, 32, 33, 35, 40, 41, 42, 44, 45, 49, 51, 87, 90, 92]]
[101, 4.24137, [0, 1, 2, 4, 5, 7, 11, 12, 13, 15, 16, 18, 20, 23, 26, 27, 32, 33, 35, 54, 58, 60, 64, 66, 76, 78, 79, 82, 84, 86]]
[101, 4.25684, [0, 1, 2, 4, 5, 7, 11, 12, 13, 15, 16, 18, 20, 23, 26, 30, 32, 33, 35, 36, 40, 41, 42, 49, 51, 53, 65, 87, 92]]
[101, 4.26182, [0, 1, 2, 4, 5, 7, 11, 12, 13, 15, 16, 18, 20, 23, 26, 30, 32, 33, 35, 36, 40, 41, 42, 49, 53, 55, 64, 65, 92]]
[101, 4.24916, [0, 1, 2, 4, 5, 7, 11, 12, 13, 15, 16, 18, 20, 23, 26, 30, 32, 33, 35, 36, 40, 41, 51, 53, 55, 61, 63, 65, 92]]
[101, 4.24678, [0, 1, 2, 4, 5, 7, 11, 12, 13, 15, 16, 18, 20, 23, 26, 30, 32, 33, 35, 36, 40, 41, 51, 55, 57, 61, 63, 65, 93]]
[101, 4.25853, [0, 1, 2, 4, 5, 7, 11, 12, 13, 15, 16, 18, 20, 23, 26, 30, 32, 33, 35, 36, 40, 42, 49, 51, 53, 57, 59, 65, 80]]
[101, 4.2567, [0, 1, 2, 4, 5, 7, 11, 12, 13, 15, 16, 18, 20, 23, 26, 30, 32, 33, 35, 36, 40, 42, 49, 51, 53, 57, 59, 65, 87]]
[101, 4.2469, [0, 1, 2, 4, 5, 7, 11, 12, 13, 15, 16, 18, 20, 23, 26, 30, 32, 33, 35, 36, 40, 42, 49, 51, 53, 59, 65, 80, 92]]
[101, 4.24507, [0, 1, 2, 4, 5, 7, 11, 12, 13, 15, 16, 18, 20, 23, 26, 30, 32, 33, 35, 36, 40, 42, 49, 51, 53, 59, 65, 87, 92]]
[101, 4.24402, [0, 1, 2, 4, 5, 7, 11, 12, 13, 15, 16, 18, 20, 23, 26, 30, 32, 33, 35, 36, 40, 49, 51, 53, 57, 59, 63, 65, 87]]
[101, 4.26462, [0, 1, 2, 4, 5, 7, 11, 12, 13, 15, 16, 18, 20, 23, 26, 30, 32, 36, 40, 42, 43, 49, 56, 57, 64, 65, 80, 84, 87, 92]]
[101, 4.24278, [0, 1, 2, 4, 5, 7, 11, 12, 13, 15, 16, 18, 20, 23, 26, 30, 33, 35, 36, 38, 40, 49, 51, 53, 57, 59, 63, 65, 67]]
[101, 4.24188, [0, 1, 2, 4, 5, 7, 11, 12, 13, 15, 16, 18, 20, 23, 30, 32, 33, 35, 38, 39, 40, 42, 49, 51, 53, 57, 59, 65, 67]]
[101, 4.28499, [0, 1, 2, 4, 5, 7, 11, 12, 13, 15, 16, 18, 20, 26, 30, 31, 32, 34, 35, 40, 41, 43, 53, 57, 59, 63, 65, 67, 75, 84]]
[101, 4.25529, [0, 1, 2, 4, 5, 7, 11, 12, 13, 15, 16, 18, 20, 26, 30, 31, 32, 34, 35, 40, 43, 53, 59, 61, 65, 67, 75, 77, 84, 92]]
[101, 4.24477, [0, 1, 2, 4, 5, 7, 11, 12, 13, 15, 16, 18, 20, 26, 30, 31, 32, 34, 35, 43, 53, 57, 59, 61, 67, 71, 75, 77, 78, 84]]
[101, 4.24462, [0, 1, 2, 4, 5, 7, 11, 12, 13, 15, 16, 18, 23, 26, 30, 32, 33, 36, 40, 42, 49, 50, 52, 56, 57, 64, 65, 80, 84, 92]]
[101, 4.24143, [0, 1, 2, 4, 5, 7, 11, 12, 13, 15, 16, 18, 23, 26, 30, 32, 33, 38, 40, 42, 49, 50, 52, 56, 57, 58, 64, 84, 92, 97]]
[101, 4.25446, [0, 1, 2, 4, 5, 7, 11, 12, 13, 15, 16, 18, 28, 29, 30, 32, 33, 37, 38, 39, 42, 49, 50, 52, 56, 57, 58, 64, 80, 92]]
[101, 4.24411, [0, 1, 2, 4, 5, 7, 11, 12, 13, 15, 16, 18, 28, 29, 30, 32, 33, 37, 38, 39, 42, 49, 50, 52, 57, 58, 64, 80, 84, 92]]
[101, 4.29996, [0, 1, 2, 4, 5, 7, 11, 12, 13, 15, 16, 18, 28, 29, 30, 32, 33, 37, 38, 39, 42, 50, 52, 57, 58, 60, 64, 80, 84, 92, 94]]
[101, 4.28288, [0, 1, 2, 4, 5, 7, 11, 12, 13, 15, 16, 18, 28, 29, 32, 33, 37, 38, 39, 42, 45, 50, 52, 57, 58, 60, 64, 80, 84, 92, 94]]
[101, 4.27319, [0, 1, 2, 4, 5, 7, 11, 12, 13, 15, 16, 20, 21, 22, 25, 27, 39, 40, 41, 43, 44, 46, 50, 52, 54, 68, 69, 70, 72, 91]]
[101, 4.26397, [0, 1, 2, 4, 5, 7, 11, 12, 13, 15, 16, 20, 21, 22, 25, 27, 39, 40, 41, 43, 44, 50, 52, 54, 63, 67, 69, 70, 72, 91]]
[101, 4.26856, [0, 1, 2, 4, 5, 7, 11, 12, 13, 15, 16, 20, 21, 22, 25, 27, 40, 41, 43, 44, 45, 49, 50, 52, 54, 68, 69, 70, 72, 80]]
[101, 4.24078, [0, 1, 2, 4, 5, 7, 11, 12, 13, 15, 16, 20, 21, 23, 25, 38, 40, 41, 44, 45, 48, 49, 50, 54, 62, 66, 68, 69, 70, 89]]
[101, 4.25157, [0, 1, 2, 4, 5, 7, 11, 12, 13, 15, 16, 20, 22, 25, 26, 27, 40, 41, 43, 44, 45, 49, 50, 52, 63, 67, 69, 70, 72, 80]]
[101, 4.26686, [0, 1, 2, 4, 5, 7, 11, 12, 13, 15, 16, 21, 22, 23, 25, 30, 36, 38, 40, 41, 43, 47, 49, 50, 52, 56, 70, 80, 85, 95]]
[101, 4.24193, [0, 1, 2, 4, 5, 7, 11, 12, 13, 15, 16, 21, 22, 24, 25, 27, 28, 39, 43, 45, 49, 52, 55, 57, 67, 69, 72, 88, 91, 94]]
[101, 4.25295, [0, 1, 2, 4, 5, 7, 11, 12, 13, 16, 18, 28, 29, 30, 32, 33, 37, 38, 39, 42, 45, 49, 50, 52, 57, 58, 60, 64, 80, 84, 92]]
[101, 4.26691, [0, 1, 2, 4, 5, 9, 10, 11, 14, 16, 17, 18, 21, 24, 28, 29, 30, 33, 38, 39, 46, 47, 51, 53, 57, 59, 61, 67, 69, 71]]
[101, 4.28005, [0, 1, 2, 4, 5, 9, 10, 11, 14, 16, 17, 18, 21, 24, 33, 35, 36, 37, 40, 41, 42, 44, 47, 55, 58, 60, 67, 87, 89, 91, 97]]

Search completed in 40 hours, 57 minutes, and 18.354 seconds.  Enter a string to quit.