Enter an integer k for which our Kempner sets are k-free: 4
Enter a positive integer modulus b: 110
Enter estimation parameters, or * for pre-computed parameters ([0.0839, 1.0712, 1.4119]): *
Enter a threshold (e.g. 4.2) to determine printed output: 4.22
Enter a root for the search space (e.g. [0, 1, 2]) [or * for the root [0]]: *
Enter an upper bound for the size of allowable digit sets [or * to ignore]: 33
Enter a maximal number of deviations from a greedy search [or * to ignore]: *
Searching for k-free sets mod b...

[110, 4.2435, [0, 1, 2, 4, 5, 7, 8, 9, 14, 15, 17, 18, 23, 24, 26, 28, 29, 36, 39, 44, 45, 46, 48, 49, 51, 53, 61, 66, 71, 102]]
[110, 4.24224, [0, 1, 2, 4, 5, 7, 8, 9, 14, 15, 17, 18, 23, 24, 26, 28, 29, 36, 39, 44, 45, 46, 48, 49, 51, 53, 61, 66, 75, 102]]
[110, 4.23167, [0, 1, 2, 4, 5, 7, 8, 9, 14, 15, 17, 18, 23, 24, 26, 28, 29, 36, 39, 44, 45, 46, 48, 49, 51, 53, 66, 71, 102, 105]]
[110, 4.23268, [0, 1, 2, 4, 5, 7, 8, 9, 14, 15, 17, 18, 23, 24, 26, 28, 29, 36, 39, 44, 45, 46, 48, 49, 51, 53, 66, 75, 93, 102]]
[110, 4.22589, [0, 1, 2, 4, 5, 7, 8, 9, 14, 15, 17, 18, 23, 24, 26, 28, 29, 36, 39, 44, 45, 46, 48, 49, 51, 53, 66, 93, 102, 105]]
[110, 4.27561, [0, 1, 2, 4, 5, 7, 8, 9, 14, 15, 17, 18, 23, 24, 26, 28, 29, 36, 39, 44, 46, 48, 49, 51, 53, 66, 67, 75, 93, 102, 105]]
[110, 4.22073, [0, 1, 2, 4, 5, 7, 8, 9, 14, 15, 17, 18, 23, 24, 26, 28, 29, 36, 39, 44, 46, 48, 49, 51, 53, 66, 67, 75, 93, 105]]
[110, 4.23412, [0, 1, 2, 4, 5, 7, 8, 9, 14, 15, 17, 18, 23, 24, 26, 28, 29, 39, 44, 45, 46, 48, 49, 51, 52, 53, 58, 61, 71, 102]]
[110, 4.23286, [0, 1, 2, 4, 5, 7, 8, 9, 14, 15, 17, 18, 23, 24, 26, 28, 29, 39, 44, 45, 46, 48, 49, 51, 52, 53, 58, 61, 75, 102]]
[110, 4.22229, [0, 1, 2, 4, 5, 7, 8, 9, 14, 15, 17, 18, 23, 24, 26, 28, 29, 39, 44, 45, 46, 48, 49, 51, 52, 53, 58, 71, 102, 105]]
[110, 4.24511, [0, 1, 2, 4, 5, 7, 8, 9, 14, 15, 17, 18, 23, 24, 26, 29, 30, 33, 39, 44, 46, 47, 48, 51, 52, 53, 58, 67, 75, 80]]
[110, 4.2365, [0, 1, 2, 4, 5, 7, 8, 9, 14, 15, 17, 18, 23, 24, 26, 29, 30, 33, 39, 44, 46, 47, 48, 51, 52, 53, 67, 75, 80, 83]]
[110, 4.22218, [0, 1, 2, 4, 5, 7, 8, 9, 14, 15, 17, 18, 23, 24, 26, 29, 30, 33, 39, 46, 47, 48, 50, 51, 53, 66, 67, 75, 83, 96]]
[110, 4.24199, [0, 1, 2, 4, 5, 7, 8, 9, 14, 15, 17, 18, 23, 24, 26, 29, 30, 39, 42, 44, 46, 49, 51, 53, 66, 75, 92, 93, 96, 102, 105]]
[110, 4.22858, [0, 1, 2, 4, 5, 7, 8, 9, 14, 15, 17, 18, 23, 24, 26, 29, 33, 36, 39, 44, 46, 47, 48, 51, 52, 53, 67, 75, 80, 83]]
[110, 4.23027, [0, 1, 2, 4, 5, 7, 8, 9, 14, 15, 17, 18, 23, 24, 26, 29, 36, 39, 42, 44, 48, 49, 51, 53, 74, 75, 90, 93, 96, 102, 105]]
[110, 4.22943, [0, 1, 2, 4, 5, 7, 8, 9, 14, 15, 17, 18, 23, 24, 26, 29, 36, 39, 44, 45, 46, 48, 49, 51, 52, 53, 58, 61, 71, 74]]
[110, 4.224, [0, 1, 2, 4, 5, 7, 8, 9, 14, 15, 17, 18, 23, 24, 26, 29, 36, 39, 44, 45, 46, 48, 49, 51, 52, 53, 58, 61, 71, 96]]
[110, 4.22817, [0, 1, 2, 4, 5, 7, 8, 9, 14, 15, 17, 18, 23, 24, 26, 29, 36, 39, 44, 45, 46, 48, 49, 51, 52, 53, 58, 61, 74, 75]]
[110, 4.22274, [0, 1, 2, 4, 5, 7, 8, 9, 14, 15, 17, 18, 23, 24, 26, 29, 36, 39, 44, 45, 46, 48, 49, 51, 52, 53, 58, 61, 75, 96]]
[110, 4.23736, [0, 1, 2, 4, 5, 7, 8, 9, 14, 15, 17, 18, 23, 24, 26, 29, 36, 39, 44, 48, 49, 51, 52, 53, 67, 68, 74, 75, 93, 102, 105]]
[110, 4.22123, [0, 1, 2, 4, 5, 7, 8, 9, 14, 15, 17, 18, 23, 24, 26, 29, 39, 44, 45, 46, 49, 52, 53, 58, 61, 71, 88, 92, 95, 96, 102]]
[110, 4.24817, [0, 1, 2, 4, 5, 7, 8, 9, 14, 15, 17, 18, 23, 24, 26, 36, 39, 44, 45, 46, 48, 49, 51, 52, 53, 58, 61, 71, 74, 95, 97]]
[110, 4.24267, [0, 1, 2, 4, 5, 7, 8, 9, 14, 15, 17, 18, 23, 24, 26, 36, 39, 44, 45, 46, 48, 49, 51, 52, 53, 58, 61, 71, 95, 96, 97]]
[110, 4.22987, [0, 1, 2, 4, 5, 7, 8, 9, 14, 15, 17, 18, 23, 24, 26, 36, 39, 44, 45, 46, 48, 49, 51, 52, 53, 61, 71, 95, 96, 97, 102]]
[110, 4.22402, [0, 1, 2, 4, 5, 7, 8, 9, 14, 15, 17, 18, 23, 24, 26, 36, 39, 44, 45, 46, 48, 49, 51, 52, 53, 61, 93, 95, 96, 97, 102]]
[110, 4.23335, [0, 1, 2, 4, 5, 7, 8, 9, 14, 15, 17, 18, 23, 24, 26, 36, 39, 44, 45, 46, 48, 49, 51, 53, 58, 61, 71, 74, 95, 96, 97]]
[110, 4.22417, [0, 1, 2, 4, 5, 7, 8, 9, 14, 15, 17, 18, 23, 24, 26, 36, 39, 44, 45, 48, 49, 51, 52, 53, 61, 68, 71, 74, 95, 97, 102]]
[110, 4.25695, [0, 1, 2, 4, 5, 7, 8, 9, 14, 15, 17, 18, 23, 26, 28, 29, 30, 36, 39, 44, 46, 48, 49, 51, 53, 67, 75, 90, 93, 102, 105]]
[110, 4.23888, [0, 1, 2, 4, 5, 7, 8, 9, 14, 15, 17, 18, 23, 26, 29, 30, 36, 39, 44, 46, 48, 49, 51, 52, 53, 67, 68, 75, 93, 102, 105]]
[110, 4.23232, [0, 1, 2, 4, 5, 7, 8, 9, 14, 15, 17, 18, 23, 26, 29, 30, 36, 39, 44, 46, 48, 49, 51, 53, 66, 67, 68, 75, 93, 102, 105]]
[110, 4.22608, [0, 1, 2, 4, 5, 7, 8, 9, 14, 15, 17, 18, 23, 26, 29, 30, 36, 39, 44, 46, 48, 49, 51, 53, 66, 67, 75, 90, 93, 102, 105]]
[110, 4.22444, [0, 1, 2, 4, 5, 7, 8, 9, 14, 15, 17, 18, 23, 26, 29, 30, 36, 39, 44, 46, 48, 49, 51, 53, 66, 68, 75, 93, 96, 102, 105]]
[110, 4.2278, [0, 1, 2, 4, 5, 7, 8, 9, 14, 15, 17, 23, 24, 26, 27, 29, 30, 36, 39, 44, 46, 49, 52, 53, 73, 75, 80, 86, 88, 92, 105]]
[110, 4.22431, [0, 1, 2, 4, 5, 7, 8, 9, 14, 15, 17, 23, 24, 26, 27, 29, 30, 36, 39, 44, 46, 52, 53, 67, 71, 75, 80, 83, 86, 88, 92]]
[110, 4.22313, [0, 1, 2, 4, 5, 7, 8, 9, 14, 15, 17, 23, 24, 26, 27, 29, 30, 36, 39, 44, 49, 52, 53, 66, 68, 73, 75, 80, 86, 92, 105]]
[110, 4.25633, [0, 1, 2, 4, 5, 7, 8, 9, 14, 15, 17, 23, 24, 26, 27, 29, 30, 36, 44, 46, 47, 48, 51, 52, 53, 61, 66, 71, 75, 80, 83]]
[110, 4.23162, [0, 1, 2, 4, 5, 7, 8, 9, 14, 15, 17, 23, 24, 26, 27, 29, 30, 36, 44, 46, 47, 48, 51, 52, 66, 71, 75, 80, 83, 89, 105]]
[110, 4.24152, [0, 1, 2, 4, 5, 7, 8, 9, 14, 15, 17, 23, 24, 26, 27, 29, 30, 36, 44, 46, 47, 48, 51, 53, 61, 66, 71, 75, 80, 83, 96]]
[110, 4.24148, [0, 1, 2, 4, 5, 7, 8, 9, 14, 15, 17, 23, 24, 26, 27, 29, 30, 36, 44, 46, 48, 49, 52, 53, 54, 61, 73, 75, 80, 88, 105]]
[110, 4.23425, [0, 1, 2, 4, 5, 7, 8, 9, 14, 15, 17, 23, 24, 26, 27, 29, 30, 36, 44, 46, 48, 51, 52, 53, 66, 67, 71, 75, 80, 83, 105]]
[110, 4.22936, [0, 1, 2, 4, 5, 7, 8, 9, 14, 15, 17, 23, 24, 26, 27, 29, 30, 36, 44, 46, 48, 51, 52, 53, 66, 67, 71, 75, 83, 102, 105]]
[110, 4.22841, [0, 1, 2, 4, 5, 7, 8, 9, 14, 15, 17, 23, 24, 26, 27, 29, 30, 36, 44, 46, 48, 51, 52, 53, 66, 67, 75, 80, 83, 93, 105]]
[110, 4.22352, [0, 1, 2, 4, 5, 7, 8, 9, 14, 15, 17, 23, 24, 26, 27, 29, 30, 36, 44, 46, 48, 51, 52, 53, 66, 67, 75, 83, 93, 102, 105]]
[110, 4.22307, [0, 1, 2, 4, 5, 7, 8, 9, 14, 15, 17, 23, 24, 26, 27, 29, 30, 36, 44, 48, 51, 52, 53, 66, 67, 68, 71, 75, 80, 83, 105]]
[110, 4.24208, [0, 1, 2, 4, 5, 7, 8, 9, 14, 15, 17, 23, 24, 26, 27, 29, 33, 36, 44, 45, 46, 48, 51, 52, 53, 61, 66, 75, 83, 96, 102]]
[110, 4.23373, [0, 1, 2, 4, 5, 7, 8, 9, 14, 15, 17, 23, 24, 26, 27, 29, 33, 36, 44, 45, 46, 48, 51, 53, 61, 66, 71, 75, 83, 96, 102]]
[110, 4.22561, [0, 1, 2, 4, 5, 7, 8, 9, 14, 15, 17, 23, 24, 26, 27, 29, 33, 36, 44, 45, 46, 51, 52, 53, 61, 66, 75, 83, 92, 96, 102]]
[110, 4.23089, [0, 1, 2, 4, 5, 7, 8, 9, 14, 15, 17, 23, 24, 26, 27, 29, 33, 36, 44, 45, 48, 51, 52, 53, 61, 66, 68, 75, 83, 96, 102]]
[110, 4.22465, [0, 1, 2, 4, 5, 7, 8, 9, 14, 15, 17, 23, 24, 26, 27, 29, 33, 36, 44, 45, 48, 51, 52, 53, 61, 66, 75, 83, 90, 96, 102]]
[110, 4.22254, [0, 1, 2, 4, 5, 7, 8, 9, 14, 15, 17, 23, 24, 26, 27, 29, 33, 36, 44, 45, 48, 51, 53, 61, 66, 68, 71, 75, 83, 96, 102]]
[110, 4.25114, [0, 1, 2, 4, 5, 7, 8, 9, 14, 15, 17, 23, 24, 26, 27, 29, 36, 39, 44, 45, 46, 48, 49, 52, 53, 58, 61, 73, 74, 75, 88]]
[110, 4.24322, [0, 1, 2, 4, 5, 7, 8, 9, 14, 15, 17, 23, 24, 26, 27, 29, 36, 39, 44, 45, 46, 48, 49, 52, 53, 61, 73, 74, 75, 80, 88]]
[110, 4.22777, [0, 1, 2, 4, 5, 7, 8, 9, 14, 15, 17, 23, 24, 26, 27, 29, 36, 39, 44, 45, 46, 48, 52, 53, 58, 73, 74, 75, 83, 88, 93]]
[110, 4.23466, [0, 1, 2, 4, 5, 7, 8, 9, 14, 15, 17, 23, 24, 26, 27, 29, 36, 39, 44, 45, 46, 49, 52, 53, 58, 61, 73, 74, 75, 88, 92]]
[110, 4.22675, [0, 1, 2, 4, 5, 7, 8, 9, 14, 15, 17, 23, 24, 26, 27, 29, 36, 39, 44, 45, 46, 49, 52, 53, 61, 73, 74, 75, 80, 88, 92]]
[110, 4.23703, [0, 1, 2, 4, 5, 7, 8, 9, 14, 15, 17, 23, 24, 26, 27, 29, 36, 39, 44, 45, 48, 49, 50, 52, 53, 61, 66, 75, 80, 90, 96]]
[110, 4.23995, [0, 1, 2, 4, 5, 7, 8, 9, 14, 15, 17, 23, 24, 26, 27, 29, 36, 39, 44, 45, 48, 49, 52, 53, 58, 61, 68, 73, 74, 75, 88]]
[110, 4.23371, [0, 1, 2, 4, 5, 7, 8, 9, 14, 15, 17, 23, 24, 26, 27, 29, 36, 39, 44, 45, 48, 49, 52, 53, 58, 61, 73, 74, 75, 88, 90]]
[110, 4.23203, [0, 1, 2, 4, 5, 7, 8, 9, 14, 15, 17, 23, 24, 26, 27, 29, 36, 39, 44, 45, 48, 49, 52, 53, 61, 68, 73, 74, 75, 80, 88]]
[110, 4.2258, [0, 1, 2, 4, 5, 7, 8, 9, 14, 15, 17, 23, 24, 26, 27, 29, 36, 39, 44, 45, 48, 49, 52, 53, 61, 73, 74, 75, 80, 88, 90]]
[110, 4.22348, [0, 1, 2, 4, 5, 7, 8, 9, 14, 15, 17, 23, 24, 26, 27, 29, 36, 39, 44, 45, 49, 52, 53, 58, 61, 68, 73, 74, 75, 88, 92]]
[110, 4.25866, [0, 1, 2, 4, 5, 7, 8, 9, 14, 15, 17, 23, 24, 26, 27, 29, 36, 39, 44, 46, 52, 53, 58, 67, 71, 74, 75, 83, 86, 88, 92, 95]]
[110, 4.25274, [0, 1, 2, 4, 5, 7, 8, 9, 14, 15, 17, 23, 24, 26, 27, 29, 36, 39, 44, 46, 52, 53, 58, 67, 74, 75, 83, 86, 88, 92, 93, 95]]
[110, 4.24733, [0, 1, 2, 4, 5, 7, 8, 9, 14, 15, 17, 23, 24, 26, 27, 29, 36, 39, 44, 52, 53, 58, 67, 68, 71, 74, 75, 83, 86, 88, 92, 95]]
[110, 4.24142, [0, 1, 2, 4, 5, 7, 8, 9, 14, 15, 17, 23, 24, 26, 27, 29, 36, 39, 44, 52, 53, 58, 67, 68, 74, 75, 83, 86, 88, 92, 93, 95]]
[110, 4.22578, [0, 1, 2, 4, 5, 7, 8, 9, 14, 15, 17, 23, 24, 26, 27, 29, 36, 39, 45, 46, 48, 49, 52, 53, 61, 66, 73, 75, 80, 88, 96]]
[110, 4.22089, [0, 1, 2, 4, 5, 7, 8, 9, 14, 15, 17, 23, 24, 26, 27, 29, 36, 39, 45, 46, 48, 49, 52, 53, 61, 66, 73, 75, 88, 96, 102]]
[110, 4.22204, [0, 1, 2, 4, 5, 7, 8, 9, 14, 15, 17, 23, 24, 26, 27, 29, 36, 44, 45, 46, 48, 51, 52, 53, 61, 66, 71, 75, 80, 83, 96]]
[110, 4.22059, [0, 1, 2, 4, 5, 7, 8, 9, 14, 15, 17, 23, 24, 26, 27, 29, 36, 44, 46, 47, 48, 51, 52, 53, 61, 66, 71, 75, 80, 83, 96]]
[110, 4.22716, [0, 1, 2, 4, 5, 7, 8, 9, 14, 15, 17, 23, 24, 26, 27, 29, 39, 44, 45, 46, 48, 49, 52, 53, 58, 61, 73, 74, 75, 80, 88]]
[110, 4.22958, [0, 1, 2, 4, 5, 7, 8, 9, 14, 15, 17, 23, 24, 26, 28, 29, 39, 44, 45, 46, 48, 49, 51, 52, 53, 61, 66, 71, 75, 80, 102]]
[110, 4.23751, [0, 1, 2, 4, 5, 7, 8, 9, 14, 15, 17, 23, 24, 26, 29, 30, 36, 39, 44, 46, 47, 48, 51, 52, 53, 66, 67, 71, 75, 80, 83]]
[110, 4.23154, [0, 1, 2, 4, 5, 7, 8, 9, 14, 15, 17, 23, 24, 26, 29, 30, 36, 39, 44, 46, 48, 49, 51, 52, 53, 66, 67, 71, 75, 80, 105]]
[110, 4.22666, [0, 1, 2, 4, 5, 7, 8, 9, 14, 15, 17, 23, 24, 26, 29, 30, 36, 39, 44, 46, 48, 49, 51, 52, 53, 66, 67, 71, 75, 102, 105]]
[110, 4.2257, [0, 1, 2, 4, 5, 7, 8, 9, 14, 15, 17, 23, 24, 26, 29, 30, 36, 39, 44, 46, 48, 49, 51, 52, 53, 66, 67, 75, 80, 93, 105]]
[110, 4.22081, [0, 1, 2, 4, 5, 7, 8, 9, 14, 15, 17, 23, 24, 26, 29, 30, 36, 39, 44, 46, 48, 49, 51, 52, 53, 66, 67, 75, 93, 102, 105]]
[110, 4.23455, [0, 1, 2, 4, 5, 7, 8, 9, 14, 15, 17, 23, 24, 28, 29, 30, 36, 39, 40, 46, 48, 49, 51, 52, 53, 65, 66, 67, 71, 80, 105]]
[110, 4.22352, [0, 1, 2, 4, 5, 7, 8, 9, 14, 15, 17, 23, 24, 28, 29, 30, 36, 39, 40, 46, 48, 49, 51, 52, 65, 66, 67, 71, 80, 82, 105]]
[110, 4.23378, [0, 1, 2, 4, 5, 7, 8, 9, 14, 15, 17, 23, 26, 27, 28, 30, 36, 39, 44, 46, 48, 49, 73, 74, 75, 80, 86, 88, 89, 90, 97, 105]]
[110, 4.22111, [0, 1, 2, 4, 5, 7, 8, 9, 14, 15, 17, 23, 26, 27, 30, 34, 36, 39, 41, 44, 46, 50, 52, 53, 54, 67, 68, 71, 75, 86, 92]]
[110, 4.22854, [0, 1, 2, 4, 5, 7, 8, 9, 14, 15, 17, 24, 26, 27, 29, 31, 32, 36, 39, 42, 44, 46, 49, 52, 58, 61, 75, 89, 92, 95, 96]]
[110, 4.23567, [0, 1, 2, 4, 5, 7, 8, 9, 14, 15, 17, 24, 26, 27, 29, 31, 32, 36, 39, 44, 45, 48, 49, 52, 53, 58, 67, 74, 88, 90, 105]]
[110, 4.2305, [0, 1, 2, 4, 5, 7, 8, 9, 14, 15, 17, 24, 26, 27, 29, 31, 32, 36, 39, 44, 45, 48, 52, 53, 58, 67, 68, 74, 83, 88, 93]]
[110, 4.22427, [0, 1, 2, 4, 5, 7, 8, 9, 14, 15, 17, 24, 26, 27, 29, 31, 32, 36, 39, 44, 45, 48, 52, 53, 58, 67, 74, 83, 88, 90, 93]]
[110, 4.22259, [0, 1, 2, 4, 5, 7, 8, 9, 14, 15, 17, 24, 26, 27, 29, 31, 32, 36, 39, 44, 45, 48, 52, 53, 67, 68, 74, 80, 83, 88, 93]]
[110, 4.24448, [0, 1, 2, 4, 5, 7, 8, 9, 14, 15, 17, 24, 26, 27, 29, 31, 32, 36, 42, 44, 45, 46, 49, 51, 52, 53, 58, 61, 92, 96, 105]]
[110, 4.23089, [0, 1, 2, 4, 5, 7, 8, 9, 14, 15, 17, 24, 26, 27, 29, 31, 32, 36, 42, 44, 45, 46, 51, 52, 53, 61, 66, 71, 92, 96, 105]]
[110, 4.2339, [0, 1, 2, 4, 5, 7, 8, 9, 14, 15, 17, 24, 26, 27, 29, 31, 32, 36, 44, 45, 46, 48, 51, 52, 53, 61, 66, 71, 80, 83, 96]]
[110, 4.22927, [0, 1, 2, 4, 5, 7, 8, 9, 14, 15, 17, 24, 26, 27, 29, 31, 32, 36, 44, 45, 46, 48, 51, 52, 53, 61, 66, 71, 80, 96, 105]]
[110, 4.22901, [0, 1, 2, 4, 5, 7, 8, 9, 14, 15, 17, 24, 26, 27, 29, 31, 32, 36, 44, 45, 46, 48, 51, 52, 53, 61, 66, 71, 83, 96, 102]]
[110, 4.22438, [0, 1, 2, 4, 5, 7, 8, 9, 14, 15, 17, 24, 26, 27, 29, 31, 32, 36, 44, 45, 46, 48, 51, 52, 53, 61, 66, 71, 96, 102, 105]]
[110, 4.2298, [0, 1, 2, 4, 5, 7, 8, 9, 14, 15, 17, 24, 26, 27, 29, 31, 32, 36, 44, 45, 46, 48, 51, 52, 53, 66, 67, 71, 80, 83, 105]]
[110, 4.22193, [0, 1, 2, 4, 5, 7, 8, 9, 14, 15, 17, 24, 26, 27, 29, 31, 32, 36, 44, 45, 46, 48, 51, 52, 53, 66, 71, 80, 83, 96, 105]]
[110, 4.22705, [0, 1, 2, 4, 5, 7, 8, 9, 14, 15, 17, 24, 26, 27, 29, 31, 32, 36, 44, 45, 46, 48, 51, 52, 53, 67, 71, 74, 80, 83, 105]]
[110, 4.22115, [0, 1, 2, 4, 5, 7, 8, 9, 14, 15, 17, 24, 26, 27, 29, 31, 32, 36, 44, 45, 46, 48, 51, 52, 61, 66, 71, 80, 83, 89, 96]]
[110, 4.22271, [0, 1, 2, 4, 5, 7, 8, 9, 14, 15, 17, 24, 26, 27, 29, 31, 32, 36, 44, 45, 48, 51, 52, 53, 61, 66, 68, 71, 80, 83, 96]]
[110, 4.22299, [0, 1, 2, 4, 5, 7, 8, 9, 14, 15, 17, 24, 26, 27, 29, 31, 36, 39, 44, 45, 47, 48, 49, 52, 53, 61, 66, 76, 80, 90, 96]]
[110, 4.22101, [0, 1, 2, 4, 5, 7, 8, 9, 14, 15, 17, 24, 26, 27, 29, 31, 36, 39, 44, 45, 48, 49, 50, 52, 53, 61, 66, 76, 80, 90, 96]]
[110, 4.2222, [0, 1, 2, 4, 5, 7, 8, 9, 14, 15, 17, 24, 26, 29, 30, 31, 36, 39, 40, 44, 46, 47, 49, 51, 52, 66, 67, 71, 80, 89, 105]]
[110, 4.23588, [0, 1, 2, 4, 5, 7, 8, 9, 14, 15, 17, 24, 27, 29, 31, 32, 35, 36, 42, 44, 45, 46, 49, 51, 52, 53, 58, 61, 74, 92, 105]]
[110, 4.23039, [0, 1, 2, 4, 5, 7, 8, 9, 14, 15, 17, 24, 27, 29, 31, 32, 35, 36, 42, 44, 45, 46, 49, 51, 52, 53, 58, 61, 92, 96, 105]]
[110, 4.22107, [0, 1, 2, 4, 5, 7, 8, 9, 14, 15, 17, 24, 27, 29, 31, 32, 35, 36, 42, 44, 45, 46, 49, 51, 53, 58, 61, 74, 92, 96, 105]]
[110, 4.22586, [0, 1, 2, 4, 5, 7, 8, 9, 14, 15, 17, 24, 27, 29, 31, 32, 35, 36, 44, 45, 46, 48, 49, 51, 52, 53, 58, 61, 92, 96, 105]]
[110, 4.23367, [0, 1, 2, 4, 5, 7, 8, 9, 14, 15, 17, 24, 28, 29, 30, 35, 36, 37, 39, 40, 46, 48, 49, 51, 52, 53, 65, 66, 67, 80, 105]]
[110, 4.26046, [0, 1, 2, 4, 5, 7, 8, 9, 14, 15, 17, 24, 28, 29, 30, 35, 36, 39, 40, 46, 48, 49, 51, 52, 65, 66, 67, 71, 80, 82, 89, 105]]
[110, 4.27338, [0, 1, 2, 4, 5, 7, 8, 9, 14, 15, 17, 24, 29, 30, 31, 35, 36, 39, 40, 44, 46, 47, 49, 51, 52, 65, 66, 67, 71, 80, 89, 105]]
[110, 4.25618, [0, 1, 2, 4, 5, 7, 8, 9, 14, 15, 17, 24, 29, 30, 31, 35, 36, 39, 40, 46, 47, 49, 51, 52, 65, 66, 67, 71, 80, 82, 89, 105]]
[110, 4.22141, [0, 1, 2, 4, 5, 7, 8, 9, 14, 15, 17, 29, 30, 31, 35, 36, 38, 39, 44, 46, 48, 49, 51, 52, 66, 67, 68, 71, 89, 92, 102, 105]]
[110, 4.22803, [0, 1, 2, 4, 5, 7, 8, 9, 14, 16, 17, 18, 22, 29, 30, 36, 37, 45, 46, 48, 49, 58, 61, 70, 75, 83, 89, 90, 93, 95, 96, 97]]
[110, 4.25434, [0, 1, 2, 4, 5, 7, 8, 9, 14, 16, 17, 18, 29, 30, 31, 34, 35, 36, 38, 39, 45, 47, 48, 49, 53, 58, 61, 66, 67, 70, 95]]
[110, 4.23869, [0, 1, 2, 4, 5, 7, 8, 9, 14, 16, 17, 22, 26, 27, 29, 30, 31, 36, 39, 45, 48, 49, 51, 52, 58, 61, 66, 68, 75, 89, 90]]
[110, 4.23135, [0, 1, 2, 4, 5, 7, 8, 9, 14, 16, 17, 22, 26, 27, 29, 30, 31, 36, 39, 45, 48, 49, 51, 52, 58, 66, 68, 75, 83, 89, 90]]
[110, 4.2291, [0, 1, 2, 4, 5, 7, 8, 9, 14, 16, 17, 22, 26, 27, 29, 30, 31, 36, 39, 45, 48, 49, 52, 58, 61, 66, 68, 73, 75, 89, 90]]
[110, 4.22349, [0, 1, 2, 4, 5, 7, 8, 9, 14, 16, 17, 22, 26, 27, 29, 30, 31, 36, 39, 45, 48, 49, 52, 58, 61, 66, 68, 75, 89, 90, 95]]
[110, 4.22176, [0, 1, 2, 4, 5, 7, 8, 9, 14, 16, 17, 22, 26, 27, 29, 30, 31, 36, 39, 45, 48, 49, 52, 58, 66, 68, 73, 75, 83, 89, 90]]
[110, 4.22266, [0, 1, 2, 4, 5, 7, 8, 9, 14, 16, 17, 22, 26, 27, 29, 30, 31, 36, 39, 45, 48, 51, 52, 58, 61, 66, 68, 75, 89, 90, 93]]
[110, 4.22222, [0, 1, 2, 4, 5, 7, 8, 9, 14, 16, 17, 22, 26, 27, 29, 30, 31, 36, 39, 45, 49, 51, 52, 58, 61, 66, 68, 75, 89, 90, 92]]
[110, 4.22663, [0, 1, 2, 4, 5, 7, 8, 9, 14, 16, 17, 26, 27, 29, 31, 32, 36, 39, 43, 44, 45, 49, 51, 52, 53, 58, 61, 66, 67, 68, 74]]
[110, 4.25465, [0, 1, 2, 4, 5, 7, 8, 9, 14, 17, 18, 22, 23, 24, 28, 29, 30, 39, 44, 45, 46, 48, 49, 51, 52, 53, 58, 61, 71, 97, 102]]
[110, 4.24269, [0, 1, 2, 4, 5, 7, 8, 9, 14, 17, 18, 22, 23, 24, 28, 29, 30, 39, 44, 45, 46, 48, 49, 51, 52, 53, 58, 71, 97, 102, 105]]
[110, 4.23071, [0, 1, 2, 4, 5, 7, 8, 9, 14, 17, 18, 22, 23, 24, 28, 29, 30, 39, 44, 45, 46, 48, 51, 52, 53, 61, 71, 80, 93, 97, 102]]
[110, 4.2284, [0, 1, 2, 4, 5, 7, 8, 9, 14, 17, 18, 22, 23, 24, 28, 29, 30, 44, 45, 46, 48, 49, 51, 52, 53, 58, 61, 71, 97, 102, 105]]
[110, 4.2286, [0, 1, 2, 4, 5, 7, 8, 9, 14, 17, 18, 22, 23, 24, 29, 31, 36, 39, 45, 46, 48, 49, 51, 53, 58, 61, 66, 70, 71, 74, 96]]
[110, 4.22126, [0, 1, 2, 4, 5, 7, 8, 9, 14, 17, 18, 22, 23, 24, 29, 31, 36, 39, 45, 46, 48, 49, 51, 53, 58, 66, 70, 71, 74, 83, 96]]
[110, 4.22096, [0, 1, 2, 4, 5, 7, 8, 9, 14, 17, 18, 22, 23, 24, 29, 36, 39, 44, 45, 46, 48, 49, 51, 52, 53, 58, 61, 70, 71, 74, 97]]
[110, 4.22767, [0, 1, 2, 4, 5, 7, 8, 9, 14, 17, 18, 22, 23, 29, 30, 31, 34, 36, 39, 45, 46, 48, 49, 53, 61, 66, 68, 70, 71, 74, 95]]
[110, 4.22436, [0, 1, 2, 4, 5, 7, 8, 9, 14, 17, 18, 23, 24, 26, 29, 31, 36, 39, 43, 45, 46, 49, 51, 53, 58, 61, 66, 70, 71, 74, 88]]
[110, 4.23437, [0, 1, 2, 4, 5, 7, 8, 9, 14, 17, 18, 23, 26, 29, 31, 36, 39, 43, 45, 46, 49, 51, 53, 58, 61, 66, 70, 71, 74, 88, 90, 96]]
[110, 4.22694, [0, 1, 2, 4, 5, 7, 8, 9, 14, 17, 18, 23, 26, 29, 31, 36, 39, 43, 45, 46, 49, 51, 53, 58, 66, 70, 71, 74, 83, 88, 90, 96]]
[110, 4.22105, [0, 1, 2, 4, 5, 7, 8, 9, 14, 17, 18, 24, 26, 28, 29, 31, 36, 37, 39, 43, 45, 46, 48, 51, 52, 58, 61, 71, 89, 93, 97]]
[110, 4.23391, [0, 1, 2, 4, 5, 7, 8, 9, 14, 17, 22, 23, 24, 26, 27, 29, 30, 31, 36, 39, 44, 45, 46, 48, 49, 51, 52, 53, 58, 61]]
[110, 4.22665, [0, 1, 2, 4, 5, 7, 8, 9, 14, 17, 22, 23, 24, 26, 27, 29, 30, 31, 36, 39, 44, 45, 46, 48, 49, 51, 52, 53, 58, 83]]
[110, 4.22208, [0, 1, 2, 4, 5, 7, 8, 9, 14, 17, 22, 23, 24, 26, 27, 29, 30, 31, 36, 39, 44, 45, 46, 48, 49, 51, 52, 53, 58, 105]]
[110, 4.22609, [0, 1, 2, 4, 5, 7, 8, 9, 14, 17, 22, 23, 24, 26, 27, 29, 30, 31, 36, 39, 44, 45, 46, 48, 49, 51, 52, 53, 61, 80]]
[110, 4.22125, [0, 1, 2, 4, 5, 7, 8, 9, 14, 17, 22, 23, 24, 26, 27, 29, 30, 31, 36, 39, 44, 45, 46, 48, 49, 51, 52, 53, 61, 102]]
[110, 4.22496, [0, 1, 2, 4, 5, 7, 8, 9, 14, 17, 22, 23, 24, 26, 27, 29, 30, 31, 36, 39, 44, 45, 46, 48, 49, 51, 52, 58, 61, 75]]
[110, 4.2247, [0, 1, 2, 4, 5, 7, 8, 9, 14, 17, 22, 23, 24, 26, 27, 29, 30, 31, 36, 39, 44, 45, 46, 48, 49, 51, 53, 58, 61, 74]]
[110, 4.22443, [0, 1, 2, 4, 5, 7, 8, 9, 14, 17, 22, 23, 24, 26, 27, 29, 30, 31, 36, 39, 44, 45, 46, 48, 49, 52, 53, 58, 61, 73]]
[110, 4.22385, [0, 1, 2, 4, 5, 7, 8, 9, 14, 17, 22, 23, 24, 26, 27, 29, 30, 31, 36, 39, 44, 45, 46, 48, 51, 52, 53, 58, 61, 71]]
[110, 4.22353, [0, 1, 2, 4, 5, 7, 8, 9, 14, 17, 22, 23, 24, 26, 27, 29, 30, 31, 36, 39, 44, 45, 46, 49, 51, 52, 53, 58, 61, 70]]
[110, 4.22285, [0, 1, 2, 4, 5, 7, 8, 9, 14, 17, 22, 23, 24, 26, 27, 29, 30, 31, 36, 39, 44, 45, 48, 49, 51, 52, 53, 58, 61, 68]]
[110, 4.24089, [0, 1, 2, 4, 5, 7, 8, 9, 14, 17, 22, 23, 24, 26, 27, 29, 30, 31, 36, 39, 44, 45, 49, 51, 53, 61, 74, 80, 87, 90, 92]]
[110, 4.23539, [0, 1, 2, 4, 5, 7, 8, 9, 14, 17, 22, 23, 24, 26, 27, 29, 30, 31, 36, 39, 44, 45, 49, 51, 53, 61, 80, 87, 90, 92, 96]]
[110, 4.22892, [0, 1, 2, 4, 5, 7, 8, 9, 14, 17, 22, 23, 24, 26, 27, 29, 30, 31, 36, 39, 44, 45, 49, 51, 53, 74, 80, 87, 90, 92, 105]]
[110, 4.22645, [0, 1, 2, 4, 5, 7, 8, 9, 14, 17, 22, 23, 24, 26, 27, 29, 30, 31, 36, 39, 44, 45, 49, 51, 61, 74, 80, 87, 90, 92, 97]]
[110, 4.22096, [0, 1, 2, 4, 5, 7, 8, 9, 14, 17, 22, 23, 24, 26, 27, 29, 30, 31, 36, 39, 44, 45, 49, 51, 61, 80, 87, 90, 92, 96, 97]]
[110, 4.23129, [0, 1, 2, 4, 5, 7, 8, 9, 14, 17, 22, 23, 24, 26, 27, 29, 30, 31, 36, 39, 44, 45, 49, 53, 61, 73, 74, 80, 87, 90, 92]]
[110, 4.2258, [0, 1, 2, 4, 5, 7, 8, 9, 14, 17, 22, 23, 24, 26, 27, 29, 30, 31, 36, 39, 44, 45, 49, 53, 61, 73, 80, 87, 90, 92, 96]]
[110, 4.22486, [0, 1, 2, 4, 5, 7, 8, 9, 14, 17, 22, 23, 24, 26, 27, 29, 30, 31, 36, 39, 44, 45, 51, 53, 61, 74, 80, 87, 90, 92, 93]]
[110, 4.22249, [0, 1, 2, 4, 5, 7, 8, 9, 14, 17, 22, 23, 24, 26, 27, 29, 30, 31, 36, 39, 44, 46, 48, 49, 51, 52, 53, 58, 61, 67]]
[110, 4.22296, [0, 1, 2, 4, 5, 7, 8, 9, 14, 17, 22, 23, 24, 26, 27, 29, 30, 31, 36, 39, 44, 49, 51, 53, 61, 74, 80, 87, 89, 90, 92]]
[110, 4.2221, [0, 1, 2, 4, 5, 7, 8, 9, 14, 17, 22, 23, 24, 26, 27, 29, 30, 31, 36, 39, 45, 46, 48, 49, 51, 52, 53, 58, 61, 66]]
[110, 4.24839, [0, 1, 2, 4, 5, 7, 8, 9, 14, 17, 22, 23, 24, 26, 27, 29, 30, 31, 36, 39, 45, 49, 51, 53, 58, 65, 66, 68, 70, 74, 83]]
[110, 4.24047, [0, 1, 2, 4, 5, 7, 8, 9, 14, 17, 22, 23, 24, 26, 27, 29, 30, 31, 36, 39, 45, 49, 51, 53, 65, 66, 68, 70, 74, 80, 83]]
[110, 4.23933, [0, 1, 2, 4, 5, 7, 8, 9, 14, 17, 22, 23, 24, 26, 27, 29, 30, 31, 36, 39, 45, 49, 51, 58, 65, 66, 68, 70, 74, 75, 83]]
[110, 4.22604, [0, 1, 2, 4, 5, 7, 8, 9, 14, 17, 22, 23, 24, 26, 27, 29, 30, 31, 36, 39, 45, 49, 51, 65, 66, 68, 70, 74, 80, 83, 97]]
[110, 4.23319, [0, 1, 2, 4, 5, 7, 8, 9, 14, 17, 22, 23, 24, 26, 27, 29, 30, 31, 36, 39, 45, 49, 53, 58, 65, 66, 68, 70, 74, 83, 95]]
[110, 4.22414, [0, 1, 2, 4, 5, 7, 8, 9, 14, 17, 22, 23, 24, 26, 27, 29, 30, 31, 36, 39, 45, 49, 58, 65, 66, 68, 70, 74, 75, 83, 95]]
[110, 4.23271, [0, 1, 2, 4, 5, 7, 8, 9, 14, 17, 22, 23, 24, 26, 27, 29, 30, 31, 36, 39, 45, 51, 53, 58, 65, 66, 68, 70, 71, 83, 96]]
[110, 4.23236, [0, 1, 2, 4, 5, 7, 8, 9, 14, 17, 22, 23, 24, 26, 27, 29, 30, 31, 36, 39, 45, 51, 53, 58, 65, 66, 68, 70, 74, 83, 93]]
[110, 4.22687, [0, 1, 2, 4, 5, 7, 8, 9, 14, 17, 22, 23, 24, 26, 27, 29, 30, 31, 36, 39, 45, 51, 53, 58, 65, 66, 68, 70, 83, 93, 96]]
[110, 4.2248, [0, 1, 2, 4, 5, 7, 8, 9, 14, 17, 22, 23, 24, 26, 27, 29, 30, 31, 36, 39, 45, 51, 53, 65, 66, 68, 70, 71, 80, 83, 96]]
[110, 4.22445, [0, 1, 2, 4, 5, 7, 8, 9, 14, 17, 22, 23, 24, 26, 27, 29, 30, 31, 36, 39, 45, 51, 53, 65, 66, 68, 70, 74, 80, 83, 93]]
[110, 4.22366, [0, 1, 2, 4, 5, 7, 8, 9, 14, 17, 22, 23, 24, 26, 27, 29, 30, 31, 36, 39, 45, 51, 58, 65, 66, 68, 70, 71, 75, 83, 96]]
[110, 4.22331, [0, 1, 2, 4, 5, 7, 8, 9, 14, 17, 22, 23, 24, 26, 27, 29, 30, 31, 36, 39, 45, 51, 58, 65, 66, 68, 70, 74, 75, 83, 93]]
[110, 4.23046, [0, 1, 2, 4, 5, 7, 8, 9, 14, 17, 22, 23, 24, 26, 27, 29, 30, 31, 36, 39, 49, 51, 53, 58, 65, 66, 68, 70, 74, 83, 89]]
[110, 4.22254, [0, 1, 2, 4, 5, 7, 8, 9, 14, 17, 22, 23, 24, 26, 27, 29, 30, 31, 36, 39, 49, 51, 53, 65, 66, 68, 70, 74, 80, 83, 89]]
[110, 4.2214, [0, 1, 2, 4, 5, 7, 8, 9, 14, 17, 22, 23, 24, 26, 27, 29, 30, 31, 36, 39, 49, 51, 58, 65, 66, 68, 70, 74, 75, 83, 89]]
[110, 4.2583, [0, 1, 2, 4, 5, 7, 8, 9, 14, 17, 22, 23, 24, 26, 27, 29, 30, 31, 36, 44, 46, 47, 48, 51, 52, 53, 58, 61, 71, 83, 89]]
[110, 4.25038, [0, 1, 2, 4, 5, 7, 8, 9, 14, 17, 22, 23, 24, 26, 27, 29, 30, 31, 36, 44, 46, 47, 48, 51, 52, 53, 61, 71, 80, 83, 89]]
[110, 4.24889, [0, 1, 2, 4, 5, 7, 8, 9, 14, 17, 22, 23, 24, 26, 27, 29, 30, 31, 36, 44, 46, 47, 48, 51, 52, 54, 61, 71, 75, 80, 105]]
[110, 4.23728, [0, 1, 2, 4, 5, 7, 8, 9, 14, 17, 22, 23, 24, 26, 27, 29, 30, 31, 36, 44, 46, 47, 48, 51, 52, 58, 71, 75, 83, 89, 105]]
[110, 4.22936, [0, 1, 2, 4, 5, 7, 8, 9, 14, 17, 22, 23, 24, 26, 27, 29, 30, 31, 36, 44, 46, 47, 48, 51, 52, 71, 75, 80, 83, 89, 105]]
[110, 4.24898, [0, 1, 2, 4, 5, 7, 8, 9, 14, 17, 22, 23, 24, 26, 27, 29, 30, 31, 36, 44, 46, 47, 48, 51, 53, 58, 61, 71, 74, 83, 89]]
[110, 4.24348, [0, 1, 2, 4, 5, 7, 8, 9, 14, 17, 22, 23, 24, 26, 27, 29, 30, 31, 36, 44, 46, 47, 48, 51, 53, 58, 61, 71, 83, 89, 96]]
[110, 4.24106, [0, 1, 2, 4, 5, 7, 8, 9, 14, 17, 22, 23, 24, 26, 27, 29, 30, 31, 36, 44, 46, 47, 48, 51, 53, 61, 71, 74, 80, 83, 89]]
[110, 4.23557, [0, 1, 2, 4, 5, 7, 8, 9, 14, 17, 22, 23, 24, 26, 27, 29, 30, 31, 36, 44, 46, 47, 48, 51, 53, 61, 71, 80, 83, 89, 96]]
[110, 4.22796, [0, 1, 2, 4, 5, 7, 8, 9, 14, 17, 22, 23, 24, 26, 27, 29, 30, 31, 36, 44, 46, 47, 48, 51, 58, 71, 74, 75, 83, 89, 105]]
[110, 4.22247, [0, 1, 2, 4, 5, 7, 8, 9, 14, 17, 22, 23, 24, 26, 27, 29, 30, 31, 36, 44, 46, 47, 48, 51, 58, 71, 75, 83, 89, 96, 105]]
[110, 4.24896, [0, 1, 2, 4, 5, 7, 8, 9, 14, 17, 22, 23, 24, 26, 27, 29, 30, 31, 36, 44, 46, 48, 49, 51, 52, 54, 61, 67, 75, 80, 105]]
[110, 4.24408, [0, 1, 2, 4, 5, 7, 8, 9, 14, 17, 22, 23, 24, 26, 27, 29, 30, 31, 36, 44, 46, 48, 49, 51, 52, 54, 61, 67, 75, 102, 105]]
[110, 4.24321, [0, 1, 2, 4, 5, 7, 8, 9, 14, 17, 22, 23, 24, 26, 27, 29, 30, 31, 36, 44, 46, 48, 49, 51, 53, 54, 61, 67, 80, 96, 105]]
[110, 4.23832, [0, 1, 2, 4, 5, 7, 8, 9, 14, 17, 22, 23, 24, 26, 27, 29, 30, 31, 36, 44, 46, 48, 49, 51, 53, 54, 61, 67, 96, 102, 105]]
[110, 4.24843, [0, 1, 2, 4, 5, 7, 8, 9, 14, 17, 22, 23, 24, 26, 27, 29, 30, 31, 36, 44, 46, 48, 49, 52, 53, 54, 61, 67, 73, 80, 105]]
[110, 4.24354, [0, 1, 2, 4, 5, 7, 8, 9, 14, 17, 22, 23, 24, 26, 27, 29, 30, 31, 36, 44, 46, 48, 49, 52, 53, 54, 61, 67, 73, 102, 105]]
[110, 4.23937, [0, 1, 2, 4, 5, 7, 8, 9, 14, 17, 22, 23, 24, 26, 27, 29, 30, 31, 36, 44, 46, 48, 49, 52, 54, 61, 67, 73, 75, 80, 105]]
[110, 4.23448, [0, 1, 2, 4, 5, 7, 8, 9, 14, 17, 22, 23, 24, 26, 27, 29, 30, 31, 36, 44, 46, 48, 49, 52, 54, 61, 67, 73, 75, 102, 105]]
[110, 4.23362, [0, 1, 2, 4, 5, 7, 8, 9, 14, 17, 22, 23, 24, 26, 27, 29, 30, 31, 36, 44, 46, 48, 49, 53, 54, 61, 67, 73, 80, 96, 105]]
[110, 4.22873, [0, 1, 2, 4, 5, 7, 8, 9, 14, 17, 22, 23, 24, 26, 27, 29, 30, 31, 36, 44, 46, 48, 49, 53, 54, 61, 67, 73, 96, 102, 105]]
[110, 4.23878, [0, 1, 2, 4, 5, 7, 8, 9, 14, 17, 22, 23, 24, 26, 27, 29, 30, 31, 36, 44, 46, 48, 51, 52, 54, 61, 67, 71, 75, 80, 105]]
[110, 4.23303, [0, 1, 2, 4, 5, 7, 8, 9, 14, 17, 22, 23, 24, 26, 27, 29, 30, 31, 36, 44, 46, 48, 51, 53, 54, 61, 67, 71, 80, 96, 105]]
[110, 4.23824, [0, 1, 2, 4, 5, 7, 8, 9, 14, 17, 22, 23, 24, 26, 27, 29, 30, 31, 36, 44, 46, 48, 52, 53, 54, 61, 67, 71, 73, 80, 105]]
[110, 4.22919, [0, 1, 2, 4, 5, 7, 8, 9, 14, 17, 22, 23, 24, 26, 27, 29, 30, 31, 36, 44, 46, 48, 52, 54, 61, 67, 71, 73, 75, 80, 105]]
[110, 4.22344, [0, 1, 2, 4, 5, 7, 8, 9, 14, 17, 22, 23, 24, 26, 27, 29, 30, 31, 36, 44, 46, 48, 53, 54, 61, 67, 71, 73, 80, 96, 105]]
[110, 4.23249, [0, 1, 2, 4, 5, 7, 8, 9, 14, 17, 22, 23, 24, 26, 27, 29, 30, 31, 36, 44, 46, 49, 51, 52, 54, 61, 67, 75, 80, 92, 105]]
[110, 4.22761, [0, 1, 2, 4, 5, 7, 8, 9, 14, 17, 22, 23, 24, 26, 27, 29, 30, 31, 36, 44, 46, 49, 51, 52, 54, 61, 67, 75, 92, 102, 105]]
[110, 4.22674, [0, 1, 2, 4, 5, 7, 8, 9, 14, 17, 22, 23, 24, 26, 27, 29, 30, 31, 36, 44, 46, 49, 51, 53, 54, 61, 67, 80, 92, 96, 105]]
[110, 4.22186, [0, 1, 2, 4, 5, 7, 8, 9, 14, 17, 22, 23, 24, 26, 27, 29, 30, 31, 36, 44, 46, 49, 51, 53, 54, 61, 67, 92, 96, 102, 105]]
[110, 4.22231, [0, 1, 2, 4, 5, 7, 8, 9, 14, 17, 22, 23, 24, 26, 27, 29, 30, 31, 36, 44, 46, 51, 52, 54, 61, 67, 71, 75, 80, 92, 105]]
[110, 4.23239, [0, 1, 2, 4, 5, 7, 8, 9, 14, 17, 22, 23, 24, 26, 27, 29, 30, 31, 36, 44, 48, 49, 51, 52, 54, 61, 67, 68, 80, 97, 105]]
[110, 4.22751, [0, 1, 2, 4, 5, 7, 8, 9, 14, 17, 22, 23, 24, 26, 27, 29, 30, 31, 36, 44, 48, 49, 51, 52, 54, 61, 67, 68, 97, 102, 105]]
[110, 4.23154, [0, 1, 2, 4, 5, 7, 8, 9, 14, 17, 22, 23, 24, 26, 27, 29, 30, 31, 36, 44, 48, 49, 51, 52, 54, 61, 67, 75, 80, 90, 105]]
[110, 4.22666, [0, 1, 2, 4, 5, 7, 8, 9, 14, 17, 22, 23, 24, 26, 27, 29, 30, 31, 36, 44, 48, 49, 51, 52, 54, 61, 67, 75, 90, 102, 105]]
[110, 4.22616, [0, 1, 2, 4, 5, 7, 8, 9, 14, 17, 22, 23, 24, 26, 27, 29, 30, 31, 36, 44, 48, 49, 51, 52, 54, 61, 67, 80, 90, 97, 105]]
[110, 4.22127, [0, 1, 2, 4, 5, 7, 8, 9, 14, 17, 22, 23, 24, 26, 27, 29, 30, 31, 36, 44, 48, 49, 51, 52, 54, 61, 67, 90, 97, 102, 105]]
[110, 4.23202, [0, 1, 2, 4, 5, 7, 8, 9, 14, 17, 22, 23, 24, 26, 27, 29, 30, 31, 36, 44, 48, 49, 51, 53, 54, 61, 67, 68, 80, 96, 105]]
[110, 4.22714, [0, 1, 2, 4, 5, 7, 8, 9, 14, 17, 22, 23, 24, 26, 27, 29, 30, 31, 36, 44, 48, 49, 51, 53, 54, 61, 67, 68, 96, 102, 105]]
[110, 4.23724, [0, 1, 2, 4, 5, 7, 8, 9, 14, 17, 22, 23, 24, 26, 27, 29, 30, 31, 36, 44, 48, 49, 52, 53, 54, 61, 67, 68, 73, 80, 105]]
[110, 4.23235, [0, 1, 2, 4, 5, 7, 8, 9, 14, 17, 22, 23, 24, 26, 27, 29, 30, 31, 36, 44, 48, 49, 52, 53, 54, 61, 67, 68, 73, 102, 105]]
[110, 4.22362, [0, 1, 2, 4, 5, 7, 8, 9, 14, 17, 22, 23, 24, 26, 27, 29, 30, 31, 36, 44, 48, 49, 52, 54, 61, 67, 73, 75, 76, 90, 102]]
[110, 4.22195, [0, 1, 2, 4, 5, 7, 8, 9, 14, 17, 22, 23, 24, 26, 27, 29, 30, 31, 36, 44, 48, 49, 52, 54, 61, 67, 73, 75, 80, 90, 105]]
[110, 4.22243, [0, 1, 2, 4, 5, 7, 8, 9, 14, 17, 22, 23, 24, 26, 27, 29, 30, 31, 36, 44, 48, 49, 53, 54, 61, 67, 68, 73, 80, 96, 105]]
[110, 4.22221, [0, 1, 2, 4, 5, 7, 8, 9, 14, 17, 22, 23, 24, 26, 27, 29, 30, 31, 36, 44, 48, 51, 52, 54, 61, 67, 68, 71, 80, 97, 105]]
[110, 4.22136, [0, 1, 2, 4, 5, 7, 8, 9, 14, 17, 22, 23, 24, 26, 27, 29, 30, 31, 36, 44, 48, 51, 52, 54, 61, 67, 71, 75, 80, 90, 105]]
[110, 4.22184, [0, 1, 2, 4, 5, 7, 8, 9, 14, 17, 22, 23, 24, 26, 27, 29, 30, 31, 36, 44, 48, 51, 53, 54, 61, 67, 68, 71, 80, 96, 105]]
[110, 4.22706, [0, 1, 2, 4, 5, 7, 8, 9, 14, 17, 22, 23, 24, 26, 27, 29, 30, 31, 36, 44, 48, 52, 53, 54, 61, 67, 68, 71, 73, 80, 105]]
[110, 4.22529, [0, 1, 2, 4, 5, 7, 8, 9, 14, 17, 22, 23, 24, 26, 27, 29, 30, 31, 36, 45, 48, 49, 52, 58, 61, 66, 73, 75, 76, 83, 90]]
[110, 4.24634, [0, 1, 2, 4, 5, 7, 8, 9, 14, 17, 22, 23, 24, 26, 27, 29, 30, 31, 36, 46, 47, 48, 51, 52, 53, 58, 61, 66, 71, 83, 89]]
[110, 4.23843, [0, 1, 2, 4, 5, 7, 8, 9, 14, 17, 22, 23, 24, 26, 27, 29, 30, 31, 36, 46, 47, 48, 51, 52, 53, 61, 66, 71, 80, 83, 89]]
[110, 4.22533, [0, 1, 2, 4, 5, 7, 8, 9, 14, 17, 22, 23, 24, 26, 27, 29, 30, 31, 36, 46, 47, 48, 51, 52, 58, 66, 71, 75, 83, 89, 105]]
[110, 4.23703, [0, 1, 2, 4, 5, 7, 8, 9, 14, 17, 22, 23, 24, 26, 27, 29, 30, 31, 36, 46, 47, 48, 51, 53, 58, 61, 66, 71, 74, 83, 89]]
[110, 4.23154, [0, 1, 2, 4, 5, 7, 8, 9, 14, 17, 22, 23, 24, 26, 27, 29, 30, 31, 36, 46, 47, 48, 51, 53, 58, 61, 66, 71, 83, 89, 96]]
[110, 4.22911, [0, 1, 2, 4, 5, 7, 8, 9, 14, 17, 22, 23, 24, 26, 27, 29, 30, 31, 36, 46, 47, 48, 51, 53, 61, 66, 71, 74, 80, 83, 89]]
[110, 4.22362, [0, 1, 2, 4, 5, 7, 8, 9, 14, 17, 22, 23, 24, 26, 27, 29, 30, 31, 36, 46, 47, 48, 51, 53, 61, 66, 71, 80, 83, 89, 96]]
[110, 4.23049, [0, 1, 2, 4, 5, 7, 8, 9, 14, 17, 22, 23, 24, 26, 27, 29, 30, 31, 36, 46, 48, 49, 51, 52, 54, 61, 67, 75, 80, 88, 105]]
[110, 4.22561, [0, 1, 2, 4, 5, 7, 8, 9, 14, 17, 22, 23, 24, 26, 27, 29, 30, 31, 36, 46, 48, 49, 51, 52, 54, 61, 67, 75, 88, 102, 105]]
[110, 4.22474, [0, 1, 2, 4, 5, 7, 8, 9, 14, 17, 22, 23, 24, 26, 27, 29, 30, 31, 36, 46, 48, 49, 51, 53, 54, 61, 67, 80, 88, 96, 105]]
[110, 4.22996, [0, 1, 2, 4, 5, 7, 8, 9, 14, 17, 22, 23, 24, 26, 27, 29, 30, 31, 36, 46, 48, 49, 52, 53, 54, 61, 67, 73, 80, 88, 105]]
[110, 4.22507, [0, 1, 2, 4, 5, 7, 8, 9, 14, 17, 22, 23, 24, 26, 27, 29, 30, 31, 36, 46, 48, 49, 52, 53, 54, 61, 67, 73, 88, 102, 105]]
[110, 4.2209, [0, 1, 2, 4, 5, 7, 8, 9, 14, 17, 22, 23, 24, 26, 27, 29, 30, 31, 36, 46, 48, 49, 52, 54, 61, 67, 73, 75, 80, 88, 105]]
[110, 4.23993, [0, 1, 2, 4, 5, 7, 8, 9, 14, 17, 22, 23, 24, 26, 27, 29, 30, 31, 39, 45, 46, 49, 50, 51, 53, 58, 61, 66, 70, 96, 102]]
[110, 4.2326, [0, 1, 2, 4, 5, 7, 8, 9, 14, 17, 22, 23, 24, 26, 27, 29, 30, 31, 39, 45, 46, 49, 50, 51, 53, 58, 66, 70, 83, 96, 102]]
[110, 4.23088, [0, 1, 2, 4, 5, 7, 8, 9, 14, 17, 22, 23, 24, 26, 27, 29, 30, 31, 39, 45, 46, 49, 50, 51, 58, 61, 66, 70, 75, 96, 102]]
[110, 4.22354, [0, 1, 2, 4, 5, 7, 8, 9, 14, 17, 22, 23, 24, 26, 27, 29, 30, 31, 39, 45, 46, 49, 50, 51, 58, 66, 70, 75, 83, 96, 102]]
[110, 4.22441, [0, 1, 2, 4, 5, 7, 8, 9, 14, 17, 22, 23, 24, 26, 27, 29, 30, 31, 39, 45, 49, 51, 53, 58, 65, 66, 68, 70, 74, 80, 83]]
[110, 4.22838, [0, 1, 2, 4, 5, 7, 8, 9, 14, 17, 22, 23, 24, 26, 27, 29, 30, 31, 39, 46, 49, 50, 51, 53, 58, 61, 66, 67, 70, 96, 102]]
[110, 4.222, [0, 1, 2, 4, 5, 7, 8, 9, 14, 17, 22, 23, 24, 26, 27, 29, 30, 31, 39, 46, 49, 50, 51, 53, 58, 61, 66, 70, 89, 96, 102]]
[110, 4.22104, [0, 1, 2, 4, 5, 7, 8, 9, 14, 17, 22, 23, 24, 26, 27, 29, 30, 31, 39, 46, 49, 50, 51, 53, 58, 66, 67, 70, 83, 96, 102]]
[110, 4.23112, [0, 1, 2, 4, 5, 7, 8, 9, 14, 17, 22, 23, 24, 26, 27, 29, 30, 31, 44, 45, 46, 48, 49, 52, 53, 54, 61, 73, 80, 102, 105]]
[110, 4.22207, [0, 1, 2, 4, 5, 7, 8, 9, 14, 17, 22, 23, 24, 26, 27, 29, 30, 31, 44, 45, 46, 48, 49, 52, 54, 61, 73, 75, 80, 102, 105]]
[110, 4.23432, [0, 1, 2, 4, 5, 7, 8, 9, 14, 17, 22, 23, 24, 26, 27, 29, 30, 31, 44, 46, 47, 48, 51, 52, 53, 58, 61, 71, 80, 83, 89]]
[110, 4.225, [0, 1, 2, 4, 5, 7, 8, 9, 14, 17, 22, 23, 24, 26, 27, 29, 30, 31, 44, 46, 47, 48, 51, 53, 58, 61, 71, 74, 80, 83, 89]]
[110, 4.22237, [0, 1, 2, 4, 5, 7, 8, 9, 14, 17, 22, 23, 24, 26, 27, 29, 30, 31, 46, 47, 48, 51, 52, 53, 58, 61, 66, 71, 80, 83, 89]]
[110, 4.24356, [0, 1, 2, 4, 5, 7, 8, 9, 14, 17, 22, 23, 24, 26, 27, 29, 30, 36, 39, 44, 46, 47, 48, 51, 52, 53, 58, 71, 75, 83, 89]]
[110, 4.23564, [0, 1, 2, 4, 5, 7, 8, 9, 14, 17, 22, 23, 24, 26, 27, 29, 30, 36, 39, 44, 46, 47, 48, 51, 52, 53, 71, 75, 80, 83, 89]]
[110, 4.23424, [0, 1, 2, 4, 5, 7, 8, 9, 14, 17, 22, 23, 24, 26, 27, 29, 30, 36, 39, 44, 46, 47, 48, 51, 53, 58, 71, 74, 75, 83, 89]]
[110, 4.22875, [0, 1, 2, 4, 5, 7, 8, 9, 14, 17, 22, 23, 24, 26, 27, 29, 30, 36, 39, 44, 46, 47, 48, 51, 53, 58, 71, 75, 83, 89, 96]]
[110, 4.22633, [0, 1, 2, 4, 5, 7, 8, 9, 14, 17, 22, 23, 24, 26, 27, 29, 30, 36, 39, 44, 46, 47, 48, 51, 53, 71, 74, 75, 80, 83, 89]]
[110, 4.22084, [0, 1, 2, 4, 5, 7, 8, 9, 14, 17, 22, 23, 24, 26, 27, 29, 30, 36, 39, 44, 46, 47, 48, 51, 53, 71, 75, 80, 83, 89, 96]]
[110, 4.22987, [0, 1, 2, 4, 5, 7, 8, 9, 14, 17, 22, 23, 24, 26, 27, 29, 30, 36, 39, 45, 48, 49, 51, 53, 58, 65, 66, 68, 74, 75, 83]]
[110, 4.22524, [0, 1, 2, 4, 5, 7, 8, 9, 14, 17, 22, 23, 24, 26, 27, 29, 30, 36, 39, 45, 48, 49, 51, 53, 58, 65, 66, 68, 74, 75, 105]]
[110, 4.22196, [0, 1, 2, 4, 5, 7, 8, 9, 14, 17, 22, 23, 24, 26, 27, 29, 30, 36, 39, 45, 48, 49, 51, 53, 65, 66, 68, 74, 75, 80, 83]]
[110, 4.23161, [0, 1, 2, 4, 5, 7, 8, 9, 14, 17, 22, 23, 24, 26, 27, 29, 30, 36, 39, 46, 47, 48, 51, 52, 53, 58, 66, 71, 75, 83, 89]]
[110, 4.2237, [0, 1, 2, 4, 5, 7, 8, 9, 14, 17, 22, 23, 24, 26, 27, 29, 30, 36, 39, 46, 47, 48, 51, 52, 53, 66, 71, 75, 80, 83, 89]]
[110, 4.22229, [0, 1, 2, 4, 5, 7, 8, 9, 14, 17, 22, 23, 24, 26, 27, 29, 30, 36, 39, 46, 47, 48, 51, 53, 58, 66, 71, 74, 75, 83, 89]]
[110, 4.2352, [0, 1, 2, 4, 5, 7, 8, 9, 14, 17, 22, 23, 24, 26, 27, 29, 31, 36, 39, 42, 44, 48, 49, 51, 52, 53, 58, 67, 90, 96, 105]]
[110, 4.22614, [0, 1, 2, 4, 5, 7, 8, 9, 14, 17, 22, 23, 24, 26, 27, 29, 31, 36, 39, 42, 44, 48, 49, 51, 52, 58, 67, 75, 90, 96, 105]]
[110, 4.22561, [0, 1, 2, 4, 5, 7, 8, 9, 14, 17, 22, 23, 24, 26, 27, 29, 31, 36, 39, 42, 44, 48, 49, 52, 53, 58, 67, 73, 90, 96, 105]]
[110, 4.22502, [0, 1, 2, 4, 5, 7, 8, 9, 14, 17, 22, 23, 24, 26, 27, 29, 31, 36, 39, 42, 44, 48, 51, 52, 53, 58, 67, 71, 90, 96, 105]]
[110, 4.24067, [0, 1, 2, 4, 5, 7, 8, 9, 14, 17, 22, 23, 24, 26, 27, 29, 31, 36, 39, 42, 46, 48, 49, 51, 52, 53, 58, 66, 67, 96, 105]]
[110, 4.23415, [0, 1, 2, 4, 5, 7, 8, 9, 14, 17, 22, 23, 24, 26, 27, 29, 31, 36, 39, 42, 46, 48, 49, 51, 52, 53, 58, 67, 88, 96, 105]]
[110, 4.23161, [0, 1, 2, 4, 5, 7, 8, 9, 14, 17, 22, 23, 24, 26, 27, 29, 31, 36, 39, 42, 46, 48, 49, 51, 52, 58, 66, 67, 75, 96, 105]]
[110, 4.22509, [0, 1, 2, 4, 5, 7, 8, 9, 14, 17, 22, 23, 24, 26, 27, 29, 31, 36, 39, 42, 46, 48, 49, 51, 52, 58, 67, 75, 88, 96, 105]]
[110, 4.23108, [0, 1, 2, 4, 5, 7, 8, 9, 14, 17, 22, 23, 24, 26, 27, 29, 31, 36, 39, 42, 46, 48, 49, 52, 53, 58, 66, 67, 73, 96, 105]]
[110, 4.22456, [0, 1, 2, 4, 5, 7, 8, 9, 14, 17, 22, 23, 24, 26, 27, 29, 31, 36, 39, 42, 46, 48, 49, 52, 53, 58, 67, 73, 88, 96, 105]]
[110, 4.22202, [0, 1, 2, 4, 5, 7, 8, 9, 14, 17, 22, 23, 24, 26, 27, 29, 31, 36, 39, 42, 46, 48, 49, 52, 58, 66, 67, 73, 75, 96, 105]]
[110, 4.23049, [0, 1, 2, 4, 5, 7, 8, 9, 14, 17, 22, 23, 24, 26, 27, 29, 31, 36, 39, 42, 46, 48, 51, 52, 53, 58, 66, 67, 71, 96, 105]]
[110, 4.22464, [0, 1, 2, 4, 5, 7, 8, 9, 14, 17, 22, 23, 24, 26, 27, 29, 31, 36, 39, 42, 46, 48, 51, 52, 53, 58, 66, 67, 93, 96, 105]]
[110, 4.22397, [0, 1, 2, 4, 5, 7, 8, 9, 14, 17, 22, 23, 24, 26, 27, 29, 31, 36, 39, 42, 46, 48, 51, 52, 53, 58, 67, 71, 88, 96, 105]]
[110, 4.22143, [0, 1, 2, 4, 5, 7, 8, 9, 14, 17, 22, 23, 24, 26, 27, 29, 31, 36, 39, 42, 46, 48, 51, 52, 58, 66, 67, 71, 75, 96, 105]]
[110, 4.2209, [0, 1, 2, 4, 5, 7, 8, 9, 14, 17, 22, 23, 24, 26, 27, 29, 31, 36, 39, 42, 46, 48, 52, 53, 58, 66, 67, 71, 73, 96, 105]]
[110, 4.23767, [0, 1, 2, 4, 5, 7, 8, 9, 14, 17, 22, 23, 24, 26, 27, 29, 31, 36, 39, 44, 45, 48, 49, 52, 53, 58, 61, 73, 74, 76, 90]]
[110, 4.23218, [0, 1, 2, 4, 5, 7, 8, 9, 14, 17, 22, 23, 24, 26, 27, 29, 31, 36, 39, 44, 45, 48, 49, 52, 53, 58, 61, 73, 76, 90, 96]]
[110, 4.22487, [0, 1, 2, 4, 5, 7, 8, 9, 14, 17, 22, 23, 24, 26, 27, 29, 31, 36, 39, 44, 45, 48, 49, 52, 53, 61, 73, 74, 76, 90, 102]]
[110, 4.22286, [0, 1, 2, 4, 5, 7, 8, 9, 14, 17, 22, 23, 24, 26, 27, 29, 31, 36, 39, 44, 45, 48, 49, 53, 58, 61, 73, 74, 76, 90, 96]]
[110, 4.22717, [0, 1, 2, 4, 5, 7, 8, 9, 14, 17, 22, 23, 24, 26, 27, 29, 31, 36, 39, 44, 45, 49, 52, 53, 58, 61, 70, 73, 74, 76, 90]]
[110, 4.22168, [0, 1, 2, 4, 5, 7, 8, 9, 14, 17, 22, 23, 24, 26, 27, 29, 31, 36, 39, 44, 45, 49, 52, 53, 58, 61, 70, 73, 76, 90, 96]]
[110, 4.2358, [0, 1, 2, 4, 5, 7, 8, 9, 14, 17, 22, 23, 24, 26, 27, 29, 31, 36, 39, 45, 46, 48, 49, 52, 53, 58, 66, 73, 74, 76, 83]]
[110, 4.23031, [0, 1, 2, 4, 5, 7, 8, 9, 14, 17, 22, 23, 24, 26, 27, 29, 31, 36, 39, 45, 46, 48, 49, 52, 53, 58, 66, 73, 76, 83, 96]]
[110, 4.223, [0, 1, 2, 4, 5, 7, 8, 9, 14, 17, 22, 23, 24, 26, 27, 29, 31, 36, 39, 45, 46, 48, 49, 52, 53, 66, 73, 74, 76, 83, 102]]
[110, 4.22099, [0, 1, 2, 4, 5, 7, 8, 9, 14, 17, 22, 23, 24, 26, 27, 29, 31, 36, 39, 45, 46, 48, 49, 53, 58, 66, 73, 74, 76, 83, 96]]
[110, 4.2253, [0, 1, 2, 4, 5, 7, 8, 9, 14, 17, 22, 23, 24, 26, 27, 29, 31, 36, 39, 45, 46, 49, 52, 53, 58, 66, 70, 73, 74, 76, 83]]
[110, 4.22572, [0, 1, 2, 4, 5, 7, 8, 9, 14, 17, 22, 23, 24, 26, 27, 29, 31, 36, 39, 45, 48, 49, 52, 53, 58, 61, 66, 73, 74, 76, 90]]
[110, 4.22805, [0, 1, 2, 4, 5, 7, 8, 9, 14, 17, 22, 23, 24, 26, 27, 29, 31, 36, 44, 46, 47, 48, 51, 52, 53, 58, 61, 71, 74, 83, 89]]
[110, 4.22256, [0, 1, 2, 4, 5, 7, 8, 9, 14, 17, 22, 23, 24, 26, 27, 29, 31, 36, 44, 46, 47, 48, 51, 52, 53, 58, 61, 71, 83, 89, 96]]
[110, 4.22563, [0, 1, 2, 4, 5, 7, 8, 9, 14, 17, 22, 23, 24, 26, 27, 29, 31, 39, 43, 45, 46, 48, 51, 52, 58, 61, 66, 71, 74, 75, 80]]
[110, 4.22463, [0, 1, 2, 4, 5, 7, 8, 9, 14, 17, 22, 23, 24, 26, 27, 29, 31, 39, 43, 45, 48, 49, 51, 52, 58, 61, 66, 68, 74, 75, 80]]
[110, 4.2322, [0, 1, 2, 4, 5, 7, 8, 9, 14, 17, 22, 23, 24, 26, 27, 29, 33, 36, 39, 51, 53, 58, 65, 66, 70, 71, 74, 75, 89, 90, 96, 105]]
[110, 4.22361, [0, 1, 2, 4, 5, 7, 8, 9, 14, 17, 22, 23, 24, 26, 27, 31, 36, 39, 43, 44, 45, 48, 49, 51, 52, 58, 61, 68, 73, 74, 97]]
[110, 4.22158, [0, 1, 2, 4, 5, 7, 8, 9, 14, 17, 22, 23, 24, 26, 27, 31, 36, 39, 43, 44, 45, 49, 51, 52, 53, 58, 61, 68, 73, 74, 92]]
[110, 4.22718, [0, 1, 2, 4, 5, 7, 8, 9, 14, 17, 22, 23, 24, 26, 29, 30, 31, 36, 39, 40, 44, 46, 51, 52, 53, 61, 67, 71, 80, 92, 93]]
[110, 4.2317, [0, 1, 2, 4, 5, 7, 8, 9, 14, 17, 22, 23, 24, 26, 29, 30, 31, 36, 39, 40, 46, 48, 51, 52, 53, 61, 66, 67, 71, 80, 93]]
[110, 4.22436, [0, 1, 2, 4, 5, 7, 8, 9, 14, 17, 22, 23, 24, 26, 29, 30, 31, 36, 39, 40, 46, 48, 51, 52, 53, 66, 67, 71, 80, 83, 93]]
[110, 4.22211, [0, 1, 2, 4, 5, 7, 8, 9, 14, 17, 22, 23, 24, 26, 29, 30, 31, 36, 39, 40, 46, 48, 52, 53, 61, 66, 67, 71, 73, 80, 93]]
[110, 4.22051, [0, 1, 2, 4, 5, 7, 8, 9, 14, 17, 22, 23, 24, 26, 29, 30, 31, 36, 39, 40, 48, 51, 52, 53, 61, 66, 67, 68, 71, 80, 93]]
[110, 4.22506, [0, 1, 2, 4, 5, 7, 8, 9, 14, 17, 22, 23, 24, 26, 29, 30, 31, 36, 39, 45, 46, 49, 51, 53, 58, 65, 66, 70, 71, 74, 83]]
[110, 4.22107, [0, 1, 2, 4, 5, 7, 8, 9, 14, 17, 22, 23, 24, 26, 29, 30, 31, 36, 40, 46, 47, 48, 51, 52, 53, 61, 66, 71, 80, 83, 89]]
[110, 4.22547, [0, 1, 2, 4, 5, 7, 8, 9, 14, 17, 22, 23, 24, 26, 29, 30, 31, 36, 44, 45, 46, 48, 49, 52, 53, 54, 61, 71, 73, 80, 105]]
[110, 4.26067, [0, 1, 2, 4, 5, 7, 8, 9, 14, 17, 22, 23, 24, 26, 29, 30, 36, 39, 40, 44, 46, 47, 49, 52, 53, 71, 73, 80, 83, 86, 92, 97]]
[110, 4.25043, [0, 1, 2, 4, 5, 7, 8, 9, 14, 17, 22, 23, 24, 26, 29, 30, 36, 39, 40, 44, 46, 49, 52, 53, 67, 71, 73, 80, 83, 86, 92, 97]]
[110, 4.23931, [0, 1, 2, 4, 5, 7, 8, 9, 14, 17, 22, 23, 24, 26, 29, 30, 36, 39, 40, 44, 46, 49, 52, 53, 71, 73, 80, 86, 89, 92, 97, 105]]
[110, 4.24466, [0, 1, 2, 4, 5, 7, 8, 9, 14, 17, 22, 23, 24, 26, 29, 30, 36, 40, 46, 48, 49, 51, 52, 53, 65, 66, 67, 71, 80, 83, 97, 105]]
[110, 4.22689, [0, 1, 2, 4, 5, 7, 8, 9, 14, 17, 22, 23, 24, 26, 29, 30, 36, 40, 48, 49, 51, 52, 53, 65, 66, 68, 71, 80, 83, 89, 97, 105]]
[110, 4.22196, [0, 1, 2, 4, 5, 7, 8, 9, 14, 17, 22, 23, 24, 27, 28, 29, 31, 36, 39, 45, 46, 48, 52, 58, 61, 66, 70, 71, 73, 74, 75]]
[110, 4.27099, [0, 1, 2, 4, 5, 7, 8, 9, 14, 17, 22, 23, 24, 27, 28, 30, 31, 36, 39, 41, 44, 45, 48, 49, 61, 73, 74, 75, 90, 92, 95, 102]]
[110, 4.25929, [0, 1, 2, 4, 5, 7, 8, 9, 14, 17, 22, 23, 24, 27, 28, 30, 31, 36, 39, 41, 44, 48, 49, 61, 67, 73, 74, 75, 90, 92, 95, 102]]
[110, 4.25229, [0, 1, 2, 4, 5, 7, 8, 9, 14, 17, 22, 23, 24, 27, 28, 30, 31, 36, 39, 41, 45, 48, 49, 61, 73, 74, 75, 88, 90, 92, 95, 102]]
[110, 4.24059, [0, 1, 2, 4, 5, 7, 8, 9, 14, 17, 22, 23, 24, 27, 28, 30, 31, 36, 39, 41, 48, 49, 61, 67, 73, 74, 75, 88, 90, 92, 95, 102]]
[110, 4.23024, [0, 1, 2, 4, 5, 7, 8, 9, 14, 17, 22, 23, 24, 27, 28, 30, 31, 36, 39, 45, 46, 48, 51, 52, 58, 61, 66, 70, 71, 73, 75]]
[110, 4.22486, [0, 1, 2, 4, 5, 7, 8, 9, 14, 17, 22, 23, 24, 27, 28, 30, 31, 36, 39, 45, 46, 48, 51, 52, 58, 61, 66, 70, 71, 73, 97]]
[110, 4.22233, [0, 1, 2, 4, 5, 7, 8, 9, 14, 17, 22, 23, 24, 27, 28, 30, 31, 36, 39, 45, 46, 48, 51, 52, 61, 66, 70, 71, 73, 75, 80]]
[110, 4.26264, [0, 1, 2, 4, 5, 7, 8, 9, 14, 17, 22, 23, 24, 28, 29, 30, 36, 39, 40, 46, 48, 49, 51, 52, 53, 65, 66, 67, 71, 80, 97, 105]]
[110, 4.26829, [0, 1, 2, 4, 5, 7, 8, 9, 14, 17, 22, 23, 26, 27, 28, 30, 31, 39, 41, 44, 45, 46, 48, 49, 58, 61, 73, 74, 75, 90, 95, 102]]
[110, 4.25659, [0, 1, 2, 4, 5, 7, 8, 9, 14, 17, 22, 23, 26, 27, 28, 30, 31, 39, 41, 44, 46, 48, 49, 58, 61, 67, 73, 74, 75, 90, 95, 102]]
[110, 4.22457, [0, 1, 2, 4, 5, 7, 8, 9, 14, 17, 22, 23, 26, 27, 29, 30, 31, 36, 39, 44, 46, 48, 52, 53, 54, 61, 67, 68, 71, 73, 80]]
[110, 4.22699, [0, 1, 2, 4, 5, 7, 8, 9, 14, 17, 22, 24, 26, 27, 29, 30, 31, 36, 39, 44, 45, 47, 48, 49, 52, 53, 58, 61, 89, 90, 95]]
[110, 4.22841, [0, 1, 2, 4, 5, 7, 8, 9, 14, 17, 22, 24, 27, 28, 30, 31, 36, 39, 41, 44, 45, 48, 49, 61, 67, 73, 74, 75, 90, 92, 95, 102]]
[110, 4.22571, [0, 1, 2, 4, 5, 7, 8, 9, 14, 17, 22, 26, 27, 28, 30, 31, 39, 41, 44, 45, 46, 48, 49, 58, 61, 67, 73, 74, 75, 90, 95, 102]]
[110, 4.23636, [0, 1, 2, 4, 5, 7, 8, 9, 14, 17, 23, 24, 26, 27, 29, 30, 31, 36, 39, 44, 45, 46, 49, 50, 51, 53, 58, 61, 66, 70, 96]]
[110, 4.22903, [0, 1, 2, 4, 5, 7, 8, 9, 14, 17, 23, 24, 26, 27, 29, 30, 31, 36, 39, 44, 45, 46, 49, 50, 51, 53, 58, 66, 70, 83, 96]]
[110, 4.22731, [0, 1, 2, 4, 5, 7, 8, 9, 14, 17, 23, 24, 26, 27, 29, 30, 31, 36, 39, 44, 45, 46, 49, 50, 51, 58, 61, 66, 70, 75, 96]]
[110, 4.22481, [0, 1, 2, 4, 5, 7, 8, 9, 14, 17, 23, 24, 26, 27, 29, 30, 31, 36, 39, 44, 46, 49, 50, 51, 53, 58, 61, 66, 67, 70, 96]]
[110, 4.22713, [0, 1, 2, 4, 5, 7, 8, 9, 14, 17, 23, 24, 26, 27, 29, 30, 31, 36, 44, 48, 49, 52, 54, 61, 67, 73, 75, 76, 88, 90, 102, 105]]
[110, 4.23539, [0, 1, 2, 4, 5, 7, 8, 9, 14, 17, 24, 26, 27, 29, 31, 32, 36, 39, 43, 44, 45, 49, 51, 52, 53, 58, 68, 74, 83, 88, 89, 92]]
[110, 4.22204, [0, 1, 2, 4, 5, 7, 8, 9, 15, 17, 18, 21, 23, 26, 28, 29, 30, 36, 39, 44, 46, 49, 51, 53, 67, 68, 71, 75, 88, 102, 105]]
[110, 4.23015, [0, 1, 2, 4, 5, 7, 8, 9, 15, 17, 19, 20, 24, 28, 29, 30, 33, 35, 37, 38, 40, 44, 52, 58, 65, 68, 69, 73, 78, 82, 105]]
[110, 4.2245, [0, 1, 2, 4, 5, 7, 8, 9, 15, 17, 19, 20, 24, 28, 29, 30, 33, 35, 37, 38, 40, 44, 52, 58, 65, 68, 73, 78, 82, 89, 105]]
[110, 4.22116, [0, 1, 2, 4, 5, 7, 8, 9, 15, 17, 19, 20, 27, 28, 29, 32, 33, 34, 38, 40, 42, 45, 52, 53, 54, 61, 68, 71, 92, 96, 105]]
[110, 4.25036, [0, 1, 2, 4, 5, 7, 8, 9, 15, 17, 20, 21, 24, 28, 29, 30, 33, 34, 35, 37, 38, 40, 44, 52, 58, 61, 69, 73, 78, 82, 91]]
[110, 4.23899, [0, 1, 2, 4, 5, 7, 8, 9, 15, 18, 19, 20, 23, 24, 26, 35, 36, 38, 39, 40, 44, 45, 46, 49, 51, 61, 66, 71, 72, 96, 105]]
[110, 4.23754, [0, 1, 2, 4, 5, 7, 8, 9, 15, 18, 19, 20, 23, 24, 26, 35, 36, 38, 39, 40, 44, 46, 47, 49, 51, 61, 66, 71, 72, 96, 105]]
[110, 4.23668, [0, 1, 2, 4, 5, 7, 8, 9, 16, 17, 19, 20, 22, 26, 28, 30, 31, 36, 37, 39, 45, 47, 48, 49, 54, 61, 76, 84, 88, 90, 97]]
[110, 4.2334, [0, 1, 2, 4, 5, 7, 8, 9, 16, 17, 19, 20, 22, 26, 28, 30, 31, 36, 37, 39, 45, 47, 48, 49, 54, 61, 76, 88, 90, 97, 99]]
[110, 4.22463, [0, 1, 2, 4, 5, 7, 8, 9, 17, 18, 19, 21, 22, 24, 26, 29, 36, 38, 44, 45, 46, 48, 49, 51, 52, 58, 61, 67, 71, 102, 105]]
[110, 4.22987, [0, 1, 2, 4, 5, 7, 8, 9, 17, 18, 19, 21, 22, 24, 28, 29, 30, 32, 33, 44, 48, 51, 52, 53, 58, 61, 69, 71, 80, 102, 105]]
[110, 4.2246, [0, 1, 2, 4, 5, 7, 8, 9, 17, 19, 22, 24, 27, 28, 30, 31, 36, 39, 45, 46, 48, 51, 52, 58, 61, 66, 67, 69, 70, 71, 75, 80]]
[110, 4.22224, [0, 1, 2, 4, 5, 7, 8, 13, 14, 15, 17, 23, 24, 28, 29, 30, 36, 37, 39, 40, 46, 48, 49, 51, 52, 53, 61, 66, 67, 71, 80]]
[110, 4.25728, [0, 1, 2, 4, 5, 7, 11, 12, 13, 15, 16, 18, 20, 23, 26, 27, 30, 32, 33, 35, 40, 41, 42, 51, 64, 65, 74, 80, 83, 89, 99]]
[110, 4.25675, [0, 1, 2, 4, 5, 7, 11, 12, 13, 15, 16, 18, 20, 23, 26, 27, 30, 32, 35, 36, 40, 41, 42, 53, 58, 64, 69, 80, 83, 89, 101]]
[110, 4.22739, [0, 1, 2, 4, 5, 7, 11, 12, 13, 15, 16, 18, 20, 23, 26, 30, 33, 38, 40, 41, 42, 48, 49, 52, 53, 58, 64, 69, 79, 99, 101]]
[110, 4.23454, [0, 1, 2, 4, 5, 7, 11, 12, 13, 15, 16, 18, 20, 26, 27, 30, 31, 33, 41, 42, 43, 47, 48, 50, 51, 52, 58, 65, 83, 99, 100]]
[110, 4.22938, [0, 1, 2, 4, 5, 7, 11, 12, 13, 15, 18, 20, 23, 26, 27, 30, 32, 33, 40, 41, 42, 52, 53, 58, 64, 65, 80, 83, 89, 92, 98, 99]]
[110, 4.25278, [0, 1, 2, 4, 5, 7, 11, 12, 13, 15, 18, 20, 23, 26, 27, 30, 33, 38, 40, 41, 42, 48, 51, 52, 53, 58, 64, 65, 80, 83, 98, 99]]
[110, 4.2515, [0, 1, 2, 4, 5, 7, 11, 12, 13, 15, 18, 20, 23, 27, 30, 32, 33, 38, 40, 41, 42, 47, 48, 51, 52, 53, 58, 65, 80, 83, 98, 99]]

Search completed in 2 hours, 30 minutes, and 56.566 seconds.  Enter a string to quit.