Enter an integer k for which our Kempner sets are k-free: 4
Enter a positive integer modulus b: 144
Enter estimation parameters, or * for pre-computed parameters ([0.0781, 1.061, 1.3967]): *
Enter a threshold (e.g. 4.2) to determine printed output: 4.265
Enter a root for the search space (e.g. [0, 1, 2]) [or * for the root [0]]: *
Enter an upper bound for the size of allowable digit sets [or * to ignore]: 39
Enter a maximal number of deviations from a greedy search [or * to ignore]: *
Searching for k-free sets mod b...

[144, 4.28159, [0, 1, 2, 4, 5, 7, 8, 9, 14, 15, 17, 18, 23, 24, 26, 28, 36, 40, 43, 44, 50, 51, 53, 55, 58, 61, 63, 66, 67, 69, 70, 75, 78, 88, 91, 119, 124, 131]]
[144, 4.27146, [0, 1, 2, 4, 5, 7, 8, 9, 14, 15, 17, 18, 23, 24, 28, 35, 37, 39, 40, 43, 44, 48, 49, 53, 59, 60, 61, 63, 66, 67, 75, 78, 88, 98, 119, 124, 126, 129]]
[144, 4.26685, [0, 1, 2, 4, 5, 7, 8, 9, 14, 15, 17, 18, 23, 26, 28, 30, 39, 40, 46, 47, 51, 53, 54, 56, 57, 58, 63, 65, 67, 70, 71, 78, 85, 88, 91, 96, 97, 131]]
[144, 4.31127, [0, 1, 2, 4, 5, 7, 8, 9, 14, 16, 17, 18, 22, 28, 30, 31, 32, 35, 36, 37, 39, 45, 49, 51, 53, 58, 60, 62, 63, 65, 66, 67, 78, 84, 87, 124, 127, 133]]
[144, 4.26916, [0, 1, 2, 4, 5, 7, 8, 9, 14, 16, 17, 18, 22, 28, 30, 31, 32, 35, 36, 37, 39, 45, 49, 51, 53, 58, 60, 62, 63, 65, 66, 67, 78, 84, 87, 124, 133]]
[144, 4.26881, [0, 1, 2, 4, 5, 7, 8, 9, 14, 16, 17, 18, 22, 28, 30, 31, 32, 35, 36, 37, 39, 45, 49, 51, 53, 58, 60, 62, 63, 65, 66, 67, 78, 84, 87, 127, 133]]
[144, 4.30356, [0, 1, 2, 4, 5, 7, 8, 9, 14, 16, 17, 18, 22, 28, 30, 31, 32, 35, 36, 37, 39, 49, 51, 53, 58, 59, 60, 62, 63, 65, 66, 67, 78, 84, 87, 124, 127, 133]]
[144, 4.28957, [0, 1, 2, 4, 5, 7, 8, 9, 14, 16, 17, 18, 22, 28, 30, 32, 35, 36, 37, 39, 45, 49, 51, 53, 58, 59, 60, 62, 63, 65, 66, 67, 78, 84, 87, 124, 127, 133]]
[144, 4.27038, [0, 1, 2, 4, 5, 7, 8, 9, 15, 16, 17, 19, 20, 26, 27, 28, 30, 31, 33, 34, 50, 52, 53, 55, 56, 57, 63, 65, 66, 68, 69, 71, 85, 86, 94, 95, 126]]
[144, 4.2684, [0, 1, 2, 4, 5, 7, 8, 9, 15, 16, 17, 19, 20, 26, 27, 28, 30, 31, 33, 34, 50, 52, 53, 55, 56, 57, 63, 65, 66, 68, 69, 71, 85, 94, 95, 96, 126]]
[144, 4.27517, [0, 1, 2, 4, 5, 7, 8, 9, 15, 16, 17, 19, 20, 26, 27, 28, 30, 31, 33, 34, 50, 53, 54, 55, 57, 58, 60, 61, 66, 68, 70, 71, 78, 93, 94, 95, 97]]
[144, 4.27225, [0, 1, 2, 4, 5, 7, 8, 9, 15, 16, 17, 19, 20, 26, 27, 28, 30, 31, 33, 34, 50, 53, 54, 55, 59, 60, 61, 63, 66, 68, 70, 71, 78, 93, 94, 95, 97]]
[144, 4.26583, [0, 1, 2, 4, 5, 7, 8, 9, 15, 16, 17, 19, 20, 26, 27, 28, 30, 31, 33, 34, 50, 53, 54, 56, 57, 60, 62, 65, 66, 69, 70, 71, 85, 94, 95, 96, 118]]
[144, 4.26843, [0, 1, 2, 4, 5, 7, 8, 9, 15, 16, 17, 19, 20, 26, 27, 28, 30, 31, 34, 36, 50, 54, 55, 56, 58, 59, 61, 63, 66, 68, 69, 70, 78, 93, 95, 96, 97]]
[144, 4.26631, [0, 1, 2, 4, 5, 7, 8, 9, 15, 16, 17, 19, 20, 26, 27, 28, 30, 31, 34, 36, 50, 54, 55, 56, 58, 59, 61, 63, 66, 69, 70, 75, 78, 93, 95, 96, 97]]
[144, 4.27215, [0, 1, 2, 4, 5, 7, 8, 9, 15, 16, 17, 19, 20, 26, 27, 28, 30, 31, 34, 36, 50, 54, 55, 56, 58, 59, 61, 65, 66, 67, 69, 70, 75, 78, 95, 96, 97]]
[144, 4.26769, [0, 1, 2, 4, 5, 7, 8, 9, 15, 16, 17, 19, 20, 26, 27, 28, 30, 31, 34, 36, 50, 54, 55, 56, 58, 59, 61, 65, 66, 68, 69, 70, 78, 93, 95, 96, 97]]
[144, 4.26558, [0, 1, 2, 4, 5, 7, 8, 9, 15, 16, 17, 19, 20, 26, 27, 28, 30, 31, 34, 36, 50, 54, 55, 56, 58, 59, 61, 65, 66, 69, 70, 75, 78, 93, 95, 96, 97]]
[144, 4.31815, [0, 1, 2, 4, 5, 7, 8, 9, 15, 16, 17, 19, 20, 26, 27, 28, 30, 31, 34, 36, 50, 54, 55, 56, 58, 59, 63, 65, 66, 68, 69, 70, 75, 78, 93, 95, 96, 97]]
[144, 4.27159, [0, 1, 2, 4, 5, 7, 8, 9, 15, 16, 17, 19, 20, 26, 27, 28, 30, 31, 34, 36, 50, 54, 55, 56, 58, 59, 63, 65, 66, 68, 69, 70, 75, 78, 93, 95, 97]]
[144, 4.27141, [0, 1, 2, 4, 5, 7, 8, 9, 15, 16, 17, 19, 20, 26, 27, 28, 30, 31, 34, 36, 50, 54, 55, 56, 58, 59, 63, 65, 66, 68, 69, 70, 75, 78, 93, 96, 97]]
[144, 4.27104, [0, 1, 2, 4, 5, 7, 8, 9, 15, 16, 17, 19, 20, 26, 27, 28, 30, 31, 34, 36, 50, 54, 55, 56, 58, 59, 63, 65, 66, 68, 69, 70, 75, 78, 95, 96, 97]]
[144, 4.26772, [0, 1, 2, 4, 5, 7, 8, 9, 15, 16, 17, 19, 20, 26, 27, 28, 30, 31, 34, 36, 50, 54, 55, 56, 58, 59, 63, 65, 66, 68, 69, 70, 75, 93, 95, 96, 97]]
[144, 4.26691, [0, 1, 2, 4, 5, 7, 8, 9, 15, 16, 17, 19, 20, 26, 27, 28, 30, 31, 34, 36, 50, 54, 55, 56, 58, 59, 63, 65, 66, 68, 69, 70, 78, 93, 95, 96, 97]]
[144, 4.2666, [0, 1, 2, 4, 5, 7, 8, 9, 15, 16, 17, 19, 20, 26, 27, 28, 30, 31, 34, 36, 50, 54, 55, 56, 58, 59, 63, 65, 66, 68, 69, 71, 78, 93, 95, 96, 97]]
[144, 4.26544, [0, 1, 2, 4, 5, 7, 8, 9, 15, 16, 17, 19, 20, 26, 27, 28, 30, 31, 34, 36, 50, 54, 55, 56, 58, 59, 63, 65, 66, 68, 69, 75, 78, 93, 95, 96, 97]]
[144, 4.26629, [0, 1, 2, 4, 5, 7, 8, 9, 15, 16, 17, 19, 20, 26, 27, 28, 30, 31, 34, 36, 50, 54, 55, 56, 58, 59, 63, 65, 66, 68, 70, 71, 78, 93, 95, 96, 97]]
[144, 4.26596, [0, 1, 2, 4, 5, 7, 8, 9, 15, 16, 17, 19, 20, 26, 27, 28, 30, 31, 34, 36, 50, 54, 55, 56, 58, 59, 63, 65, 66, 69, 70, 71, 78, 93, 95, 96, 97]]
[144, 4.26609, [0, 1, 2, 4, 5, 7, 8, 9, 15, 16, 17, 19, 20, 26, 27, 28, 30, 31, 34, 36, 50, 54, 55, 56, 58, 61, 63, 65, 66, 68, 69, 70, 78, 93, 95, 96, 97]]
[144, 4.26678, [0, 1, 2, 4, 5, 7, 8, 9, 15, 16, 17, 19, 20, 26, 27, 29, 30, 31, 34, 36, 50, 54, 55, 56, 58, 59, 61, 63, 66, 68, 69, 70, 78, 93, 95, 96, 97]]
[144, 4.2705, [0, 1, 2, 4, 5, 7, 8, 9, 15, 16, 17, 19, 20, 26, 27, 29, 30, 31, 34, 36, 50, 54, 55, 56, 58, 59, 61, 65, 66, 67, 69, 70, 75, 78, 95, 96, 97]]
[144, 4.26604, [0, 1, 2, 4, 5, 7, 8, 9, 15, 16, 17, 19, 20, 26, 27, 29, 30, 31, 34, 36, 50, 54, 55, 56, 58, 59, 61, 65, 66, 68, 69, 70, 78, 93, 95, 96, 97]]
[144, 4.31649, [0, 1, 2, 4, 5, 7, 8, 9, 15, 16, 17, 19, 20, 26, 27, 29, 30, 31, 34, 36, 50, 54, 55, 56, 58, 59, 63, 65, 66, 68, 69, 70, 75, 78, 93, 95, 96, 97]]
[144, 4.26994, [0, 1, 2, 4, 5, 7, 8, 9, 15, 16, 17, 19, 20, 26, 27, 29, 30, 31, 34, 36, 50, 54, 55, 56, 58, 59, 63, 65, 66, 68, 69, 70, 75, 78, 93, 95, 97]]
[144, 4.26976, [0, 1, 2, 4, 5, 7, 8, 9, 15, 16, 17, 19, 20, 26, 27, 29, 30, 31, 34, 36, 50, 54, 55, 56, 58, 59, 63, 65, 66, 68, 69, 70, 75, 78, 93, 96, 97]]
[144, 4.26939, [0, 1, 2, 4, 5, 7, 8, 9, 15, 16, 17, 19, 20, 26, 27, 29, 30, 31, 34, 36, 50, 54, 55, 56, 58, 59, 63, 65, 66, 68, 69, 70, 75, 78, 95, 96, 97]]
[144, 4.26607, [0, 1, 2, 4, 5, 7, 8, 9, 15, 16, 17, 19, 20, 26, 27, 29, 30, 31, 34, 36, 50, 54, 55, 56, 58, 59, 63, 65, 66, 68, 69, 70, 75, 93, 95, 96, 97]]
[144, 4.28552, [0, 1, 2, 4, 5, 7, 8, 9, 15, 16, 17, 19, 20, 26, 27, 29, 31, 32, 34, 36, 40, 50, 54, 55, 56, 58, 59, 61, 65, 66, 67, 69, 70, 75, 95, 96, 97]]
[144, 4.26923, [0, 1, 2, 4, 5, 7, 8, 9, 15, 16, 17, 19, 20, 26, 27, 29, 31, 32, 34, 36, 40, 50, 54, 56, 58, 61, 63, 65, 66, 69, 70, 75, 78, 93, 95, 96, 97]]
[144, 4.27571, [0, 1, 2, 4, 5, 7, 8, 9, 15, 16, 17, 19, 20, 26, 27, 29, 31, 34, 36, 40, 44, 50, 54, 55, 56, 58, 59, 61, 65, 66, 67, 69, 70, 75, 86, 95, 97]]
[144, 4.30375, [0, 1, 2, 4, 5, 7, 8, 9, 15, 16, 17, 19, 20, 26, 27, 29, 31, 34, 36, 44, 50, 54, 55, 56, 58, 59, 63, 65, 66, 68, 69, 70, 75, 78, 86, 93, 95, 97]]
[144, 4.29826, [0, 1, 2, 4, 5, 7, 8, 9, 15, 16, 17, 19, 20, 26, 28, 29, 31, 32, 34, 36, 50, 54, 56, 58, 59, 63, 65, 66, 68, 69, 70, 75, 78, 93, 95, 96, 97, 105]]
[144, 4.27656, [0, 1, 2, 4, 5, 7, 8, 9, 15, 16, 17, 19, 20, 27, 28, 29, 34, 35, 44, 46, 47, 48, 52, 53, 54, 57, 58, 59, 61, 69, 75, 82, 93, 97, 108, 112, 113, 122]]
[144, 4.28524, [0, 1, 2, 4, 5, 7, 8, 9, 15, 16, 18, 19, 20, 25, 26, 28, 29, 31, 32, 33, 45, 51, 52, 54, 55, 60, 61, 62, 66, 67, 68, 70, 71, 83, 94, 96, 125]]
[144, 4.27763, [0, 1, 2, 4, 5, 7, 8, 9, 15, 17, 18, 19, 23, 24, 28, 32, 35, 37, 40, 43, 44, 50, 53, 54, 57, 58, 59, 61, 66, 67, 69, 70, 75, 78, 88, 92, 119, 124]]
[144, 4.28374, [0, 1, 2, 4, 5, 7, 8, 9, 15, 18, 19, 20, 24, 25, 26, 28, 29, 31, 33, 45, 49, 50, 51, 53, 54, 59, 60, 61, 63, 67, 68, 82, 83, 86, 88, 93, 124, 134]]
[144, 4.26928, [0, 1, 2, 4, 5, 7, 8, 9, 15, 18, 19, 20, 24, 25, 26, 28, 29, 31, 33, 45, 50, 51, 53, 54, 59, 60, 61, 63, 67, 68, 70, 78, 83, 86, 93, 124, 130, 134]]
[144, 4.26765, [0, 1, 2, 4, 5, 7, 8, 9, 15, 18, 19, 20, 24, 25, 26, 28, 29, 31, 33, 45, 50, 51, 53, 54, 59, 60, 61, 63, 67, 68, 70, 78, 83, 93, 94, 124, 130, 134]]
[144, 4.30094, [0, 1, 2, 4, 5, 7, 8, 13, 14, 16, 17, 18, 22, 25, 27, 28, 29, 33, 35, 36, 39, 46, 51, 53, 55, 58, 59, 61, 66, 68, 69, 70, 78, 84, 91, 93, 95, 96]]

Search completed in 46 hours, 50 minutes, and 17.886 seconds.  Enter a string to quit.