Enter an integer k for which our Kempner sets are k-free: 4
Enter a positive integer modulus b: 112
Enter estimation parameters, or * for pre-computed parameters ([0.0822, 1.0747, 1.3973]): *
Enter a threshold (e.g. 4.2) to determine printed output: 4.15
Enter a root for the search space (e.g. [0, 1, 2]) [or * for the root [0]]: *
Enter an upper bound for the size of allowable digit sets [or * to ignore]: 32
Enter a maximal number of deviations from a greedy search [or * to ignore]: *
Searching for k-free sets mod b...

[112, 4.15385, [0, 1, 2, 4, 5, 7, 8, 9, 14, 15, 16, 18, 25, 26, 28, 29, 31, 32, 33, 36, 45, 49, 51, 52, 53, 59, 68, 79, 80]]
[112, 4.18093, [0, 1, 2, 4, 5, 7, 8, 9, 14, 15, 16, 18, 25, 26, 28, 29, 32, 33, 36, 45, 49, 51, 52, 53, 59, 68, 75, 79, 80, 87]]
[112, 4.17065, [0, 1, 2, 4, 5, 7, 8, 9, 14, 15, 16, 18, 25, 26, 28, 29, 32, 33, 36, 45, 49, 51, 53, 59, 68, 75, 78, 79, 80, 87]]
[112, 4.16579, [0, 1, 2, 4, 5, 7, 8, 9, 14, 15, 16, 18, 25, 26, 28, 29, 32, 33, 36, 45, 49, 51, 53, 59, 68, 78, 79, 80, 87, 95]]
[112, 4.15216, [0, 1, 2, 4, 5, 7, 8, 9, 14, 15, 16, 18, 25, 28, 31, 32, 33, 37, 45, 47, 49, 50, 52, 53, 54, 59, 78, 79, 94, 100]]
[112, 4.16562, [0, 1, 2, 4, 5, 7, 8, 9, 14, 15, 16, 18, 25, 30, 31, 32, 37, 38, 40, 41, 42, 49, 50, 51, 55, 62, 67, 69, 90, 99]]
[112, 4.16186, [0, 1, 2, 4, 5, 7, 8, 9, 14, 15, 16, 18, 25, 30, 31, 32, 37, 38, 40, 41, 47, 49, 50, 51, 55, 62, 67, 69, 90, 99]]
[112, 4.15718, [0, 1, 2, 4, 5, 7, 8, 9, 14, 15, 16, 18, 25, 30, 31, 32, 38, 40, 41, 42, 47, 49, 50, 51, 55, 62, 67, 69, 90, 99]]
[112, 4.15301, [0, 1, 2, 4, 5, 7, 8, 9, 14, 15, 16, 18, 25, 30, 31, 33, 37, 38, 40, 42, 47, 48, 49, 51, 55, 62, 67, 90, 99, 101]]
[112, 4.15117, [0, 1, 2, 4, 5, 7, 8, 9, 14, 15, 16, 18, 25, 30, 31, 37, 38, 40, 41, 42, 47, 49, 50, 51, 55, 62, 67, 69, 90, 99]]
[112, 4.17572, [0, 1, 2, 4, 5, 7, 8, 9, 14, 15, 16, 18, 26, 30, 31, 33, 34, 39, 40, 41, 43, 48, 49, 51, 52, 53, 59, 68, 91, 92]]
[112, 4.15913, [0, 1, 2, 4, 5, 7, 8, 9, 14, 15, 16, 18, 26, 30, 31, 33, 34, 39, 40, 41, 48, 49, 51, 52, 53, 59, 68, 79, 91, 92]]
[112, 4.15746, [0, 1, 2, 4, 5, 7, 8, 9, 14, 15, 16, 18, 26, 30, 31, 33, 34, 39, 40, 43, 48, 49, 51, 52, 53, 59, 68, 79, 91, 92]]
[112, 4.15341, [0, 1, 2, 4, 5, 7, 8, 9, 14, 15, 17, 18, 23, 24, 26, 28, 29, 36, 39, 45, 46, 47, 51, 52, 53, 59, 62, 72, 75]]
[112, 4.1841, [0, 1, 2, 4, 5, 7, 8, 9, 14, 15, 17, 18, 23, 24, 26, 28, 29, 45, 46, 47, 49, 50, 52, 53, 54, 59, 62, 72, 75, 107]]
[112, 4.17756, [0, 1, 2, 4, 5, 7, 8, 9, 14, 15, 17, 18, 23, 24, 26, 28, 29, 45, 46, 47, 49, 50, 52, 53, 54, 59, 62, 72, 104, 107]]
[112, 4.16436, [0, 1, 2, 4, 5, 7, 8, 9, 14, 15, 17, 18, 23, 24, 26, 28, 29, 45, 47, 49, 50, 52, 53, 54, 59, 62, 72, 75, 104, 107]]
[112, 4.1507, [0, 1, 2, 4, 5, 7, 8, 9, 14, 15, 17, 18, 23, 24, 26, 28, 29, 45, 47, 49, 50, 53, 54, 59, 62, 72, 75, 92, 104, 107]]
[112, 4.17295, [0, 1, 2, 4, 5, 7, 8, 9, 14, 15, 17, 18, 23, 24, 26, 28, 36, 39, 40, 46, 49, 51, 52, 53, 59, 66, 72, 75, 87, 99]]
[112, 4.15593, [0, 1, 2, 4, 5, 7, 8, 9, 14, 15, 17, 18, 23, 24, 26, 28, 36, 39, 40, 46, 49, 52, 53, 59, 66, 72, 75, 87, 99, 107]]
[112, 4.1678, [0, 1, 2, 4, 5, 7, 8, 9, 14, 15, 17, 18, 23, 24, 26, 28, 36, 44, 45, 46, 48, 49, 51, 53, 59, 66, 75, 77, 78, 99]]
[112, 4.1771, [0, 1, 2, 4, 5, 7, 8, 9, 14, 15, 17, 18, 23, 24, 26, 28, 40, 45, 46, 47, 49, 50, 52, 53, 54, 59, 62, 72, 75, 77]]
[112, 4.17725, [0, 1, 2, 4, 5, 7, 8, 9, 14, 15, 17, 18, 23, 24, 26, 36, 39, 40, 42, 43, 44, 47, 49, 52, 53, 59, 66, 72, 75, 107]]
[112, 4.15605, [0, 1, 2, 4, 5, 7, 8, 9, 14, 15, 17, 18, 23, 24, 26, 36, 39, 40, 42, 46, 49, 51, 52, 53, 59, 66, 72, 75, 87, 99]]
[112, 4.156, [0, 1, 2, 4, 5, 7, 8, 9, 14, 15, 17, 18, 23, 24, 26, 36, 39, 40, 44, 46, 47, 49, 51, 52, 59, 66, 72, 75, 97, 99]]
[112, 4.15055, [0, 1, 2, 4, 5, 7, 8, 9, 14, 15, 17, 18, 23, 24, 26, 36, 39, 40, 44, 46, 47, 49, 51, 52, 59, 66, 72, 97, 98, 99]]
[112, 4.16269, [0, 1, 2, 4, 5, 7, 8, 9, 14, 15, 17, 18, 23, 24, 33, 36, 37, 38, 40, 44, 46, 47, 50, 52, 55, 62, 72, 77, 81, 98]]
[112, 4.15463, [0, 1, 2, 4, 5, 7, 8, 9, 14, 15, 17, 18, 24, 28, 31, 33, 35, 36, 39, 40, 45, 46, 53, 55, 62, 69, 72, 85, 90, 100]]
[112, 4.15986, [0, 1, 2, 4, 5, 7, 8, 9, 14, 15, 17, 23, 24, 26, 28, 29, 36, 40, 45, 46, 47, 49, 50, 52, 53, 54, 59, 72, 75, 107]]
[112, 4.16369, [0, 1, 2, 4, 5, 7, 8, 9, 14, 15, 17, 23, 24, 28, 29, 30, 33, 36, 37, 40, 46, 50, 52, 53, 54, 66, 67, 72, 81, 87]]
[112, 4.15426, [0, 1, 2, 4, 5, 7, 8, 9, 14, 15, 17, 23, 24, 28, 29, 30, 33, 36, 37, 40, 46, 50, 52, 54, 66, 67, 72, 77, 81, 87]]
[112, 4.15164, [0, 1, 2, 4, 5, 7, 8, 9, 14, 15, 17, 23, 24, 28, 29, 30, 33, 36, 37, 40, 46, 50, 52, 54, 66, 72, 75, 77, 81, 87]]
[112, 4.15236, [0, 1, 2, 4, 5, 7, 8, 9, 14, 15, 17, 23, 24, 28, 29, 30, 33, 36, 37, 40, 46, 50, 53, 54, 66, 67, 72, 81, 82, 87]]
[112, 4.15959, [0, 1, 2, 4, 5, 7, 8, 9, 14, 15, 17, 23, 24, 28, 29, 30, 33, 36, 37, 40, 50, 52, 53, 54, 59, 66, 68, 69, 72, 87]]
[112, 4.15276, [0, 1, 2, 4, 5, 7, 8, 9, 14, 15, 17, 23, 24, 28, 29, 30, 33, 36, 37, 40, 50, 52, 53, 54, 66, 67, 68, 72, 81, 87]]
[112, 4.15241, [0, 1, 2, 4, 5, 7, 8, 9, 14, 15, 17, 23, 24, 28, 29, 30, 33, 36, 37, 40, 50, 52, 53, 54, 66, 67, 69, 72, 81, 87]]
[112, 4.15205, [0, 1, 2, 4, 5, 7, 8, 9, 14, 15, 17, 23, 24, 28, 29, 30, 33, 36, 37, 40, 50, 52, 53, 54, 66, 68, 69, 72, 81, 87]]
[112, 4.15169, [0, 1, 2, 4, 5, 7, 8, 9, 14, 15, 17, 23, 24, 28, 29, 30, 33, 36, 37, 40, 50, 52, 53, 54, 67, 68, 69, 72, 81, 87]]
[112, 4.15538, [0, 1, 2, 4, 5, 7, 8, 9, 14, 15, 17, 23, 24, 28, 30, 33, 35, 36, 37, 40, 46, 50, 52, 53, 54, 66, 67, 72, 81, 87]]
[112, 4.15128, [0, 1, 2, 4, 5, 7, 8, 9, 14, 15, 17, 23, 24, 28, 30, 33, 35, 36, 37, 40, 50, 52, 53, 54, 59, 66, 68, 69, 72, 87]]
[112, 4.2231, [0, 1, 2, 4, 5, 7, 8, 9, 14, 15, 17, 24, 28, 29, 30, 32, 33, 35, 37, 40, 44, 46, 50, 52, 53, 54, 66, 67, 69, 81, 87]]
[112, 4.16538, [0, 1, 2, 4, 5, 7, 8, 9, 14, 15, 17, 24, 28, 29, 30, 32, 33, 35, 37, 40, 44, 46, 50, 52, 53, 54, 66, 67, 69, 87]]
[112, 4.16178, [0, 1, 2, 4, 5, 7, 8, 9, 14, 15, 17, 24, 28, 29, 30, 32, 33, 35, 37, 40, 44, 46, 50, 52, 53, 54, 66, 67, 81, 87]]
[112, 4.16108, [0, 1, 2, 4, 5, 7, 8, 9, 14, 15, 17, 24, 28, 29, 30, 32, 33, 35, 37, 40, 44, 46, 50, 52, 53, 54, 66, 69, 81, 87]]
[112, 4.16071, [0, 1, 2, 4, 5, 7, 8, 9, 14, 15, 17, 24, 28, 29, 30, 32, 33, 35, 37, 40, 44, 46, 50, 52, 53, 54, 67, 69, 81, 87]]
[112, 4.15539, [0, 1, 2, 4, 5, 7, 8, 9, 14, 15, 17, 24, 28, 29, 30, 32, 33, 35, 37, 40, 44, 46, 50, 52, 53, 66, 67, 69, 81, 87]]
[112, 4.15486, [0, 1, 2, 4, 5, 7, 8, 9, 14, 15, 17, 24, 28, 29, 30, 32, 33, 35, 37, 40, 44, 46, 50, 52, 54, 66, 67, 69, 81, 87]]
[112, 4.15235, [0, 1, 2, 4, 5, 7, 8, 9, 14, 15, 17, 24, 28, 29, 30, 32, 33, 35, 37, 40, 44, 46, 50, 52, 54, 66, 67, 77, 81, 87]]
[112, 4.1543, [0, 1, 2, 4, 5, 7, 8, 9, 14, 15, 17, 24, 28, 29, 30, 32, 33, 35, 37, 40, 44, 46, 50, 53, 54, 66, 67, 69, 81, 87]]
[112, 4.15041, [0, 1, 2, 4, 5, 7, 8, 9, 14, 15, 17, 24, 28, 29, 30, 32, 33, 35, 37, 40, 44, 46, 50, 53, 54, 66, 67, 69, 81, 107]]
[112, 4.15312, [0, 1, 2, 4, 5, 7, 8, 9, 14, 15, 17, 24, 28, 29, 30, 32, 33, 35, 37, 40, 44, 46, 52, 53, 54, 66, 67, 69, 81, 87]]
[112, 4.1505, [0, 1, 2, 4, 5, 7, 8, 9, 14, 15, 17, 24, 28, 29, 30, 32, 33, 35, 37, 40, 44, 50, 52, 53, 54, 66, 67, 69, 81, 87]]
[112, 4.15257, [0, 1, 2, 4, 5, 7, 8, 9, 14, 15, 17, 24, 28, 29, 30, 32, 33, 35, 37, 40, 46, 50, 51, 52, 54, 59, 66, 75, 77, 87]]
[112, 4.20419, [0, 1, 2, 4, 5, 7, 8, 9, 14, 15, 17, 24, 28, 29, 30, 33, 35, 36, 37, 40, 46, 50, 52, 53, 54, 66, 67, 69, 72, 81, 87]]
[112, 4.19272, [0, 1, 2, 4, 5, 7, 8, 9, 14, 15, 17, 24, 28, 29, 30, 33, 35, 36, 37, 40, 46, 50, 53, 54, 66, 67, 69, 72, 81, 82, 87]]
[112, 4.16542, [0, 1, 2, 4, 5, 7, 8, 9, 14, 15, 18, 23, 24, 26, 28, 40, 45, 46, 47, 49, 50, 52, 53, 54, 59, 62, 72, 73, 75, 77, 107]]
[112, 4.16537, [0, 1, 2, 4, 5, 7, 8, 9, 14, 15, 18, 24, 25, 26, 28, 31, 32, 33, 40, 43, 45, 49, 50, 51, 53, 54, 59, 79, 91, 92]]
[112, 4.16438, [0, 1, 2, 4, 5, 7, 8, 9, 14, 15, 18, 24, 25, 26, 28, 31, 32, 33, 40, 43, 45, 49, 50, 52, 53, 54, 59, 79, 91, 94]]
[112, 4.15072, [0, 1, 2, 4, 5, 7, 8, 9, 14, 15, 18, 24, 25, 26, 28, 31, 32, 33, 40, 43, 45, 49, 50, 53, 54, 59, 79, 91, 92, 94]]
[112, 4.17567, [0, 1, 2, 4, 5, 7, 8, 9, 14, 15, 18, 24, 25, 26, 28, 31, 33, 36, 39, 40, 43, 45, 49, 50, 52, 53, 59, 72, 79, 91]]
[112, 4.15651, [0, 1, 2, 4, 5, 7, 8, 9, 14, 15, 18, 24, 25, 26, 28, 31, 33, 36, 39, 40, 43, 49, 50, 51, 53, 59, 72, 79, 91, 100]]
[112, 4.17962, [0, 1, 2, 4, 5, 7, 8, 9, 14, 15, 18, 24, 25, 28, 31, 32, 33, 37, 45, 47, 49, 50, 52, 53, 54, 59, 78, 79, 91, 94, 100]]
[112, 4.17449, [0, 1, 2, 4, 5, 7, 8, 9, 14, 16, 17, 18, 22, 28, 29, 30, 32, 33, 35, 36, 37, 51, 55, 62, 71, 76, 77, 81, 83, 90]]
[112, 4.16847, [0, 1, 2, 4, 5, 7, 8, 9, 14, 16, 17, 18, 22, 28, 29, 30, 32, 33, 35, 36, 37, 51, 66, 67, 71, 75, 76, 77, 87, 90]]
[112, 4.16735, [0, 1, 2, 4, 5, 7, 8, 9, 14, 16, 17, 18, 22, 28, 29, 30, 32, 33, 35, 36, 37, 51, 66, 67, 71, 75, 77, 80, 87, 90]]
[112, 4.16004, [0, 1, 2, 4, 5, 7, 8, 9, 14, 16, 17, 18, 22, 28, 29, 30, 33, 35, 36, 37, 47, 51, 55, 62, 71, 76, 77, 81, 83, 90]]
[112, 4.17612, [0, 1, 2, 4, 5, 7, 8, 9, 14, 16, 17, 18, 22, 28, 29, 31, 32, 33, 36, 37, 39, 51, 59, 62, 67, 68, 71, 77, 80, 83]]
[112, 4.18488, [0, 1, 2, 4, 5, 7, 8, 9, 14, 16, 17, 18, 22, 30, 31, 33, 34, 36, 40, 41, 42, 45, 47, 52, 53, 55, 66, 68, 69, 85]]
[112, 4.17511, [0, 1, 2, 4, 5, 7, 8, 9, 14, 16, 17, 18, 22, 31, 32, 34, 35, 37, 38, 39, 42, 45, 49, 53, 54, 55, 68, 69, 80, 86]]
[112, 4.15925, [0, 1, 2, 4, 5, 7, 8, 9, 14, 16, 17, 18, 22, 31, 32, 34, 35, 37, 38, 39, 42, 49, 53, 54, 55, 68, 69, 80, 82, 86]]
[112, 4.16021, [0, 1, 2, 4, 5, 7, 8, 9, 14, 16, 17, 18, 22, 31, 34, 36, 38, 39, 41, 42, 43, 47, 48, 49, 52, 59, 66, 67, 71, 102]]
[112, 4.19434, [0, 1, 2, 4, 5, 7, 8, 9, 14, 16, 17, 18, 26, 28, 29, 31, 32, 33, 36, 37, 39, 43, 51, 52, 53, 55, 62, 68, 80, 106]]
[112, 4.18491, [0, 1, 2, 4, 5, 7, 8, 9, 14, 16, 17, 18, 26, 28, 29, 31, 32, 33, 36, 37, 39, 43, 51, 52, 55, 62, 68, 77, 80, 106]]
[112, 4.18298, [0, 1, 2, 4, 5, 7, 8, 9, 14, 16, 17, 18, 26, 28, 29, 31, 32, 33, 36, 37, 39, 43, 51, 52, 59, 62, 68, 77, 80, 106]]
[112, 4.17331, [0, 1, 2, 4, 5, 7, 8, 9, 14, 16, 17, 18, 26, 28, 29, 31, 32, 33, 36, 37, 39, 43, 51, 55, 62, 68, 77, 80, 83, 106]]
[112, 4.1709, [0, 1, 2, 4, 5, 7, 8, 9, 14, 16, 17, 18, 26, 28, 29, 31, 32, 33, 36, 37, 39, 43, 51, 55, 62, 68, 77, 83, 90, 106]]
[112, 4.17139, [0, 1, 2, 4, 5, 7, 8, 9, 14, 16, 17, 18, 26, 28, 29, 31, 32, 33, 36, 37, 39, 43, 51, 59, 62, 68, 77, 80, 83, 106]]
[112, 4.17186, [0, 1, 2, 4, 5, 7, 8, 9, 14, 16, 17, 18, 26, 28, 29, 31, 32, 33, 36, 37, 39, 43, 52, 59, 62, 68, 77, 79, 80, 106]]
[112, 4.15055, [0, 1, 2, 4, 5, 7, 8, 9, 14, 16, 17, 18, 26, 28, 29, 31, 32, 33, 36, 37, 43, 51, 55, 62, 68, 77, 80, 83, 90, 106]]
[112, 4.15291, [0, 1, 2, 4, 5, 7, 8, 9, 14, 16, 17, 18, 26, 28, 29, 31, 32, 33, 36, 37, 43, 52, 59, 62, 68, 75, 77, 79, 80, 106]]
[112, 4.16089, [0, 1, 2, 4, 5, 7, 8, 9, 14, 16, 17, 18, 26, 28, 29, 31, 32, 33, 36, 39, 43, 51, 52, 59, 62, 68, 77, 79, 80, 106]]
[112, 4.1571, [0, 1, 2, 4, 5, 7, 8, 9, 14, 16, 17, 18, 26, 28, 29, 31, 32, 36, 37, 39, 43, 51, 52, 55, 62, 68, 77, 80, 83, 106]]
[112, 4.15517, [0, 1, 2, 4, 5, 7, 8, 9, 14, 16, 17, 18, 26, 28, 29, 31, 32, 36, 37, 39, 43, 51, 52, 59, 62, 68, 77, 80, 83, 106]]
[112, 4.1792, [0, 1, 2, 4, 5, 7, 8, 9, 14, 16, 17, 18, 26, 28, 29, 32, 33, 34, 36, 37, 39, 43, 52, 53, 55, 62, 68, 79, 80, 106]]
[112, 4.16977, [0, 1, 2, 4, 5, 7, 8, 9, 14, 16, 17, 18, 26, 28, 29, 32, 33, 34, 36, 37, 39, 43, 52, 55, 62, 68, 77, 79, 80, 106]]
[112, 4.16435, [0, 1, 2, 4, 5, 7, 8, 9, 14, 16, 17, 18, 26, 28, 29, 32, 33, 34, 36, 37, 39, 43, 52, 55, 62, 68, 79, 80, 101, 106]]
[112, 4.16784, [0, 1, 2, 4, 5, 7, 8, 9, 14, 16, 17, 18, 26, 28, 29, 32, 33, 34, 36, 37, 39, 43, 52, 59, 62, 68, 77, 79, 80, 106]]
[112, 4.16242, [0, 1, 2, 4, 5, 7, 8, 9, 14, 16, 17, 18, 26, 28, 29, 32, 33, 34, 36, 37, 39, 43, 52, 59, 62, 68, 79, 80, 101, 106]]
[112, 4.16513, [0, 1, 2, 4, 5, 7, 8, 9, 14, 16, 17, 18, 26, 28, 29, 32, 33, 34, 36, 37, 39, 52, 53, 55, 62, 68, 69, 80, 81, 106]]
[112, 4.16207, [0, 1, 2, 4, 5, 7, 8, 9, 14, 16, 17, 18, 26, 28, 29, 32, 33, 34, 36, 37, 39, 52, 53, 55, 62, 68, 79, 80, 81, 106]]
[112, 4.15264, [0, 1, 2, 4, 5, 7, 8, 9, 14, 16, 17, 18, 26, 28, 29, 32, 33, 34, 36, 37, 39, 52, 55, 62, 68, 77, 79, 80, 81, 106]]
[112, 4.15225, [0, 1, 2, 4, 5, 7, 8, 9, 14, 16, 17, 18, 26, 28, 29, 32, 33, 34, 36, 39, 43, 52, 53, 55, 62, 68, 79, 80, 101, 106]]
[112, 4.15719, [0, 1, 2, 4, 5, 7, 8, 9, 14, 16, 17, 18, 26, 28, 29, 32, 33, 34, 36, 39, 43, 52, 53, 59, 62, 68, 75, 79, 80, 101]]
[112, 4.15076, [0, 1, 2, 4, 5, 7, 8, 9, 14, 16, 17, 18, 26, 28, 29, 32, 33, 36, 37, 39, 51, 52, 53, 55, 62, 68, 69, 80, 81, 106]]
[112, 4.15992, [0, 1, 2, 4, 5, 7, 8, 9, 14, 17, 18, 22, 23, 30, 31, 33, 34, 36, 40, 41, 42, 45, 47, 52, 53, 55, 66, 68, 69, 85]]
[112, 4.15075, [0, 1, 2, 4, 5, 7, 8, 9, 14, 17, 22, 23, 24, 26, 29, 30, 31, 33, 36, 37, 40, 53, 54, 59, 62, 67, 69, 71, 72, 74]]
[112, 4.15326, [0, 1, 2, 4, 5, 7, 8, 9, 14, 17, 22, 23, 24, 26, 29, 36, 40, 42, 46, 47, 49, 52, 53, 54, 59, 66, 67, 72, 75, 87, 99]]
[112, 4.15801, [0, 1, 2, 4, 5, 7, 8, 9, 14, 17, 22, 23, 24, 28, 30, 31, 33, 35, 36, 40, 46, 47, 52, 53, 81, 85, 88, 93, 94, 95, 101]]
[112, 4.16114, [0, 1, 2, 4, 5, 7, 8, 9, 14, 17, 22, 23, 24, 28, 30, 31, 35, 41, 45, 47, 49, 50, 52, 54, 55, 62, 68, 72, 75, 104, 107]]
[112, 4.16271, [0, 1, 2, 4, 5, 7, 8, 9, 15, 16, 17, 19, 20, 26, 27, 29, 31, 32, 36, 40, 50, 51, 59, 66, 68, 69, 70, 79, 102, 103]]
[112, 4.15463, [0, 1, 2, 4, 5, 7, 8, 9, 15, 16, 17, 19, 20, 32, 33, 34, 37, 38, 39, 42, 43, 45, 50, 53, 59, 66, 68, 69, 70, 92]]
[112, 4.17167, [0, 1, 2, 4, 5, 7, 8, 9, 15, 16, 17, 20, 21, 28, 29, 30, 32, 33, 36, 37, 38, 42, 50, 66, 68, 69, 80, 81, 82, 87]]
[112, 4.15929, [0, 1, 2, 4, 5, 7, 8, 9, 15, 16, 17, 20, 21, 28, 29, 30, 32, 33, 36, 37, 42, 50, 59, 66, 68, 69, 75, 80, 82, 87]]
[112, 4.16276, [0, 1, 2, 4, 5, 7, 8, 9, 15, 16, 17, 20, 21, 28, 29, 30, 32, 36, 37, 38, 42, 50, 51, 54, 62, 67, 69, 81, 90, 102]]
[112, 4.17668, [0, 1, 2, 4, 5, 7, 8, 9, 15, 16, 18, 19, 20, 25, 26, 28, 29, 31, 32, 33, 36, 45, 49, 50, 51, 55, 68, 77, 80]]
[112, 4.17423, [0, 1, 2, 4, 5, 7, 8, 9, 15, 16, 18, 19, 20, 25, 26, 28, 29, 31, 32, 33, 36, 45, 49, 50, 51, 59, 68, 79, 80]]
[112, 4.17141, [0, 1, 2, 4, 5, 7, 8, 9, 15, 16, 18, 19, 20, 25, 26, 28, 29, 31, 32, 33, 36, 45, 49, 50, 51, 59, 77, 79, 80]]
[112, 4.16785, [0, 1, 2, 4, 5, 7, 8, 9, 15, 16, 18, 19, 20, 25, 26, 28, 29, 31, 32, 33, 36, 45, 49, 50, 51, 68, 77, 79, 80]]
[112, 4.16373, [0, 1, 2, 4, 5, 7, 8, 9, 15, 16, 18, 19, 20, 25, 26, 28, 29, 31, 32, 33, 36, 45, 49, 51, 59, 68, 77, 78, 79]]
[112, 4.16346, [0, 1, 2, 4, 5, 7, 8, 9, 15, 16, 18, 19, 20, 25, 26, 28, 29, 31, 32, 33, 36, 45, 49, 51, 59, 68, 77, 78, 80]]
[112, 4.16319, [0, 1, 2, 4, 5, 7, 8, 9, 15, 16, 18, 19, 20, 25, 26, 28, 29, 31, 32, 33, 36, 45, 49, 51, 59, 68, 77, 79, 80]]
[112, 4.16291, [0, 1, 2, 4, 5, 7, 8, 9, 15, 16, 18, 19, 20, 25, 26, 28, 29, 31, 32, 33, 36, 45, 49, 51, 59, 68, 78, 79, 80]]
[112, 4.15922, [0, 1, 2, 4, 5, 7, 8, 9, 15, 16, 18, 19, 20, 25, 26, 28, 29, 31, 32, 33, 36, 45, 49, 51, 59, 68, 78, 80, 95]]
[112, 4.17336, [0, 1, 2, 4, 5, 7, 8, 9, 15, 16, 18, 19, 20, 25, 26, 28, 29, 31, 32, 33, 45, 49, 50, 51, 53, 54, 59, 62, 78]]
[112, 4.21903, [0, 1, 2, 4, 5, 7, 8, 9, 15, 16, 18, 19, 20, 25, 26, 28, 29, 31, 32, 33, 45, 49, 50, 51, 53, 59, 68, 78, 79, 80]]
[112, 4.16148, [0, 1, 2, 4, 5, 7, 8, 9, 15, 16, 18, 19, 20, 25, 26, 28, 29, 31, 32, 33, 45, 49, 50, 51, 53, 59, 68, 78, 80]]
[112, 4.1612, [0, 1, 2, 4, 5, 7, 8, 9, 15, 16, 18, 19, 20, 25, 26, 28, 29, 31, 32, 33, 45, 49, 50, 51, 53, 59, 68, 79, 80]]
[112, 4.15811, [0, 1, 2, 4, 5, 7, 8, 9, 15, 16, 18, 19, 20, 25, 26, 28, 29, 31, 32, 33, 45, 49, 50, 51, 53, 59, 78, 79, 80]]
[112, 4.15476, [0, 1, 2, 4, 5, 7, 8, 9, 15, 16, 18, 19, 20, 25, 26, 28, 29, 31, 32, 33, 45, 49, 50, 51, 53, 59, 79, 80, 92]]
[112, 4.15455, [0, 1, 2, 4, 5, 7, 8, 9, 15, 16, 18, 19, 20, 25, 26, 28, 29, 31, 32, 33, 45, 49, 50, 51, 53, 68, 78, 79, 80]]
[112, 4.1516, [0, 1, 2, 4, 5, 7, 8, 9, 15, 16, 18, 19, 20, 25, 26, 28, 29, 31, 32, 33, 45, 49, 50, 51, 59, 68, 78, 79, 80]]
[112, 4.16903, [0, 1, 2, 4, 5, 7, 8, 9, 15, 16, 18, 19, 20, 25, 26, 28, 29, 31, 32, 33, 45, 49, 50, 52, 53, 54, 59, 62, 94]]
[112, 4.15887, [0, 1, 2, 4, 5, 7, 8, 9, 15, 16, 18, 19, 20, 25, 26, 28, 29, 31, 32, 33, 45, 49, 50, 53, 54, 59, 62, 78, 94]]
[112, 4.15048, [0, 1, 2, 4, 5, 7, 8, 9, 15, 16, 18, 19, 20, 25, 26, 28, 29, 31, 32, 33, 45, 49, 50, 53, 59, 68, 78, 79, 80]]
[112, 4.1568, [0, 1, 2, 4, 5, 7, 8, 9, 15, 16, 18, 19, 20, 25, 26, 28, 29, 31, 32, 45, 47, 50, 51, 52, 54, 55, 62, 67, 70]]
[112, 4.17269, [0, 1, 2, 4, 5, 7, 8, 9, 15, 16, 18, 19, 20, 25, 26, 28, 29, 31, 32, 47, 51, 52, 55, 62, 67, 69, 70, 83, 90, 100]]
[112, 4.18523, [0, 1, 2, 4, 5, 7, 8, 9, 15, 16, 18, 19, 20, 25, 26, 28, 29, 32, 33, 36, 45, 49, 51, 59, 68, 78, 79, 80, 87, 95]]
[112, 4.1706, [0, 1, 2, 4, 5, 7, 8, 9, 15, 16, 18, 19, 20, 25, 26, 28, 33, 39, 42, 43, 44, 48, 50, 51, 53, 55, 83, 92, 96, 97]]
[112, 4.1593, [0, 1, 2, 4, 5, 7, 8, 9, 15, 16, 18, 19, 20, 25, 28, 29, 31, 32, 33, 36, 50, 51, 55, 68, 70, 77, 83, 90, 93, 105]]
[112, 4.15171, [0, 1, 2, 4, 5, 7, 8, 9, 15, 16, 18, 19, 20, 25, 28, 29, 31, 32, 33, 36, 51, 55, 66, 68, 70, 77, 83, 90, 93, 105]]
[112, 4.15257, [0, 1, 2, 4, 5, 7, 8, 9, 15, 16, 18, 19, 20, 25, 28, 29, 31, 32, 36, 47, 50, 51, 55, 68, 69, 70, 77, 83, 90, 105]]
[112, 4.1527, [0, 1, 2, 4, 5, 7, 8, 9, 15, 16, 18, 19, 20, 25, 32, 33, 37, 40, 43, 45, 49, 50, 52, 53, 54, 59, 62, 70, 79, 94]]
[112, 4.16745, [0, 1, 2, 4, 5, 7, 8, 9, 15, 16, 18, 19, 21, 25, 26, 28, 33, 39, 42, 43, 44, 48, 50, 51, 53, 55, 83, 92, 96, 97]]
[112, 4.1563, [0, 1, 2, 4, 5, 7, 8, 9, 15, 16, 18, 19, 21, 25, 26, 28, 39, 43, 45, 46, 47, 50, 52, 53, 54, 59, 62, 73, 94, 98]]
[112, 4.15645, [0, 1, 2, 4, 5, 7, 8, 9, 15, 16, 18, 19, 21, 25, 29, 30, 31, 36, 38, 47, 48, 50, 51, 52, 59, 68, 70, 79, 101, 102]]
[112, 4.15451, [0, 1, 2, 4, 5, 7, 8, 9, 15, 16, 18, 19, 21, 25, 30, 31, 33, 38, 39, 40, 42, 51, 52, 66, 67, 68, 70, 73, 85, 88]]
[112, 4.15254, [0, 1, 2, 4, 5, 7, 8, 9, 15, 16, 18, 19, 25, 26, 32, 33, 36, 38, 41, 42, 43, 45, 51, 52, 55, 66, 67, 68, 70, 87]]
[112, 4.1509, [0, 1, 2, 4, 5, 7, 8, 9, 15, 16, 18, 19, 26, 30, 31, 32, 35, 38, 39, 40, 42, 49, 50, 51, 53, 59, 68, 70, 73, 92]]
[112, 4.16185, [0, 1, 2, 4, 5, 7, 8, 9, 15, 16, 18, 20, 21, 25, 26, 28, 29, 32, 36, 45, 49, 51, 53, 59, 68, 78, 79, 80, 87, 95]]
[112, 4.16399, [0, 1, 2, 4, 5, 7, 8, 9, 15, 16, 18, 20, 21, 25, 26, 28, 33, 39, 42, 43, 44, 48, 50, 51, 53, 55, 83, 92, 96, 97]]
[112, 4.15861, [0, 1, 2, 4, 5, 7, 8, 9, 15, 16, 18, 20, 21, 25, 31, 32, 33, 47, 49, 50, 52, 53, 54, 59, 70, 78, 79, 80, 94, 100, 101]]
[112, 4.15139, [0, 1, 2, 4, 5, 7, 8, 9, 15, 16, 18, 20, 21, 25, 31, 32, 33, 47, 49, 50, 53, 54, 59, 68, 70, 78, 79, 80, 94, 100, 101]]
[112, 4.16977, [0, 1, 2, 4, 5, 7, 8, 9, 15, 16, 18, 20, 21, 26, 28, 29, 32, 33, 34, 36, 39, 51, 53, 59, 68, 75, 79, 80, 81, 91]]
[112, 4.17504, [0, 1, 2, 4, 5, 7, 8, 9, 15, 16, 18, 20, 21, 26, 29, 30, 33, 35, 38, 39, 41, 42, 51, 53, 59, 66, 68, 70, 87, 92]]
[112, 4.16134, [0, 1, 2, 4, 5, 7, 8, 9, 15, 16, 18, 20, 21, 28, 29, 30, 32, 33, 35, 36, 47, 51, 53, 59, 62, 70, 78, 79, 81, 83]]
[112, 4.15641, [0, 1, 2, 4, 5, 7, 8, 9, 15, 16, 18, 20, 21, 29, 32, 33, 34, 38, 39, 42, 51, 53, 66, 68, 70, 80, 81, 87, 92, 100, 105]]
[112, 4.17066, [0, 1, 2, 4, 5, 7, 8, 9, 15, 16, 19, 20, 21, 25, 26, 28, 33, 39, 42, 43, 44, 48, 50, 51, 53, 54, 55, 92, 96, 97]]
[112, 4.16097, [0, 1, 2, 4, 5, 7, 8, 9, 15, 16, 19, 20, 21, 25, 26, 28, 33, 39, 42, 43, 44, 48, 50, 51, 53, 55, 83, 92, 93, 96]]
[112, 4.16017, [0, 1, 2, 4, 5, 7, 8, 9, 15, 16, 19, 20, 21, 25, 26, 28, 33, 39, 42, 43, 44, 48, 50, 51, 53, 55, 83, 92, 96, 97]]
[112, 4.16172, [0, 1, 2, 4, 5, 7, 8, 9, 15, 16, 19, 20, 21, 25, 26, 32, 33, 39, 41, 42, 43, 50, 51, 53, 55, 66, 68, 70, 83, 92]]
[112, 4.15808, [0, 1, 2, 4, 5, 7, 8, 9, 15, 16, 19, 20, 21, 25, 26, 32, 33, 39, 41, 42, 43, 50, 51, 53, 55, 66, 68, 70, 92, 100]]
[112, 4.15291, [0, 1, 2, 4, 5, 7, 8, 9, 15, 16, 19, 20, 21, 25, 26, 32, 33, 39, 41, 42, 43, 50, 51, 53, 55, 68, 70, 83, 92, 100]]
[112, 4.16629, [0, 1, 2, 4, 5, 7, 8, 9, 15, 16, 19, 20, 21, 25, 28, 31, 32, 33, 36, 38, 39, 50, 51, 54, 62, 70, 73, 79, 90, 102]]
[112, 4.19562, [0, 1, 2, 4, 5, 7, 8, 9, 15, 16, 19, 20, 21, 28, 32, 34, 37, 38, 39, 42, 43, 45, 50, 51, 59, 66, 68, 69, 87, 97, 103]]
[112, 4.18903, [0, 1, 2, 4, 5, 7, 8, 9, 15, 16, 19, 20, 21, 28, 32, 34, 37, 38, 39, 42, 43, 45, 50, 51, 59, 66, 69, 87, 92, 97, 103]]
[112, 4.18596, [0, 1, 2, 4, 5, 7, 8, 9, 15, 16, 19, 20, 21, 28, 32, 34, 37, 38, 39, 42, 43, 45, 50, 51, 59, 66, 69, 92, 97, 102, 103]]
[112, 4.15775, [0, 1, 2, 4, 5, 7, 8, 9, 15, 16, 19, 20, 21, 32, 34, 37, 38, 39, 42, 43, 45, 50, 51, 59, 66, 68, 69, 87, 92, 97, 103]]
[112, 4.15364, [0, 1, 2, 4, 5, 7, 8, 9, 15, 16, 19, 20, 26, 27, 29, 31, 32, 34, 36, 40, 45, 47, 50, 51, 59, 66, 69, 70, 79, 102]]
[112, 4.15978, [0, 1, 2, 4, 5, 7, 8, 9, 15, 17, 18, 19, 23, 24, 26, 28, 29, 42, 45, 46, 47, 49, 50, 53, 55, 62, 72, 76, 78, 104]]
[112, 4.15786, [0, 1, 2, 4, 5, 7, 8, 9, 15, 17, 18, 19, 23, 24, 26, 28, 29, 42, 45, 46, 47, 49, 50, 53, 59, 62, 72, 76, 78, 104]]
[112, 4.15343, [0, 1, 2, 4, 5, 7, 8, 9, 15, 17, 18, 19, 23, 24, 26, 28, 29, 45, 46, 47, 49, 50, 52, 53, 54, 59, 62, 72, 104, 107]]
[112, 4.15182, [0, 1, 2, 4, 5, 7, 8, 9, 15, 17, 18, 19, 23, 24, 26, 28, 29, 45, 46, 47, 49, 50, 53, 54, 55, 62, 72, 76, 78, 104]]
[112, 4.15191, [0, 1, 2, 4, 5, 7, 8, 9, 15, 17, 18, 20, 21, 23, 29, 30, 32, 33, 34, 37, 39, 42, 66, 68, 70, 81, 87, 92, 96, 100]]
[112, 4.16481, [0, 1, 2, 4, 5, 7, 8, 9, 15, 17, 18, 20, 21, 23, 29, 32, 33, 34, 37, 38, 39, 42, 54, 66, 68, 69, 70, 80, 81, 92]]
[112, 4.15336, [0, 1, 2, 4, 5, 7, 8, 9, 15, 17, 18, 20, 21, 23, 29, 32, 33, 34, 37, 38, 39, 42, 66, 68, 69, 70, 80, 81, 87, 92]]
[112, 4.16729, [0, 1, 2, 4, 5, 7, 8, 9, 15, 17, 18, 20, 21, 23, 29, 32, 33, 34, 39, 42, 53, 66, 68, 70, 75, 80, 81, 87, 92, 96, 100]]
[112, 4.17945, [0, 1, 2, 4, 5, 7, 8, 9, 15, 17, 19, 20, 24, 26, 27, 28, 34, 38, 39, 40, 42, 43, 59, 66, 68, 72, 87, 91, 97, 100, 103]]
[112, 4.1579, [0, 1, 2, 4, 5, 7, 8, 9, 15, 17, 19, 20, 24, 26, 27, 28, 34, 38, 39, 40, 44, 45, 47, 48, 53, 55, 74, 85, 97, 98]]
[112, 4.15598, [0, 1, 2, 4, 5, 7, 8, 9, 15, 17, 19, 20, 24, 26, 27, 28, 34, 38, 39, 40, 44, 45, 47, 48, 53, 59, 74, 85, 97, 98]]
[112, 4.16614, [0, 1, 2, 4, 5, 7, 8, 9, 15, 17, 19, 20, 24, 26, 27, 28, 38, 39, 40, 42, 43, 49, 59, 66, 68, 72, 87, 91, 97, 100, 103]]
[112, 4.15054, [0, 1, 2, 4, 5, 7, 8, 9, 15, 17, 19, 20, 24, 27, 28, 29, 35, 38, 40, 42, 45, 46, 51, 52, 54, 55, 69, 72, 87, 90]]
[112, 4.1623, [0, 1, 2, 4, 5, 7, 8, 9, 15, 17, 20, 21, 23, 24, 28, 34, 36, 37, 38, 42, 43, 45, 49, 50, 54, 59, 66, 68, 69, 72]]
[112, 4.16711, [0, 1, 2, 4, 5, 7, 8, 9, 15, 17, 20, 21, 23, 24, 29, 30, 32, 33, 34, 37, 38, 50, 52, 54, 62, 67, 69, 72, 78, 81]]
[112, 4.17254, [0, 1, 2, 4, 5, 7, 8, 9, 15, 17, 21, 24, 28, 29, 30, 32, 33, 35, 37, 40, 44, 46, 50, 52, 54, 66, 69, 75, 81, 90, 107]]
[112, 4.17165, [0, 1, 2, 4, 5, 7, 8, 9, 15, 18, 19, 20, 23, 24, 25, 29, 32, 33, 36, 38, 45, 48, 49, 51, 59, 68, 70, 77, 78, 87]]
[112, 4.18208, [0, 1, 2, 4, 5, 7, 8, 9, 15, 18, 19, 20, 23, 24, 26, 28, 40, 45, 46, 47, 49, 50, 52, 53, 54, 59, 62, 77, 94, 99, 107]]
[112, 4.15103, [0, 1, 2, 4, 5, 7, 8, 9, 15, 18, 19, 20, 23, 24, 26, 32, 33, 34, 36, 39, 41, 43, 51, 66, 67, 68, 70, 83, 87, 96]]
[112, 4.15497, [0, 1, 2, 4, 5, 7, 8, 9, 15, 20, 21, 23, 24, 25, 29, 34, 36, 37, 40, 41, 44, 50, 55, 62, 67, 69, 72, 73, 74, 84, 103]]
[112, 4.15338, [0, 1, 2, 4, 5, 7, 8, 9, 15, 20, 21, 23, 24, 25, 29, 34, 36, 37, 40, 41, 44, 50, 55, 66, 67, 69, 72, 73, 74, 84, 103]]
[112, 4.1535, [0, 1, 2, 4, 5, 7, 8, 9, 16, 17, 18, 21, 22, 26, 28, 29, 32, 33, 36, 39, 51, 52, 53, 55, 62, 68, 70, 71, 79, 81]]
[112, 4.153, [0, 1, 2, 4, 5, 7, 8, 9, 16, 17, 19, 20, 21, 26, 27, 28, 39, 41, 42, 43, 46, 48, 49, 51, 53, 54, 59, 62, 96, 103]]
[112, 4.15506, [0, 1, 2, 4, 5, 7, 8, 9, 16, 17, 19, 20, 22, 28, 29, 30, 32, 33, 35, 36, 37, 42, 59, 66, 67, 68, 71, 74, 80, 87]]
[112, 4.15531, [0, 1, 2, 4, 5, 7, 8, 9, 16, 17, 19, 20, 22, 28, 29, 30, 32, 33, 35, 36, 37, 42, 59, 66, 68, 69, 71, 74, 80, 83]]
[112, 4.16788, [0, 1, 2, 4, 5, 7, 8, 9, 17, 18, 19, 21, 22, 24, 28, 29, 30, 32, 33, 35, 37, 44, 54, 62, 67, 69, 70, 71, 76, 82]]
[112, 4.15657, [0, 1, 2, 4, 5, 7, 8, 9, 17, 18, 19, 21, 22, 24, 28, 29, 30, 32, 33, 37, 44, 48, 54, 62, 67, 69, 70, 71, 76, 82]]
[112, 4.16599, [0, 1, 2, 4, 5, 7, 8, 9, 17, 19, 20, 22, 23, 24, 27, 28, 30, 34, 35, 36, 38, 39, 45, 59, 62, 68, 69, 70, 72, 85]]
[112, 4.16405, [0, 1, 2, 4, 5, 7, 8, 9, 17, 19, 20, 22, 23, 24, 27, 28, 35, 38, 40, 41, 42, 45, 46, 47, 51, 52, 54, 55, 72, 100]]
[112, 4.15605, [0, 1, 2, 4, 5, 7, 8, 9, 17, 19, 20, 22, 23, 24, 28, 29, 31, 33, 37, 40, 44, 48, 50, 53, 54, 59, 62, 67, 69, 82]]
[112, 4.15908, [0, 1, 2, 4, 5, 7, 8, 9, 17, 20, 22, 23, 24, 28, 29, 31, 33, 36, 37, 39, 40, 53, 59, 62, 67, 68, 69, 71, 72, 74, 82]]
[112, 4.20116, [0, 1, 2, 4, 5, 7, 8, 13, 14, 15, 17, 18, 24, 25, 26, 28, 31, 33, 36, 40, 43, 45, 46, 48, 51, 52, 53, 55, 66, 77]]
[112, 4.19728, [0, 1, 2, 4, 5, 7, 8, 13, 14, 15, 17, 18, 24, 25, 26, 28, 31, 33, 36, 40, 43, 45, 46, 48, 51, 52, 53, 55, 66, 93]]
[112, 4.19118, [0, 1, 2, 4, 5, 7, 8, 13, 14, 15, 17, 18, 24, 25, 26, 28, 31, 33, 36, 40, 43, 45, 46, 48, 52, 53, 55, 66, 75, 77]]
[112, 4.18278, [0, 1, 2, 4, 5, 7, 8, 13, 14, 15, 17, 18, 24, 25, 26, 28, 31, 33, 36, 40, 43, 46, 48, 51, 52, 53, 55, 66, 77, 93]]
[112, 4.17279, [0, 1, 2, 4, 5, 7, 8, 13, 14, 15, 17, 18, 24, 25, 26, 28, 33, 36, 40, 43, 45, 46, 48, 51, 52, 53, 55, 66, 75, 77]]
[112, 4.18322, [0, 1, 2, 4, 5, 7, 8, 13, 14, 15, 17, 23, 24, 28, 29, 30, 33, 36, 37, 40, 46, 48, 51, 52, 54, 59, 66, 75, 77, 87, 90]]
[112, 4.1891, [0, 1, 2, 4, 5, 7, 11, 12, 13, 15, 16, 18, 20, 23, 26, 27, 30, 32, 33, 35, 40, 41, 42, 49, 53, 62, 65, 70, 85, 101]]
[112, 4.18875, [0, 1, 2, 4, 5, 7, 11, 12, 13, 15, 16, 18, 20, 23, 26, 27, 30, 32, 33, 35, 40, 41, 42, 49, 53, 62, 65, 70, 85, 103]]
[112, 4.17939, [0, 1, 2, 4, 5, 7, 11, 12, 13, 15, 16, 18, 20, 23, 26, 27, 30, 32, 33, 35, 40, 41, 42, 49, 53, 62, 70, 85, 101, 103]]
[112, 4.17896, [0, 1, 2, 4, 5, 7, 11, 12, 13, 15, 16, 18, 20, 23, 26, 27, 30, 32, 33, 35, 40, 41, 42, 51, 53, 62, 75, 81, 93, 104]]
[112, 4.17311, [0, 1, 2, 4, 5, 7, 11, 12, 13, 15, 16, 18, 20, 23, 26, 27, 30, 32, 33, 35, 40, 41, 42, 51, 62, 66, 75, 81, 93, 104]]
[112, 4.16396, [0, 1, 2, 4, 5, 7, 11, 12, 13, 15, 16, 18, 20, 23, 26, 27, 30, 32, 33, 35, 41, 42, 51, 53, 62, 66, 75, 81, 93, 104]]
[112, 4.16011, [0, 1, 2, 4, 5, 7, 11, 12, 13, 15, 16, 18, 20, 23, 26, 27, 30, 32, 33, 35, 41, 42, 51, 53, 62, 75, 78, 81, 93, 104]]
[112, 4.15449, [0, 1, 2, 4, 5, 7, 11, 12, 13, 15, 16, 18, 20, 23, 26, 27, 30, 32, 35, 36, 40, 42, 51, 53, 62, 75, 80, 85, 101, 103]]
[112, 4.15386, [0, 1, 2, 4, 5, 7, 11, 12, 13, 15, 16, 18, 20, 23, 26, 27, 30, 32, 36, 40, 42, 47, 51, 53, 55, 62, 75, 81, 101, 104]]
[112, 4.16013, [0, 1, 2, 4, 5, 7, 11, 12, 13, 15, 16, 18, 20, 23, 26, 27, 30, 33, 35, 41, 42, 48, 49, 51, 53, 62, 75, 78, 92, 93]]
[112, 4.15353, [0, 1, 2, 4, 5, 7, 11, 12, 13, 15, 16, 18, 20, 23, 26, 27, 30, 33, 35, 41, 42, 48, 49, 53, 62, 65, 75, 78, 92, 93]]
[112, 4.15616, [0, 1, 2, 4, 5, 7, 11, 12, 13, 15, 16, 18, 20, 23, 26, 27, 32, 33, 35, 40, 41, 42, 49, 51, 53, 62, 75, 93, 100, 104]]
[112, 4.15273, [0, 1, 2, 4, 5, 7, 11, 12, 13, 15, 16, 18, 20, 23, 26, 27, 32, 33, 35, 40, 41, 42, 49, 53, 62, 65, 70, 85, 101, 104]]
[112, 4.15238, [0, 1, 2, 4, 5, 7, 11, 12, 13, 15, 16, 18, 20, 23, 26, 27, 32, 33, 35, 40, 41, 42, 49, 53, 62, 65, 70, 85, 103, 104]]
[112, 4.18118, [0, 1, 2, 4, 5, 7, 11, 12, 13, 15, 16, 18, 20, 23, 26, 30, 32, 33, 35, 36, 40, 41, 42, 49, 53, 55, 64, 65, 85, 103]]
[112, 4.16741, [0, 1, 2, 4, 5, 7, 11, 12, 13, 15, 16, 18, 20, 23, 26, 30, 32, 33, 35, 36, 40, 41, 42, 49, 53, 64, 65, 85, 101, 103]]
[112, 4.16523, [0, 1, 2, 4, 5, 7, 11, 12, 13, 15, 16, 18, 20, 23, 26, 30, 32, 33, 35, 36, 40, 41, 42, 49, 53, 65, 70, 85, 101, 103]]
[112, 4.17844, [0, 1, 2, 4, 5, 7, 11, 12, 13, 15, 16, 18, 20, 23, 26, 30, 32, 33, 35, 36, 40, 41, 42, 51, 53, 55, 62, 66, 93, 104]]
[112, 4.17378, [0, 1, 2, 4, 5, 7, 11, 12, 13, 15, 16, 18, 20, 23, 26, 30, 32, 33, 35, 36, 40, 41, 42, 51, 53, 55, 62, 81, 93, 104]]
[112, 4.17183, [0, 1, 2, 4, 5, 7, 11, 12, 13, 15, 16, 18, 20, 23, 26, 30, 32, 33, 35, 36, 40, 41, 42, 53, 55, 62, 65, 66, 93, 104]]
[112, 4.1668, [0, 1, 2, 4, 5, 7, 11, 12, 13, 15, 16, 18, 20, 23, 26, 30, 32, 33, 35, 36, 40, 41, 42, 53, 55, 62, 66, 81, 93, 104]]
[112, 4.1586, [0, 1, 2, 4, 5, 7, 11, 12, 13, 15, 16, 18, 20, 23, 26, 30, 32, 33, 35, 36, 40, 41, 42, 53, 62, 65, 70, 85, 101, 103]]
[112, 4.15379, [0, 1, 2, 4, 5, 7, 11, 12, 13, 15, 16, 18, 20, 23, 26, 30, 32, 33, 35, 36, 40, 41, 42, 53, 64, 65, 84, 85, 101, 103]]
[112, 4.15787, [0, 1, 2, 4, 5, 7, 11, 12, 13, 15, 16, 18, 20, 23, 26, 30, 32, 33, 35, 36, 40, 42, 51, 53, 59, 62, 66, 75, 101, 104]]
[112, 4.15126, [0, 1, 2, 4, 5, 7, 11, 12, 13, 15, 16, 18, 20, 23, 26, 30, 32, 33, 35, 36, 40, 42, 53, 59, 62, 65, 66, 75, 101, 104]]
[112, 4.15492, [0, 1, 2, 4, 5, 7, 11, 12, 13, 15, 16, 18, 20, 23, 26, 30, 32, 33, 35, 36, 41, 42, 51, 53, 55, 62, 78, 81, 93, 104]]
[112, 4.15476, [0, 1, 2, 4, 5, 7, 11, 12, 13, 15, 16, 18, 20, 23, 26, 30, 32, 33, 35, 40, 41, 42, 51, 53, 55, 62, 66, 81, 93, 104]]
[112, 4.17402, [0, 1, 2, 4, 5, 7, 11, 12, 13, 15, 16, 18, 20, 23, 26, 30, 33, 36, 38, 41, 48, 49, 50, 53, 65, 78, 84, 85, 91, 98, 101]]
[112, 4.15715, [0, 1, 2, 4, 5, 7, 11, 12, 13, 15, 16, 18, 20, 23, 26, 30, 33, 36, 38, 41, 49, 50, 53, 65, 78, 84, 85, 91, 95, 98, 101]]
[112, 4.1625, [0, 1, 2, 4, 5, 7, 11, 12, 13, 15, 16, 18, 20, 23, 26, 32, 33, 35, 36, 40, 41, 42, 45, 51, 53, 55, 62, 66, 93, 104]]
[112, 4.15975, [0, 1, 2, 4, 5, 7, 11, 12, 13, 15, 16, 18, 20, 23, 27, 30, 32, 35, 36, 39, 40, 42, 43, 49, 53, 64, 65, 82, 93, 101]]
[112, 4.16016, [0, 1, 2, 4, 5, 7, 11, 12, 13, 15, 16, 18, 23, 26, 30, 32, 33, 35, 36, 38, 40, 49, 50, 51, 53, 80, 85, 95, 101, 103, 108]]
[112, 4.15434, [0, 1, 2, 4, 5, 7, 11, 12, 13, 15, 16, 18, 23, 26, 30, 32, 33, 35, 38, 40, 42, 49, 50, 51, 53, 80, 85, 95, 101, 103, 108]]
[112, 4.15284, [0, 1, 2, 4, 5, 7, 11, 12, 13, 15, 16, 20, 22, 23, 27, 35, 36, 37, 42, 43, 45, 48, 49, 53, 65, 66, 75, 82, 88, 96, 103]]
[112, 4.17053, [0, 1, 2, 4, 5, 7, 11, 12, 13, 15, 21, 22, 23, 26, 27, 28, 30, 36, 40, 42, 43, 47, 49, 52, 53, 55, 65, 72, 74, 75, 88]]

Search completed in 2 hours, 11 minutes, and 28.86 seconds.  Enter a string to quit.