Enter an integer k for which our Kempner sets are k-free: 4
Enter a positive integer modulus b: 22
Enter estimation parameters, or * for pre-computed parameters ([0.1509, 1.1634, 1.5708]): *
Enter a threshold (e.g. 4.2) to determine printed output: 3.3
Enter a root for the search space (e.g. [0, 1, 2]) [or * for the root [0]]: *
Enter an upper bound for the size of allowable digit sets [or * to ignore]: *
Enter a maximal number of deviations from a greedy search [or * to ignore]: *
Searching for k-free sets mod b...

[22, 4.41981, [0, 1, 2, 4, 5, 7, 8, 9, 14, 17]]
[22, 4.02954, [0, 1, 2, 4, 5, 7, 8, 9, 17]]
[22, 3.95905, [0, 1, 2, 4, 5, 7, 8, 14, 17]]
[22, 3.63003, [0, 1, 2, 4, 5, 7, 8, 17]]
[22, 3.9363, [0, 1, 2, 4, 5, 7, 9, 14, 17]]
[22, 3.609, [0, 1, 2, 4, 5, 7, 9, 17]]
[22, 3.54399, [0, 1, 2, 4, 5, 7, 14, 17]]
[22, 3.65363, [0, 1, 2, 4, 5, 8, 9, 10]]
[22, 3.90812, [0, 1, 2, 4, 5, 8, 9, 14, 17]]
[22, 3.58297, [0, 1, 2, 4, 5, 8, 9, 17]]
[22, 3.30639, [0, 1, 2, 4, 5, 8, 10]]
[22, 3.51803, [0, 1, 2, 4, 5, 8, 14, 17]]
[22, 3.49709, [0, 1, 2, 4, 5, 9, 14, 17]]
[22, 3.39784, [0, 1, 2, 4, 5, 14, 17, 19]]
[22, 3.36899, [0, 1, 2, 4, 5, 17, 18, 19]]
[22, 3.82441, [0, 1, 2, 4, 7, 8, 9, 14, 17]]
[22, 3.5057, [0, 1, 2, 4, 7, 8, 9, 17]]
[22, 3.44098, [0, 1, 2, 4, 7, 8, 14, 17]]
[22, 3.42009, [0, 1, 2, 4, 7, 9, 14, 17]]
[22, 3.30537, [0, 1, 2, 4, 7, 16, 17, 19]]
[22, 3.46428, [0, 1, 2, 4, 8, 9, 10, 14]]
[22, 3.39422, [0, 1, 2, 4, 8, 9, 14, 17]]
[22, 3.37698, [0, 1, 2, 4, 8, 10, 14, 17]]
[22, 3.5733, [0, 1, 2, 5, 6, 7, 9, 10]]
[22, 3.52578, [0, 1, 2, 5, 6, 7, 9, 14]]
[22, 3.41309, [0, 1, 2, 5, 6, 7, 15, 20]]
[22, 3.38712, [0, 1, 2, 5, 6, 7, 19, 20]]
[22, 3.54729, [0, 1, 2, 5, 6, 8, 9, 10]]
[22, 3.45365, [0, 1, 2, 5, 6, 8, 10, 18]]
[22, 3.40587, [0, 1, 2, 5, 6, 9, 14, 15]]
[22, 3.75748, [0, 1, 2, 5, 7, 8, 9, 14, 17]]
[22, 3.44397, [0, 1, 2, 5, 7, 8, 9, 17]]
[22, 3.37946, [0, 1, 2, 5, 7, 8, 14, 17]]
[22, 3.34008, [0, 1, 2, 5, 7, 8, 17, 20]]
[22, 3.35862, [0, 1, 2, 5, 7, 9, 14, 17]]
[22, 3.33281, [0, 1, 2, 5, 8, 9, 14, 17]]
[22, 3.33003, [0, 1, 2, 6, 8, 9, 10, 18]]
[22, 3.66864, [0, 1, 2, 7, 10, 15, 16, 17, 19, 20]]
[22, 3.37613, [0, 1, 2, 7, 10, 15, 16, 17, 20]]
[22, 3.36373, [0, 1, 2, 7, 10, 15, 16, 19, 20]]
[22, 3.35656, [0, 1, 2, 7, 10, 15, 17, 19, 20]]
[22, 3.34859, [0, 1, 2, 7, 10, 16, 17, 19, 20]]
[22, 3.49083, [0, 1, 3, 4, 5, 8, 9, 10]]
[22, 3.43605, [0, 1, 3, 4, 5, 8, 10, 13]]
[22, 3.89496, [0, 1, 3, 4, 5, 10, 13, 18, 19, 20]]
[22, 3.58421, [0, 1, 3, 4, 5, 10, 13, 18, 20]]
[22, 3.57829, [0, 1, 3, 4, 5, 10, 13, 19, 20]]
[22, 3.31233, [0, 1, 3, 4, 5, 10, 13, 20]]
[22, 3.53763, [0, 1, 3, 4, 5, 10, 18, 19, 20]]
[22, 3.49737, [0, 1, 3, 4, 5, 13, 18, 19, 20]]
[22, 3.75302, [0, 1, 3, 4, 6, 7, 8, 13, 16]]
[22, 3.43075, [0, 1, 3, 4, 6, 7, 8, 16]]
[22, 3.35537, [0, 1, 3, 4, 6, 7, 13, 16]]
[22, 3.32965, [0, 1, 3, 4, 6, 8, 13, 16]]
[22, 3.34698, [0, 1, 3, 4, 10, 13, 18, 19, 20]]
[22, 3.33056, [0, 1, 3, 5, 6, 8, 10, 13]]
[22, 3.48195, [0, 1, 4, 5, 7, 8, 9, 14, 17]]

Search completed in 0 hours, 0 minutes, and 0.029 seconds.  Enter a string to quit.