Enter an integer k for which our Kempner sets are k-free: 4
Enter a positive integer modulus b: 55
Enter estimation parameters, or * for pre-computed parameters ([0.1007, 1.108, 1.4356]): *
Enter a threshold (e.g. 4.2) to determine printed output: 4.2
Enter a root for the search space (e.g. [0, 1, 2]) [or * for the root [0]]: *
Enter an upper bound for the size of allowable digit sets [or * to ignore]: *
Enter a maximal number of deviations from a greedy search [or * to ignore]: *
Searching for k-free sets mod b...

[55, 4.26245, [0, 1, 2, 4, 5, 7, 8, 9, 14, 15, 17, 18, 23, 33, 35, 37, 38, 42, 44]]
[55, 4.26139, [0, 1, 2, 4, 5, 7, 8, 9, 14, 15, 17, 18, 23, 33, 35, 37, 38, 43, 44]]
[55, 4.22534, [0, 1, 2, 4, 5, 7, 8, 9, 14, 15, 17, 18, 33, 35, 37, 38, 41, 43, 47]]
[55, 4.22399, [0, 1, 2, 4, 5, 7, 8, 9, 14, 16, 17, 18, 33, 35, 37, 38, 41, 42, 43]]
[55, 4.28178, [0, 1, 2, 4, 5, 7, 8, 9, 15, 16, 18, 19, 20, 25, 28, 33, 39, 43, 45]]
[55, 4.23078, [0, 1, 2, 4, 5, 7, 8, 9, 17, 19, 20, 22, 23, 24, 28, 30, 34, 47, 50]]
[55, 4.20941, [0, 1, 2, 4, 5, 7, 8, 9, 17, 19, 21, 22, 24, 26, 27, 29, 46, 47, 49]]
[55, 4.20272, [0, 1, 2, 4, 5, 7, 8, 9, 17, 19, 22, 23, 24, 26, 27, 29, 46, 47, 49]]
[55, 4.21934, [0, 1, 2, 4, 5, 7, 8, 13, 14, 15, 17, 18, 26, 28, 32, 34, 36, 43, 52]]
[55, 4.21113, [0, 1, 2, 4, 5, 7, 8, 13, 14, 16, 17, 18, 26, 28, 30, 34, 36, 49, 52]]
[55, 4.33774, [0, 1, 2, 4, 5, 7, 8, 13, 14, 16, 17, 18, 26, 28, 32, 34, 36, 43, 49, 52]]
[55, 4.21307, [0, 1, 2, 4, 5, 7, 8, 13, 14, 16, 17, 18, 26, 28, 32, 34, 36, 43, 52]]
[55, 4.20749, [0, 1, 2, 4, 5, 7, 8, 13, 14, 16, 17, 18, 26, 28, 32, 34, 36, 49, 52]]
[55, 4.24236, [0, 1, 2, 4, 5, 7, 8, 13, 15, 17, 18, 20, 24, 25, 26, 29, 33, 34, 45]]
[55, 4.25367, [0, 1, 2, 4, 5, 7, 9, 12, 14, 15, 16, 20, 22, 25, 27, 31, 36, 37, 45]]
[55, 4.23621, [0, 1, 2, 4, 5, 7, 9, 12, 14, 15, 16, 20, 22, 25, 27, 36, 37, 44, 45]]
[55, 4.22844, [0, 1, 2, 4, 5, 7, 9, 12, 14, 15, 16, 22, 24, 25, 27, 29, 37, 45, 51]]
[55, 4.22447, [0, 1, 2, 4, 5, 7, 11, 12, 13, 15, 16, 18, 24, 26, 28, 33, 34, 38, 51]]
[55, 4.21577, [0, 1, 2, 4, 5, 7, 11, 12, 13, 15, 16, 20, 21, 22, 25, 41, 43, 45, 49]]
[55, 4.22568, [0, 1, 2, 4, 5, 7, 11, 12, 14, 15, 16, 20, 22, 25, 27, 31, 36, 37, 45]]
[55, 4.2186, [0, 1, 2, 4, 5, 7, 11, 12, 14, 16, 20, 22, 23, 25, 26, 27, 31, 36, 37]]
[55, 4.20375, [0, 1, 2, 4, 5, 8, 9, 10, 14, 17, 18, 21, 23, 24, 29, 36, 39, 43, 45]]
[55, 4.2028, [0, 1, 2, 4, 5, 8, 9, 10, 14, 17, 18, 21, 23, 29, 31, 33, 36, 39, 43]]
[55, 4.20142, [0, 1, 2, 4, 5, 8, 9, 10, 14, 17, 18, 21, 23, 29, 31, 33, 37, 39, 43]]
[55, 4.44949, [0, 1, 2, 4, 5, 9, 10, 11, 14, 16, 17, 18, 21, 24, 30, 37, 39, 41, 42, 45, 47]]
[55, 4.3145, [0, 1, 2, 4, 5, 9, 10, 11, 14, 16, 17, 18, 21, 24, 30, 37, 39, 41, 42, 47]]
[55, 4.31137, [0, 1, 2, 4, 5, 9, 10, 11, 14, 16, 17, 18, 21, 24, 30, 37, 39, 41, 45, 47]]
[55, 4.31024, [0, 1, 2, 4, 5, 9, 10, 11, 14, 16, 17, 18, 21, 24, 30, 37, 39, 42, 45, 47]]
[55, 4.30783, [0, 1, 2, 4, 5, 9, 10, 11, 14, 16, 17, 18, 21, 24, 30, 37, 41, 42, 45, 47]]
[55, 4.3052, [0, 1, 2, 4, 5, 9, 10, 11, 14, 16, 17, 18, 21, 24, 30, 39, 41, 42, 45, 47]]
[55, 4.29367, [0, 1, 2, 4, 5, 9, 10, 11, 14, 16, 17, 18, 21, 24, 37, 39, 41, 42, 45, 47]]
[55, 4.29145, [0, 1, 2, 4, 5, 9, 10, 11, 14, 16, 17, 18, 21, 24, 37, 39, 42, 43, 45, 47]]
[55, 4.27923, [0, 1, 2, 4, 5, 9, 10, 11, 14, 16, 17, 18, 21, 30, 37, 39, 41, 42, 45, 47]]
[55, 4.26931, [0, 1, 2, 4, 5, 9, 10, 11, 14, 16, 17, 18, 24, 30, 37, 39, 41, 42, 45, 47]]
[55, 4.25646, [0, 1, 2, 4, 5, 9, 10, 11, 14, 16, 17, 21, 24, 30, 37, 39, 41, 42, 45, 47]]
[55, 4.25128, [0, 1, 2, 4, 5, 9, 10, 11, 14, 16, 18, 21, 24, 30, 37, 39, 41, 42, 45, 47]]
[55, 4.24183, [0, 1, 2, 4, 5, 9, 10, 11, 14, 16, 18, 21, 24, 30, 37, 41, 42, 45, 47, 48]]
[55, 4.24552, [0, 1, 2, 4, 5, 9, 10, 11, 14, 17, 18, 21, 24, 30, 37, 39, 41, 42, 45, 47]]
[55, 4.25869, [0, 1, 2, 4, 5, 9, 10, 11, 16, 17, 18, 21, 24, 28, 30, 37, 39, 41, 42, 45]]
[55, 4.23179, [0, 1, 2, 4, 5, 9, 10, 11, 16, 17, 18, 21, 24, 30, 37, 39, 41, 42, 45, 47]]
[55, 4.20287, [0, 1, 2, 4, 5, 9, 10, 14, 16, 17, 18, 21, 24, 30, 37, 39, 41, 42, 45, 47]]
[55, 4.26193, [0, 1, 2, 4, 5, 10, 11, 13, 14, 16, 17, 18, 21, 24, 30, 37, 39, 41, 45, 47]]
[55, 4.25116, [0, 1, 2, 4, 7, 8, 9, 13, 14, 15, 17, 18, 26, 28, 31, 32, 34, 36, 43, 52]]
[55, 4.24275, [0, 1, 2, 4, 7, 8, 9, 13, 14, 16, 17, 18, 26, 28, 30, 31, 34, 36, 49, 52]]
[55, 4.37378, [0, 1, 2, 4, 7, 8, 9, 13, 14, 16, 17, 18, 26, 28, 31, 32, 34, 36, 43, 49, 52]]
[55, 4.24471, [0, 1, 2, 4, 7, 8, 9, 13, 14, 16, 17, 18, 26, 28, 31, 32, 34, 36, 43, 52]]
[55, 4.23902, [0, 1, 2, 4, 7, 8, 9, 13, 14, 16, 17, 18, 26, 28, 31, 32, 34, 36, 49, 52]]
[55, 4.23039, [0, 1, 2, 4, 7, 8, 9, 13, 14, 16, 17, 18, 26, 28, 31, 32, 34, 43, 49, 52]]
[55, 4.22737, [0, 1, 2, 4, 7, 8, 9, 13, 14, 16, 17, 18, 26, 28, 31, 32, 36, 43, 49, 52]]
[55, 4.22403, [0, 1, 2, 4, 7, 8, 9, 13, 14, 16, 17, 18, 26, 28, 31, 34, 36, 43, 49, 52]]
[55, 4.22221, [0, 1, 2, 4, 7, 8, 9, 13, 14, 16, 17, 18, 26, 28, 32, 34, 36, 43, 49, 52]]
[55, 4.2161, [0, 1, 2, 4, 7, 8, 9, 13, 14, 16, 17, 18, 26, 31, 32, 34, 36, 43, 49, 52]]
[55, 4.21134, [0, 1, 2, 4, 7, 8, 9, 13, 14, 16, 17, 18, 28, 31, 32, 34, 36, 43, 49, 52]]
[55, 4.20184, [0, 1, 2, 5, 6, 7, 9, 10, 12, 16, 20, 21, 22, 25, 26, 27, 29, 35, 37]]

Search completed in 0 hours, 2 minutes, and 21.793 seconds.  Enter a string to quit.