Enter an integer k for which our Kempner sets are k-free: 4
Enter a positive integer modulus b: 89
Enter estimation parameters, or * for pre-computed parameters ([0.0883, 1.0824, 1.4168]): *
Enter a threshold (e.g. 4.2) to determine printed output: 4.22
Enter a root for the search space (e.g. [0, 1, 2]) [or * for the root [0]]: *
Enter an upper bound for the size of allowable digit sets [or * to ignore]: 31
Enter a maximal number of deviations from a greedy search [or * to ignore]: *
Searching for k-free sets mod b...

[89, 4.22725, [0, 1, 2, 4, 5, 7, 8, 9, 14, 15, 16, 18, 26, 28, 29, 31, 33, 34, 36, 39, 47, 48, 53, 57, 59, 69]]
[89, 4.2218, [0, 1, 2, 4, 5, 7, 8, 9, 14, 15, 16, 18, 26, 28, 30, 31, 33, 34, 36, 43, 47, 48, 53, 57, 59, 69]]
[89, 4.22111, [0, 1, 2, 4, 5, 7, 8, 9, 14, 15, 16, 18, 26, 28, 30, 31, 33, 34, 36, 43, 47, 49, 53, 57, 59, 69]]
[89, 4.22762, [0, 1, 2, 4, 5, 7, 8, 9, 14, 15, 16, 18, 26, 28, 31, 32, 34, 35, 36, 43, 45, 47, 51, 53, 57, 58]]
[89, 4.22524, [0, 1, 2, 4, 5, 7, 8, 9, 14, 15, 16, 18, 26, 28, 31, 32, 34, 35, 36, 43, 45, 47, 53, 55, 57, 58]]
[89, 4.27862, [0, 1, 2, 4, 5, 7, 8, 9, 14, 15, 16, 18, 28, 32, 33, 34, 36, 37, 39, 43, 45, 47, 53, 55, 57, 58, 60]]
[89, 4.22273, [0, 1, 2, 4, 5, 7, 8, 9, 14, 15, 17, 18, 23, 24, 26, 30, 33, 39, 40, 41, 44, 50, 51, 66, 68, 84]]
[89, 4.27468, [0, 1, 2, 4, 5, 7, 8, 9, 14, 15, 17, 18, 23, 24, 33, 35, 36, 37, 40, 44, 46, 50, 55, 58, 60, 78, 79]]
[89, 4.23769, [0, 1, 2, 4, 5, 7, 8, 9, 14, 15, 17, 18, 23, 33, 40, 41, 45, 47, 58, 63, 64, 66, 69, 70, 71, 75, 78, 79]]
[89, 4.22129, [0, 1, 2, 4, 5, 7, 8, 9, 14, 15, 17, 18, 24, 26, 28, 29, 31, 33, 36, 46, 50, 52, 55, 59, 66, 77]]
[89, 4.23313, [0, 1, 2, 4, 5, 7, 8, 9, 14, 15, 17, 18, 24, 30, 31, 35, 37, 42, 46, 48, 50, 56, 58, 64, 71, 76, 79]]
[89, 4.23076, [0, 1, 2, 4, 5, 7, 8, 9, 14, 15, 17, 18, 24, 30, 31, 35, 37, 42, 46, 48, 50, 56, 58, 64, 76, 78, 79]]
[89, 4.23381, [0, 1, 2, 4, 5, 7, 8, 9, 14, 15, 17, 18, 26, 28, 30, 31, 33, 40, 46, 50, 59, 64, 66, 68, 69, 71, 76]]
[89, 4.24461, [0, 1, 2, 4, 5, 7, 8, 9, 14, 15, 17, 18, 30, 31, 33, 36, 37, 38, 40, 41, 47, 51, 55, 57, 58, 75, 84]]
[89, 4.22991, [0, 1, 2, 4, 5, 7, 8, 9, 14, 15, 17, 18, 30, 31, 33, 36, 37, 38, 40, 47, 51, 55, 57, 58, 64, 75, 84]]
[89, 4.25517, [0, 1, 2, 4, 5, 7, 8, 9, 14, 15, 17, 24, 26, 27, 31, 32, 33, 39, 41, 43, 44, 53, 56, 57, 59, 69, 72]]
[89, 4.24732, [0, 1, 2, 4, 5, 7, 8, 9, 14, 15, 18, 23, 25, 26, 28, 30, 34, 39, 40, 47, 54, 56, 57, 59, 62, 70, 81]]
[89, 4.23565, [0, 1, 2, 4, 5, 7, 8, 9, 14, 15, 18, 23, 25, 26, 28, 30, 34, 39, 47, 51, 53, 57, 59, 62, 63, 70, 81]]
[89, 4.23468, [0, 1, 2, 4, 5, 7, 8, 9, 14, 15, 18, 23, 25, 26, 28, 30, 34, 39, 47, 51, 53, 57, 61, 62, 63, 70, 81]]
[89, 4.22849, [0, 1, 2, 4, 5, 7, 8, 9, 14, 15, 18, 23, 25, 26, 28, 30, 34, 39, 47, 54, 56, 57, 59, 62, 70, 72, 81]]
[89, 4.25503, [0, 1, 2, 4, 5, 7, 8, 9, 14, 16, 17, 18, 22, 28, 29, 30, 32, 33, 35, 36, 37, 45, 51, 55, 57, 58]]
[89, 4.23955, [0, 1, 2, 4, 5, 7, 8, 9, 14, 16, 17, 18, 22, 28, 29, 30, 33, 35, 36, 37, 45, 47, 51, 55, 57, 58]]
[89, 4.23586, [0, 1, 2, 4, 5, 7, 8, 9, 14, 16, 17, 18, 22, 28, 29, 31, 32, 33, 36, 37, 39, 51, 55, 57, 58, 69]]
[89, 4.22813, [0, 1, 2, 4, 5, 7, 8, 9, 14, 16, 17, 18, 22, 28, 29, 31, 33, 37, 43, 59, 63, 66, 71, 73, 76, 78, 79]]
[89, 4.22818, [0, 1, 2, 4, 5, 7, 8, 9, 14, 16, 17, 18, 22, 29, 31, 32, 33, 37, 38, 39, 42, 43, 51, 57, 58, 59]]
[89, 4.22817, [0, 1, 2, 4, 5, 7, 8, 9, 14, 16, 17, 18, 22, 29, 32, 33, 34, 37, 38, 39, 42, 43, 45, 57, 58, 59]]
[89, 4.23577, [0, 1, 2, 4, 5, 7, 8, 9, 14, 16, 17, 18, 26, 28, 29, 31, 32, 33, 36, 37, 39, 43, 51, 55, 57, 69]]
[89, 4.29432, [0, 1, 2, 4, 5, 7, 8, 9, 14, 16, 17, 18, 26, 28, 29, 33, 34, 36, 37, 39, 43, 45, 47, 55, 57, 59, 83]]
[89, 4.27246, [0, 1, 2, 4, 5, 7, 8, 9, 14, 16, 17, 18, 26, 28, 29, 33, 34, 36, 37, 43, 45, 47, 55, 57, 59, 78, 83]]
[89, 4.25705, [0, 1, 2, 4, 5, 7, 8, 9, 14, 16, 17, 18, 26, 29, 33, 34, 36, 37, 39, 43, 45, 47, 55, 57, 59, 78, 83]]
[89, 4.28747, [0, 1, 2, 4, 5, 7, 8, 9, 14, 16, 17, 22, 26, 29, 31, 32, 33, 37, 39, 40, 42, 43, 44, 51, 53, 57, 72]]
[89, 4.27778, [0, 1, 2, 4, 5, 7, 8, 9, 14, 16, 17, 22, 26, 29, 31, 32, 33, 37, 39, 40, 42, 43, 51, 53, 57, 59, 72]]
[89, 4.22528, [0, 1, 2, 4, 5, 7, 8, 9, 14, 16, 18, 26, 30, 31, 32, 36, 37, 39, 40, 42, 43, 51, 53, 57, 58, 59, 69]]
[89, 4.23449, [0, 1, 2, 4, 5, 7, 8, 9, 14, 17, 18, 22, 23, 24, 29, 30, 31, 33, 37, 45, 63, 66, 69, 75, 77, 78, 79]]
[89, 4.22412, [0, 1, 2, 4, 5, 7, 8, 9, 14, 17, 18, 23, 24, 26, 28, 29, 31, 43, 47, 49, 57, 59, 63, 64, 65, 74, 76]]
[89, 4.2472, [0, 1, 2, 4, 5, 7, 8, 9, 14, 17, 22, 23, 24, 26, 27, 29, 30, 31, 36, 39, 45, 51, 69, 70, 75, 78, 81]]
[89, 4.24913, [0, 1, 2, 4, 5, 7, 8, 9, 14, 17, 22, 23, 24, 26, 27, 29, 30, 31, 39, 42, 45, 50, 51, 69, 75, 81, 84]]
[89, 4.22312, [0, 1, 2, 4, 5, 7, 8, 9, 14, 17, 22, 23, 24, 26, 27, 29, 30, 39, 47, 49, 53, 61, 62, 63, 65, 66, 74]]
[89, 4.25225, [0, 1, 2, 4, 5, 7, 8, 9, 14, 17, 22, 23, 24, 26, 29, 30, 31, 33, 40, 42, 46, 52, 54, 57, 64, 67, 72]]
[89, 4.22897, [0, 1, 2, 4, 5, 7, 8, 9, 14, 17, 22, 23, 24, 27, 28, 30, 35, 36, 41, 47, 49, 51, 55, 61, 64, 73, 78]]
[89, 4.22359, [0, 1, 2, 4, 5, 7, 8, 9, 15, 16, 17, 19, 20, 26, 27, 28, 30, 31, 33, 39, 52, 56, 64, 68, 70, 72]]
[89, 4.22907, [0, 1, 2, 4, 5, 7, 8, 9, 15, 16, 17, 19, 20, 26, 27, 28, 30, 31, 33, 39, 53, 57, 59, 63, 67, 69]]
[89, 4.22264, [0, 1, 2, 4, 5, 7, 8, 9, 15, 16, 17, 19, 20, 26, 27, 28, 30, 31, 33, 39, 53, 59, 63, 67, 69, 72]]
[89, 4.24115, [0, 1, 2, 4, 5, 7, 8, 9, 15, 16, 17, 19, 20, 26, 27, 28, 32, 33, 34, 39, 43, 53, 55, 56, 57, 69]]
[89, 4.22642, [0, 1, 2, 4, 5, 7, 8, 9, 15, 16, 17, 19, 20, 26, 27, 28, 32, 33, 34, 45, 52, 54, 56, 57, 60, 68]]
[89, 4.22914, [0, 1, 2, 4, 5, 7, 8, 9, 15, 16, 17, 19, 20, 26, 27, 29, 30, 32, 34, 46, 50, 52, 55, 56, 58, 79]]
[89, 4.2231, [0, 1, 2, 4, 5, 7, 8, 9, 15, 16, 17, 19, 20, 26, 27, 29, 30, 32, 34, 46, 50, 52, 56, 58, 68, 79]]
[89, 4.23515, [0, 1, 2, 4, 5, 7, 8, 9, 15, 16, 17, 19, 20, 26, 27, 31, 32, 34, 36, 39, 40, 45, 50, 56, 68, 79]]
[89, 4.22156, [0, 1, 2, 4, 5, 7, 8, 9, 15, 16, 17, 19, 20, 26, 27, 31, 32, 34, 39, 40, 45, 50, 52, 56, 68, 79]]
[89, 4.22289, [0, 1, 2, 4, 5, 7, 8, 9, 15, 16, 17, 19, 20, 29, 32, 33, 34, 36, 37, 40, 42, 45, 50, 54, 56, 59]]
[89, 4.2231, [0, 1, 2, 4, 5, 7, 8, 9, 15, 16, 17, 19, 26, 27, 28, 32, 33, 34, 39, 42, 43, 44, 46, 52, 56, 57]]
[89, 4.26055, [0, 1, 2, 4, 5, 7, 8, 9, 15, 16, 17, 19, 27, 28, 32, 33, 34, 36, 39, 43, 46, 52, 56, 57, 58, 60, 68]]
[89, 4.26796, [0, 1, 2, 4, 5, 7, 8, 9, 15, 16, 17, 19, 27, 28, 32, 33, 34, 39, 42, 43, 44, 46, 52, 56, 57, 58, 60]]
[89, 4.23874, [0, 1, 2, 4, 5, 7, 8, 9, 15, 16, 17, 20, 21, 28, 29, 30, 32, 33, 36, 37, 38, 42, 50, 51, 58, 75]]
[89, 4.23054, [0, 1, 2, 4, 5, 7, 8, 9, 15, 16, 17, 20, 21, 28, 29, 30, 32, 33, 36, 37, 38, 42, 50, 51, 75, 79]]
[89, 4.25718, [0, 1, 2, 4, 5, 7, 8, 9, 15, 16, 18, 19, 20, 25, 26, 28, 29, 31, 32, 33, 45, 50, 52, 54, 66, 70]]
[89, 4.22785, [0, 1, 2, 4, 5, 7, 8, 9, 15, 16, 18, 19, 20, 25, 26, 28, 29, 31, 32, 50, 52, 55, 56, 58, 68, 70]]
[89, 4.22358, [0, 1, 2, 4, 5, 7, 8, 9, 15, 16, 18, 19, 20, 25, 26, 28, 29, 31, 32, 50, 52, 55, 58, 65, 68, 70]]
[89, 4.23878, [0, 1, 2, 4, 5, 7, 8, 9, 15, 16, 18, 19, 20, 25, 26, 28, 29, 31, 33, 45, 49, 51, 53, 59, 63, 67]]
[89, 4.24052, [0, 1, 2, 4, 5, 7, 8, 9, 15, 16, 18, 19, 20, 25, 26, 28, 29, 31, 33, 45, 49, 51, 55, 57, 59, 67]]
[89, 4.22818, [0, 1, 2, 4, 5, 7, 8, 9, 15, 16, 18, 19, 20, 25, 26, 28, 29, 31, 33, 45, 51, 53, 57, 59, 67, 79]]
[89, 4.22529, [0, 1, 2, 4, 5, 7, 8, 9, 15, 16, 18, 19, 20, 25, 26, 28, 29, 31, 33, 45, 51, 53, 59, 63, 67, 79]]
[89, 4.22524, [0, 1, 2, 4, 5, 7, 8, 9, 15, 16, 18, 19, 20, 25, 26, 28, 29, 31, 33, 45, 53, 56, 57, 59, 67, 79]]
[89, 4.22183, [0, 1, 2, 4, 5, 7, 8, 9, 15, 16, 18, 19, 20, 25, 26, 28, 29, 31, 33, 45, 53, 57, 59, 63, 67, 79]]
[89, 4.23106, [0, 1, 2, 4, 5, 7, 8, 9, 15, 16, 18, 19, 20, 25, 26, 28, 29, 31, 33, 49, 51, 53, 57, 59, 63, 67]]
[89, 4.22534, [0, 1, 2, 4, 5, 7, 8, 9, 15, 16, 18, 19, 20, 25, 29, 32, 36, 37, 38, 41, 42, 45, 50, 51, 60, 62]]
[89, 4.24198, [0, 1, 2, 4, 5, 7, 8, 9, 15, 16, 18, 19, 20, 26, 28, 30, 31, 34, 35, 36, 39, 47, 51, 57, 59, 69]]
[89, 4.2278, [0, 1, 2, 4, 5, 7, 8, 9, 15, 16, 18, 19, 20, 26, 28, 30, 31, 34, 35, 39, 47, 51, 53, 57, 59, 69]]
[89, 4.22751, [0, 1, 2, 4, 5, 7, 8, 9, 15, 16, 18, 19, 20, 26, 28, 31, 32, 33, 35, 39, 45, 53, 55, 56, 57, 67]]
[89, 4.22119, [0, 1, 2, 4, 5, 7, 8, 9, 15, 16, 18, 19, 20, 26, 30, 31, 32, 34, 35, 39, 47, 51, 53, 57, 59, 69]]
[89, 4.22178, [0, 1, 2, 4, 5, 7, 8, 9, 15, 16, 18, 19, 20, 26, 32, 34, 35, 36, 39, 40, 41, 45, 47, 51, 59, 61]]
[89, 4.24129, [0, 1, 2, 4, 5, 7, 8, 9, 15, 16, 18, 19, 20, 31, 32, 34, 35, 39, 41, 45, 47, 51, 59, 65, 69, 72, 77]]
[89, 4.22933, [0, 1, 2, 4, 5, 7, 8, 9, 15, 16, 18, 19, 21, 25, 26, 28, 29, 30, 36, 48, 50, 52, 56, 58, 62, 66]]
[89, 4.23135, [0, 1, 2, 4, 5, 7, 8, 9, 15, 16, 18, 19, 21, 25, 26, 28, 30, 36, 39, 42, 43, 51, 55, 57, 58, 62]]
[89, 4.23072, [0, 1, 2, 4, 5, 7, 8, 9, 15, 16, 18, 19, 21, 25, 26, 28, 30, 36, 39, 42, 43, 52, 55, 57, 58, 62]]
[89, 4.22599, [0, 1, 2, 4, 5, 7, 8, 9, 15, 16, 18, 19, 21, 25, 26, 28, 30, 36, 39, 42, 50, 52, 55, 56, 58, 62]]
[89, 4.22124, [0, 1, 2, 4, 5, 7, 8, 9, 15, 16, 18, 19, 21, 25, 26, 28, 30, 36, 39, 47, 49, 51, 55, 57, 61, 62]]
[89, 4.22541, [0, 1, 2, 4, 5, 7, 8, 9, 15, 16, 18, 19, 21, 26, 28, 29, 30, 33, 34, 35, 46, 48, 53, 67, 69, 79]]
[89, 4.26135, [0, 1, 2, 4, 5, 7, 8, 9, 15, 16, 18, 20, 21, 25, 26, 28, 29, 32, 52, 54, 55, 56, 60, 62, 70, 72, 77]]
[89, 4.25465, [0, 1, 2, 4, 5, 7, 8, 9, 15, 16, 18, 20, 21, 25, 26, 28, 29, 32, 52, 55, 56, 60, 62, 68, 70, 72, 77]]
[89, 4.22944, [0, 1, 2, 4, 5, 7, 8, 9, 15, 16, 18, 20, 21, 25, 26, 28, 32, 52, 54, 55, 56, 60, 62, 68, 70, 72, 77]]
[89, 4.22958, [0, 1, 2, 4, 5, 7, 8, 9, 15, 16, 18, 20, 21, 28, 29, 30, 32, 33, 35, 36, 37, 47, 51, 57, 58, 75]]
[89, 4.2258, [0, 1, 2, 4, 5, 7, 8, 9, 15, 16, 18, 20, 21, 29, 30, 31, 33, 38, 39, 52, 54, 63, 64, 70, 72, 78, 82]]
[89, 4.26256, [0, 1, 2, 4, 5, 7, 8, 9, 15, 16, 18, 21, 25, 26, 29, 30, 36, 38, 39, 41, 42, 50, 52, 56, 58, 72, 79]]
[89, 4.24111, [0, 1, 2, 4, 5, 7, 8, 9, 15, 16, 18, 21, 26, 29, 30, 35, 36, 38, 39, 41, 42, 50, 51, 58, 64, 75, 79]]
[89, 4.2274, [0, 1, 2, 4, 5, 7, 8, 9, 15, 16, 21, 25, 26, 29, 30, 32, 36, 38, 39, 41, 42, 50, 52, 56, 58, 72, 79]]
[89, 4.27484, [0, 1, 2, 4, 5, 7, 8, 9, 15, 17, 18, 19, 23, 24, 26, 28, 29, 36, 42, 48, 50, 52, 58, 59, 62, 64, 84]]
[89, 4.26021, [0, 1, 2, 4, 5, 7, 8, 9, 15, 17, 18, 19, 23, 24, 26, 28, 29, 36, 48, 50, 52, 58, 59, 62, 64, 66, 84]]
[89, 4.22828, [0, 1, 2, 4, 5, 7, 8, 9, 15, 17, 18, 19, 23, 24, 28, 32, 34, 35, 37, 39, 42, 43, 44, 48, 53, 81]]
[89, 4.22724, [0, 1, 2, 4, 5, 7, 8, 9, 15, 17, 18, 19, 23, 24, 28, 32, 34, 35, 37, 39, 42, 44, 48, 53, 56, 60]]
[89, 4.27466, [0, 1, 2, 4, 5, 7, 8, 9, 15, 17, 18, 19, 23, 24, 28, 32, 34, 35, 37, 39, 43, 44, 53, 61, 74, 77, 81]]
[89, 4.23154, [0, 1, 2, 4, 5, 7, 8, 9, 15, 17, 18, 19, 23, 26, 28, 30, 34, 40, 52, 54, 55, 57, 58, 59, 62, 70, 81]]
[89, 4.22371, [0, 1, 2, 4, 5, 7, 8, 9, 15, 17, 18, 19, 23, 26, 28, 30, 34, 40, 52, 55, 57, 58, 59, 62, 70, 71, 81]]
[89, 4.25074, [0, 1, 2, 4, 5, 7, 8, 9, 15, 17, 18, 19, 24, 30, 33, 34, 35, 37, 38, 44, 46, 48, 53, 56, 58, 59, 79]]
[89, 4.25101, [0, 1, 2, 4, 5, 7, 8, 9, 15, 17, 18, 19, 24, 32, 34, 35, 37, 38, 39, 42, 44, 48, 53, 56, 58, 59, 60]]
[89, 4.24953, [0, 1, 2, 4, 5, 7, 8, 9, 15, 17, 18, 19, 24, 32, 34, 35, 37, 38, 39, 42, 44, 48, 53, 56, 59, 60, 61]]
[89, 4.29704, [0, 1, 2, 4, 5, 7, 8, 9, 15, 17, 18, 19, 24, 33, 34, 35, 37, 38, 44, 46, 48, 53, 56, 58, 59, 60, 76, 79]]
[89, 4.22406, [0, 1, 2, 4, 5, 7, 8, 9, 15, 17, 18, 19, 24, 33, 34, 35, 37, 38, 44, 46, 48, 53, 56, 58, 59, 60, 79]]
[89, 4.24875, [0, 1, 2, 4, 5, 7, 8, 9, 15, 17, 18, 20, 24, 26, 28, 29, 31, 33, 39, 51, 53, 59, 63, 64, 67, 68, 72]]
[89, 4.22202, [0, 1, 2, 4, 5, 7, 8, 9, 15, 17, 19, 20, 26, 27, 29, 32, 34, 36, 40, 46, 48, 50, 58, 68, 80, 81, 84]]
[89, 4.23604, [0, 1, 2, 4, 5, 7, 8, 9, 15, 17, 19, 24, 26, 27, 28, 32, 34, 39, 40, 42, 43, 44, 52, 58, 68, 70, 84]]
[89, 4.22622, [0, 1, 2, 4, 5, 7, 8, 9, 15, 17, 20, 21, 23, 24, 28, 29, 36, 38, 42, 50, 51, 59, 60, 62, 64, 81, 84]]
[89, 4.23344, [0, 1, 2, 4, 5, 7, 8, 9, 15, 18, 19, 20, 23, 24, 26, 32, 34, 35, 36, 39, 40, 41, 45, 47, 51, 61]]
[89, 4.22528, [0, 1, 2, 4, 5, 7, 8, 9, 15, 18, 19, 20, 23, 24, 26, 32, 34, 35, 36, 39, 40, 41, 45, 47, 51, 84]]
[89, 4.29225, [0, 1, 2, 4, 5, 7, 8, 9, 15, 18, 19, 20, 24, 25, 26, 29, 31, 32, 33, 41, 45, 50, 52, 54, 55, 66, 69]]
[89, 4.23395, [0, 1, 2, 4, 5, 7, 8, 9, 15, 18, 19, 20, 24, 25, 26, 29, 31, 32, 50, 52, 55, 56, 65, 66, 68, 70, 77]]
[89, 4.23064, [0, 1, 2, 4, 5, 7, 8, 9, 15, 18, 19, 21, 25, 26, 28, 29, 30, 44, 46, 50, 52, 55, 56, 58, 65, 66, 68]]
[89, 4.22159, [0, 1, 2, 4, 5, 7, 8, 9, 15, 18, 19, 23, 25, 26, 28, 30, 34, 39, 40, 47, 54, 56, 57, 59, 62, 70, 81]]
[89, 4.22089, [0, 1, 2, 4, 5, 7, 8, 9, 15, 18, 20, 21, 23, 25, 26, 28, 32, 34, 52, 54, 56, 60, 62, 68, 70, 72, 77]]
[89, 4.25167, [0, 1, 2, 4, 5, 7, 8, 9, 15, 19, 20, 21, 23, 28, 29, 32, 34, 46, 48, 53, 58, 61, 65, 67, 74, 75, 79, 80]]
[89, 4.2398, [0, 1, 2, 4, 5, 7, 8, 9, 15, 19, 20, 21, 23, 28, 29, 32, 34, 46, 48, 58, 61, 65, 67, 74, 75, 79, 80, 81]]
[89, 4.23646, [0, 1, 2, 4, 5, 7, 8, 9, 15, 19, 20, 21, 23, 28, 29, 32, 34, 46, 53, 58, 61, 65, 67, 74, 75, 79, 80, 81]]
[89, 4.22421, [0, 1, 2, 4, 5, 7, 8, 9, 15, 19, 20, 21, 23, 28, 29, 32, 34, 53, 58, 61, 65, 67, 68, 74, 75, 79, 80, 81]]
[89, 4.2419, [0, 1, 2, 4, 5, 7, 8, 9, 16, 17, 18, 20, 21, 26, 28, 30, 34, 39, 41, 45, 53, 56, 57, 59, 63, 79, 83]]
[89, 4.24351, [0, 1, 2, 4, 5, 7, 8, 9, 16, 17, 19, 20, 21, 26, 28, 37, 38, 41, 42, 44, 50, 52, 54, 58, 59, 60, 64]]
[89, 4.2357, [0, 1, 2, 4, 5, 7, 8, 9, 16, 17, 19, 20, 22, 26, 27, 28, 31, 33, 39, 41, 63, 67, 68, 70, 72, 76, 79]]
[89, 4.23531, [0, 1, 2, 4, 5, 7, 8, 9, 16, 17, 19, 20, 22, 26, 27, 28, 31, 33, 39, 41, 63, 67, 69, 70, 72, 76, 79]]
[89, 4.22175, [0, 1, 2, 4, 5, 7, 8, 9, 16, 17, 19, 20, 22, 26, 28, 29, 30, 33, 36, 37, 38, 42, 45, 51, 78, 79]]
[89, 4.22087, [0, 1, 2, 4, 5, 7, 8, 9, 16, 17, 19, 20, 22, 26, 28, 29, 30, 33, 36, 37, 38, 42, 45, 54, 76, 78]]
[89, 4.22484, [0, 1, 2, 4, 5, 7, 8, 9, 16, 17, 19, 20, 22, 26, 28, 29, 31, 32, 33, 36, 37, 45, 54, 56, 57, 78]]
[89, 4.22926, [0, 1, 2, 4, 5, 7, 8, 9, 16, 17, 19, 21, 22, 27, 28, 30, 35, 36, 39, 45, 51, 55, 61, 64, 73, 75, 79]]
[89, 4.25258, [0, 1, 2, 4, 5, 7, 8, 9, 16, 17, 20, 21, 22, 26, 27, 29, 34, 40, 43, 44, 46, 48, 53, 56, 61, 63, 74]]
[89, 4.23212, [0, 1, 2, 4, 5, 7, 8, 9, 16, 19, 20, 21, 25, 26, 27, 29, 30, 36, 37, 43, 48, 54, 57, 58, 75, 76, 80]]
[89, 4.23294, [0, 1, 2, 4, 5, 7, 8, 9, 16, 19, 20, 21, 25, 26, 27, 29, 30, 37, 43, 46, 48, 52, 54, 57, 58, 76, 80]]
[89, 4.23536, [0, 1, 2, 4, 5, 7, 8, 9, 16, 20, 22, 25, 26, 27, 29, 30, 32, 33, 40, 41, 43, 45, 52, 54, 55, 56, 72]]
[89, 4.22102, [0, 1, 2, 4, 5, 7, 8, 9, 17, 18, 19, 22, 23, 24, 28, 30, 31, 32, 35, 37, 39, 40, 42, 53, 57, 69]]
[89, 4.22523, [0, 1, 2, 4, 5, 7, 8, 9, 17, 18, 19, 23, 24, 30, 31, 33, 37, 40, 45, 52, 64, 66, 69, 70, 77, 78, 79, 83]]
[89, 4.2486, [0, 1, 2, 4, 5, 7, 8, 9, 17, 18, 20, 21, 23, 24, 29, 30, 32, 33, 34, 37, 38, 48, 69, 70, 71, 77, 81]]
[89, 4.22081, [0, 1, 2, 4, 5, 7, 8, 9, 17, 19, 20, 22, 23, 24, 27, 28, 29, 33, 45, 50, 51, 55, 59, 66, 75, 77, 79]]
[89, 4.24919, [0, 1, 2, 4, 5, 7, 8, 9, 17, 19, 20, 22, 23, 24, 27, 28, 30, 35, 36, 39, 45, 47, 51, 64, 73, 75, 84]]
[89, 4.24873, [0, 1, 2, 4, 5, 7, 8, 9, 17, 19, 20, 22, 23, 24, 27, 28, 30, 35, 36, 39, 47, 49, 51, 64, 68, 73, 84]]
[89, 4.22525, [0, 1, 2, 4, 5, 7, 8, 9, 17, 19, 20, 22, 23, 24, 27, 28, 30, 35, 38, 45, 47, 49, 65, 74, 77, 78, 83]]
[89, 4.24852, [0, 1, 2, 4, 5, 7, 8, 9, 17, 19, 20, 22, 23, 24, 27, 28, 33, 35, 39, 41, 42, 44, 53, 60, 68, 72, 81]]
[89, 4.23469, [0, 1, 2, 4, 5, 7, 8, 9, 17, 19, 20, 22, 23, 24, 27, 28, 33, 35, 39, 41, 42, 52, 60, 68, 70, 72, 81]]
[89, 4.24163, [0, 1, 2, 4, 5, 7, 8, 9, 17, 19, 20, 22, 23, 24, 27, 28, 33, 35, 39, 41, 44, 51, 53, 60, 68, 72, 81]]
[89, 4.23491, [0, 1, 2, 4, 5, 7, 8, 9, 17, 19, 20, 22, 23, 24, 27, 28, 35, 36, 39, 41, 47, 49, 51, 64, 68, 73, 84]]
[89, 4.23147, [0, 1, 2, 4, 5, 7, 8, 9, 17, 19, 20, 22, 23, 24, 27, 28, 35, 39, 41, 42, 44, 51, 53, 60, 68, 72, 81]]
[89, 4.22634, [0, 1, 2, 4, 5, 7, 8, 9, 17, 19, 20, 22, 23, 24, 28, 30, 31, 33, 34, 35, 55, 59, 67, 71, 75, 77, 81]]
[89, 4.22659, [0, 1, 2, 4, 5, 7, 8, 9, 18, 20, 21, 23, 24, 25, 28, 29, 30, 34, 37, 42, 43, 46, 48, 58, 79, 82, 83]]
[89, 4.29013, [0, 1, 2, 4, 5, 7, 8, 9, 19, 20, 21, 25, 26, 27, 29, 30, 34, 36, 37, 43, 44, 46, 48, 54, 57, 58, 75, 76]]
[89, 4.27206, [0, 1, 2, 4, 5, 7, 8, 9, 19, 20, 21, 25, 26, 27, 29, 30, 34, 36, 37, 43, 46, 48, 54, 57, 58, 75, 76, 80]]
[89, 4.24968, [0, 1, 2, 4, 5, 7, 8, 9, 19, 20, 21, 25, 26, 29, 30, 34, 36, 37, 43, 44, 46, 48, 54, 57, 58, 75, 76, 80]]
[89, 4.22383, [0, 1, 2, 4, 5, 7, 8, 9, 19, 20, 22, 23, 25, 26, 27, 32, 34, 35, 36, 39, 40, 45, 47, 51, 61, 81, 84]]
[89, 4.2247, [0, 1, 2, 4, 5, 7, 8, 13, 14, 15, 17, 18, 24, 25, 26, 32, 33, 36, 43, 44, 50, 52, 66, 69, 72, 77, 81]]
[89, 4.22665, [0, 1, 2, 4, 5, 7, 8, 13, 14, 15, 17, 18, 24, 25, 29, 31, 32, 33, 36, 45, 55, 58, 67, 69, 73, 75, 77]]
[89, 4.23795, [0, 1, 2, 4, 5, 7, 8, 13, 14, 15, 17, 18, 24, 26, 28, 36, 45, 49, 51, 58, 60, 62, 66, 67, 68, 72, 73, 86]]
[89, 4.25994, [0, 1, 2, 4, 5, 7, 8, 13, 14, 15, 17, 18, 25, 26, 28, 29, 30, 33, 34, 44, 46, 52, 54, 55, 56, 77, 86]]
[89, 4.2247, [0, 1, 2, 4, 5, 7, 8, 13, 14, 15, 17, 23, 25, 26, 28, 29, 30, 33, 34, 36, 54, 55, 66, 67, 73, 77, 86]]
[89, 4.23702, [0, 1, 2, 4, 5, 7, 8, 13, 14, 15, 17, 25, 26, 29, 30, 31, 33, 34, 36, 40, 42, 44, 52, 54, 56, 57, 86]]
[89, 4.22715, [0, 1, 2, 4, 5, 7, 8, 13, 14, 15, 17, 25, 26, 29, 30, 31, 33, 34, 36, 40, 42, 44, 52, 56, 57, 77, 86]]
[89, 4.22822, [0, 1, 2, 4, 5, 7, 8, 13, 14, 16, 17, 18, 22, 25, 27, 28, 29, 33, 45, 47, 55, 58, 64, 71, 73, 79, 80]]
[89, 4.22475, [0, 1, 2, 4, 5, 7, 8, 13, 14, 16, 17, 18, 22, 25, 27, 28, 30, 36, 39, 51, 58, 62, 66, 68, 69, 76, 79]]
[89, 4.25708, [0, 1, 2, 4, 5, 7, 8, 13, 14, 16, 17, 18, 22, 25, 28, 29, 30, 33, 35, 39, 47, 51, 53, 55, 79, 83, 86]]
[89, 4.23948, [0, 1, 2, 4, 5, 7, 8, 13, 14, 16, 17, 18, 22, 25, 28, 29, 30, 35, 39, 47, 49, 53, 55, 57, 74, 83, 86]]
[89, 4.23065, [0, 1, 2, 4, 5, 7, 8, 13, 14, 16, 17, 18, 22, 25, 28, 29, 30, 35, 39, 47, 49, 53, 55, 74, 79, 83, 86]]
[89, 4.22856, [0, 1, 2, 4, 5, 7, 8, 13, 14, 16, 17, 18, 26, 28, 29, 33, 34, 36, 37, 43, 45, 47, 55, 57, 59, 78, 83]]
[89, 4.23036, [0, 1, 2, 4, 5, 7, 8, 13, 15, 16, 17, 21, 23, 27, 32, 34, 35, 39, 42, 43, 44, 46, 50, 52, 56, 57, 60]]
[89, 4.23546, [0, 1, 2, 4, 5, 7, 8, 13, 15, 16, 18, 20, 21, 28, 30, 31, 33, 35, 36, 43, 47, 48, 53, 57, 59, 67, 69]]
[89, 4.22308, [0, 1, 2, 4, 5, 7, 8, 14, 15, 16, 18, 19, 26, 30, 31, 32, 35, 36, 39, 40, 42, 50, 51, 55, 56, 57, 59]]
[89, 4.23039, [0, 1, 2, 4, 5, 7, 8, 14, 15, 17, 18, 19, 23, 25, 26, 28, 30, 34, 39, 40, 47, 56, 57, 59, 62, 70, 81]]
[89, 4.22204, [0, 1, 2, 4, 5, 7, 8, 14, 15, 17, 18, 19, 23, 25, 26, 28, 34, 39, 40, 43, 45, 47, 57, 59, 62, 70, 81]]
[89, 4.22158, [0, 1, 2, 4, 5, 7, 8, 14, 15, 17, 18, 19, 23, 25, 26, 28, 34, 39, 40, 43, 45, 47, 57, 59, 63, 70, 81]]
[89, 4.22494, [0, 1, 2, 4, 5, 7, 8, 14, 15, 17, 18, 19, 23, 25, 28, 29, 30, 34, 37, 39, 47, 53, 57, 61, 63, 79, 81]]
[89, 4.22672, [0, 1, 2, 4, 5, 7, 8, 14, 15, 17, 19, 23, 25, 26, 28, 29, 30, 34, 36, 40, 44, 50, 54, 55, 56, 58, 66]]
[89, 4.27528, [0, 1, 2, 4, 5, 7, 9, 12, 14, 15, 16, 20, 22, 26, 27, 30, 33, 35, 39, 41, 42, 43, 49, 53, 55, 59, 65]]
[89, 4.24552, [0, 1, 2, 4, 5, 7, 9, 12, 14, 15, 16, 22, 24, 25, 26, 30, 31, 39, 41, 42, 43, 49, 51, 53, 59, 63, 85]]
[89, 4.2342, [0, 1, 2, 4, 5, 7, 9, 12, 14, 15, 16, 22, 24, 25, 26, 30, 31, 39, 42, 43, 49, 51, 53, 57, 59, 63, 85]]
[89, 4.22689, [0, 1, 2, 4, 5, 7, 9, 12, 14, 15, 16, 22, 24, 25, 26, 30, 31, 39, 42, 43, 49, 53, 57, 59, 63, 65, 85]]
[89, 4.22263, [0, 1, 2, 4, 5, 7, 9, 12, 14, 15, 16, 22, 24, 25, 27, 29, 30, 37, 41, 47, 49, 51, 55, 63, 68, 75, 85]]
[89, 4.24699, [0, 1, 2, 4, 5, 7, 9, 12, 14, 15, 16, 22, 24, 25, 27, 30, 31, 37, 39, 41, 42, 49, 53, 55, 59, 63, 85]]
[89, 4.24101, [0, 1, 2, 4, 5, 7, 9, 12, 14, 15, 16, 22, 24, 25, 27, 30, 31, 39, 41, 42, 43, 49, 53, 55, 59, 63, 85]]
[89, 4.22589, [0, 1, 2, 4, 5, 7, 9, 12, 14, 15, 16, 22, 24, 25, 27, 30, 31, 39, 42, 43, 49, 53, 55, 59, 63, 65, 85]]
[89, 4.2207, [0, 1, 2, 4, 5, 7, 9, 12, 14, 15, 16, 22, 24, 25, 27, 30, 37, 39, 41, 42, 46, 49, 55, 59, 63, 75, 85]]
[89, 4.23876, [0, 1, 2, 4, 5, 7, 9, 12, 14, 15, 16, 22, 24, 26, 27, 30, 31, 39, 41, 42, 43, 49, 53, 55, 59, 63, 85]]
[89, 4.22364, [0, 1, 2, 4, 5, 7, 9, 12, 14, 15, 16, 22, 24, 26, 27, 30, 31, 39, 42, 43, 49, 53, 55, 59, 63, 65, 85]]
[89, 4.24308, [0, 1, 2, 4, 5, 7, 9, 12, 14, 15, 16, 22, 25, 26, 27, 30, 31, 39, 41, 42, 43, 49, 53, 55, 59, 63, 65]]
[89, 4.23144, [0, 1, 2, 4, 5, 7, 9, 12, 14, 15, 16, 22, 25, 26, 27, 30, 31, 39, 41, 42, 43, 49, 53, 59, 63, 65, 85]]
[89, 4.23126, [0, 1, 2, 4, 5, 7, 9, 12, 14, 15, 16, 24, 26, 27, 28, 31, 32, 33, 35, 43, 47, 49, 53, 55, 57, 65, 85]]
[89, 4.2811, [0, 1, 2, 4, 5, 7, 11, 12, 13, 15, 16, 18, 20, 26, 30, 31, 32, 34, 35, 40, 41, 43, 47, 49, 55, 57, 59]]
[89, 4.25142, [0, 1, 2, 4, 5, 7, 11, 12, 13, 15, 16, 18, 22, 23, 24, 26, 27, 29, 45, 50, 55, 57, 59, 63, 65, 69, 71]]
[89, 4.2549, [0, 1, 2, 4, 5, 7, 11, 12, 13, 15, 16, 18, 24, 26, 27, 28, 31, 32, 33, 43, 45, 47, 51, 53, 57, 72, 85]]
[89, 4.26554, [0, 1, 2, 4, 5, 7, 11, 12, 13, 15, 16, 18, 26, 27, 28, 30, 31, 33, 34, 35, 43, 47, 49, 53, 55, 57, 65]]
[89, 4.25904, [0, 1, 2, 4, 5, 7, 11, 12, 13, 15, 16, 18, 26, 27, 28, 30, 31, 33, 34, 35, 43, 47, 49, 53, 57, 65, 69]]
[89, 4.25825, [0, 1, 2, 4, 5, 7, 11, 12, 13, 15, 16, 18, 26, 27, 28, 31, 32, 33, 35, 36, 43, 47, 49, 53, 55, 57, 69]]
[89, 4.2378, [0, 1, 2, 4, 5, 7, 11, 12, 13, 15, 16, 18, 26, 27, 28, 31, 32, 33, 35, 43, 47, 49, 53, 55, 57, 65, 69]]
[89, 4.25689, [0, 1, 2, 4, 5, 7, 11, 12, 13, 15, 16, 18, 26, 27, 28, 31, 32, 34, 35, 36, 43, 47, 49, 53, 55, 57, 69]]
[89, 4.23644, [0, 1, 2, 4, 5, 7, 11, 12, 13, 15, 16, 18, 26, 27, 28, 31, 32, 34, 35, 43, 47, 49, 53, 55, 57, 65, 69]]
[89, 4.23499, [0, 1, 2, 4, 5, 7, 11, 12, 13, 15, 16, 18, 26, 27, 28, 31, 33, 34, 35, 43, 47, 49, 53, 55, 57, 65, 69]]
[89, 4.2397, [0, 1, 2, 4, 5, 7, 11, 12, 14, 15, 16, 20, 22, 23, 26, 27, 30, 39, 41, 43, 47, 49, 53, 61, 62, 63, 65]]
[89, 4.22295, [0, 1, 2, 4, 5, 7, 11, 13, 14, 15, 18, 20, 22, 23, 27, 30, 35, 36, 37, 39, 43, 46, 49, 53, 61, 67, 83]]
[89, 4.22978, [0, 1, 2, 4, 5, 8, 9, 10, 14, 16, 17, 18, 21, 29, 31, 34, 36, 37, 38, 42, 43, 48, 52, 58, 59, 69, 77]]
[89, 4.23765, [0, 1, 2, 4, 5, 9, 10, 11, 14, 16, 17, 18, 21, 24, 28, 29, 33, 36, 37, 39, 43, 47, 48, 55, 57, 58, 59]]
[89, 4.22456, [0, 1, 2, 4, 5, 9, 10, 11, 14, 16, 17, 24, 27, 28, 29, 32, 35, 37, 39, 43, 44, 46, 49, 56, 66, 79, 80, 85]]

Search completed in 9 hours, 45 minutes, and 26.392 seconds.  Enter a string to quit.