Enter an integer k for which our Kempner sets are k-free: 4
Enter a positive integer modulus b: 65
Enter estimation parameters, or * for pre-computed parameters ([0.0956, 1.0984, 1.425]): *
Enter a threshold (e.g. 4.2) to determine printed output: 4.2
Enter a root for the search space (e.g. [0, 1, 2]) [or * for the root [0]]: *
Enter an upper bound for the size of allowable digit sets [or * to ignore]: *
Enter a maximal number of deviations from a greedy search [or * to ignore]: *
Searching for k-free sets mod b...

[65, 4.26963, [0, 1, 2, 4, 5, 7, 8, 9, 14, 15, 17, 18, 23, 24, 26, 29, 30, 33, 39, 53, 57]]
[65, 4.20186, [0, 1, 2, 4, 5, 7, 8, 9, 14, 15, 17, 18, 23, 24, 33, 35, 37, 53, 54, 55, 57]]
[65, 4.21885, [0, 1, 2, 4, 5, 7, 8, 9, 14, 15, 17, 18, 23, 26, 30, 33, 39, 41, 47, 53, 57]]
[65, 4.22519, [0, 1, 2, 4, 5, 7, 8, 9, 14, 15, 17, 18, 24, 28, 29, 30, 33, 39, 46, 57, 60]]
[65, 4.22716, [0, 1, 2, 4, 5, 7, 8, 9, 14, 15, 17, 18, 26, 28, 29, 31, 33, 39, 45, 46, 60]]
[65, 4.20599, [0, 1, 2, 4, 5, 7, 8, 9, 14, 15, 17, 23, 24, 27, 28, 33, 35, 39, 43, 57, 60]]
[65, 4.20221, [0, 1, 2, 4, 5, 7, 8, 9, 14, 16, 17, 18, 22, 28, 33, 39, 41, 43, 46, 48, 52]]
[65, 4.20412, [0, 1, 2, 4, 5, 7, 8, 9, 14, 16, 17, 18, 22, 30, 31, 33, 39, 41, 47, 54, 59]]
[65, 4.21997, [0, 1, 2, 4, 5, 7, 8, 9, 14, 16, 18, 22, 25, 28, 29, 30, 33, 39, 41, 43, 48]]
[65, 4.2126, [0, 1, 2, 4, 5, 7, 8, 9, 14, 16, 18, 22, 25, 28, 29, 30, 33, 39, 41, 43, 59]]
[65, 4.20473, [0, 1, 2, 4, 5, 7, 8, 9, 14, 16, 18, 22, 25, 28, 29, 33, 35, 39, 41, 43, 59]]
[65, 4.20701, [0, 1, 2, 4, 5, 7, 8, 9, 14, 16, 18, 22, 25, 29, 30, 31, 33, 39, 41, 43, 59]]
[65, 4.27372, [0, 1, 2, 4, 5, 7, 8, 9, 14, 17, 22, 23, 24, 26, 27, 31, 36, 49, 51, 52, 54, 56]]
[65, 4.20728, [0, 1, 2, 4, 5, 7, 8, 9, 14, 17, 22, 23, 26, 27, 28, 30, 31, 33, 39, 41, 57]]
[65, 4.26889, [0, 1, 2, 4, 5, 7, 8, 9, 15, 16, 17, 19, 20, 26, 27, 29, 31, 32, 34, 45, 55]]
[65, 4.2475, [0, 1, 2, 4, 5, 7, 8, 9, 15, 16, 17, 19, 20, 26, 27, 31, 34, 36, 40, 44, 56]]
[65, 4.25907, [0, 1, 2, 4, 5, 7, 8, 9, 15, 16, 17, 19, 20, 26, 28, 29, 32, 34, 42, 45, 46]]
[65, 4.26016, [0, 1, 2, 4, 5, 7, 8, 9, 15, 16, 17, 19, 20, 26, 29, 30, 32, 34, 40, 42, 46]]
[65, 4.24293, [0, 1, 2, 4, 5, 7, 8, 9, 15, 16, 17, 19, 20, 26, 29, 30, 34, 40, 42, 46, 47]]
[65, 4.24169, [0, 1, 2, 4, 5, 7, 8, 9, 15, 16, 18, 19, 20, 25, 26, 29, 31, 33, 53, 54, 55]]
[65, 4.23173, [0, 1, 2, 4, 5, 7, 8, 9, 15, 16, 18, 19, 20, 25, 26, 29, 33, 38, 53, 54, 55]]
[65, 4.20208, [0, 1, 2, 4, 5, 7, 8, 9, 15, 16, 18, 19, 20, 25, 29, 33, 38, 48, 53, 54, 55]]
[65, 4.22944, [0, 1, 2, 4, 5, 7, 8, 9, 15, 16, 18, 20, 21, 25, 28, 31, 33, 39, 43, 48, 52]]
[65, 4.21144, [0, 1, 2, 4, 5, 7, 8, 9, 15, 16, 18, 20, 21, 25, 28, 31, 39, 43, 48, 50, 52]]
[65, 4.21711, [0, 1, 2, 4, 5, 7, 8, 9, 15, 16, 18, 20, 21, 25, 31, 33, 37, 39, 41, 48, 52]]
[65, 4.21054, [0, 1, 2, 4, 5, 7, 8, 9, 15, 16, 18, 20, 21, 25, 31, 33, 39, 41, 43, 48, 52]]
[65, 4.201, [0, 1, 2, 4, 5, 7, 8, 9, 15, 17, 18, 19, 23, 24, 26, 36, 38, 40, 49, 51, 60]]
[65, 4.23212, [0, 1, 2, 4, 5, 7, 8, 9, 15, 17, 19, 20, 24, 26, 27, 28, 31, 34, 40, 44, 52]]
[65, 4.21232, [0, 1, 2, 4, 5, 7, 8, 9, 15, 17, 19, 20, 24, 26, 27, 29, 31, 32, 53, 54, 55]]
[65, 4.23878, [0, 1, 2, 4, 5, 7, 8, 9, 15, 17, 19, 20, 24, 26, 27, 30, 31, 32, 36, 40, 54]]
[65, 4.24349, [0, 1, 2, 4, 5, 7, 8, 9, 15, 17, 19, 20, 24, 26, 27, 30, 31, 34, 36, 40, 44]]
[65, 4.22418, [0, 1, 2, 4, 5, 7, 8, 9, 15, 17, 19, 20, 24, 26, 27, 30, 31, 36, 40, 44, 54]]
[65, 4.20222, [0, 1, 2, 4, 5, 7, 8, 9, 15, 17, 19, 20, 24, 26, 27, 30, 34, 36, 44, 57, 60]]
[65, 4.21304, [0, 1, 2, 4, 5, 7, 8, 9, 15, 17, 19, 20, 24, 26, 30, 31, 32, 36, 40, 46, 54]]
[65, 4.21775, [0, 1, 2, 4, 5, 7, 8, 9, 15, 17, 19, 20, 24, 26, 30, 31, 34, 36, 40, 44, 46]]
[65, 4.2083, [0, 1, 2, 4, 5, 7, 8, 9, 15, 17, 19, 24, 26, 27, 28, 31, 32, 34, 40, 44, 45]]
[65, 4.21748, [0, 1, 2, 4, 5, 7, 8, 9, 15, 17, 20, 21, 24, 26, 29, 30, 31, 33, 40, 44, 53]]
[65, 4.20752, [0, 1, 2, 4, 5, 7, 8, 9, 15, 17, 20, 21, 24, 26, 29, 30, 33, 38, 40, 44, 53]]
[65, 4.20467, [0, 1, 2, 4, 5, 7, 8, 9, 15, 17, 21, 23, 24, 26, 28, 32, 34, 38, 40, 42, 43]]
[65, 4.21064, [0, 1, 2, 4, 5, 7, 8, 9, 15, 18, 19, 20, 24, 25, 26, 29, 31, 33, 53, 54, 55]]
[65, 4.22747, [0, 1, 2, 4, 5, 7, 8, 9, 16, 17, 18, 20, 26, 38, 40, 42, 43, 46, 47, 51, 52, 53]]
[65, 4.20765, [0, 1, 2, 4, 5, 7, 8, 9, 16, 17, 19, 20, 21, 27, 29, 31, 32, 34, 45, 53, 55]]
[65, 4.20768, [0, 1, 2, 4, 5, 7, 8, 9, 16, 17, 19, 20, 22, 26, 28, 29, 31, 32, 53, 54, 59]]
[65, 4.22736, [0, 1, 2, 4, 5, 7, 8, 9, 16, 17, 19, 21, 22, 26, 28, 29, 30, 33, 38, 42, 59]]
[65, 4.21387, [0, 1, 2, 4, 5, 7, 8, 9, 17, 18, 19, 21, 22, 24, 26, 29, 31, 33, 42, 53, 55]]
[65, 4.20115, [0, 1, 2, 4, 5, 7, 8, 9, 17, 18, 19, 21, 22, 24, 26, 29, 31, 33, 53, 55, 59]]
[65, 4.22376, [0, 1, 2, 4, 5, 7, 8, 9, 17, 18, 19, 21, 22, 24, 28, 30, 31, 32, 40, 42, 50]]
[65, 4.22539, [0, 1, 2, 4, 5, 7, 8, 9, 17, 18, 19, 21, 22, 24, 28, 30, 31, 33, 40, 42, 46]]
[65, 4.2157, [0, 1, 2, 4, 5, 7, 8, 9, 17, 18, 19, 21, 22, 24, 28, 30, 31, 33, 40, 46, 54]]
[65, 4.20738, [0, 1, 2, 4, 5, 7, 8, 9, 17, 18, 19, 21, 22, 24, 28, 30, 31, 40, 42, 46, 50]]
[65, 4.30476, [0, 1, 2, 4, 5, 7, 8, 9, 17, 18, 19, 21, 22, 24, 28, 31, 33, 40, 42, 46, 52, 54]]
[65, 4.20426, [0, 1, 2, 4, 5, 7, 8, 9, 17, 18, 19, 21, 22, 24, 28, 31, 34, 36, 42, 46, 52]]
[65, 4.20567, [0, 1, 2, 4, 5, 7, 8, 9, 17, 18, 19, 21, 22, 24, 29, 30, 31, 33, 42, 53, 55]]
[65, 4.20089, [0, 1, 2, 4, 5, 7, 8, 9, 17, 18, 19, 21, 24, 26, 28, 29, 31, 32, 42, 53, 54]]
[65, 4.21379, [0, 1, 2, 4, 5, 7, 8, 9, 17, 18, 19, 22, 23, 24, 26, 29, 31, 33, 37, 53, 54]]
[65, 4.21075, [0, 1, 2, 4, 5, 7, 8, 9, 17, 18, 19, 22, 23, 24, 26, 29, 31, 33, 37, 53, 59]]
[65, 4.20421, [0, 1, 2, 4, 5, 7, 8, 9, 17, 19, 20, 21, 24, 26, 27, 28, 31, 34, 40, 44, 52]]
[65, 4.20607, [0, 1, 2, 4, 5, 7, 8, 9, 17, 19, 20, 22, 23, 24, 27, 28, 29, 33, 40, 52, 54]]
[65, 4.21661, [0, 1, 2, 4, 5, 7, 8, 9, 17, 19, 20, 22, 23, 24, 27, 28, 30, 34, 36, 38, 60]]
[65, 4.20069, [0, 1, 2, 4, 5, 7, 8, 9, 17, 19, 20, 22, 23, 24, 27, 28, 30, 34, 36, 57, 60]]
[65, 4.27991, [0, 1, 2, 4, 5, 7, 8, 9, 17, 19, 21, 22, 24, 26, 29, 30, 31, 33, 42, 53, 55, 59]]
[65, 4.21185, [0, 1, 2, 4, 5, 7, 8, 9, 19, 21, 24, 25, 26, 28, 29, 31, 32, 42, 53, 54, 55, 57]]
[65, 4.20525, [0, 1, 2, 4, 5, 7, 8, 13, 14, 15, 17, 18, 24, 25, 26, 29, 31, 32, 50, 53, 62]]
[65, 4.20761, [0, 1, 2, 4, 5, 7, 8, 13, 14, 15, 17, 18, 24, 25, 28, 29, 30, 32, 44, 53, 62]]
[65, 4.24756, [0, 1, 2, 4, 5, 7, 8, 13, 14, 16, 17, 18, 22, 25, 27, 28, 29, 33, 35, 39, 43]]
[65, 4.21469, [0, 1, 2, 4, 5, 7, 8, 13, 14, 16, 17, 18, 22, 25, 28, 29, 30, 33, 39, 48, 62]]
[65, 4.21282, [0, 1, 2, 4, 5, 7, 8, 13, 14, 16, 17, 18, 22, 25, 28, 29, 33, 35, 39, 43, 59]]
[65, 4.20682, [0, 1, 2, 4, 5, 7, 8, 13, 14, 16, 17, 18, 22, 25, 28, 29, 33, 35, 39, 48, 62]]
[65, 4.21373, [0, 1, 2, 4, 5, 7, 8, 14, 15, 17, 18, 19, 23, 25, 26, 28, 29, 30, 34, 39, 57]]
[65, 4.25267, [0, 1, 2, 4, 5, 7, 8, 14, 16, 17, 18, 22, 23, 25, 29, 31, 33, 38, 39, 43, 59, 62]]
[65, 4.21362, [0, 1, 2, 4, 5, 7, 8, 14, 16, 17, 22, 23, 26, 28, 29, 31, 33, 37, 43, 47, 59, 60]]
[65, 4.22252, [0, 1, 2, 4, 5, 7, 8, 14, 17, 18, 22, 24, 25, 27, 28, 29, 33, 35, 39, 43, 57, 60]]
[65, 4.2036, [0, 1, 2, 4, 5, 7, 9, 12, 14, 15, 16, 22, 24, 25, 27, 30, 31, 37, 39, 41, 49]]
[65, 4.27226, [0, 1, 2, 4, 5, 7, 9, 12, 14, 18, 20, 22, 23, 25, 30, 31, 33, 37, 39, 40, 41, 54]]
[65, 4.26608, [0, 1, 2, 4, 5, 7, 9, 12, 14, 20, 22, 23, 25, 26, 27, 30, 31, 33, 37, 39, 41, 54]]
[65, 4.23146, [0, 1, 2, 4, 5, 7, 9, 12, 15, 16, 20, 21, 22, 26, 29, 35, 39, 42, 45, 51, 54, 59]]
[65, 4.24562, [0, 1, 2, 4, 5, 7, 11, 12, 13, 15, 16, 18, 20, 23, 26, 27, 30, 32, 36, 40, 42]]
[65, 4.22532, [0, 1, 2, 4, 5, 7, 11, 12, 13, 15, 16, 18, 22, 23, 24, 26, 27, 40, 42, 43, 49]]
[65, 4.21152, [0, 1, 2, 4, 5, 7, 11, 12, 13, 15, 16, 18, 22, 23, 24, 26, 27, 40, 43, 49, 61]]
[65, 4.21183, [0, 1, 2, 4, 5, 7, 11, 12, 13, 15, 16, 18, 22, 23, 24, 27, 37, 39, 40, 41, 49]]
[65, 4.20983, [0, 1, 2, 4, 5, 7, 11, 12, 13, 15, 16, 18, 22, 23, 24, 27, 37, 39, 40, 43, 49]]
[65, 4.30736, [0, 1, 2, 4, 5, 7, 11, 12, 13, 15, 16, 18, 22, 23, 24, 27, 37, 40, 41, 43, 49, 61]]
[65, 4.20527, [0, 1, 2, 4, 5, 7, 11, 12, 13, 15, 16, 18, 22, 23, 24, 27, 39, 40, 41, 43, 49]]
[65, 4.20425, [0, 1, 2, 4, 5, 7, 11, 12, 13, 15, 16, 18, 22, 23, 24, 27, 39, 40, 42, 43, 49]]
[65, 4.20319, [0, 1, 2, 4, 5, 7, 11, 12, 13, 15, 16, 18, 22, 23, 24, 27, 39, 41, 42, 43, 49]]
[65, 4.20723, [0, 1, 2, 4, 5, 7, 11, 12, 13, 15, 16, 18, 24, 26, 28, 29, 31, 32, 34, 38, 59]]
[65, 4.2831, [0, 1, 2, 4, 5, 7, 11, 12, 13, 15, 16, 21, 22, 24, 25, 27, 28, 42, 50, 51, 55, 61]]
[65, 4.23441, [0, 1, 2, 4, 5, 7, 11, 13, 14, 15, 18, 20, 22, 27, 28, 30, 32, 36, 48, 56, 59, 61]]
[65, 4.22954, [0, 1, 2, 4, 5, 7, 11, 13, 15, 16, 18, 20, 21, 23, 27, 37, 39, 40, 43, 49, 50, 57]]
[65, 4.26765, [0, 1, 2, 4, 5, 7, 11, 13, 15, 16, 18, 21, 22, 23, 27, 30, 34, 36, 40, 41, 42, 49]]

Search completed in 0 hours, 39 minutes, and 10.306 seconds.  Enter a string to quit.