Enter an integer k for which our Kempner sets are k-free: 4
Enter a positive integer modulus b: 45
Enter estimation parameters, or * for pre-computed parameters ([0.1094, 1.1161, 1.4639]): *
Enter a threshold (e.g. 4.2) to determine printed output: 4.05
Enter a root for the search space (e.g. [0, 1, 2]) [or * for the root [0]]: *
Enter an upper bound for the size of allowable digit sets [or * to ignore]: *
Enter a maximal number of deviations from a greedy search [or * to ignore]: *
Searching for k-free sets mod b...

[45, 4.0773, [0, 1, 2, 4, 5, 7, 8, 9, 14, 15, 16, 18, 25, 29, 33]]
[45, 4.0699, [0, 1, 2, 4, 5, 7, 8, 9, 14, 15, 16, 18, 28, 29, 33]]
[45, 4.08721, [0, 1, 2, 4, 5, 7, 8, 9, 14, 15, 17, 18, 23, 28, 29]]
[45, 4.07352, [0, 1, 2, 4, 5, 7, 8, 9, 14, 15, 17, 18, 23, 28, 37]]
[45, 4.0696, [0, 1, 2, 4, 5, 7, 8, 9, 14, 15, 17, 18, 23, 28, 40]]
[45, 4.23737, [0, 1, 2, 4, 5, 7, 8, 9, 14, 15, 17, 18, 24, 26, 28, 40]]
[45, 4.07133, [0, 1, 2, 4, 5, 7, 8, 9, 14, 15, 17, 18, 24, 26, 40]]
[45, 4.06657, [0, 1, 2, 4, 5, 7, 8, 9, 14, 15, 17, 18, 24, 28, 40]]
[45, 4.06112, [0, 1, 2, 4, 5, 7, 8, 9, 14, 15, 17, 18, 26, 28, 40]]
[45, 4.1886, [0, 1, 2, 4, 5, 7, 8, 9, 14, 15, 17, 24, 26, 28, 36, 40]]
[45, 4.08416, [0, 1, 2, 4, 5, 7, 8, 9, 14, 16, 17, 18, 22, 28, 29]]
[45, 4.09641, [0, 1, 2, 4, 5, 7, 8, 9, 14, 18, 26, 28, 30, 37, 39, 40]]
[45, 4.07426, [0, 1, 2, 4, 5, 7, 8, 9, 14, 23, 28, 30, 33, 34, 36, 37]]
[45, 4.06129, [0, 1, 2, 4, 5, 7, 8, 9, 14, 24, 30, 32, 33, 35, 36, 37]]
[45, 4.07982, [0, 1, 2, 4, 5, 7, 8, 9, 15, 16, 17, 19, 20, 28, 29]]
[45, 4.07473, [0, 1, 2, 4, 5, 7, 8, 9, 15, 16, 18, 19, 20, 28, 29]]
[45, 4.2267, [0, 1, 2, 4, 5, 7, 8, 9, 15, 16, 18, 19, 21, 25, 29, 38]]
[45, 4.06322, [0, 1, 2, 4, 5, 7, 8, 9, 15, 16, 18, 19, 21, 25, 38]]
[45, 4.05366, [0, 1, 2, 4, 5, 7, 8, 9, 15, 16, 18, 19, 21, 29, 38]]
[45, 4.05842, [0, 1, 2, 4, 5, 7, 8, 9, 15, 17, 18, 19, 23, 28, 29]]
[45, 4.07426, [0, 1, 2, 4, 5, 7, 8, 9, 15, 17, 18, 20, 21, 23, 29]]
[45, 4.05422, [0, 1, 2, 4, 5, 7, 8, 9, 15, 17, 18, 20, 23, 28, 29]]
[45, 4.05812, [0, 1, 2, 4, 5, 7, 8, 9, 15, 17, 18, 20, 24, 26, 28]]
[45, 4.07066, [0, 1, 2, 4, 5, 7, 8, 9, 15, 23, 25, 32, 33, 34, 36, 37]]
[45, 4.05743, [0, 1, 2, 4, 5, 7, 8, 9, 16, 17, 18, 20, 21, 26, 30]]
[45, 4.18458, [0, 1, 2, 4, 5, 7, 8, 9, 17, 18, 19, 21, 22, 24, 30, 40]]
[45, 4.16673, [0, 1, 2, 4, 5, 7, 8, 9, 17, 18, 20, 21, 22, 29, 31, 39]]
[45, 4.1661, [0, 1, 2, 4, 5, 7, 8, 9, 17, 18, 20, 21, 24, 26, 31, 40]]
[45, 4.15113, [0, 1, 2, 4, 5, 7, 8, 13, 15, 17, 18, 20, 24, 26, 28, 42]]
[45, 4.17323, [0, 1, 2, 4, 5, 7, 8, 13, 16, 17, 18, 20, 21, 26, 28, 30]]
[45, 4.1297, [0, 1, 2, 4, 5, 7, 8, 13, 16, 17, 18, 20, 26, 28, 30, 42]]
[45, 4.15648, [0, 1, 2, 4, 5, 7, 8, 13, 16, 17, 20, 21, 22, 26, 28, 30]]
[45, 4.10563, [0, 1, 2, 4, 5, 7, 8, 14, 15, 17, 18, 24, 26, 28, 36, 40]]
[45, 4.08284, [0, 1, 2, 4, 5, 7, 8, 14, 15, 17, 18, 24, 26, 36, 40, 42]]
[45, 4.05327, [0, 1, 2, 4, 5, 7, 9, 15, 16, 19, 20, 22, 24, 32, 38, 41]]
[45, 4.17822, [0, 1, 2, 4, 5, 7, 11, 12, 13, 15, 16, 18, 22, 24, 28, 38]]
[45, 4.15279, [0, 1, 2, 4, 5, 7, 11, 12, 13, 15, 16, 18, 22, 28, 36, 38]]
[45, 4.13659, [0, 1, 2, 4, 5, 7, 11, 12, 13, 15, 16, 18, 23, 33, 37, 39]]
[45, 4.1199, [0, 1, 2, 4, 5, 7, 11, 12, 13, 15, 16, 23, 25, 32, 33, 38]]
[45, 4.10741, [0, 1, 2, 4, 5, 7, 11, 12, 13, 15, 16, 23, 28, 32, 36, 38]]
[45, 4.08529, [0, 1, 2, 4, 5, 7, 11, 12, 13, 15, 16, 28, 32, 33, 35, 38]]
[45, 4.07328, [0, 1, 2, 4, 5, 7, 11, 12, 13, 15, 21, 23, 25, 38, 39, 41]]
[45, 4.09815, [0, 1, 2, 4, 5, 7, 11, 12, 13, 16, 18, 21, 23, 37, 38, 39]]
[45, 4.10094, [0, 1, 2, 4, 5, 7, 11, 12, 14, 16, 19, 22, 28, 29, 30, 35]]
[45, 4.07421, [0, 1, 2, 4, 5, 7, 11, 12, 14, 16, 22, 24, 28, 29, 30, 41]]
[45, 4.0571, [0, 1, 2, 4, 5, 7, 11, 12, 14, 16, 22, 28, 29, 30, 35, 36]]
[45, 4.07528, [0, 1, 2, 4, 5, 7, 11, 12, 14, 18, 19, 20, 23, 37, 39, 40]]
[45, 4.06911, [0, 1, 2, 4, 5, 7, 11, 12, 15, 16, 18, 22, 24, 38, 40, 41]]
[45, 4.05309, [0, 1, 2, 4, 5, 7, 11, 12, 16, 18, 20, 21, 23, 37, 39, 40]]
[45, 4.05643, [0, 1, 2, 4, 5, 7, 11, 12, 16, 19, 20, 21, 23, 32, 39, 40]]
[45, 4.08672, [0, 1, 2, 4, 5, 7, 11, 12, 16, 19, 21, 22, 24, 28, 29, 30]]
[45, 4.13668, [0, 1, 2, 4, 5, 7, 11, 13, 15, 16, 18, 20, 21, 23, 27, 37]]
[45, 4.08056, [0, 1, 2, 4, 5, 7, 11, 13, 15, 16, 18, 21, 23, 33, 37, 39]]
[45, 4.06669, [0, 1, 2, 4, 5, 7, 11, 14, 15, 16, 18, 24, 28, 29, 33, 36]]
[45, 4.0866, [0, 1, 2, 4, 5, 8, 9, 10, 17, 19, 21, 22, 27, 29, 31, 35]]
[45, 4.08525, [0, 1, 2, 4, 5, 8, 10, 13, 14, 17, 19, 21, 22, 27, 35, 39]]
[45, 4.08016, [0, 1, 2, 4, 5, 8, 10, 14, 16, 18, 19, 21, 23, 27, 29, 30]]
[45, 4.07645, [0, 1, 2, 4, 5, 9, 10, 11, 17, 18, 19, 21, 22, 24, 30, 41]]
[45, 4.07235, [0, 1, 2, 4, 5, 9, 10, 12, 14, 17, 20, 21, 22, 26, 36, 39]]
[45, 4.05516, [0, 1, 2, 4, 5, 9, 11, 12, 14, 16, 20, 21, 27, 30, 32, 34]]
[45, 4.0519, [0, 1, 2, 4, 5, 9, 11, 12, 14, 16, 21, 22, 27, 29, 30, 35]]
[45, 4.05877, [0, 1, 2, 4, 5, 9, 11, 12, 16, 17, 19, 21, 22, 29, 30, 35]]
[45, 4.10881, [0, 1, 2, 5, 6, 7, 9, 10, 12, 16, 19, 20, 21, 27, 29, 34]]
[45, 4.07096, [0, 1, 2, 5, 6, 7, 9, 10, 12, 16, 19, 21, 27, 29, 34, 35]]
[45, 4.06783, [0, 1, 2, 5, 6, 7, 9, 10, 12, 19, 20, 21, 23, 27, 29, 41]]
[45, 4.09329, [0, 1, 2, 5, 6, 7, 9, 10, 16, 17, 19, 20, 21, 24, 27, 29]]
[45, 4.05545, [0, 1, 2, 5, 6, 7, 9, 10, 16, 17, 19, 21, 24, 27, 29, 35]]
[45, 4.05533, [0, 1, 2, 5, 6, 8, 9, 12, 14, 16, 17, 19, 21, 27, 29, 35]]

Search completed in 0 hours, 0 minutes, and 7.07 seconds.  Enter a string to quit.