Enter an integer k for which our Kempner sets are k-free: 4
Enter a positive integer modulus b: 69
Enter estimation parameters, or * for pre-computed parameters ([0.0941, 1.095, 1.4233]): *
Enter a threshold (e.g. 4.2) to determine printed output: 4.2
Enter a root for the search space (e.g. [0, 1, 2]) [or * for the root [0]]: *
Enter an upper bound for the size of allowable digit sets [or * to ignore]: *
Enter a maximal number of deviations from a greedy search [or * to ignore]: *
Searching for k-free sets mod b...

[69, 4.23132, [0, 1, 2, 4, 5, 7, 8, 9, 14, 15, 17, 18, 24, 28, 30, 31, 35, 37, 46, 48, 50, 64]]
[69, 4.22789, [0, 1, 2, 4, 5, 7, 8, 9, 14, 15, 17, 18, 24, 28, 30, 31, 35, 40, 46, 48, 50, 64]]
[69, 4.21704, [0, 1, 2, 4, 5, 7, 8, 9, 14, 15, 17, 18, 24, 28, 31, 35, 37, 43, 45, 46, 50, 64]]
[69, 4.21457, [0, 1, 2, 4, 5, 7, 8, 9, 14, 15, 17, 18, 24, 28, 31, 35, 37, 43, 46, 48, 50, 64]]
[69, 4.22217, [0, 1, 2, 4, 5, 7, 8, 9, 14, 15, 17, 18, 24, 30, 31, 32, 35, 40, 42, 50, 51, 64]]
[69, 4.20832, [0, 1, 2, 4, 5, 7, 8, 9, 14, 15, 17, 18, 24, 30, 31, 35, 40, 42, 46, 48, 50, 64]]
[69, 4.20687, [0, 1, 2, 4, 5, 7, 8, 9, 14, 15, 17, 26, 27, 28, 30, 31, 34, 36, 44, 46, 47, 64]]
[69, 4.24787, [0, 1, 2, 4, 5, 7, 8, 9, 14, 16, 17, 18, 22, 28, 29, 31, 33, 37, 39, 45, 47, 63]]
[69, 4.22734, [0, 1, 2, 4, 5, 7, 8, 9, 14, 16, 17, 18, 22, 29, 31, 33, 37, 39, 43, 45, 47, 63]]
[69, 4.23719, [0, 1, 2, 4, 5, 7, 8, 9, 14, 16, 17, 18, 26, 28, 29, 31, 33, 37, 39, 45, 47, 63]]
[69, 4.22227, [0, 1, 2, 4, 5, 7, 8, 9, 14, 16, 17, 22, 26, 28, 29, 31, 33, 37, 39, 45, 47, 63]]
[69, 4.20477, [0, 1, 2, 4, 5, 7, 8, 9, 14, 16, 18, 25, 26, 28, 29, 31, 33, 39, 41, 45, 47, 63]]
[69, 4.2064, [0, 1, 2, 4, 5, 7, 8, 9, 14, 16, 18, 25, 26, 28, 29, 31, 35, 37, 39, 45, 47, 63]]
[69, 4.20785, [0, 1, 2, 4, 5, 7, 8, 9, 14, 16, 18, 25, 26, 28, 30, 31, 33, 35, 41, 45, 47, 63]]
[69, 4.20243, [0, 1, 2, 4, 5, 7, 8, 9, 14, 16, 18, 25, 26, 28, 30, 31, 35, 37, 41, 45, 47, 63]]
[69, 4.22188, [0, 1, 2, 4, 5, 7, 8, 9, 14, 18, 22, 24, 25, 28, 29, 30, 32, 33, 35, 41, 43, 45]]
[69, 4.21467, [0, 1, 2, 4, 5, 7, 8, 9, 15, 16, 17, 19, 20, 26, 27, 34, 40, 44, 46, 54, 56, 57]]
[69, 4.21461, [0, 1, 2, 4, 5, 7, 8, 9, 15, 16, 18, 19, 20, 25, 26, 28, 29, 31, 32, 33, 36]]
[69, 4.20082, [0, 1, 2, 4, 5, 7, 8, 9, 15, 16, 18, 19, 20, 25, 26, 28, 29, 32, 33, 36, 42]]
[69, 4.22513, [0, 1, 2, 4, 5, 7, 8, 9, 15, 16, 18, 20, 21, 25, 28, 31, 33, 39, 47, 50, 53, 57]]
[69, 4.21146, [0, 1, 2, 4, 5, 7, 8, 9, 15, 16, 18, 20, 21, 25, 28, 31, 39, 45, 47, 50, 53, 57]]
[69, 4.2516, [0, 1, 2, 4, 5, 7, 8, 9, 15, 16, 19, 20, 21, 28, 29, 30, 32, 33, 36, 38, 42, 62]]
[69, 4.20884, [0, 1, 2, 4, 5, 7, 8, 9, 15, 16, 19, 20, 21, 28, 29, 32, 36, 38, 42, 46, 59, 62]]
[69, 4.20303, [0, 1, 2, 4, 5, 7, 8, 9, 15, 16, 20, 21, 26, 28, 29, 33, 34, 36, 38, 42, 54, 60]]
[69, 4.2059, [0, 1, 2, 4, 5, 7, 8, 9, 15, 17, 18, 19, 23, 24, 32, 36, 38, 42, 44, 48, 49, 52]]
[69, 4.22336, [0, 1, 2, 4, 5, 7, 8, 9, 15, 17, 19, 20, 24, 26, 27, 28, 31, 33, 39, 55, 57, 59]]
[69, 4.23738, [0, 1, 2, 4, 5, 7, 8, 9, 15, 17, 19, 20, 24, 26, 27, 29, 30, 36, 38, 40, 46, 64]]
[69, 4.21205, [0, 1, 2, 4, 5, 7, 8, 9, 15, 17, 19, 20, 24, 27, 28, 29, 36, 38, 40, 46, 48, 64]]
[69, 4.21761, [0, 1, 2, 4, 5, 7, 8, 9, 15, 17, 19, 20, 24, 27, 28, 30, 34, 36, 38, 46, 48, 64]]
[69, 4.21022, [0, 1, 2, 4, 5, 7, 8, 9, 15, 17, 19, 20, 24, 27, 28, 30, 36, 38, 40, 46, 48, 64]]
[69, 4.20828, [0, 1, 2, 4, 5, 7, 8, 9, 15, 17, 19, 20, 24, 27, 29, 30, 36, 38, 40, 46, 48, 64]]
[69, 4.2062, [0, 1, 2, 4, 5, 7, 8, 9, 15, 17, 19, 20, 24, 28, 29, 30, 36, 38, 40, 46, 48, 64]]
[69, 4.21193, [0, 1, 2, 4, 5, 7, 8, 9, 15, 17, 20, 21, 24, 26, 28, 29, 31, 33, 39, 55, 57, 59]]
[69, 4.21441, [0, 1, 2, 4, 5, 7, 8, 9, 15, 17, 20, 21, 24, 26, 29, 30, 31, 34, 40, 46, 55, 57]]
[69, 4.2114, [0, 1, 2, 4, 5, 7, 8, 9, 15, 17, 20, 24, 26, 27, 29, 30, 31, 34, 36, 40, 46, 64]]
[69, 4.21632, [0, 1, 2, 4, 5, 7, 8, 9, 15, 18, 19, 20, 23, 24, 25, 28, 37, 39, 43, 50, 53, 59]]
[69, 4.23772, [0, 1, 2, 4, 5, 7, 8, 9, 15, 18, 19, 20, 24, 25, 26, 28, 29, 31, 33, 55, 57, 59]]
[69, 4.22816, [0, 1, 2, 4, 5, 7, 8, 9, 15, 19, 20, 21, 24, 25, 26, 28, 29, 38, 40, 42, 46, 54]]
[69, 4.21156, [0, 1, 2, 4, 5, 7, 8, 9, 15, 19, 20, 21, 24, 25, 26, 28, 31, 33, 39, 55, 57, 59]]
[69, 4.21206, [0, 1, 2, 4, 5, 7, 8, 9, 16, 17, 19, 20, 21, 26, 29, 30, 34, 40, 42, 46, 54, 56]]
[69, 4.21171, [0, 1, 2, 4, 5, 7, 8, 9, 16, 17, 19, 20, 22, 26, 27, 29, 34, 40, 42, 46, 56, 59]]
[69, 4.21083, [0, 1, 2, 4, 5, 7, 8, 9, 16, 17, 19, 20, 22, 27, 29, 30, 34, 40, 42, 46, 48, 56]]
[69, 4.21719, [0, 1, 2, 4, 5, 7, 8, 9, 16, 17, 19, 21, 26, 27, 28, 32, 33, 34, 36, 42, 44, 57]]
[69, 4.22529, [0, 1, 2, 4, 5, 7, 8, 9, 16, 19, 20, 21, 25, 26, 27, 29, 30, 32, 36, 40, 42, 62]]
[69, 4.20784, [0, 1, 2, 4, 5, 7, 8, 9, 16, 19, 20, 21, 25, 26, 27, 29, 30, 32, 40, 42, 56, 62]]
[69, 4.22695, [0, 1, 2, 4, 5, 7, 8, 9, 17, 18, 19, 21, 22, 24, 28, 29, 30, 32, 33, 42, 61, 64]]
[69, 4.21613, [0, 1, 2, 4, 5, 7, 8, 9, 17, 18, 19, 21, 22, 24, 28, 29, 30, 32, 33, 57, 61, 63]]
[69, 4.20571, [0, 1, 2, 4, 5, 7, 8, 9, 17, 18, 19, 21, 22, 24, 28, 32, 33, 34, 41, 43, 57, 63]]
[69, 4.21166, [0, 1, 2, 4, 5, 7, 8, 9, 17, 18, 19, 21, 22, 24, 29, 30, 32, 33, 38, 42, 61, 64]]
[69, 4.20754, [0, 1, 2, 4, 5, 7, 8, 9, 17, 18, 19, 21, 22, 26, 28, 29, 31, 33, 34, 57, 59, 63]]
[69, 4.23262, [0, 1, 2, 4, 5, 7, 8, 9, 17, 18, 19, 22, 23, 24, 26, 29, 31, 33, 36, 42, 45, 56]]
[69, 4.21578, [0, 1, 2, 4, 5, 7, 8, 9, 17, 18, 19, 22, 23, 24, 26, 29, 31, 33, 42, 45, 55, 56]]
[69, 4.21197, [0, 1, 2, 4, 5, 7, 8, 9, 17, 18, 19, 22, 23, 24, 26, 29, 31, 33, 42, 45, 55, 63]]
[69, 4.2006, [0, 1, 2, 4, 5, 7, 8, 9, 17, 18, 19, 22, 23, 24, 29, 31, 33, 36, 42, 45, 52, 56]]
[69, 4.21162, [0, 1, 2, 4, 5, 7, 8, 9, 17, 18, 20, 21, 23, 24, 28, 30, 31, 35, 37, 41, 55, 63]]
[69, 4.26396, [0, 1, 2, 4, 5, 7, 8, 9, 17, 19, 20, 21, 24, 27, 28, 29, 31, 35, 55, 57, 58, 61, 63]]
[69, 4.20654, [0, 1, 2, 4, 5, 7, 8, 9, 17, 19, 20, 22, 23, 24, 27, 28, 30, 35, 42, 44, 55, 57]]
[69, 4.21065, [0, 1, 2, 4, 5, 7, 8, 9, 17, 19, 20, 22, 23, 24, 27, 33, 34, 36, 38, 42, 44, 48]]
[69, 4.24718, [0, 1, 2, 4, 5, 7, 8, 9, 17, 19, 20, 22, 24, 27, 30, 34, 42, 44, 45, 46, 55, 56, 57]]
[69, 4.21821, [0, 1, 2, 4, 5, 7, 8, 9, 17, 19, 20, 22, 24, 30, 34, 42, 44, 45, 46, 50, 55, 56, 57]]
[69, 4.20749, [0, 1, 2, 4, 5, 7, 8, 9, 18, 19, 20, 22, 23, 25, 29, 30, 32, 33, 36, 42, 45, 56]]
[69, 4.21174, [0, 1, 2, 4, 5, 7, 8, 9, 19, 20, 21, 25, 26, 29, 30, 32, 36, 40, 42, 56, 61, 62, 64]]
[69, 4.20519, [0, 1, 2, 4, 5, 7, 8, 9, 20, 21, 23, 24, 27, 28, 29, 34, 36, 38, 43, 54, 59, 60, 61]]
[69, 4.23007, [0, 1, 2, 4, 5, 7, 8, 13, 14, 15, 17, 18, 25, 26, 28, 29, 30, 33, 34, 36, 57, 61]]
[69, 4.21889, [0, 1, 2, 4, 5, 7, 8, 13, 14, 15, 17, 18, 25, 26, 28, 29, 30, 33, 34, 47, 57, 61]]
[69, 4.21217, [0, 1, 2, 4, 5, 7, 8, 13, 14, 15, 17, 23, 25, 26, 28, 29, 30, 33, 34, 36, 57, 61]]
[69, 4.20414, [0, 1, 2, 4, 5, 7, 8, 13, 14, 16, 17, 18, 22, 28, 29, 30, 33, 37, 39, 45, 47, 63]]
[69, 4.20913, [0, 1, 2, 4, 5, 7, 8, 13, 14, 16, 18, 22, 25, 27, 29, 30, 32, 33, 35, 41, 43, 45]]
[69, 4.23853, [0, 1, 2, 4, 5, 7, 9, 12, 14, 15, 16, 20, 22, 25, 26, 27, 31, 33, 39, 41, 43, 53]]
[69, 4.21781, [0, 1, 2, 4, 5, 7, 9, 12, 14, 15, 16, 20, 22, 26, 27, 29, 30, 33, 35, 47, 55, 60]]
[69, 4.20216, [0, 1, 2, 4, 5, 7, 9, 12, 14, 15, 16, 22, 24, 25, 26, 29, 31, 40, 41, 44, 45, 60]]
[69, 4.22464, [0, 1, 2, 4, 5, 7, 9, 12, 15, 16, 19, 21, 28, 29, 32, 34, 36, 42, 44, 46, 47, 50, 62]]
[69, 4.23218, [0, 1, 2, 4, 5, 7, 11, 12, 13, 15, 16, 18, 20, 23, 26, 27, 30, 32, 36, 40, 58, 61]]
[69, 4.23034, [0, 1, 2, 4, 5, 7, 11, 12, 13, 15, 16, 18, 22, 23, 24, 26, 27, 29, 45, 52, 53, 55]]
[69, 4.22038, [0, 1, 2, 4, 5, 7, 11, 12, 13, 15, 16, 18, 22, 23, 24, 26, 29, 41, 42, 44, 45, 63]]
[69, 4.20617, [0, 1, 2, 4, 5, 7, 11, 12, 13, 15, 16, 18, 22, 23, 24, 26, 29, 41, 45, 49, 55, 63]]
[69, 4.20336, [0, 1, 2, 4, 5, 7, 11, 12, 13, 15, 16, 18, 22, 23, 24, 26, 29, 41, 45, 53, 55, 63]]
[69, 4.20483, [0, 1, 2, 4, 5, 7, 11, 12, 13, 15, 16, 18, 22, 23, 24, 26, 40, 41, 42, 44, 45, 63]]
[69, 4.20978, [0, 1, 2, 4, 5, 7, 11, 12, 13, 15, 16, 20, 21, 23, 25, 32, 33, 36, 38, 40, 50, 54]]
[69, 4.2122, [0, 1, 2, 4, 5, 7, 11, 12, 13, 15, 16, 20, 21, 23, 25, 32, 33, 36, 40, 42, 45, 50]]
[69, 4.20307, [0, 1, 2, 4, 5, 7, 11, 12, 13, 15, 16, 20, 21, 23, 25, 33, 36, 40, 41, 42, 45, 47]]
[69, 4.21894, [0, 1, 2, 4, 5, 7, 11, 12, 13, 15, 16, 21, 23, 25, 33, 36, 40, 45, 47, 50, 61, 62, 63]]
[69, 4.20893, [0, 1, 2, 4, 5, 8, 9, 10, 14, 16, 17, 18, 21, 29, 30, 31, 33, 34, 36, 38, 48, 59]]
[69, 4.20273, [0, 1, 2, 4, 5, 8, 9, 10, 14, 17, 21, 22, 23, 26, 27, 28, 30, 31, 33, 37, 41, 63]]

Search completed in 1 hours, 39 minutes, and 49.491 seconds.  Enter a string to quit.