Enter an integer k for which our Kempner sets are k-free: 4
Enter a positive integer modulus b: 83
Enter estimation parameters, or * for pre-computed parameters ([0.0913, 1.0814, 1.4329]): *
Enter a threshold (e.g. 4.2) to determine printed output: 4.23
Enter a root for the search space (e.g. [0, 1, 2]) [or * for the root [0]]: *
Enter an upper bound for the size of allowable digit sets [or * to ignore]: *
Enter a maximal number of deviations from a greedy search [or * to ignore]: *
Searching for k-free sets mod b...

[83, 4.23344, [0, 1, 2, 4, 5, 7, 8, 9, 14, 15, 16, 25, 26, 27, 29, 30, 32, 33, 39, 42, 47, 49, 52, 53, 61]]
[83, 4.24862, [0, 1, 2, 4, 5, 7, 8, 9, 14, 15, 16, 25, 30, 31, 33, 36, 38, 40, 41, 43, 50, 53, 54, 55, 73, 74]]
[83, 4.23556, [0, 1, 2, 4, 5, 7, 8, 9, 14, 15, 17, 18, 23, 24, 26, 28, 29, 36, 44, 46, 48, 61, 66, 75, 78]]
[83, 4.24429, [0, 1, 2, 4, 5, 7, 8, 9, 14, 15, 17, 18, 24, 26, 28, 29, 31, 32, 33, 39, 48, 64, 66, 67, 78]]
[83, 4.23644, [0, 1, 2, 4, 5, 7, 8, 9, 14, 15, 17, 18, 24, 26, 28, 29, 32, 33, 44, 45, 51, 53, 55, 61, 75]]
[83, 4.23799, [0, 1, 2, 4, 5, 7, 8, 9, 14, 15, 17, 18, 24, 28, 29, 30, 32, 33, 37, 44, 48, 54, 55, 61, 75]]
[83, 4.23465, [0, 1, 2, 4, 5, 7, 8, 9, 14, 15, 17, 18, 24, 28, 29, 30, 32, 33, 37, 44, 53, 54, 55, 61, 75]]
[83, 4.23401, [0, 1, 2, 4, 5, 7, 8, 9, 14, 16, 17, 18, 26, 28, 29, 31, 32, 33, 37, 39, 51, 53, 54, 55, 72]]
[83, 4.24995, [0, 1, 2, 4, 5, 7, 8, 9, 14, 16, 17, 18, 31, 33, 34, 36, 37, 38, 41, 43, 47, 53, 56, 71, 73, 77]]
[83, 4.23524, [0, 1, 2, 4, 5, 7, 8, 9, 15, 16, 17, 19, 20, 26, 27, 29, 30, 32, 33, 42, 61, 63, 64, 69, 73]]
[83, 4.26722, [0, 1, 2, 4, 5, 7, 8, 9, 15, 16, 17, 19, 20, 26, 27, 29, 30, 32, 34, 40, 42, 52, 53, 54, 73]]
[83, 4.25271, [0, 1, 2, 4, 5, 7, 8, 9, 15, 16, 17, 19, 20, 26, 27, 29, 30, 32, 40, 42, 49, 52, 53, 54, 73]]
[83, 4.23442, [0, 1, 2, 4, 5, 7, 8, 9, 15, 16, 17, 19, 20, 26, 27, 29, 32, 34, 40, 42, 52, 53, 54, 73, 74]]
[83, 4.23537, [0, 1, 2, 4, 5, 7, 8, 9, 15, 16, 17, 19, 20, 26, 27, 30, 32, 33, 34, 42, 53, 56, 64, 69, 73]]
[83, 4.26099, [0, 1, 2, 4, 5, 7, 8, 9, 15, 16, 17, 19, 20, 26, 28, 29, 31, 34, 36, 38, 48, 50, 54, 55, 60]]
[83, 4.24003, [0, 1, 2, 4, 5, 7, 8, 9, 15, 16, 17, 20, 21, 26, 28, 29, 33, 34, 36, 38, 42, 48, 60, 73, 74]]
[83, 4.23289, [0, 1, 2, 4, 5, 7, 8, 9, 15, 16, 17, 20, 28, 29, 31, 34, 38, 44, 48, 50, 52, 55, 60, 64, 73, 74]]
[83, 4.27125, [0, 1, 2, 4, 5, 7, 8, 9, 15, 16, 18, 19, 21, 25, 26, 28, 29, 30, 36, 42, 47, 49, 51, 52, 61]]
[83, 4.25742, [0, 1, 2, 4, 5, 7, 8, 9, 15, 16, 18, 19, 21, 25, 26, 28, 30, 33, 39, 42, 49, 51, 52, 53, 61]]
[83, 4.25757, [0, 1, 2, 4, 5, 7, 8, 9, 15, 16, 18, 19, 21, 25, 26, 28, 30, 36, 39, 42, 47, 49, 51, 52, 61]]
[83, 4.23324, [0, 1, 2, 4, 5, 7, 8, 9, 15, 16, 18, 19, 21, 25, 26, 28, 36, 39, 42, 47, 49, 51, 52, 55, 61]]
[83, 4.2457, [0, 1, 2, 4, 5, 7, 8, 9, 15, 16, 18, 19, 21, 25, 26, 30, 36, 38, 39, 42, 47, 49, 51, 52, 56]]
[83, 4.2509, [0, 1, 2, 4, 5, 7, 8, 9, 15, 16, 18, 19, 21, 25, 30, 32, 33, 36, 37, 38, 40, 43, 49, 52, 76]]
[83, 4.23633, [0, 1, 2, 4, 5, 7, 8, 9, 15, 16, 18, 19, 21, 25, 30, 32, 33, 36, 37, 40, 43, 49, 52, 57, 76]]
[83, 4.23547, [0, 1, 2, 4, 5, 7, 8, 9, 15, 16, 18, 19, 21, 25, 30, 32, 33, 37, 38, 40, 42, 49, 52, 56, 76]]
[83, 4.24992, [0, 1, 2, 4, 5, 7, 8, 9, 15, 16, 18, 20, 21, 25, 26, 28, 29, 36, 39, 45, 47, 49, 53, 55, 61]]
[83, 4.24856, [0, 1, 2, 4, 5, 7, 8, 9, 15, 16, 18, 20, 21, 25, 26, 28, 29, 36, 39, 45, 47, 51, 53, 55, 61]]
[83, 4.24394, [0, 1, 2, 4, 5, 7, 8, 9, 15, 16, 18, 20, 21, 25, 26, 28, 29, 36, 39, 45, 47, 53, 55, 59, 61]]
[83, 4.23537, [0, 1, 2, 4, 5, 7, 8, 9, 15, 16, 18, 20, 21, 25, 26, 28, 29, 36, 45, 47, 49, 53, 55, 59, 61]]
[83, 4.24208, [0, 1, 2, 4, 5, 7, 8, 9, 15, 16, 18, 20, 21, 28, 29, 30, 32, 33, 37, 39, 47, 49, 51, 55, 61]]
[83, 4.24494, [0, 1, 2, 4, 5, 7, 8, 9, 15, 16, 18, 20, 21, 28, 29, 31, 32, 33, 36, 37, 39, 49, 51, 55, 76]]
[83, 4.23124, [0, 1, 2, 4, 5, 7, 8, 9, 15, 16, 18, 21, 25, 26, 28, 29, 30, 36, 39, 42, 47, 49, 51, 52, 61]]
[83, 4.23518, [0, 1, 2, 4, 5, 7, 8, 9, 15, 16, 19, 20, 21, 25, 26, 28, 44, 46, 58, 59, 61, 63, 69, 70, 71, 74]]
[83, 4.23116, [0, 1, 2, 4, 5, 7, 8, 9, 15, 16, 19, 20, 25, 27, 28, 32, 39, 42, 52, 53, 57, 61, 64, 66, 70, 73]]
[83, 4.23497, [0, 1, 2, 4, 5, 7, 8, 9, 15, 17, 18, 19, 23, 24, 28, 32, 34, 35, 37, 39, 43, 45, 53, 57, 75]]
[83, 4.24449, [0, 1, 2, 4, 5, 7, 8, 9, 15, 17, 18, 19, 24, 28, 33, 34, 35, 37, 43, 45, 53, 57, 65, 70, 75, 78]]
[83, 4.23921, [0, 1, 2, 4, 5, 7, 8, 9, 15, 17, 18, 20, 21, 23, 29, 30, 32, 33, 34, 37, 42, 48, 64, 71, 75]]
[83, 4.24972, [0, 1, 2, 4, 5, 7, 8, 9, 15, 17, 18, 20, 21, 23, 30, 32, 33, 34, 37, 38, 40, 41, 48, 57, 75]]
[83, 4.25072, [0, 1, 2, 4, 5, 7, 8, 9, 15, 17, 18, 20, 21, 23, 30, 32, 33, 35, 36, 37, 40, 41, 48, 57, 75]]
[83, 4.24717, [0, 1, 2, 4, 5, 7, 8, 9, 15, 17, 18, 20, 21, 23, 30, 32, 33, 36, 37, 38, 40, 41, 48, 57, 75]]
[83, 4.24557, [0, 1, 2, 4, 5, 7, 8, 9, 15, 17, 18, 20, 21, 23, 30, 33, 34, 35, 37, 38, 40, 41, 48, 57, 75]]
[83, 4.27286, [0, 1, 2, 4, 5, 7, 8, 9, 15, 17, 19, 20, 23, 24, 29, 30, 32, 33, 37, 48, 61, 63, 64, 67, 69, 71]]
[83, 4.26982, [0, 1, 2, 4, 5, 7, 8, 9, 15, 17, 19, 20, 23, 24, 29, 30, 32, 33, 37, 48, 61, 63, 64, 69, 71, 75]]
[83, 4.24523, [0, 1, 2, 4, 5, 7, 8, 9, 15, 17, 19, 20, 23, 24, 30, 32, 33, 37, 48, 57, 61, 63, 64, 67, 69, 71]]
[83, 4.23235, [0, 1, 2, 4, 5, 7, 8, 9, 15, 17, 24, 27, 28, 29, 31, 32, 34, 35, 40, 42, 44, 50, 52, 53, 74, 78]]
[83, 4.23824, [0, 1, 2, 4, 5, 7, 8, 9, 15, 18, 19, 20, 23, 24, 25, 28, 34, 36, 37, 39, 43, 45, 47, 57, 76]]
[83, 4.23704, [0, 1, 2, 4, 5, 7, 8, 9, 15, 18, 19, 20, 23, 24, 26, 32, 33, 35, 36, 39, 41, 43, 49, 56, 72]]
[83, 4.26621, [0, 1, 2, 4, 5, 7, 8, 9, 15, 18, 19, 20, 23, 24, 30, 32, 34, 35, 42, 47, 48, 56, 58, 64, 71, 76]]
[83, 4.23599, [0, 1, 2, 4, 5, 7, 8, 9, 15, 19, 20, 21, 23, 24, 26, 30, 32, 33, 49, 61, 63, 65, 69, 71, 72, 75]]
[83, 4.30554, [0, 1, 2, 4, 5, 7, 8, 9, 15, 19, 20, 21, 23, 24, 26, 30, 32, 34, 35, 42, 46, 48, 54, 56, 58, 64]]
[83, 4.25844, [0, 1, 2, 4, 5, 7, 8, 9, 15, 19, 20, 23, 25, 26, 28, 32, 34, 39, 40, 43, 45, 50, 53, 57, 69, 70]]
[83, 4.23762, [0, 1, 2, 4, 5, 7, 8, 9, 15, 19, 20, 23, 25, 26, 28, 32, 39, 40, 43, 45, 50, 53, 57, 59, 69, 70]]
[83, 4.2383, [0, 1, 2, 4, 5, 7, 8, 9, 16, 17, 19, 20, 21, 27, 29, 30, 31, 34, 35, 36, 40, 48, 54, 55, 65]]
[83, 4.24139, [0, 1, 2, 4, 5, 7, 8, 9, 16, 18, 19, 20, 25, 26, 28, 29, 30, 42, 46, 48, 50, 63, 64, 72, 73, 76]]
[83, 4.23311, [0, 1, 2, 4, 5, 7, 8, 9, 16, 18, 19, 20, 25, 26, 28, 29, 30, 42, 46, 50, 62, 63, 64, 72, 73, 76]]
[83, 4.26848, [0, 1, 2, 4, 5, 7, 8, 9, 16, 19, 20, 21, 25, 26, 27, 30, 36, 37, 40, 43, 45, 49, 51, 58, 62, 69]]
[83, 4.23218, [0, 1, 2, 4, 5, 7, 8, 9, 16, 20, 21, 22, 25, 26, 27, 29, 30, 32, 36, 39, 40, 41, 45, 49, 51]]
[83, 4.24589, [0, 1, 2, 4, 5, 7, 8, 9, 17, 18, 19, 21, 22, 24, 28, 29, 31, 35, 46, 50, 60, 64, 65, 66, 72, 77]]
[83, 4.23599, [0, 1, 2, 4, 5, 7, 8, 9, 17, 18, 19, 21, 22, 24, 28, 29, 31, 35, 46, 60, 64, 65, 66, 69, 72, 77]]
[83, 4.24555, [0, 1, 2, 4, 5, 7, 8, 9, 17, 18, 19, 21, 22, 24, 28, 36, 37, 39, 45, 47, 49, 57, 58, 60, 62, 78]]
[83, 4.24573, [0, 1, 2, 4, 5, 7, 8, 13, 14, 15, 17, 18, 24, 25, 26, 28, 29, 31, 33, 36, 46, 48, 52, 55, 64]]
[83, 4.24409, [0, 1, 2, 4, 5, 7, 8, 13, 14, 15, 17, 18, 24, 25, 26, 28, 31, 33, 36, 40, 43, 46, 48, 52, 55]]
[83, 4.23774, [0, 1, 2, 4, 5, 7, 8, 13, 14, 15, 17, 18, 24, 25, 26, 28, 31, 33, 36, 40, 43, 46, 48, 55, 64]]
[83, 4.272, [0, 1, 2, 4, 5, 7, 8, 13, 15, 17, 18, 20, 24, 25, 26, 31, 33, 34, 36, 43, 47, 48, 53, 55, 56, 64]]
[83, 4.24383, [0, 1, 2, 4, 5, 7, 8, 13, 15, 17, 18, 20, 24, 25, 31, 33, 34, 36, 39, 43, 45, 47, 53, 56, 64, 80]]
[83, 4.23848, [0, 1, 2, 4, 5, 7, 8, 13, 15, 17, 18, 20, 24, 25, 31, 33, 34, 36, 39, 43, 45, 53, 55, 56, 64, 80]]
[83, 4.23125, [0, 1, 2, 4, 5, 7, 8, 13, 15, 17, 18, 20, 24, 25, 31, 33, 34, 36, 43, 45, 47, 53, 55, 56, 64, 80]]
[83, 4.2328, [0, 1, 2, 4, 5, 7, 8, 13, 16, 17, 18, 20, 25, 26, 27, 29, 30, 32, 42, 49, 51, 61, 62, 63, 65, 69]]
[83, 4.23228, [0, 1, 2, 4, 5, 7, 9, 12, 14, 15, 16, 22, 24, 25, 26, 29, 30, 31, 33, 39, 40, 41, 48, 50, 79]]
[83, 4.30666, [0, 1, 2, 4, 5, 7, 9, 12, 14, 15, 16, 22, 24, 25, 26, 29, 30, 31, 33, 39, 40, 41, 50, 53, 72, 79]]
[83, 4.23523, [0, 1, 2, 4, 5, 7, 9, 12, 14, 15, 20, 22, 23, 24, 27, 29, 30, 41, 48, 50, 51, 54, 55, 61, 65, 67]]
[83, 4.24178, [0, 1, 2, 4, 5, 7, 9, 12, 16, 18, 19, 21, 22, 28, 29, 30, 33, 36, 37, 38, 42, 49, 50, 51, 61, 76]]
[83, 4.24307, [0, 1, 2, 4, 5, 7, 11, 12, 13, 15, 16, 18, 20, 23, 26, 27, 30, 32, 35, 36, 40, 41, 43, 72, 74]]
[83, 4.23133, [0, 1, 2, 4, 5, 7, 11, 12, 13, 15, 16, 18, 20, 23, 26, 27, 30, 32, 40, 41, 43, 47, 49, 57, 61]]
[83, 4.3012, [0, 1, 2, 4, 5, 7, 11, 12, 13, 15, 16, 18, 20, 23, 26, 27, 30, 32, 41, 43, 47, 49, 51, 57, 61, 69]]
[83, 4.24235, [0, 1, 2, 4, 5, 7, 11, 12, 13, 15, 16, 18, 20, 23, 27, 30, 32, 35, 36, 39, 40, 41, 43, 49, 57]]
[83, 4.23081, [0, 1, 2, 4, 5, 7, 11, 12, 13, 15, 16, 18, 20, 23, 27, 30, 32, 35, 36, 39, 40, 41, 43, 57, 72]]
[83, 4.24539, [0, 1, 2, 4, 5, 7, 11, 12, 13, 15, 21, 22, 23, 26, 27, 30, 35, 36, 38, 42, 44, 50, 51, 52, 54, 58]]
[83, 4.24134, [0, 1, 2, 4, 5, 7, 11, 12, 13, 16, 18, 20, 23, 26, 27, 30, 32, 40, 41, 43, 45, 49, 51, 57, 61, 69]]
[83, 4.23975, [0, 1, 2, 4, 5, 7, 11, 12, 13, 16, 18, 20, 23, 26, 27, 30, 32, 40, 41, 43, 47, 49, 51, 57, 61, 69]]
[83, 4.26173, [0, 1, 2, 4, 5, 8, 9, 10, 14, 17, 21, 22, 23, 26, 27, 29, 33, 34, 36, 37, 42, 44, 48, 52, 69, 75]]

Search completed in 115 hours, 3 minutes, and 3 seconds.  Enter a string to quit.