Enter an integer k for which our Kempner sets are k-free: 4
Enter a positive integer modulus b: 78
Enter estimation parameters, or * for pre-computed parameters ([0.0901, 1.0918, 1.4099]): *
Enter a threshold (e.g. 4.2) to determine printed output: 4.13
Enter a root for the search space (e.g. [0, 1, 2]) [or * for the root [0]]: *
Enter an upper bound for the size of allowable digit sets [or * to ignore]: *
Enter a maximal number of deviations from a greedy search [or * to ignore]: *
Searching for k-free sets mod b...

[78, 4.17124, [0, 1, 2, 4, 5, 7, 8, 9, 14, 15, 16, 18, 25, 26, 28, 29, 31, 32, 33, 50, 51, 61, 66]]
[78, 4.16275, [0, 1, 2, 4, 5, 7, 8, 9, 14, 15, 16, 18, 25, 26, 29, 31, 32, 33, 36, 42, 51, 66, 67]]
[78, 4.15265, [0, 1, 2, 4, 5, 7, 8, 9, 14, 15, 17, 18, 23, 24, 29, 33, 36, 37, 38, 45, 52, 55, 70]]
[78, 4.1343, [0, 1, 2, 4, 5, 7, 8, 9, 14, 15, 17, 18, 23, 29, 33, 34, 36, 37, 38, 45, 52, 55, 70]]
[78, 4.25486, [0, 1, 2, 4, 5, 7, 8, 9, 14, 15, 17, 18, 24, 26, 28, 29, 31, 32, 33, 45, 50, 60, 61, 73]]
[78, 4.1708, [0, 1, 2, 4, 5, 7, 8, 9, 14, 15, 17, 18, 24, 26, 28, 29, 31, 32, 33, 45, 50, 60, 73]]
[78, 4.17031, [0, 1, 2, 4, 5, 7, 8, 9, 14, 15, 17, 18, 24, 26, 28, 29, 31, 32, 33, 45, 50, 61, 73]]
[78, 4.16448, [0, 1, 2, 4, 5, 7, 8, 9, 14, 15, 17, 18, 24, 26, 28, 29, 31, 32, 33, 45, 60, 61, 73]]
[78, 4.16075, [0, 1, 2, 4, 5, 7, 8, 9, 14, 15, 17, 18, 24, 26, 28, 29, 31, 32, 33, 50, 60, 61, 73]]
[78, 4.14787, [0, 1, 2, 4, 5, 7, 8, 9, 14, 15, 17, 18, 24, 26, 28, 29, 31, 32, 45, 50, 60, 61, 73]]
[78, 4.14641, [0, 1, 2, 4, 5, 7, 8, 9, 14, 15, 17, 18, 24, 26, 28, 29, 31, 33, 45, 50, 60, 61, 73]]
[78, 4.14487, [0, 1, 2, 4, 5, 7, 8, 9, 14, 15, 17, 18, 24, 26, 28, 29, 32, 33, 45, 50, 60, 61, 73]]
[78, 4.14049, [0, 1, 2, 4, 5, 7, 8, 9, 14, 15, 17, 18, 24, 26, 28, 29, 32, 33, 45, 50, 61, 70, 73]]
[78, 4.13466, [0, 1, 2, 4, 5, 7, 8, 9, 14, 15, 17, 18, 24, 26, 28, 29, 32, 33, 45, 60, 61, 70, 73]]
[78, 4.14151, [0, 1, 2, 4, 5, 7, 8, 9, 14, 15, 17, 18, 24, 26, 28, 31, 32, 33, 45, 50, 60, 61, 73]]
[78, 4.14198, [0, 1, 2, 4, 5, 7, 8, 9, 14, 15, 17, 18, 24, 26, 29, 31, 32, 33, 45, 50, 60, 61, 67]]
[78, 4.13966, [0, 1, 2, 4, 5, 7, 8, 9, 14, 15, 17, 18, 24, 26, 29, 31, 32, 33, 45, 50, 60, 61, 73]]
[78, 4.1715, [0, 1, 2, 4, 5, 7, 8, 9, 14, 15, 17, 18, 24, 28, 29, 30, 32, 33, 35, 37, 50, 51, 70]]
[78, 4.16084, [0, 1, 2, 4, 5, 7, 8, 9, 14, 15, 17, 18, 24, 28, 29, 30, 32, 33, 35, 37, 50, 70, 73]]
[78, 4.1406, [0, 1, 2, 4, 5, 7, 8, 9, 14, 15, 17, 18, 24, 28, 29, 30, 32, 33, 37, 50, 61, 70, 73]]
[78, 4.13559, [0, 1, 2, 4, 5, 7, 8, 9, 14, 15, 17, 18, 24, 28, 29, 31, 32, 33, 45, 50, 60, 61, 73]]
[78, 4.14333, [0, 1, 2, 4, 5, 7, 8, 9, 14, 15, 17, 18, 24, 28, 29, 32, 33, 35, 37, 45, 50, 70, 73]]
[78, 4.1372, [0, 1, 2, 4, 5, 7, 8, 9, 14, 15, 17, 18, 24, 28, 30, 32, 33, 35, 37, 50, 51, 70, 73]]
[78, 4.1309, [0, 1, 2, 4, 5, 7, 8, 9, 14, 15, 17, 18, 26, 28, 29, 31, 32, 33, 45, 50, 60, 61, 73]]
[78, 4.14919, [0, 1, 2, 4, 5, 7, 8, 9, 14, 15, 18, 24, 25, 26, 28, 29, 31, 32, 33, 45, 50, 60, 61]]
[78, 4.14202, [0, 1, 2, 4, 5, 7, 8, 9, 14, 15, 18, 24, 25, 26, 28, 29, 31, 32, 33, 50, 51, 61, 66]]
[78, 4.19796, [0, 1, 2, 4, 5, 7, 8, 9, 14, 16, 17, 18, 22, 28, 29, 30, 32, 33, 35, 36, 37, 45, 51]]
[78, 4.17947, [0, 1, 2, 4, 5, 7, 8, 9, 14, 16, 17, 18, 22, 29, 30, 32, 33, 35, 36, 37, 42, 45, 51]]
[78, 4.16678, [0, 1, 2, 4, 5, 7, 8, 9, 14, 16, 17, 18, 22, 29, 30, 32, 33, 35, 37, 42, 45, 50, 51]]
[78, 4.13525, [0, 1, 2, 4, 5, 7, 8, 9, 14, 16, 18, 25, 26, 31, 33, 36, 37, 42, 51, 56, 62, 63, 66, 67]]
[78, 4.14822, [0, 1, 2, 4, 5, 7, 8, 9, 14, 17, 18, 22, 23, 29, 30, 31, 33, 34, 36, 37, 42, 45, 65]]
[78, 4.16603, [0, 1, 2, 4, 5, 7, 8, 9, 15, 16, 17, 19, 20, 26, 27, 28, 31, 32, 33, 45, 60, 61, 68]]
[78, 4.1621, [0, 1, 2, 4, 5, 7, 8, 9, 15, 16, 17, 19, 20, 26, 27, 28, 31, 32, 36, 45, 60, 61, 68]]
[78, 4.16884, [0, 1, 2, 4, 5, 7, 8, 9, 15, 16, 17, 19, 20, 26, 27, 29, 30, 32, 33, 42, 60, 61, 67]]
[78, 4.14397, [0, 1, 2, 4, 5, 7, 8, 9, 15, 16, 17, 19, 20, 26, 27, 29, 30, 33, 42, 60, 61, 62, 67]]
[78, 4.15133, [0, 1, 2, 4, 5, 7, 8, 9, 15, 16, 17, 19, 20, 26, 27, 29, 32, 33, 42, 45, 60, 61, 67]]
[78, 4.13221, [0, 1, 2, 4, 5, 7, 8, 9, 15, 16, 17, 19, 20, 26, 27, 31, 32, 33, 45, 60, 61, 67, 68]]
[78, 4.16165, [0, 1, 2, 4, 5, 7, 8, 9, 15, 16, 17, 19, 20, 27, 28, 30, 33, 34, 35, 42, 52, 57, 62]]
[78, 4.18129, [0, 1, 2, 4, 5, 7, 8, 9, 15, 16, 17, 19, 20, 28, 29, 30, 32, 33, 35, 37, 42, 52, 53]]
[78, 4.18249, [0, 1, 2, 4, 5, 7, 8, 9, 15, 16, 17, 19, 20, 28, 29, 30, 33, 34, 35, 37, 38, 52, 53]]
[78, 4.17845, [0, 1, 2, 4, 5, 7, 8, 9, 15, 16, 17, 19, 20, 28, 29, 30, 33, 34, 35, 37, 42, 52, 53]]
[78, 4.16642, [0, 1, 2, 4, 5, 7, 8, 9, 15, 16, 17, 19, 27, 28, 29, 31, 32, 34, 35, 36, 42, 45, 52]]
[78, 4.16008, [0, 1, 2, 4, 5, 7, 8, 9, 15, 16, 17, 19, 27, 28, 29, 31, 32, 34, 35, 36, 45, 50, 52]]
[78, 4.13507, [0, 1, 2, 4, 5, 7, 8, 9, 15, 16, 17, 20, 21, 28, 29, 31, 32, 33, 38, 52, 53, 61, 69]]
[78, 4.15614, [0, 1, 2, 4, 5, 7, 8, 9, 15, 16, 17, 20, 21, 28, 29, 31, 34, 35, 36, 38, 45, 53, 63]]
[78, 4.1426, [0, 1, 2, 4, 5, 7, 8, 9, 15, 16, 17, 20, 21, 28, 29, 31, 34, 35, 36, 38, 53, 63, 69]]
[78, 4.13491, [0, 1, 2, 4, 5, 7, 8, 9, 15, 16, 18, 19, 20, 25, 26, 28, 29, 31, 32, 33, 36, 45]]
[78, 4.13058, [0, 1, 2, 4, 5, 7, 8, 9, 15, 16, 18, 19, 20, 25, 26, 28, 29, 31, 32, 33, 36, 51]]
[78, 4.19829, [0, 1, 2, 4, 5, 7, 8, 9, 15, 16, 18, 19, 20, 25, 26, 28, 29, 31, 32, 33, 45, 60, 61]]
[78, 4.19112, [0, 1, 2, 4, 5, 7, 8, 9, 15, 16, 18, 19, 20, 25, 26, 28, 29, 31, 32, 33, 51, 61, 66]]
[78, 4.18596, [0, 1, 2, 4, 5, 7, 8, 9, 15, 16, 18, 19, 20, 25, 26, 28, 29, 31, 32, 33, 60, 61, 66]]
[78, 4.16063, [0, 1, 2, 4, 5, 7, 8, 9, 15, 16, 18, 19, 20, 25, 26, 28, 29, 31, 33, 60, 61, 63, 66]]
[78, 4.17785, [0, 1, 2, 4, 5, 7, 8, 9, 15, 16, 18, 19, 20, 25, 26, 28, 29, 32, 33, 42, 51, 61, 66]]
[78, 4.13828, [0, 1, 2, 4, 5, 7, 8, 9, 15, 16, 18, 19, 20, 25, 26, 28, 31, 33, 51, 56, 61, 63, 68]]
[78, 4.1531, [0, 1, 2, 4, 5, 7, 8, 9, 15, 16, 18, 19, 20, 25, 29, 31, 32, 33, 38, 51, 52, 53, 61]]
[78, 4.14583, [0, 1, 2, 4, 5, 7, 8, 9, 15, 16, 18, 19, 20, 25, 29, 31, 32, 33, 38, 51, 53, 61, 66]]
[78, 4.14131, [0, 1, 2, 4, 5, 7, 8, 9, 15, 16, 18, 19, 20, 25, 29, 31, 32, 33, 45, 52, 53, 60, 61]]
[78, 4.16467, [0, 1, 2, 4, 5, 7, 8, 9, 15, 16, 18, 19, 20, 28, 29, 30, 33, 34, 35, 37, 42, 53, 71]]
[78, 4.13226, [0, 1, 2, 4, 5, 7, 8, 9, 15, 16, 18, 19, 20, 28, 29, 30, 33, 34, 42, 51, 53, 61, 71]]
[78, 4.13498, [0, 1, 2, 4, 5, 7, 8, 9, 15, 16, 18, 19, 20, 28, 29, 31, 32, 33, 45, 52, 53, 60, 61]]
[78, 4.14825, [0, 1, 2, 4, 5, 7, 8, 9, 15, 16, 18, 19, 20, 29, 30, 31, 33, 34, 37, 38, 52, 53, 71]]
[78, 4.21949, [0, 1, 2, 4, 5, 7, 8, 9, 15, 16, 18, 19, 20, 29, 30, 31, 33, 34, 38, 51, 52, 53, 61, 71]]
[78, 4.13608, [0, 1, 2, 4, 5, 7, 8, 9, 15, 16, 18, 19, 20, 29, 30, 31, 33, 34, 38, 51, 52, 53, 71]]
[78, 4.13171, [0, 1, 2, 4, 5, 7, 8, 9, 15, 16, 18, 19, 20, 29, 30, 31, 33, 34, 38, 51, 52, 61, 71]]
[78, 4.13108, [0, 1, 2, 4, 5, 7, 8, 9, 15, 16, 18, 19, 20, 29, 30, 31, 33, 34, 38, 51, 53, 61, 71]]
[78, 4.13881, [0, 1, 2, 4, 5, 7, 8, 9, 15, 16, 18, 19, 20, 29, 30, 32, 33, 34, 38, 51, 52, 53, 61]]
[78, 4.18253, [0, 1, 2, 4, 5, 7, 8, 9, 15, 16, 18, 19, 21, 25, 26, 28, 29, 30, 36, 42, 49, 51, 62]]
[78, 4.21606, [0, 1, 2, 4, 5, 7, 8, 9, 15, 16, 18, 19, 21, 29, 30, 31, 33, 34, 38, 51, 52, 53, 61, 71]]
[78, 4.13271, [0, 1, 2, 4, 5, 7, 8, 9, 15, 16, 18, 19, 21, 29, 30, 31, 33, 34, 38, 51, 52, 53, 71]]
[78, 4.13544, [0, 1, 2, 4, 5, 7, 8, 9, 15, 16, 18, 19, 21, 29, 30, 32, 33, 34, 38, 51, 52, 53, 61]]
[78, 4.17095, [0, 1, 2, 4, 5, 7, 8, 9, 15, 16, 18, 19, 25, 26, 28, 29, 31, 32, 33, 36, 42, 51, 66]]
[78, 4.15195, [0, 1, 2, 4, 5, 7, 8, 9, 15, 16, 18, 19, 25, 26, 28, 29, 31, 32, 33, 42, 51, 61, 66]]
[78, 4.14561, [0, 1, 2, 4, 5, 7, 8, 9, 15, 16, 18, 19, 25, 26, 28, 29, 31, 32, 33, 50, 51, 61, 66]]
[78, 4.14802, [0, 1, 2, 4, 5, 7, 8, 9, 15, 16, 18, 19, 25, 26, 28, 29, 31, 32, 36, 42, 51, 61, 66]]
[78, 4.13712, [0, 1, 2, 4, 5, 7, 8, 9, 15, 16, 18, 19, 25, 26, 29, 31, 32, 33, 36, 42, 51, 66, 67]]
[78, 4.13117, [0, 1, 2, 4, 5, 7, 8, 9, 15, 16, 18, 19, 25, 26, 29, 31, 32, 33, 38, 50, 51, 61, 66]]
[78, 4.13282, [0, 1, 2, 4, 5, 7, 8, 9, 15, 16, 18, 20, 21, 25, 28, 31, 33, 36, 37, 51, 56, 63, 68]]
[78, 4.13099, [0, 1, 2, 4, 5, 7, 8, 9, 15, 16, 18, 20, 21, 28, 29, 30, 33, 34, 37, 51, 52, 61, 71]]
[78, 4.15645, [0, 1, 2, 4, 5, 7, 8, 9, 15, 16, 18, 20, 21, 29, 30, 31, 33, 34, 36, 37, 38, 51, 71]]
[78, 4.14301, [0, 1, 2, 4, 5, 7, 8, 9, 15, 16, 18, 20, 21, 29, 30, 31, 33, 34, 36, 38, 51, 53, 71]]
[78, 4.14246, [0, 1, 2, 4, 5, 7, 8, 9, 15, 16, 18, 20, 21, 29, 30, 31, 33, 34, 37, 38, 51, 52, 71]]
[78, 4.21229, [0, 1, 2, 4, 5, 7, 8, 9, 15, 16, 18, 20, 21, 29, 30, 31, 33, 34, 38, 51, 52, 53, 61, 71]]
[78, 4.14519, [0, 1, 2, 4, 5, 7, 8, 9, 15, 16, 18, 20, 21, 29, 30, 32, 33, 34, 37, 38, 51, 52, 61]]
[78, 4.13175, [0, 1, 2, 4, 5, 7, 8, 9, 15, 16, 18, 20, 21, 29, 30, 32, 33, 34, 38, 51, 52, 53, 61]]
[78, 4.13399, [0, 1, 2, 4, 5, 7, 8, 9, 15, 16, 18, 21, 28, 31, 34, 35, 36, 45, 53, 56, 59, 63, 66, 68]]
[78, 4.14752, [0, 1, 2, 4, 5, 7, 8, 9, 15, 16, 19, 20, 21, 25, 26, 28, 29, 36, 38, 50, 51, 61, 69]]
[78, 4.13036, [0, 1, 2, 4, 5, 7, 8, 9, 15, 16, 19, 20, 21, 25, 26, 28, 29, 36, 50, 51, 61, 62, 69]]
[78, 4.1563, [0, 1, 2, 4, 5, 7, 8, 9, 15, 16, 19, 20, 21, 25, 28, 29, 31, 32, 36, 38, 51, 61, 69]]
[78, 4.13503, [0, 1, 2, 4, 5, 7, 8, 9, 15, 16, 19, 20, 21, 25, 28, 29, 31, 32, 38, 51, 61, 66, 69]]
[78, 4.13823, [0, 1, 2, 4, 5, 7, 8, 9, 15, 16, 19, 20, 21, 25, 28, 29, 31, 36, 38, 50, 51, 61, 69]]
[78, 4.17476, [0, 1, 2, 4, 5, 7, 8, 9, 15, 16, 19, 20, 21, 26, 28, 29, 30, 33, 34, 36, 42, 51, 62]]
[78, 4.13727, [0, 1, 2, 4, 5, 7, 8, 9, 15, 16, 19, 20, 21, 28, 29, 30, 32, 33, 38, 51, 52, 53, 61]]
[78, 4.13087, [0, 1, 2, 4, 5, 7, 8, 9, 15, 16, 19, 20, 21, 28, 29, 30, 32, 33, 38, 51, 53, 61, 64]]
[78, 4.21345, [0, 1, 2, 4, 5, 7, 8, 9, 15, 16, 19, 20, 21, 28, 29, 30, 33, 34, 38, 51, 52, 53, 61, 71]]
[78, 4.13016, [0, 1, 2, 4, 5, 7, 8, 9, 15, 16, 19, 20, 21, 28, 29, 30, 33, 34, 38, 51, 52, 53, 71]]
[78, 4.13563, [0, 1, 2, 4, 5, 7, 8, 9, 15, 16, 19, 20, 21, 28, 29, 31, 32, 33, 38, 51, 52, 53, 61]]
[78, 4.21406, [0, 1, 2, 4, 5, 7, 8, 9, 15, 16, 19, 20, 21, 28, 29, 31, 32, 34, 38, 51, 52, 53, 61, 69]]
[78, 4.13076, [0, 1, 2, 4, 5, 7, 8, 9, 15, 16, 19, 20, 21, 28, 29, 31, 32, 34, 38, 51, 52, 53, 69]]
[78, 4.13474, [0, 1, 2, 4, 5, 7, 8, 9, 15, 16, 19, 20, 21, 28, 29, 31, 33, 34, 38, 50, 51, 52, 61]]
[78, 4.13412, [0, 1, 2, 4, 5, 7, 8, 9, 15, 16, 19, 20, 21, 28, 29, 31, 33, 34, 38, 50, 51, 53, 61]]
[78, 4.13347, [0, 1, 2, 4, 5, 7, 8, 9, 15, 16, 19, 20, 21, 28, 29, 31, 33, 34, 38, 50, 52, 53, 61]]
[78, 4.21179, [0, 1, 2, 4, 5, 7, 8, 9, 15, 16, 19, 20, 21, 28, 29, 31, 33, 34, 38, 51, 52, 53, 61, 71]]
[78, 4.13126, [0, 1, 2, 4, 5, 7, 8, 9, 15, 16, 19, 20, 21, 28, 29, 32, 33, 34, 38, 51, 52, 53, 61]]
[78, 4.21002, [0, 1, 2, 4, 5, 7, 8, 9, 15, 16, 19, 20, 21, 28, 30, 31, 33, 34, 38, 51, 52, 53, 61, 71]]
[78, 4.20814, [0, 1, 2, 4, 5, 7, 8, 9, 15, 16, 19, 20, 21, 29, 30, 31, 33, 34, 38, 51, 52, 53, 61, 71]]
[78, 4.17794, [0, 1, 2, 4, 5, 7, 8, 9, 15, 16, 19, 25, 26, 28, 29, 31, 32, 36, 38, 50, 51, 61, 66, 69]]
[78, 4.15578, [0, 1, 2, 4, 5, 7, 8, 9, 15, 16, 20, 21, 28, 29, 31, 33, 34, 38, 50, 52, 53, 61, 63, 69]]
[78, 4.13754, [0, 1, 2, 4, 5, 7, 8, 9, 15, 17, 18, 19, 23, 24, 28, 29, 30, 32, 49, 50, 53, 60, 61]]
[78, 4.14823, [0, 1, 2, 4, 5, 7, 8, 9, 15, 17, 18, 19, 23, 24, 29, 32, 33, 36, 37, 38, 45, 52, 70]]
[78, 4.15018, [0, 1, 2, 4, 5, 7, 8, 9, 15, 17, 18, 19, 24, 26, 28, 29, 31, 32, 33, 45, 50, 60, 61]]
[78, 4.13522, [0, 1, 2, 4, 5, 7, 8, 9, 15, 17, 18, 19, 24, 28, 29, 30, 32, 33, 35, 37, 50, 70, 73]]
[78, 4.17315, [0, 1, 2, 4, 5, 7, 8, 9, 15, 17, 18, 20, 21, 23, 29, 30, 32, 33, 34, 37, 38, 52, 70]]
[78, 4.15275, [0, 1, 2, 4, 5, 7, 8, 9, 15, 17, 18, 20, 21, 28, 29, 30, 32, 33, 35, 36, 37, 70, 73]]
[78, 4.15924, [0, 1, 2, 4, 5, 7, 8, 9, 15, 17, 18, 20, 21, 28, 29, 30, 32, 33, 36, 37, 42, 51, 62]]
[78, 4.15582, [0, 1, 2, 4, 5, 7, 8, 9, 15, 17, 18, 20, 21, 28, 29, 30, 32, 33, 36, 37, 42, 51, 70]]
[78, 4.14858, [0, 1, 2, 4, 5, 7, 8, 9, 15, 17, 18, 20, 21, 28, 29, 30, 32, 33, 36, 37, 42, 62, 73]]
[78, 4.14517, [0, 1, 2, 4, 5, 7, 8, 9, 15, 17, 18, 20, 21, 28, 29, 30, 32, 33, 36, 37, 42, 70, 73]]
[78, 4.1543, [0, 1, 2, 4, 5, 7, 8, 9, 15, 17, 18, 20, 21, 28, 29, 31, 32, 34, 35, 36, 45, 53, 63]]
[78, 4.13428, [0, 1, 2, 4, 5, 7, 8, 9, 15, 17, 18, 20, 21, 29, 30, 32, 33, 35, 36, 37, 42, 70, 73]]
[78, 4.13056, [0, 1, 2, 4, 5, 7, 8, 9, 15, 17, 19, 20, 23, 28, 29, 30, 32, 33, 37, 42, 52, 53, 70]]
[78, 4.141, [0, 1, 2, 4, 5, 7, 8, 9, 15, 18, 19, 20, 23, 24, 25, 29, 32, 33, 38, 45, 52, 60, 61]]
[78, 4.13711, [0, 1, 2, 4, 5, 7, 8, 9, 15, 18, 19, 20, 23, 24, 25, 29, 32, 33, 38, 45, 52, 60, 70]]
[78, 4.15099, [0, 1, 2, 4, 5, 7, 8, 9, 15, 18, 19, 20, 24, 25, 26, 28, 29, 31, 33, 45, 50, 60, 61]]
[78, 4.14624, [0, 1, 2, 4, 5, 7, 8, 9, 15, 19, 20, 21, 23, 24, 28, 29, 30, 33, 35, 36, 37, 64, 70]]
[78, 4.13948, [0, 1, 2, 4, 5, 7, 8, 9, 15, 19, 20, 21, 23, 24, 29, 30, 32, 33, 35, 36, 37, 64, 70]]
[78, 4.13593, [0, 1, 2, 4, 5, 7, 8, 9, 15, 19, 20, 21, 23, 24, 29, 30, 32, 33, 36, 37, 38, 64, 70]]
[78, 4.13072, [0, 1, 2, 4, 5, 7, 8, 9, 15, 19, 20, 21, 23, 28, 29, 30, 32, 33, 35, 36, 37, 64, 70]]
[78, 4.17817, [0, 1, 2, 4, 5, 7, 8, 9, 15, 19, 21, 24, 25, 26, 28, 29, 31, 32, 38, 50, 51, 61, 66, 69]]
[78, 4.15808, [0, 1, 2, 4, 5, 7, 8, 9, 15, 19, 21, 24, 26, 28, 31, 32, 34, 35, 38, 50, 51, 53, 64, 69]]
[78, 4.16442, [0, 1, 2, 4, 5, 7, 8, 9, 16, 17, 18, 20, 21, 26, 28, 29, 30, 33, 36, 37, 42, 51, 62]]
[78, 4.13739, [0, 1, 2, 4, 5, 7, 8, 9, 16, 17, 18, 20, 21, 29, 30, 31, 34, 35, 36, 38, 45, 53, 63]]
[78, 4.13093, [0, 1, 2, 4, 5, 7, 8, 9, 16, 17, 18, 21, 22, 29, 30, 31, 34, 35, 36, 38, 45, 53, 63]]
[78, 4.17155, [0, 1, 2, 4, 5, 7, 8, 9, 16, 17, 19, 20, 22, 28, 29, 30, 32, 33, 35, 36, 37, 42, 45]]
[78, 4.13356, [0, 1, 2, 4, 5, 7, 8, 9, 16, 17, 19, 20, 22, 28, 29, 30, 32, 33, 38, 45, 51, 52, 53]]
[78, 4.13229, [0, 1, 2, 4, 5, 7, 8, 9, 17, 18, 19, 21, 22, 24, 28, 29, 30, 32, 35, 45, 51, 53, 70]]
[78, 4.13174, [0, 1, 2, 4, 5, 7, 8, 9, 17, 20, 21, 22, 28, 29, 31, 32, 34, 35, 36, 53, 62, 63, 64, 69]]
[78, 4.17485, [0, 1, 2, 4, 5, 7, 8, 13, 14, 15, 17, 18, 24, 25, 26, 28, 29, 31, 32, 33, 45, 50, 51]]
[78, 4.16969, [0, 1, 2, 4, 5, 7, 8, 13, 14, 15, 17, 18, 24, 25, 26, 28, 29, 31, 32, 33, 45, 50, 60]]
[78, 4.16253, [0, 1, 2, 4, 5, 7, 8, 13, 14, 15, 17, 18, 24, 25, 26, 28, 29, 31, 32, 33, 50, 51, 66]]
[78, 4.17087, [0, 1, 2, 4, 5, 7, 8, 13, 14, 15, 17, 18, 24, 25, 26, 28, 29, 31, 33, 36, 45, 48, 51]]
[78, 4.1582, [0, 1, 2, 4, 5, 7, 8, 13, 14, 15, 17, 18, 24, 25, 26, 28, 29, 31, 33, 45, 48, 50, 51]]
[78, 4.15157, [0, 1, 2, 4, 5, 7, 8, 13, 14, 16, 17, 18, 22, 25, 27, 29, 30, 33, 35, 42, 45, 50, 51]]
[78, 4.13942, [0, 1, 2, 4, 5, 7, 8, 13, 14, 16, 17, 18, 22, 25, 27, 29, 30, 33, 35, 45, 50, 51, 60]]
[78, 4.174, [0, 1, 2, 4, 5, 7, 8, 13, 14, 16, 17, 18, 22, 25, 28, 29, 30, 32, 33, 35, 36, 45, 51]]
[78, 4.15553, [0, 1, 2, 4, 5, 7, 8, 13, 14, 16, 17, 18, 22, 25, 29, 30, 32, 33, 35, 36, 42, 45, 51]]
[78, 4.14285, [0, 1, 2, 4, 5, 7, 8, 13, 14, 16, 17, 18, 22, 25, 29, 30, 32, 33, 35, 42, 45, 50, 51]]
[78, 4.15435, [0, 1, 2, 4, 5, 7, 8, 13, 14, 16, 17, 18, 22, 28, 29, 30, 32, 33, 35, 36, 37, 45, 51]]
[78, 4.13587, [0, 1, 2, 4, 5, 7, 8, 13, 14, 16, 17, 18, 22, 29, 30, 32, 33, 35, 36, 37, 42, 45, 51]]
[78, 4.14556, [0, 1, 2, 4, 5, 7, 8, 13, 14, 16, 17, 18, 25, 26, 27, 29, 30, 32, 33, 42, 45, 50, 51]]
[78, 4.13849, [0, 1, 2, 4, 5, 7, 8, 13, 14, 16, 17, 18, 25, 26, 28, 29, 31, 32, 33, 36, 45, 51, 69]]
[78, 4.1306, [0, 1, 2, 4, 5, 7, 8, 13, 14, 16, 17, 18, 25, 27, 29, 30, 32, 33, 35, 42, 45, 50, 51]]
[78, 4.14048, [0, 1, 2, 4, 5, 7, 8, 13, 15, 16, 17, 20, 25, 26, 28, 29, 31, 32, 33, 36, 42, 45, 51]]
[78, 4.13534, [0, 1, 2, 4, 5, 7, 8, 13, 15, 16, 17, 20, 25, 26, 28, 29, 31, 32, 33, 36, 42, 45, 60]]
[78, 4.13597, [0, 1, 2, 4, 5, 7, 8, 13, 15, 16, 18, 20, 25, 26, 28, 29, 31, 32, 33, 36, 42, 45, 51]]
[78, 4.14154, [0, 1, 2, 4, 5, 7, 8, 13, 15, 17, 18, 20, 24, 25, 26, 28, 29, 31, 33, 36, 45, 48, 51]]
[78, 4.1539, [0, 1, 2, 4, 5, 7, 8, 13, 15, 17, 18, 20, 25, 26, 27, 29, 32, 36, 42, 55, 58, 61, 62, 63]]
[78, 4.13094, [0, 1, 2, 4, 5, 7, 8, 13, 15, 17, 18, 20, 25, 26, 28, 29, 31, 32, 33, 36, 42, 45, 51]]
[78, 4.13256, [0, 1, 2, 4, 5, 7, 8, 14, 15, 16, 19, 27, 28, 29, 31, 32, 34, 35, 36, 45, 50, 51, 52, 61]]
[78, 4.13503, [0, 1, 2, 4, 5, 7, 9, 15, 16, 18, 19, 24, 25, 26, 28, 29, 31, 32, 33, 38, 50, 51, 61, 66]]
[78, 4.14044, [0, 1, 2, 5, 6, 7, 9, 10, 12, 16, 20, 21, 22, 26, 27, 29, 33, 34, 35, 37, 42, 47, 64, 69]]

Search completed in 1 hours, 32 minutes, and 43.41 seconds.  Enter a string to quit.