Enter an integer k for which our Kempner sets are k-free: 4
Enter a positive integer modulus b: 11
Enter estimation parameters, or * for pre-computed parameters ([0.2284, 1.1762, 1.7635]): *
Enter a threshold (e.g. 4.2) to determine printed output: 2.0
Enter a root for the search space (e.g. [0, 1, 2]) [or * for the root [0]]: *
Enter an upper bound for the size of allowable digit sets [or * to ignore]: *
Enter a maximal number of deviations from a greedy search [or * to ignore]: *
Searching for k-free sets mod b...

[11, 4.41705, [0, 1, 2, 4, 5, 7]]
[11, 3.48153, [0, 1, 2, 4, 7]]
[11, 3.4012, [0, 1, 2, 5, 7]]
[11, 4.00431, [0, 1, 2, 6, 8, 9]]
[11, 3.28052, [0, 1, 2, 6, 9]]
[11, 2.75189, [0, 1, 2, 7]]
[11, 3.20242, [0, 1, 2, 8, 9]]
[11, 2.69894, [0, 1, 2, 9]]
[11, 4.08921, [0, 1, 3, 4, 5, 9]]
[11, 3.321, [0, 1, 3, 4, 6]]
[11, 3.21528, [0, 1, 3, 4, 9]]
[11, 3.13643, [0, 1, 3, 5, 9]]
[11, 2.6189, [0, 1, 3, 6]]
[11, 3.70741, [0, 1, 3, 7, 8, 9]]
[11, 3.03703, [0, 1, 3, 7, 9]]
[11, 3.0033, [0, 1, 3, 8, 9]]
[11, 2.53094, [0, 1, 3, 9]]
[11, 3.07998, [0, 1, 4, 5, 7]]
[11, 3.01885, [0, 1, 4, 5, 9]]
[11, 2.5198, [0, 1, 4, 6]]
[11, 2.4839, [0, 1, 4, 7]]
[11, 2.43278, [0, 1, 4, 9]]
[11, 2.86987, [0, 1, 5, 7, 8]]
[11, 2.39041, [0, 1, 5, 8]]
[11, 2.3677, [0, 1, 5, 9]]
[11, 2.75438, [0, 1, 6, 8, 9]]
[11, 2.32104, [0, 1, 6, 9]]
[11, 2.71255, [0, 1, 7, 8, 9]]
[11, 2.28577, [0, 1, 7, 9]]
[11, 2.25805, [0, 1, 8, 9]]
[11, 2.80854, [0, 2, 3, 4, 8]]
[11, 3.46556, [0, 2, 3, 5, 6, 7]]
[11, 2.7649, [0, 2, 3, 5, 7]]
[11, 2.70721, [0, 2, 3, 5, 9]]
[11, 2.71099, [0, 2, 3, 6, 7]]
[11, 2.22288, [0, 2, 3, 7]]
[11, 2.1963, [0, 2, 3, 8]]
[11, 2.17486, [0, 2, 3, 9]]
[11, 2.65088, [0, 2, 4, 5, 7]]
[11, 2.12793, [0, 2, 4, 7]]
[11, 2.10165, [0, 2, 4, 8]]
[11, 2.52287, [0, 2, 5, 6, 7]]
[11, 2.0656, [0, 2, 5, 7]]
[11, 2.01851, [0, 2, 5, 9]]
[11, 2.39918, [0, 2, 6, 7, 8]]
[11, 2.34338, [0, 2, 6, 8, 9]]
[11, 2.40146, [0, 3, 4, 5, 9]]
[11, 2.33112, [0, 3, 5, 6, 7]]
[11, 2.11699, [0, 3, 7, 8, 9]]
[11, 2.64382, [0, 4, 5, 6, 8, 9]]
[11, 2.16596, [0, 4, 5, 6, 9]]
[11, 2.09755, [0, 4, 5, 8, 9]]
[11, 2.0763, [0, 4, 6, 7, 9]]
[11, 2.04652, [0, 4, 6, 8, 9]]

Search completed in 0 hours, 0 minutes, and 0.022 seconds.  Enter a string to quit.