Enter an integer k for which our Kempner sets are k-free: 4
Enter a positive integer modulus b: 80
Enter estimation parameters, or * for pre-computed parameters ([0.0895, 1.0913, 1.4091]): *
Enter a threshold (e.g. 4.2) to determine printed output: 4.15
Enter a root for the search space (e.g. [0, 1, 2]) [or * for the root [0]]: *
Enter an upper bound for the size of allowable digit sets [or * to ignore]: *
Enter a maximal number of deviations from a greedy search [or * to ignore]: *
Searching for k-free sets mod b...

[80, 4.16178, [0, 1, 2, 4, 5, 7, 8, 9, 14, 15, 16, 18, 25, 26, 28, 29, 31, 32, 33, 36, 50, 51, 52]]
[80, 4.15313, [0, 1, 2, 4, 5, 7, 8, 9, 14, 15, 16, 18, 25, 26, 28, 29, 31, 33, 36, 39, 50, 51, 52]]
[80, 4.19411, [0, 1, 2, 4, 5, 7, 8, 9, 14, 15, 17, 18, 23, 24, 29, 30, 33, 37, 39, 50, 53, 62, 68, 72]]
[80, 4.16495, [0, 1, 2, 4, 5, 7, 8, 9, 14, 15, 23, 24, 25, 27, 30, 36, 39, 53, 57, 60, 61, 62, 66, 69, 72]]
[80, 4.18881, [0, 1, 2, 4, 5, 7, 8, 9, 15, 16, 18, 19, 21, 26, 29, 33, 34, 35, 38, 46, 51, 53, 54, 70]]
[80, 4.16266, [0, 1, 2, 4, 5, 7, 8, 9, 15, 16, 19, 21, 26, 28, 29, 30, 34, 35, 36, 50, 51, 52, 63, 64]]
[80, 4.1557, [0, 1, 2, 4, 5, 7, 8, 9, 15, 17, 18, 20, 21, 23, 29, 30, 32, 33, 34, 37, 38, 39, 54]]
[80, 4.15802, [0, 1, 2, 4, 5, 7, 8, 9, 16, 17, 20, 21, 22, 28, 29, 30, 32, 36, 38, 39, 53, 63, 65, 66]]
[80, 4.16219, [0, 1, 2, 4, 5, 7, 8, 9, 17, 18, 20, 21, 22, 28, 29, 31, 32, 33, 36, 37, 39, 64, 66, 75]]
[80, 4.16921, [0, 1, 2, 4, 5, 7, 8, 9, 17, 20, 21, 23, 27, 28, 29, 31, 32, 36, 50, 53, 59, 62, 65, 66, 74]]
[80, 4.15856, [0, 1, 2, 4, 5, 7, 8, 9, 18, 19, 21, 22, 23, 26, 29, 33, 34, 35, 37, 38, 43, 46, 54, 56]]
[80, 4.1778, [0, 1, 2, 4, 5, 7, 8, 13, 14, 15, 17, 18, 24, 25, 26, 29, 30, 31, 33, 50, 52, 61, 63, 68]]
[80, 4.17143, [0, 1, 2, 4, 5, 7, 8, 13, 14, 15, 17, 18, 24, 25, 26, 29, 30, 31, 33, 50, 52, 63, 68, 77]]
[80, 4.17198, [0, 1, 2, 4, 5, 7, 8, 13, 14, 15, 17, 18, 24, 25, 26, 29, 30, 31, 33, 52, 60, 61, 63, 68]]
[80, 4.15541, [0, 1, 2, 4, 5, 7, 8, 13, 14, 15, 17, 18, 25, 26, 28, 30, 31, 33, 36, 50, 52, 61, 63, 77]]
[80, 4.18315, [0, 1, 2, 4, 5, 7, 8, 13, 14, 16, 17, 18, 22, 25, 27, 28, 29, 33, 36, 39, 52, 61, 63, 64]]
[80, 4.18066, [0, 1, 2, 4, 5, 7, 8, 13, 14, 16, 17, 18, 22, 25, 27, 28, 29, 33, 36, 39, 52, 61, 63, 70]]
[80, 4.17389, [0, 1, 2, 4, 5, 7, 8, 13, 14, 16, 17, 18, 22, 25, 27, 28, 29, 33, 36, 39, 61, 63, 64, 71]]
[80, 4.1714, [0, 1, 2, 4, 5, 7, 8, 13, 14, 16, 17, 18, 22, 25, 27, 28, 29, 33, 36, 39, 61, 63, 70, 71]]
[80, 4.23498, [0, 1, 2, 4, 5, 7, 8, 13, 14, 16, 17, 18, 22, 25, 27, 28, 29, 36, 39, 52, 61, 63, 64, 70, 71]]
[80, 4.15594, [0, 1, 2, 4, 5, 7, 8, 13, 14, 16, 17, 18, 22, 25, 27, 28, 29, 36, 39, 52, 61, 63, 64, 71]]
[80, 4.15346, [0, 1, 2, 4, 5, 7, 8, 13, 14, 16, 17, 18, 22, 25, 27, 28, 29, 36, 39, 52, 61, 63, 70, 71]]
[80, 4.153, [0, 1, 2, 4, 5, 7, 8, 13, 14, 16, 17, 18, 22, 25, 27, 28, 29, 36, 39, 52, 61, 64, 70, 71]]
[80, 4.15206, [0, 1, 2, 4, 5, 7, 8, 13, 14, 16, 17, 18, 22, 25, 27, 28, 29, 36, 39, 52, 63, 64, 70, 71]]
[80, 4.18789, [0, 1, 2, 4, 5, 7, 8, 13, 14, 16, 17, 18, 25, 26, 28, 29, 31, 32, 33, 36, 43, 51, 52, 77]]
[80, 4.1769, [0, 1, 2, 4, 5, 7, 8, 13, 14, 16, 17, 18, 25, 26, 28, 29, 31, 32, 33, 36, 43, 52, 74, 77]]
[80, 4.18246, [0, 1, 2, 4, 5, 7, 8, 13, 14, 16, 17, 18, 25, 26, 28, 29, 31, 32, 33, 36, 50, 51, 52, 77]]
[80, 4.1752, [0, 1, 2, 4, 5, 7, 8, 13, 14, 16, 17, 18, 25, 26, 28, 29, 31, 32, 33, 43, 50, 51, 52, 77]]
[80, 4.15326, [0, 1, 2, 4, 5, 7, 8, 13, 14, 16, 17, 18, 25, 26, 28, 29, 31, 32, 43, 50, 51, 52, 59, 77]]
[80, 4.16488, [0, 1, 2, 4, 5, 7, 8, 13, 14, 16, 17, 18, 25, 26, 28, 31, 32, 33, 36, 43, 50, 51, 52, 77]]
[80, 4.17454, [0, 1, 2, 4, 5, 7, 8, 13, 16, 17, 18, 22, 25, 27, 28, 29, 33, 36, 39, 52, 61, 63, 66, 70, 71]]
[80, 4.15892, [0, 1, 2, 4, 5, 7, 8, 14, 15, 17, 18, 19, 23, 25, 26, 28, 29, 30, 36, 49, 50, 51, 61, 64]]
[80, 4.18806, [0, 1, 2, 4, 5, 7, 8, 14, 16, 17, 18, 22, 23, 25, 29, 31, 33, 36, 38, 39, 52, 61, 64, 70, 77]]
[80, 4.17542, [0, 1, 2, 4, 5, 7, 8, 14, 16, 17, 18, 22, 23, 25, 29, 31, 33, 36, 38, 52, 55, 61, 64, 70, 77]]
[80, 4.15335, [0, 1, 2, 4, 5, 7, 8, 17, 18, 19, 22, 23, 25, 26, 29, 31, 33, 34, 36, 38, 39, 46, 64, 70, 77]]

Search completed in 2 hours, 48 minutes, and 33.99 seconds.  Enter a string to quit.