Enter an integer k for which our Kempner sets are k-free: 4
Enter a positive integer modulus b: 91
Enter estimation parameters, or * for pre-computed parameters ([0.0846, 1.0882, 1.3858]): *
Enter a threshold (e.g. 4.2) to determine printed output: 4.25
Enter a root for the search space (e.g. [0, 1, 2]) [or * for the root [0]]: *
Enter an upper bound for the size of allowable digit sets [or * to ignore]: 31
Enter a maximal number of deviations from a greedy search [or * to ignore]: *
Searching for k-free sets mod b...

[91, 4.25202, [0, 1, 2, 4, 5, 7, 8, 9, 14, 15, 16, 18, 26, 28, 31, 32, 33, 35, 36, 43, 47, 51, 53, 56, 57, 72, 79]]
[91, 4.25176, [0, 1, 2, 4, 5, 7, 8, 9, 14, 15, 16, 18, 26, 28, 31, 32, 34, 35, 36, 43, 47, 51, 53, 56, 57, 69, 79]]
[91, 4.25603, [0, 1, 2, 4, 5, 7, 8, 9, 14, 15, 16, 18, 26, 30, 31, 32, 34, 35, 40, 41, 47, 49, 51, 55, 57, 60, 69]]
[91, 4.27702, [0, 1, 2, 4, 5, 7, 8, 9, 14, 15, 16, 26, 27, 29, 32, 34, 36, 39, 41, 47, 49, 53, 55, 57, 58, 60, 70, 76]]
[91, 4.28817, [0, 1, 2, 4, 5, 7, 8, 9, 14, 15, 17, 18, 23, 24, 26, 29, 30, 33, 39, 44, 46, 50, 52, 56, 58, 60, 73]]
[91, 4.26131, [0, 1, 2, 4, 5, 7, 8, 9, 14, 15, 17, 18, 23, 24, 26, 29, 30, 33, 39, 50, 52, 56, 58, 60, 68, 72, 73]]
[91, 4.27814, [0, 1, 2, 4, 5, 7, 8, 9, 14, 15, 17, 18, 23, 24, 26, 29, 30, 39, 42, 44, 46, 50, 52, 56, 58, 60, 73]]
[91, 4.27004, [0, 1, 2, 4, 5, 7, 8, 9, 14, 15, 17, 18, 23, 24, 26, 29, 30, 39, 42, 44, 46, 50, 53, 56, 58, 73, 80]]
[91, 4.26318, [0, 1, 2, 4, 5, 7, 8, 9, 14, 15, 17, 18, 23, 24, 26, 29, 30, 39, 42, 46, 50, 52, 56, 58, 60, 72, 73]]
[91, 4.25128, [0, 1, 2, 4, 5, 7, 8, 9, 14, 15, 17, 18, 23, 24, 26, 29, 30, 39, 42, 50, 52, 56, 58, 60, 68, 72, 73]]
[91, 4.26146, [0, 1, 2, 4, 5, 7, 8, 9, 14, 15, 17, 18, 23, 26, 29, 30, 33, 39, 42, 44, 46, 50, 52, 56, 58, 60, 73]]
[91, 4.25396, [0, 1, 2, 4, 5, 7, 8, 9, 14, 15, 17, 18, 23, 26, 29, 30, 33, 39, 42, 44, 46, 50, 52, 56, 58, 73, 80]]
[91, 4.2509, [0, 1, 2, 4, 5, 7, 8, 9, 14, 15, 17, 18, 24, 26, 28, 29, 31, 32, 39, 48, 55, 57, 58, 59, 63, 71, 76]]
[91, 4.25296, [0, 1, 2, 4, 5, 7, 8, 9, 14, 15, 17, 18, 24, 28, 29, 30, 33, 35, 39, 47, 51, 53, 56, 57, 59, 61, 67]]
[91, 4.25206, [0, 1, 2, 4, 5, 7, 8, 9, 14, 15, 17, 18, 30, 34, 35, 37, 40, 41, 42, 46, 48, 56, 57, 59, 61, 72, 83, 86]]
[91, 4.2527, [0, 1, 2, 4, 5, 7, 8, 9, 14, 15, 17, 23, 24, 26, 27, 29, 30, 36, 39, 44, 47, 53, 56, 57, 58, 60, 73]]
[91, 4.25579, [0, 1, 2, 4, 5, 7, 8, 9, 14, 16, 17, 18, 22, 28, 29, 30, 33, 35, 36, 37, 46, 53, 56, 59, 61, 78, 80]]
[91, 4.25065, [0, 1, 2, 4, 5, 7, 8, 9, 14, 16, 17, 18, 22, 28, 29, 30, 33, 35, 36, 37, 46, 53, 56, 59, 74, 78, 80]]
[91, 4.26238, [0, 1, 2, 4, 5, 7, 8, 9, 14, 16, 17, 18, 22, 28, 29, 30, 33, 35, 36, 37, 51, 53, 55, 56, 59, 61, 78]]
[91, 4.25201, [0, 1, 2, 4, 5, 7, 8, 9, 14, 16, 17, 18, 22, 28, 29, 30, 33, 35, 36, 37, 51, 53, 56, 59, 61, 78, 81]]
[91, 4.25354, [0, 1, 2, 4, 5, 7, 8, 9, 14, 16, 17, 18, 22, 28, 29, 32, 33, 35, 36, 37, 45, 51, 55, 61, 69, 71, 79]]
[91, 4.28055, [0, 1, 2, 4, 5, 7, 8, 9, 14, 16, 17, 18, 22, 28, 30, 31, 32, 35, 36, 37, 41, 51, 53, 55, 56, 59, 60]]
[91, 4.27657, [0, 1, 2, 4, 5, 7, 8, 9, 14, 16, 17, 18, 22, 28, 30, 31, 32, 35, 36, 37, 41, 53, 55, 56, 58, 59, 60]]
[91, 4.25212, [0, 1, 2, 4, 5, 7, 8, 9, 14, 16, 17, 18, 22, 30, 31, 32, 34, 35, 37, 41, 42, 53, 55, 56, 57, 60, 85]]
[91, 4.25411, [0, 1, 2, 4, 5, 7, 8, 9, 14, 16, 17, 18, 26, 28, 32, 33, 34, 36, 37, 39, 41, 44, 53, 55, 56, 61, 79]]
[91, 4.26587, [0, 1, 2, 4, 5, 7, 8, 9, 14, 16, 17, 26, 28, 32, 33, 34, 36, 37, 39, 41, 44, 53, 55, 56, 57, 61, 79, 85]]
[91, 4.31543, [0, 1, 2, 4, 5, 7, 8, 9, 14, 16, 18, 22, 25, 28, 29, 30, 32, 35, 37, 41, 43, 53, 55, 56, 58, 59, 60, 85]]
[91, 4.30948, [0, 1, 2, 4, 5, 7, 8, 9, 14, 16, 18, 22, 25, 28, 29, 32, 35, 36, 37, 41, 44, 53, 55, 56, 58, 60, 61, 71]]
[91, 4.27928, [0, 1, 2, 4, 5, 7, 8, 9, 14, 16, 18, 22, 25, 28, 29, 32, 35, 36, 37, 51, 53, 55, 56, 60, 61, 69, 71, 79]]
[91, 4.25557, [0, 1, 2, 4, 5, 7, 8, 9, 14, 16, 18, 22, 25, 28, 29, 32, 36, 37, 51, 53, 55, 56, 60, 61, 69, 70, 71, 79]]
[91, 4.26894, [0, 1, 2, 4, 5, 7, 8, 9, 14, 16, 18, 26, 28, 32, 33, 34, 36, 37, 41, 43, 44, 47, 53, 55, 56, 61, 69, 79]]
[91, 4.26269, [0, 1, 2, 4, 5, 7, 8, 9, 14, 16, 18, 26, 28, 32, 33, 34, 36, 37, 41, 43, 47, 51, 53, 56, 57, 61, 69, 79]]
[91, 4.26028, [0, 1, 2, 4, 5, 7, 8, 9, 14, 16, 18, 26, 28, 32, 33, 34, 36, 37, 41, 43, 47, 53, 55, 56, 57, 61, 69, 79]]
[91, 4.27167, [0, 1, 2, 4, 5, 7, 8, 9, 14, 16, 18, 26, 30, 31, 32, 35, 36, 37, 39, 40, 42, 51, 55, 56, 57, 59, 60, 85]]
[91, 4.26426, [0, 1, 2, 4, 5, 7, 8, 9, 14, 17, 18, 22, 23, 24, 28, 29, 30, 37, 46, 53, 56, 64, 67, 70, 74, 78, 79, 80]]
[91, 4.2905, [0, 1, 2, 4, 5, 7, 8, 9, 14, 17, 18, 22, 23, 24, 29, 30, 31, 33, 37, 46, 53, 56, 59, 67, 70, 74, 79, 80]]
[91, 4.26504, [0, 1, 2, 4, 5, 7, 8, 9, 14, 17, 18, 22, 23, 24, 29, 30, 31, 33, 37, 53, 63, 68, 70, 71, 74, 79, 80, 81]]
[91, 4.26655, [0, 1, 2, 4, 5, 7, 8, 9, 14, 17, 18, 22, 23, 24, 29, 30, 31, 37, 46, 53, 56, 59, 64, 67, 70, 74, 79, 80]]
[91, 4.28042, [0, 1, 2, 4, 5, 7, 8, 9, 14, 17, 18, 22, 24, 28, 29, 30, 33, 35, 37, 44, 46, 53, 56, 67, 74, 78, 79, 80]]
[91, 4.27971, [0, 1, 2, 4, 5, 7, 8, 9, 15, 16, 17, 19, 20, 26, 27, 29, 30, 32, 33, 34, 42, 56, 58, 60, 68, 70, 72]]
[91, 4.27805, [0, 1, 2, 4, 5, 7, 8, 9, 15, 16, 17, 19, 20, 26, 27, 29, 30, 32, 33, 34, 42, 56, 58, 60, 68, 70, 77]]
[91, 4.27025, [0, 1, 2, 4, 5, 7, 8, 9, 15, 16, 17, 19, 20, 26, 27, 29, 30, 32, 33, 34, 42, 56, 65, 68, 70, 71, 77]]
[91, 4.2719, [0, 1, 2, 4, 5, 7, 8, 9, 15, 16, 17, 19, 20, 26, 27, 29, 30, 32, 33, 34, 50, 56, 58, 60, 68, 70, 77]]
[91, 4.26323, [0, 1, 2, 4, 5, 7, 8, 9, 15, 16, 17, 19, 20, 26, 27, 29, 30, 32, 33, 42, 50, 56, 58, 60, 68, 70, 77]]
[91, 4.25269, [0, 1, 2, 4, 5, 7, 8, 9, 15, 16, 17, 19, 20, 26, 27, 29, 30, 32, 33, 42, 56, 58, 60, 68, 70, 72, 77]]
[91, 4.26533, [0, 1, 2, 4, 5, 7, 8, 9, 15, 16, 17, 19, 20, 26, 27, 29, 32, 33, 34, 36, 42, 56, 58, 60, 70, 77, 81]]
[91, 4.25918, [0, 1, 2, 4, 5, 7, 8, 9, 15, 16, 17, 19, 20, 26, 27, 29, 32, 33, 34, 36, 50, 56, 58, 60, 70, 77, 81]]
[91, 4.25051, [0, 1, 2, 4, 5, 7, 8, 9, 15, 16, 17, 19, 20, 26, 27, 29, 32, 33, 36, 42, 50, 56, 58, 60, 70, 77, 81]]
[91, 4.27221, [0, 1, 2, 4, 5, 7, 8, 9, 15, 16, 17, 19, 20, 26, 28, 29, 30, 33, 36, 38, 42, 50, 54, 58, 61, 77, 81]]
[91, 4.26708, [0, 1, 2, 4, 5, 7, 8, 9, 15, 16, 17, 19, 20, 26, 28, 29, 30, 33, 36, 38, 42, 54, 58, 59, 61, 77, 81]]
[91, 4.27458, [0, 1, 2, 4, 5, 7, 8, 9, 15, 16, 17, 20, 21, 26, 28, 29, 30, 33, 36, 42, 47, 51, 53, 56, 57, 59, 61]]
[91, 4.26861, [0, 1, 2, 4, 5, 7, 8, 9, 15, 16, 17, 20, 21, 26, 28, 29, 30, 33, 36, 42, 47, 51, 56, 57, 59, 61, 65]]
[91, 4.26679, [0, 1, 2, 4, 5, 7, 8, 9, 15, 16, 17, 20, 21, 26, 28, 29, 30, 33, 36, 42, 47, 54, 56, 57, 59, 61, 65]]
[91, 4.27128, [0, 1, 2, 4, 5, 7, 8, 9, 15, 16, 17, 20, 21, 26, 28, 29, 30, 33, 39, 42, 47, 51, 53, 56, 57, 59, 61]]
[91, 4.26743, [0, 1, 2, 4, 5, 7, 8, 9, 15, 16, 17, 20, 21, 26, 28, 29, 30, 36, 39, 42, 47, 51, 53, 56, 57, 59, 61]]
[91, 4.29983, [0, 1, 2, 4, 5, 7, 8, 9, 15, 16, 18, 19, 20, 25, 26, 28, 29, 31, 32, 33, 45, 49, 53, 55, 59, 67, 71]]
[91, 4.29759, [0, 1, 2, 4, 5, 7, 8, 9, 15, 16, 18, 19, 20, 25, 26, 28, 29, 31, 32, 33, 45, 49, 55, 57, 59, 67, 71]]
[91, 4.27244, [0, 1, 2, 4, 5, 7, 8, 9, 15, 16, 18, 19, 20, 25, 26, 28, 29, 31, 32, 45, 49, 54, 57, 59, 63, 71, 74]]
[91, 4.26097, [0, 1, 2, 4, 5, 7, 8, 9, 15, 16, 18, 19, 20, 25, 26, 28, 29, 31, 32, 49, 54, 57, 59, 63, 65, 71, 74]]
[91, 4.262, [0, 1, 2, 4, 5, 7, 8, 9, 15, 16, 18, 19, 20, 25, 26, 29, 32, 33, 36, 41, 42, 51, 56, 65, 70, 72, 77]]
[91, 4.26465, [0, 1, 2, 4, 5, 7, 8, 9, 15, 16, 18, 19, 20, 25, 28, 29, 31, 32, 33, 45, 49, 51, 55, 57, 59, 67, 84]]
[91, 4.25434, [0, 1, 2, 4, 5, 7, 8, 9, 15, 16, 18, 19, 20, 25, 28, 29, 31, 32, 33, 49, 51, 53, 57, 59, 65, 67, 84]]
[91, 4.26427, [0, 1, 2, 4, 5, 7, 8, 9, 15, 16, 18, 19, 20, 26, 28, 29, 30, 34, 35, 46, 51, 53, 55, 56, 60, 62, 64]]
[91, 4.26353, [0, 1, 2, 4, 5, 7, 8, 9, 15, 16, 18, 19, 20, 26, 28, 29, 30, 34, 35, 47, 51, 53, 55, 56, 60, 62, 64]]
[91, 4.25322, [0, 1, 2, 4, 5, 7, 8, 9, 15, 16, 18, 19, 21, 25, 26, 28, 29, 30, 46, 51, 53, 55, 56, 60, 62, 64, 70]]
[91, 4.25462, [0, 1, 2, 4, 5, 7, 8, 9, 15, 16, 18, 19, 21, 25, 26, 32, 36, 38, 40, 41, 43, 45, 51, 52, 63, 70, 77]]
[91, 4.25769, [0, 1, 2, 4, 5, 7, 8, 9, 15, 16, 18, 19, 21, 25, 29, 30, 31, 47, 49, 54, 59, 65, 66, 71, 72, 74, 81, 84]]
[91, 4.27375, [0, 1, 2, 4, 5, 7, 8, 9, 15, 16, 18, 19, 21, 25, 30, 32, 33, 36, 37, 38, 40, 43, 51, 52, 56, 60, 70]]
[91, 4.27798, [0, 1, 2, 4, 5, 7, 8, 9, 15, 16, 18, 19, 21, 26, 28, 30, 33, 34, 35, 39, 43, 46, 53, 55, 57, 58, 61]]
[91, 4.35726, [0, 1, 2, 4, 5, 7, 8, 9, 15, 16, 18, 20, 21, 25, 26, 28, 32, 33, 36, 42, 43, 47, 51, 53, 56, 57, 65, 72]]
[91, 4.28099, [0, 1, 2, 4, 5, 7, 8, 9, 15, 16, 18, 20, 21, 25, 26, 28, 32, 33, 36, 42, 43, 47, 51, 53, 56, 57, 72]]
[91, 4.27725, [0, 1, 2, 4, 5, 7, 8, 9, 15, 16, 18, 20, 21, 25, 26, 28, 32, 33, 36, 42, 43, 47, 51, 53, 56, 65, 72]]
[91, 4.27672, [0, 1, 2, 4, 5, 7, 8, 9, 15, 16, 18, 20, 21, 25, 26, 28, 32, 33, 36, 42, 43, 47, 51, 53, 57, 65, 72]]
[91, 4.27502, [0, 1, 2, 4, 5, 7, 8, 9, 15, 16, 18, 20, 21, 25, 26, 28, 32, 33, 36, 42, 43, 47, 51, 56, 57, 65, 72]]
[91, 4.27379, [0, 1, 2, 4, 5, 7, 8, 9, 15, 16, 18, 20, 21, 25, 26, 28, 32, 33, 36, 42, 43, 47, 53, 56, 57, 65, 72]]
[91, 4.27105, [0, 1, 2, 4, 5, 7, 8, 9, 15, 16, 18, 20, 21, 25, 26, 28, 32, 33, 36, 42, 43, 51, 53, 56, 57, 65, 72]]
[91, 4.26266, [0, 1, 2, 4, 5, 7, 8, 9, 15, 16, 18, 20, 21, 25, 26, 28, 32, 33, 36, 42, 43, 51, 53, 56, 65, 72, 78]]
[91, 4.26787, [0, 1, 2, 4, 5, 7, 8, 9, 15, 16, 18, 20, 21, 25, 26, 28, 32, 33, 36, 42, 47, 51, 53, 56, 57, 65, 72]]
[91, 4.26699, [0, 1, 2, 4, 5, 7, 8, 9, 15, 16, 18, 20, 21, 25, 26, 28, 32, 33, 36, 43, 47, 51, 53, 56, 57, 65, 72]]
[91, 4.26081, [0, 1, 2, 4, 5, 7, 8, 9, 15, 16, 18, 20, 21, 25, 26, 28, 32, 33, 42, 43, 47, 51, 53, 56, 57, 65, 72]]
[91, 4.25697, [0, 1, 2, 4, 5, 7, 8, 9, 15, 16, 18, 20, 21, 25, 26, 28, 32, 36, 42, 43, 47, 51, 53, 56, 57, 65, 72]]
[91, 4.25555, [0, 1, 2, 4, 5, 7, 8, 9, 15, 16, 18, 20, 21, 25, 26, 28, 33, 36, 42, 43, 47, 51, 53, 56, 57, 65, 72]]
[91, 4.25787, [0, 1, 2, 4, 5, 7, 8, 9, 15, 16, 18, 20, 21, 25, 28, 31, 32, 33, 36, 43, 47, 51, 53, 56, 57, 65, 72]]
[91, 4.27011, [0, 1, 2, 4, 5, 7, 8, 9, 15, 16, 18, 20, 21, 26, 28, 29, 30, 33, 36, 42, 47, 51, 53, 56, 57, 59, 61]]
[91, 4.26413, [0, 1, 2, 4, 5, 7, 8, 9, 15, 16, 18, 20, 21, 26, 28, 29, 30, 33, 36, 42, 47, 51, 56, 57, 59, 61, 65]]
[91, 4.2668, [0, 1, 2, 4, 5, 7, 8, 9, 15, 16, 18, 20, 21, 26, 28, 29, 30, 33, 39, 42, 47, 51, 53, 56, 57, 59, 61]]
[91, 4.26296, [0, 1, 2, 4, 5, 7, 8, 9, 15, 16, 18, 20, 21, 26, 28, 29, 30, 36, 39, 42, 47, 51, 53, 56, 57, 59, 61]]
[91, 4.26987, [0, 1, 2, 4, 5, 7, 8, 9, 15, 16, 18, 20, 21, 26, 28, 29, 32, 33, 36, 39, 47, 51, 53, 56, 57, 59, 61]]
[91, 4.267, [0, 1, 2, 4, 5, 7, 8, 9, 15, 16, 18, 20, 21, 26, 28, 29, 32, 33, 36, 42, 47, 51, 53, 56, 57, 59, 61]]
[91, 4.26102, [0, 1, 2, 4, 5, 7, 8, 9, 15, 16, 18, 20, 21, 26, 28, 29, 32, 33, 36, 42, 47, 51, 56, 57, 59, 61, 65]]
[91, 4.26369, [0, 1, 2, 4, 5, 7, 8, 9, 15, 16, 18, 20, 21, 26, 28, 29, 32, 33, 39, 42, 47, 51, 53, 56, 57, 59, 61]]
[91, 4.25985, [0, 1, 2, 4, 5, 7, 8, 9, 15, 16, 18, 20, 21, 26, 28, 29, 32, 36, 39, 42, 47, 51, 53, 56, 57, 59, 61]]
[91, 4.25297, [0, 1, 2, 4, 5, 7, 8, 9, 15, 16, 18, 20, 21, 26, 28, 30, 33, 36, 42, 43, 47, 51, 53, 56, 57, 59, 61]]
[91, 4.27065, [0, 1, 2, 4, 5, 7, 8, 9, 15, 16, 18, 20, 21, 26, 29, 30, 32, 33, 36, 41, 42, 47, 51, 56, 57, 59, 65]]
[91, 4.26178, [0, 1, 2, 4, 5, 7, 8, 9, 15, 16, 18, 20, 21, 26, 29, 30, 32, 36, 39, 41, 42, 51, 53, 56, 57, 59, 60]]
[91, 4.25676, [0, 1, 2, 4, 5, 7, 8, 9, 15, 16, 18, 20, 21, 26, 30, 32, 33, 36, 41, 42, 43, 47, 51, 53, 56, 57, 65]]
[91, 4.25351, [0, 1, 2, 4, 5, 7, 8, 9, 15, 16, 18, 20, 21, 26, 30, 32, 33, 36, 41, 42, 43, 47, 51, 56, 57, 59, 65]]
[91, 4.25438, [0, 1, 2, 4, 5, 7, 8, 9, 15, 16, 18, 20, 21, 26, 30, 32, 33, 36, 41, 42, 43, 47, 53, 55, 56, 57, 65]]
[91, 4.25113, [0, 1, 2, 4, 5, 7, 8, 9, 15, 16, 18, 20, 21, 26, 30, 32, 33, 36, 41, 42, 43, 47, 55, 56, 57, 59, 65]]
[91, 4.25063, [0, 1, 2, 4, 5, 7, 8, 9, 15, 16, 18, 20, 21, 26, 30, 32, 33, 36, 41, 42, 43, 51, 53, 55, 56, 59, 65]]
[91, 4.30955, [0, 1, 2, 4, 5, 7, 8, 9, 15, 16, 19, 20, 25, 26, 27, 29, 32, 33, 36, 41, 42, 51, 56, 61, 65, 72, 77, 81]]
[91, 4.30577, [0, 1, 2, 4, 5, 7, 8, 9, 15, 16, 19, 20, 25, 26, 27, 29, 32, 33, 36, 41, 42, 51, 56, 65, 70, 72, 77, 81]]
[91, 4.29525, [0, 1, 2, 4, 5, 7, 8, 9, 15, 16, 19, 20, 25, 26, 27, 29, 32, 36, 41, 42, 47, 51, 56, 61, 65, 72, 77, 81]]
[91, 4.28805, [0, 1, 2, 4, 5, 7, 8, 9, 15, 16, 19, 20, 25, 26, 27, 32, 33, 36, 41, 42, 43, 51, 56, 65, 70, 72, 78, 81]]
[91, 4.27684, [0, 1, 2, 4, 5, 7, 8, 9, 15, 16, 19, 20, 25, 26, 27, 32, 33, 36, 41, 42, 51, 56, 61, 65, 70, 72, 77, 81]]
[91, 4.27653, [0, 1, 2, 4, 5, 7, 8, 9, 15, 16, 19, 20, 25, 26, 27, 32, 33, 36, 41, 42, 51, 56, 61, 65, 70, 72, 78, 81]]
[91, 4.25095, [0, 1, 2, 4, 5, 7, 8, 9, 15, 16, 19, 20, 26, 27, 32, 33, 36, 41, 42, 43, 51, 56, 61, 65, 70, 72, 78, 81]]
[91, 4.25427, [0, 1, 2, 4, 5, 7, 8, 9, 15, 16, 19, 25, 26, 27, 29, 32, 33, 36, 41, 42, 51, 56, 61, 65, 70, 72, 77, 81]]
[91, 4.26263, [0, 1, 2, 4, 5, 7, 8, 9, 15, 16, 20, 25, 26, 27, 29, 32, 33, 36, 41, 42, 47, 51, 56, 61, 65, 72, 77, 81]]
[91, 4.25614, [0, 1, 2, 4, 5, 7, 8, 9, 15, 17, 18, 19, 24, 28, 30, 31, 32, 35, 37, 39, 40, 49, 51, 53, 57, 59, 60]]
[91, 4.25369, [0, 1, 2, 4, 5, 7, 8, 9, 15, 17, 18, 20, 21, 23, 28, 29, 30, 32, 36, 37, 48, 50, 60, 63, 69, 75, 77]]
[91, 4.35743, [0, 1, 2, 4, 5, 7, 8, 9, 15, 17, 18, 20, 21, 23, 28, 29, 30, 32, 36, 39, 42, 51, 53, 56, 57, 59, 60, 65]]
[91, 4.27892, [0, 1, 2, 4, 5, 7, 8, 9, 15, 17, 18, 20, 21, 23, 28, 29, 30, 32, 36, 39, 42, 51, 53, 56, 57, 59, 65]]
[91, 4.27844, [0, 1, 2, 4, 5, 7, 8, 9, 15, 17, 18, 20, 21, 23, 28, 29, 30, 32, 36, 39, 42, 51, 53, 56, 57, 60, 65]]
[91, 4.27742, [0, 1, 2, 4, 5, 7, 8, 9, 15, 17, 18, 20, 21, 23, 28, 29, 30, 32, 36, 39, 42, 51, 53, 56, 59, 60, 65]]
[91, 4.27689, [0, 1, 2, 4, 5, 7, 8, 9, 15, 17, 18, 20, 21, 23, 28, 29, 30, 32, 36, 39, 42, 51, 53, 57, 59, 60, 65]]
[91, 4.27519, [0, 1, 2, 4, 5, 7, 8, 9, 15, 17, 18, 20, 21, 23, 28, 29, 30, 32, 36, 39, 42, 51, 56, 57, 59, 60, 65]]
[91, 4.27396, [0, 1, 2, 4, 5, 7, 8, 9, 15, 17, 18, 20, 21, 23, 28, 29, 30, 32, 36, 39, 42, 53, 56, 57, 59, 60, 65]]
[91, 4.26357, [0, 1, 2, 4, 5, 7, 8, 9, 15, 17, 18, 20, 21, 23, 28, 29, 30, 32, 36, 39, 42, 53, 57, 59, 60, 65, 83]]
[91, 4.2612, [0, 1, 2, 4, 5, 7, 8, 9, 15, 17, 18, 20, 21, 23, 28, 29, 30, 32, 36, 39, 49, 51, 53, 57, 63, 65, 83]]
[91, 4.26717, [0, 1, 2, 4, 5, 7, 8, 9, 15, 17, 18, 20, 21, 23, 28, 29, 30, 32, 36, 39, 51, 53, 56, 57, 59, 60, 65]]
[91, 4.25678, [0, 1, 2, 4, 5, 7, 8, 9, 15, 17, 18, 20, 21, 23, 28, 29, 30, 32, 36, 39, 51, 53, 57, 59, 60, 65, 83]]
[91, 4.25491, [0, 1, 2, 4, 5, 7, 8, 9, 15, 17, 18, 20, 21, 23, 28, 29, 30, 32, 36, 39, 51, 53, 57, 60, 63, 65, 83]]
[91, 4.26429, [0, 1, 2, 4, 5, 7, 8, 9, 15, 17, 18, 20, 21, 23, 28, 29, 30, 32, 36, 42, 51, 53, 56, 57, 59, 60, 65]]
[91, 4.29853, [0, 1, 2, 4, 5, 7, 8, 9, 15, 17, 18, 20, 21, 23, 28, 29, 30, 32, 36, 48, 50, 60, 63, 66, 74, 77, 83, 86]]
[91, 4.26099, [0, 1, 2, 4, 5, 7, 8, 9, 15, 17, 18, 20, 21, 23, 28, 29, 30, 32, 39, 42, 51, 53, 56, 57, 59, 60, 65]]
[91, 4.25307, [0, 1, 2, 4, 5, 7, 8, 9, 15, 17, 18, 20, 21, 23, 28, 29, 30, 34, 36, 42, 53, 55, 56, 58, 59, 60, 81]]
[91, 4.25572, [0, 1, 2, 4, 5, 7, 8, 9, 15, 17, 18, 20, 21, 23, 28, 29, 30, 36, 39, 42, 51, 53, 56, 57, 59, 60, 65]]
[91, 4.25261, [0, 1, 2, 4, 5, 7, 8, 9, 15, 17, 18, 20, 21, 23, 28, 29, 32, 36, 39, 42, 51, 53, 56, 57, 59, 60, 65]]
[91, 4.2509, [0, 1, 2, 4, 5, 7, 8, 9, 15, 17, 18, 20, 21, 23, 28, 30, 32, 36, 39, 42, 51, 53, 56, 57, 59, 60, 65]]
[91, 4.25247, [0, 1, 2, 4, 5, 7, 8, 9, 15, 17, 18, 20, 21, 23, 29, 30, 33, 34, 36, 42, 44, 53, 56, 58, 59, 60, 81]]
[91, 4.26512, [0, 1, 2, 4, 5, 7, 8, 9, 15, 17, 18, 20, 21, 26, 28, 29, 30, 33, 36, 42, 47, 51, 53, 56, 57, 59, 61]]
[91, 4.25915, [0, 1, 2, 4, 5, 7, 8, 9, 15, 17, 18, 20, 21, 26, 28, 29, 30, 33, 36, 42, 47, 51, 56, 57, 59, 61, 65]]
[91, 4.26182, [0, 1, 2, 4, 5, 7, 8, 9, 15, 17, 18, 20, 21, 26, 28, 29, 30, 33, 39, 42, 47, 51, 53, 56, 57, 59, 61]]
[91, 4.25797, [0, 1, 2, 4, 5, 7, 8, 9, 15, 17, 18, 20, 21, 26, 28, 29, 30, 36, 39, 42, 47, 51, 53, 56, 57, 59, 61]]
[91, 4.251, [0, 1, 2, 4, 5, 7, 8, 9, 15, 17, 18, 20, 23, 24, 30, 32, 33, 34, 37, 38, 39, 41, 48, 52, 71, 79, 83]]
[91, 4.27615, [0, 1, 2, 4, 5, 7, 8, 9, 15, 17, 19, 20, 23, 24, 28, 29, 30, 36, 48, 50, 54, 61, 62, 63, 66, 69, 74, 83]]
[91, 4.25156, [0, 1, 2, 4, 5, 7, 8, 9, 15, 17, 19, 20, 24, 26, 27, 29, 30, 31, 36, 40, 47, 49, 51, 57, 59, 65, 77]]
[91, 4.25382, [0, 1, 2, 4, 5, 7, 8, 9, 15, 17, 19, 20, 27, 28, 30, 33, 34, 35, 40, 44, 48, 54, 61, 69, 70, 72, 83, 86]]
[91, 4.31229, [0, 1, 2, 4, 5, 7, 8, 9, 15, 19, 20, 21, 23, 24, 28, 29, 30, 33, 35, 36, 37, 54, 57, 59, 61, 69, 77, 83]]
[91, 4.30375, [0, 1, 2, 4, 5, 7, 8, 9, 15, 19, 20, 21, 23, 24, 28, 29, 30, 33, 35, 36, 37, 57, 59, 61, 69, 73, 77, 83]]
[91, 4.27312, [0, 1, 2, 4, 5, 7, 8, 9, 15, 19, 20, 21, 23, 24, 28, 29, 30, 33, 35, 37, 57, 61, 69, 71, 73, 77, 79, 83]]
[91, 4.25912, [0, 1, 2, 4, 5, 7, 8, 9, 15, 19, 20, 21, 23, 24, 28, 29, 30, 33, 36, 37, 40, 48, 49, 54, 57, 61, 63]]
[91, 4.25625, [0, 1, 2, 4, 5, 7, 8, 9, 15, 19, 20, 21, 23, 24, 28, 29, 30, 36, 48, 54, 57, 61, 62, 63, 66, 69, 74, 83]]
[91, 4.25075, [0, 1, 2, 4, 5, 7, 8, 9, 15, 19, 20, 21, 23, 24, 28, 29, 30, 36, 48, 54, 57, 61, 62, 63, 69, 74, 82, 83]]
[91, 4.26492, [0, 1, 2, 4, 5, 7, 8, 9, 15, 20, 21, 23, 24, 28, 29, 30, 33, 35, 36, 37, 48, 54, 57, 59, 61, 69, 77, 82]]
[91, 4.26463, [0, 1, 2, 4, 5, 7, 8, 9, 15, 20, 21, 23, 24, 28, 29, 30, 33, 35, 36, 37, 48, 54, 57, 59, 61, 69, 77, 83]]
[91, 4.2667, [0, 1, 2, 4, 5, 7, 8, 9, 16, 17, 18, 20, 21, 26, 28, 29, 30, 33, 36, 37, 42, 47, 51, 57, 59, 61, 69]]
[91, 4.25952, [0, 1, 2, 4, 5, 7, 8, 9, 16, 17, 18, 20, 21, 26, 28, 29, 30, 33, 36, 42, 47, 51, 53, 56, 57, 59, 61]]
[91, 4.25365, [0, 1, 2, 4, 5, 7, 8, 9, 16, 17, 18, 20, 21, 26, 28, 29, 30, 33, 36, 42, 47, 51, 53, 57, 59, 61, 69]]
[91, 4.25354, [0, 1, 2, 4, 5, 7, 8, 9, 16, 17, 18, 20, 21, 26, 28, 29, 30, 33, 36, 42, 47, 51, 56, 57, 59, 61, 65]]
[91, 4.25621, [0, 1, 2, 4, 5, 7, 8, 9, 16, 17, 18, 20, 21, 26, 28, 29, 30, 33, 39, 42, 47, 51, 53, 56, 57, 59, 61]]
[91, 4.25237, [0, 1, 2, 4, 5, 7, 8, 9, 16, 17, 18, 20, 21, 26, 28, 29, 30, 36, 39, 42, 47, 51, 53, 56, 57, 59, 61]]
[91, 4.25103, [0, 1, 2, 4, 5, 7, 8, 9, 16, 19, 20, 21, 25, 26, 27, 29, 30, 32, 36, 37, 40, 43, 47, 49, 51, 63, 84]]
[91, 4.25989, [0, 1, 2, 4, 5, 7, 8, 9, 16, 20, 21, 22, 25, 26, 27, 29, 30, 32, 36, 39, 40, 41, 45, 47, 51, 53, 55]]
[91, 4.25709, [0, 1, 2, 4, 5, 7, 8, 9, 16, 20, 21, 22, 25, 26, 27, 29, 30, 36, 41, 51, 53, 55, 56, 60, 62, 63, 70, 78]]
[91, 4.25106, [0, 1, 2, 4, 5, 7, 8, 9, 17, 18, 19, 21, 22, 24, 26, 29, 32, 33, 36, 37, 38, 42, 56, 58, 60, 61, 86]]
[91, 4.26849, [0, 1, 2, 4, 5, 7, 8, 9, 17, 18, 19, 22, 24, 26, 29, 32, 33, 37, 38, 42, 50, 53, 56, 58, 60, 61, 70, 86]]
[91, 4.26362, [0, 1, 2, 4, 5, 7, 8, 9, 17, 18, 20, 21, 23, 24, 28, 29, 30, 34, 42, 44, 53, 55, 59, 60, 69, 81, 83, 85]]
[91, 4.25201, [0, 1, 2, 4, 5, 7, 8, 9, 18, 19, 20, 22, 23, 26, 28, 32, 34, 35, 41, 43, 51, 53, 55, 56, 61, 69, 79, 85]]
[91, 4.25796, [0, 1, 2, 4, 5, 7, 8, 9, 18, 20, 21, 22, 25, 26, 28, 29, 34, 35, 36, 41, 46, 53, 55, 60, 62, 69, 70, 78]]
[91, 4.26811, [0, 1, 2, 4, 5, 7, 8, 13, 14, 15, 17, 23, 24, 25, 28, 29, 30, 33, 39, 44, 46, 51, 53, 63, 70, 79, 81, 83]]
[91, 4.25785, [0, 1, 2, 4, 5, 7, 8, 13, 14, 16, 17, 18, 22, 25, 27, 28, 29, 33, 35, 36, 39, 46, 51, 53, 61, 69, 78]]
[91, 4.25488, [0, 1, 2, 4, 5, 7, 8, 13, 14, 16, 17, 18, 22, 25, 27, 28, 29, 33, 35, 36, 39, 46, 51, 53, 68, 69, 78]]
[91, 4.25199, [0, 1, 2, 4, 5, 7, 8, 13, 14, 16, 17, 18, 22, 25, 27, 28, 29, 33, 35, 36, 39, 51, 53, 55, 61, 69, 78]]
[91, 4.25182, [0, 1, 2, 4, 5, 7, 11, 12, 13, 15, 16, 18, 20, 23, 26, 27, 30, 32, 33, 35, 40, 41, 53, 57, 72, 77, 83]]
[91, 4.25131, [0, 1, 2, 4, 5, 7, 11, 12, 13, 15, 16, 18, 20, 23, 26, 27, 30, 32, 33, 35, 40, 41, 53, 58, 72, 77, 83]]
[91, 4.27837, [0, 1, 2, 4, 5, 7, 11, 12, 13, 15, 16, 18, 20, 23, 26, 27, 30, 32, 35, 36, 40, 41, 43, 49, 53, 57, 77]]
[91, 4.26376, [0, 1, 2, 4, 5, 7, 11, 12, 13, 15, 16, 18, 20, 23, 26, 27, 30, 32, 35, 36, 40, 41, 43, 53, 57, 77, 83]]
[91, 4.26829, [0, 1, 2, 4, 5, 7, 11, 12, 13, 15, 16, 18, 20, 23, 26, 27, 30, 32, 35, 36, 40, 43, 49, 53, 55, 57, 77]]
[91, 4.27212, [0, 1, 2, 4, 5, 7, 11, 12, 13, 15, 16, 18, 20, 23, 26, 27, 30, 32, 36, 40, 41, 43, 47, 49, 53, 57, 63]]
[91, 4.26693, [0, 1, 2, 4, 5, 7, 11, 12, 13, 15, 16, 18, 20, 23, 26, 27, 30, 32, 36, 40, 41, 43, 47, 49, 53, 57, 77]]
[91, 4.25927, [0, 1, 2, 4, 5, 7, 11, 12, 13, 15, 16, 18, 20, 23, 26, 27, 30, 32, 36, 40, 41, 43, 47, 53, 57, 63, 77]]
[91, 4.25232, [0, 1, 2, 4, 5, 7, 11, 12, 13, 15, 16, 18, 20, 23, 26, 27, 30, 32, 36, 40, 41, 43, 47, 53, 57, 77, 83]]
[91, 4.26204, [0, 1, 2, 4, 5, 7, 11, 12, 13, 15, 16, 18, 20, 23, 26, 27, 30, 32, 36, 40, 43, 47, 49, 53, 55, 57, 63]]
[91, 4.25685, [0, 1, 2, 4, 5, 7, 11, 12, 13, 15, 16, 18, 20, 23, 26, 27, 30, 32, 36, 40, 43, 47, 49, 53, 55, 57, 77]]
[91, 4.25495, [0, 1, 2, 4, 5, 7, 11, 12, 13, 15, 16, 18, 20, 23, 26, 27, 30, 32, 36, 41, 43, 47, 51, 53, 57, 63, 65]]
[91, 4.25061, [0, 1, 2, 4, 5, 7, 11, 12, 13, 15, 16, 18, 20, 23, 26, 27, 30, 32, 36, 41, 43, 47, 51, 53, 57, 63, 77]]
[91, 4.2562, [0, 1, 2, 4, 5, 7, 11, 12, 13, 15, 16, 18, 20, 23, 26, 27, 32, 33, 35, 36, 40, 41, 49, 53, 58, 76, 77]]
[91, 4.31449, [0, 1, 2, 4, 5, 7, 11, 12, 13, 15, 16, 18, 20, 23, 26, 27, 32, 33, 35, 36, 40, 41, 53, 58, 72, 76, 77, 83]]
[91, 4.30502, [0, 1, 2, 4, 5, 7, 11, 12, 13, 15, 16, 18, 20, 23, 26, 27, 32, 33, 35, 36, 40, 41, 58, 72, 74, 76, 77, 83]]
[91, 4.28847, [0, 1, 2, 4, 5, 7, 11, 12, 13, 15, 16, 18, 20, 23, 26, 27, 33, 35, 36, 40, 41, 44, 58, 74, 76, 77, 82, 83]]
[91, 4.28527, [0, 1, 2, 4, 5, 7, 11, 12, 13, 15, 16, 18, 20, 23, 26, 27, 33, 35, 36, 40, 41, 53, 58, 72, 74, 76, 77, 83]]
[91, 4.28208, [0, 1, 2, 4, 5, 7, 11, 12, 13, 15, 16, 18, 20, 23, 26, 27, 33, 35, 36, 40, 41, 53, 58, 74, 76, 77, 82, 83]]
[91, 4.27283, [0, 1, 2, 4, 5, 7, 11, 12, 13, 15, 16, 18, 20, 23, 26, 27, 33, 36, 40, 41, 44, 53, 58, 74, 76, 77, 82, 83]]
[91, 4.25917, [0, 1, 2, 4, 5, 7, 11, 12, 13, 15, 16, 18, 20, 23, 27, 30, 32, 35, 36, 39, 40, 41, 43, 49, 53, 57, 77]]
[91, 4.25291, [0, 1, 2, 4, 5, 7, 11, 12, 13, 15, 16, 18, 20, 23, 27, 30, 32, 36, 39, 40, 41, 43, 47, 49, 53, 57, 63]]
[91, 4.30891, [0, 1, 2, 4, 5, 7, 11, 12, 13, 15, 16, 18, 20, 23, 27, 32, 33, 35, 36, 37, 41, 44, 49, 51, 53, 76, 77, 83]]
[91, 4.29289, [0, 1, 2, 4, 5, 7, 11, 12, 13, 15, 16, 18, 20, 23, 27, 32, 33, 35, 36, 41, 44, 49, 51, 53, 58, 76, 77, 83]]
[91, 4.25792, [0, 1, 2, 4, 5, 7, 11, 12, 13, 15, 16, 18, 20, 23, 27, 33, 35, 36, 40, 41, 44, 53, 58, 74, 76, 77, 82, 83]]
[91, 4.3085, [0, 1, 2, 4, 5, 7, 11, 12, 13, 15, 16, 18, 20, 23, 27, 33, 36, 37, 39, 40, 41, 44, 47, 49, 53, 61, 63, 83]]
[91, 4.26621, [0, 1, 2, 4, 5, 7, 11, 12, 13, 15, 16, 18, 20, 26, 27, 30, 31, 32, 35, 36, 40, 43, 47, 49, 53, 55, 57]]
[91, 4.30586, [0, 1, 2, 4, 5, 7, 11, 12, 13, 15, 16, 18, 22, 27, 28, 29, 35, 42, 44, 48, 50, 56, 58, 64, 68, 74, 76, 79, 82]]
[91, 4.25523, [0, 1, 2, 4, 5, 7, 11, 12, 13, 15, 16, 18, 27, 28, 29, 33, 35, 36, 37, 42, 44, 48, 50, 56, 58, 68, 74, 82]]
[91, 4.25245, [0, 1, 2, 4, 5, 7, 11, 13, 15, 16, 18, 21, 22, 23, 27, 30, 34, 35, 36, 39, 40, 42, 43, 46, 72, 78, 81, 87]]
[91, 4.25069, [0, 1, 2, 4, 5, 9, 10, 11, 14, 16, 17, 18, 21, 24, 28, 29, 33, 36, 37, 39, 43, 51, 55, 57, 61, 63, 79, 87]]
[91, 4.26374, [0, 1, 2, 4, 5, 9, 10, 11, 14, 16, 17, 18, 21, 24, 29, 33, 35, 36, 38, 39, 40, 43, 44, 46, 61, 63, 79, 81]]

Search completed in 6 hours, 8 minutes, and 1.876 seconds.  Enter a string to quit.