Enter an integer k for which our Kempner sets are k-free: 4
Enter a positive integer modulus b: 44
Enter estimation parameters, or * for pre-computed parameters ([0.1103, 1.118, 1.4658]): *
Enter a threshold (e.g. 4.2) to determine printed output: 3.95
Enter a root for the search space (e.g. [0, 1, 2]) [or * for the root [0]]: *
Enter an upper bound for the size of allowable digit sets [or * to ignore]: *
Enter a maximal number of deviations from a greedy search [or * to ignore]: *
Searching for k-free sets mod b...

[44, 3.96633, [0, 1, 2, 4, 5, 7, 8, 9, 14, 15, 16, 18, 25, 28]]
[44, 4.10685, [0, 1, 2, 4, 5, 7, 8, 9, 15, 16, 17, 19, 20, 28, 35]]
[44, 3.9514, [0, 1, 2, 4, 5, 7, 8, 9, 15, 16, 17, 20, 21, 28]]
[44, 4.12236, [0, 1, 2, 4, 5, 7, 8, 9, 15, 16, 18, 19, 20, 25, 28]]
[44, 3.95431, [0, 1, 2, 4, 5, 7, 8, 9, 15, 16, 18, 19, 20, 28]]
[44, 4.04522, [0, 1, 2, 4, 5, 7, 8, 13, 14, 16, 17, 18, 25, 28, 41]]
[44, 4.02981, [0, 1, 2, 4, 5, 7, 8, 13, 16, 17, 18, 20, 21, 28, 37]]
[44, 4.01177, [0, 1, 2, 4, 5, 7, 8, 13, 16, 17, 18, 20, 25, 28, 41]]
[44, 3.96434, [0, 1, 2, 4, 5, 7, 11, 13, 14, 15, 20, 25, 28, 31, 32]]
[44, 3.95055, [0, 1, 2, 4, 5, 7, 11, 13, 14, 15, 20, 25, 28, 32, 40]]
[44, 4.22633, [0, 1, 2, 4, 5, 8, 9, 10, 14, 16, 17, 18, 21, 28, 29, 34]]
[44, 4.05881, [0, 1, 2, 4, 5, 8, 9, 10, 14, 16, 17, 18, 21, 28, 34]]
[44, 4.0566, [0, 1, 2, 4, 5, 8, 9, 10, 14, 16, 17, 18, 21, 29, 34]]
[44, 4.03626, [0, 1, 2, 4, 5, 8, 9, 10, 14, 16, 17, 18, 28, 29, 34]]
[44, 4.02343, [0, 1, 2, 4, 5, 8, 9, 10, 14, 16, 17, 21, 28, 29, 34]]
[44, 4.01827, [0, 1, 2, 4, 5, 8, 9, 10, 14, 16, 18, 21, 28, 29, 34]]
[44, 4.14874, [0, 1, 2, 4, 5, 8, 9, 10, 14, 16, 18, 25, 28, 33, 34, 37]]
[44, 3.99324, [0, 1, 2, 4, 5, 8, 9, 10, 14, 16, 18, 25, 28, 33, 37]]
[44, 3.99157, [0, 1, 2, 4, 5, 8, 9, 10, 14, 16, 18, 25, 28, 34, 37]]
[44, 3.98172, [0, 1, 2, 4, 5, 8, 9, 10, 14, 16, 18, 25, 33, 34, 37]]
[44, 3.97423, [0, 1, 2, 4, 5, 8, 9, 10, 14, 16, 18, 28, 33, 34, 37]]
[44, 3.95155, [0, 1, 2, 4, 5, 8, 9, 10, 14, 16, 25, 28, 33, 34, 35]]
[44, 4.01254, [0, 1, 2, 4, 5, 8, 9, 10, 14, 17, 18, 21, 28, 29, 34]]
[44, 3.99893, [0, 1, 2, 4, 5, 8, 9, 10, 16, 17, 18, 21, 28, 29, 34]]
[44, 3.95758, [0, 1, 2, 4, 5, 8, 9, 14, 16, 17, 18, 21, 28, 29, 34]]
[44, 4.16155, [0, 1, 2, 4, 5, 8, 10, 13, 14, 16, 17, 18, 21, 28, 34, 37]]
[44, 4.00567, [0, 1, 2, 4, 5, 8, 10, 13, 14, 16, 17, 18, 21, 28, 37]]
[44, 3.99416, [0, 1, 2, 4, 5, 8, 10, 13, 14, 16, 17, 18, 21, 34, 37]]
[44, 4.1429, [0, 1, 2, 4, 5, 8, 10, 13, 14, 16, 17, 18, 25, 28, 34, 41]]
[44, 3.98766, [0, 1, 2, 4, 5, 8, 10, 13, 14, 16, 17, 18, 25, 28, 41]]
[44, 3.97616, [0, 1, 2, 4, 5, 8, 10, 13, 14, 16, 17, 18, 25, 34, 41]]
[44, 3.97385, [0, 1, 2, 4, 5, 8, 10, 13, 14, 16, 17, 18, 28, 34, 37]]
[44, 3.96867, [0, 1, 2, 4, 5, 8, 10, 13, 14, 16, 17, 18, 28, 34, 41]]
[44, 3.96103, [0, 1, 2, 4, 5, 8, 10, 13, 14, 16, 17, 21, 28, 34, 37]]
[44, 3.95588, [0, 1, 2, 4, 5, 8, 10, 13, 14, 16, 18, 21, 28, 34, 37]]
[44, 4.08839, [0, 1, 2, 4, 5, 8, 10, 13, 14, 16, 18, 28, 29, 33, 34, 37]]
[44, 4.03593, [0, 1, 2, 4, 5, 8, 10, 14, 16, 18, 21, 28, 29, 33, 34, 41]]
[44, 4.00959, [0, 1, 2, 4, 5, 9, 10, 11, 14, 16, 17, 18, 21, 29, 34]]
[44, 3.97645, [0, 1, 2, 4, 5, 9, 10, 11, 14, 16, 17, 21, 28, 29, 34]]
[44, 3.95644, [0, 1, 2, 4, 5, 9, 10, 11, 14, 16, 17, 21, 29, 34, 40]]
[44, 3.95264, [0, 1, 2, 4, 7, 8, 9, 13, 15, 16, 18, 20, 21, 25, 28]]
[44, 4.00814, [0, 1, 2, 4, 8, 9, 10, 13, 14, 16, 17, 18, 28, 33, 34, 41]]
[44, 4.02696, [0, 1, 2, 4, 8, 9, 10, 13, 14, 16, 18, 21, 25, 28, 29, 34]]
[44, 3.98319, [0, 1, 2, 4, 8, 9, 10, 13, 14, 16, 18, 21, 28, 34, 37, 41]]
[44, 3.974, [0, 1, 2, 5, 6, 8, 9, 10, 17, 20, 21, 26, 29, 36, 38, 40]]
[44, 4.0515, [0, 1, 2, 5, 6, 8, 9, 12, 14, 16, 17, 21, 26, 29, 32, 42]]
[44, 3.97446, [0, 1, 2, 5, 6, 8, 9, 12, 14, 16, 25, 26, 32, 33, 37, 42]]
[44, 3.98703, [0, 1, 2, 5, 6, 8, 12, 13, 14, 16, 17, 21, 26, 32, 37, 42]]
[44, 3.96853, [0, 1, 2, 5, 6, 8, 12, 13, 14, 16, 17, 25, 26, 32, 41, 42]]
[44, 4.04593, [0, 1, 3, 4, 5, 8, 9, 11, 15, 16, 17, 19, 20, 28, 29, 35]]
[44, 3.96363, [0, 1, 3, 4, 5, 8, 9, 11, 15, 17, 19, 24, 29, 32, 35, 36]]
[44, 3.97126, [0, 1, 3, 4, 5, 9, 11, 12, 15, 16, 17, 19, 20, 29, 35, 36]]
[44, 3.95163, [0, 1, 3, 4, 5, 9, 11, 12, 15, 16, 17, 19, 24, 29, 35, 40]]

Search completed in 0 hours, 0 minutes, and 0.687 seconds.  Enter a string to quit.