Enter an integer k for which our Kempner sets are k-free: 4
Enter a positive integer modulus b: 126
Enter estimation parameters, or * for pre-computed parameters ([0.0805, 1.0694, 1.4001]): *
Enter a threshold (e.g. 4.2) to determine printed output: 4.22
Enter a root for the search space (e.g. [0, 1, 2]) [or * for the root [0]]: *
Enter an upper bound for the size of allowable digit sets [or * to ignore]: 36
Enter a maximal number of deviations from a greedy search [or * to ignore]: *
Searching for k-free sets mod b...

[126, 4.22262, [0, 1, 2, 4, 5, 7, 8, 9, 14, 15, 16, 18, 28, 29, 32, 33, 35, 36, 37, 44, 45, 47, 49, 50, 55, 61, 62, 76, 83, 84, 93, 104, 111, 114]]
[126, 4.22184, [0, 1, 2, 4, 5, 7, 8, 9, 14, 15, 16, 18, 28, 29, 32, 33, 35, 36, 37, 44, 45, 47, 49, 50, 55, 61, 62, 76, 83, 84, 97, 104, 111, 114]]
[126, 4.23193, [0, 1, 2, 4, 5, 7, 8, 9, 14, 15, 17, 18, 23, 24, 26, 28, 29, 36, 44, 45, 46, 49, 50, 51, 53, 58, 60, 61, 66, 79, 82, 84, 85]]
[126, 4.22781, [0, 1, 2, 4, 5, 7, 8, 9, 14, 15, 17, 18, 23, 24, 26, 28, 29, 36, 45, 46, 47, 49, 50, 52, 53, 58, 59, 60, 73, 79, 82, 84, 85]]
[126, 4.22084, [0, 1, 2, 4, 5, 7, 8, 9, 14, 15, 17, 18, 23, 24, 26, 28, 29, 44, 45, 46, 48, 49, 51, 52, 53, 58, 60, 61, 66, 79, 82, 84, 85]]
[126, 4.2259, [0, 1, 2, 4, 5, 7, 8, 9, 14, 15, 17, 18, 23, 24, 26, 29, 33, 36, 39, 44, 45, 46, 50, 52, 53, 57, 58, 61, 66, 79, 84, 91, 112]]
[126, 4.22686, [0, 1, 2, 4, 5, 7, 8, 9, 14, 15, 17, 18, 23, 24, 26, 29, 33, 36, 39, 44, 45, 46, 50, 52, 53, 58, 61, 66, 73, 79, 82, 84, 85]]
[126, 4.22935, [0, 1, 2, 4, 5, 7, 8, 9, 14, 15, 17, 18, 23, 24, 26, 29, 33, 36, 39, 44, 45, 47, 50, 52, 56, 57, 58, 61, 66, 79, 82, 84, 91]]
[126, 4.22467, [0, 1, 2, 4, 5, 7, 8, 9, 14, 15, 17, 18, 23, 24, 26, 29, 33, 36, 39, 44, 45, 47, 50, 52, 56, 58, 61, 66, 73, 79, 82, 84, 85]]
[126, 4.22336, [0, 1, 2, 4, 5, 7, 8, 9, 14, 15, 17, 18, 23, 24, 26, 29, 33, 36, 39, 44, 45, 47, 50, 52, 56, 58, 61, 66, 73, 79, 82, 84, 91]]
[126, 4.22299, [0, 1, 2, 4, 5, 7, 8, 9, 14, 15, 17, 18, 23, 24, 26, 29, 33, 36, 39, 44, 45, 47, 52, 53, 56, 58, 61, 66, 73, 79, 82, 84, 85]]
[126, 4.22579, [0, 1, 2, 4, 5, 7, 8, 9, 14, 15, 17, 18, 23, 24, 26, 29, 33, 36, 39, 44, 45, 50, 52, 53, 56, 57, 58, 61, 66, 79, 82, 84, 91]]
[126, 4.22111, [0, 1, 2, 4, 5, 7, 8, 9, 14, 15, 17, 18, 23, 24, 26, 29, 33, 36, 39, 44, 45, 50, 52, 53, 56, 58, 61, 66, 73, 79, 82, 84, 85]]
[126, 4.22562, [0, 1, 2, 4, 5, 7, 8, 9, 14, 15, 17, 18, 23, 24, 26, 29, 33, 36, 39, 44, 46, 47, 50, 51, 52, 57, 58, 61, 66, 79, 84, 91, 112]]
[126, 4.22596, [0, 1, 2, 4, 5, 7, 8, 9, 14, 15, 17, 18, 23, 24, 26, 29, 33, 36, 39, 44, 46, 47, 51, 52, 53, 57, 58, 61, 66, 79, 82, 84, 112]]
[126, 4.22238, [0, 1, 2, 4, 5, 7, 8, 9, 14, 15, 17, 18, 23, 24, 26, 29, 33, 36, 39, 44, 46, 47, 51, 52, 53, 57, 58, 61, 66, 82, 84, 95, 112]]
[126, 4.22887, [0, 1, 2, 4, 5, 7, 8, 9, 14, 15, 17, 18, 23, 24, 26, 29, 33, 36, 39, 45, 46, 47, 50, 52, 53, 58, 59, 61, 62, 73, 79, 84, 112]]
[126, 4.22063, [0, 1, 2, 4, 5, 7, 8, 9, 14, 15, 17, 18, 23, 24, 26, 29, 33, 36, 39, 45, 46, 47, 50, 52, 53, 58, 61, 62, 73, 79, 84, 85, 112]]
[126, 4.22475, [0, 1, 2, 4, 5, 7, 8, 9, 14, 15, 17, 18, 23, 24, 26, 29, 33, 36, 39, 45, 46, 47, 50, 52, 53, 58, 61, 66, 73, 79, 82, 84, 85]]
[126, 4.22871, [0, 1, 2, 4, 5, 7, 8, 9, 14, 15, 17, 18, 23, 24, 28, 35, 36, 37, 39, 40, 43, 44, 45, 49, 57, 58, 60, 61, 66, 69, 79, 82, 84]]
[126, 4.22429, [0, 1, 2, 4, 5, 7, 8, 9, 14, 15, 17, 18, 23, 24, 28, 35, 36, 37, 39, 40, 43, 44, 45, 49, 57, 58, 60, 61, 66, 69, 79, 84, 104]]
[126, 4.23621, [0, 1, 2, 4, 5, 7, 8, 9, 14, 15, 17, 18, 23, 24, 29, 33, 36, 37, 39, 44, 45, 47, 48, 50, 52, 61, 69, 74, 76, 93, 97, 106, 116, 118]]
[126, 4.23735, [0, 1, 2, 4, 5, 7, 8, 9, 14, 15, 17, 18, 23, 24, 29, 33, 36, 37, 39, 44, 45, 47, 48, 50, 56, 61, 69, 74, 76, 79, 97, 106, 116, 118]]
[126, 4.23413, [0, 1, 2, 4, 5, 7, 8, 9, 14, 15, 17, 18, 23, 24, 29, 33, 36, 37, 39, 44, 45, 47, 48, 50, 56, 61, 69, 74, 76, 93, 97, 106, 116, 118]]
[126, 4.23173, [0, 1, 2, 4, 5, 7, 8, 9, 14, 15, 17, 18, 23, 24, 29, 33, 36, 37, 39, 44, 45, 47, 50, 52, 56, 61, 69, 74, 76, 93, 97, 106, 116, 118]]
[126, 4.22222, [0, 1, 2, 4, 5, 7, 8, 9, 14, 15, 17, 18, 23, 24, 29, 33, 36, 37, 39, 44, 45, 50, 52, 56, 61, 69, 74, 76, 79, 85, 94, 97, 116, 118]]
[126, 4.23048, [0, 1, 2, 4, 5, 7, 8, 9, 14, 15, 17, 18, 23, 24, 29, 33, 36, 37, 39, 45, 46, 48, 50, 56, 57, 59, 61, 62, 76, 97, 112, 115, 116, 118]]
[126, 4.23804, [0, 1, 2, 4, 5, 7, 8, 9, 14, 15, 17, 18, 23, 24, 29, 33, 36, 37, 39, 45, 46, 50, 52, 56, 57, 59, 61, 62, 76, 79, 94, 97, 116, 118]]
[126, 4.22894, [0, 1, 2, 4, 5, 7, 8, 9, 14, 15, 17, 18, 23, 24, 29, 33, 36, 37, 39, 45, 47, 48, 50, 52, 56, 61, 69, 74, 76, 93, 97, 106, 116, 118]]
[126, 4.22241, [0, 1, 2, 4, 5, 7, 8, 9, 14, 15, 17, 18, 23, 24, 29, 33, 36, 37, 39, 45, 48, 50, 52, 56, 59, 61, 69, 74, 76, 93, 97, 106, 116, 118]]
[126, 4.22328, [0, 1, 2, 4, 5, 7, 8, 9, 14, 15, 17, 18, 23, 24, 29, 33, 37, 38, 39, 44, 45, 47, 48, 50, 52, 58, 60, 61, 62, 69, 76, 79, 85]]
[126, 4.22202, [0, 1, 2, 4, 5, 7, 8, 9, 14, 15, 17, 18, 23, 24, 29, 33, 37, 38, 39, 44, 45, 47, 48, 50, 52, 58, 60, 61, 62, 73, 76, 79, 85]]
[126, 4.24119, [0, 1, 2, 4, 5, 7, 8, 9, 14, 15, 17, 18, 23, 30, 33, 35, 37, 38, 40, 41, 42, 47, 48, 50, 56, 57, 58, 62, 69, 76, 79, 97, 106, 108]]
[126, 4.23009, [0, 1, 2, 4, 5, 7, 8, 9, 14, 15, 17, 18, 23, 30, 33, 35, 37, 38, 40, 41, 47, 48, 50, 56, 57, 58, 61, 62, 69, 76, 79, 97, 106, 108]]
[126, 4.24979, [0, 1, 2, 4, 5, 7, 8, 9, 14, 15, 17, 18, 24, 26, 28, 29, 31, 33, 36, 39, 46, 47, 48, 51, 52, 53, 57, 58, 59, 61, 79, 84, 86]]
[126, 4.24763, [0, 1, 2, 4, 5, 7, 8, 9, 14, 15, 17, 18, 24, 26, 28, 29, 31, 33, 36, 39, 46, 47, 48, 51, 52, 53, 58, 59, 61, 62, 79, 84, 86]]
[126, 4.24509, [0, 1, 2, 4, 5, 7, 8, 9, 14, 15, 17, 18, 24, 26, 28, 29, 31, 33, 36, 39, 46, 47, 48, 51, 53, 57, 58, 59, 61, 62, 79, 84, 86]]
[126, 4.23854, [0, 1, 2, 4, 5, 7, 8, 9, 14, 15, 17, 18, 24, 26, 28, 29, 31, 33, 36, 39, 46, 47, 48, 52, 53, 58, 59, 61, 62, 73, 79, 84, 86]]
[126, 4.24207, [0, 1, 2, 4, 5, 7, 8, 9, 14, 15, 17, 18, 24, 26, 28, 29, 31, 33, 36, 39, 46, 48, 51, 52, 53, 57, 58, 59, 61, 62, 79, 84, 86]]
[126, 4.23425, [0, 1, 2, 4, 5, 7, 8, 9, 14, 15, 17, 18, 24, 26, 28, 29, 31, 33, 36, 39, 46, 48, 52, 53, 57, 58, 59, 61, 62, 69, 79, 84, 86]]
[126, 4.23693, [0, 1, 2, 4, 5, 7, 8, 9, 14, 15, 17, 18, 24, 26, 28, 29, 31, 33, 36, 46, 47, 48, 50, 51, 53, 57, 58, 59, 61, 62, 79, 84, 86]]
[126, 4.22208, [0, 1, 2, 4, 5, 7, 8, 9, 14, 15, 17, 18, 24, 26, 28, 29, 31, 33, 36, 46, 47, 48, 50, 51, 53, 57, 59, 61, 62, 79, 84, 86, 121]]
[126, 4.22697, [0, 1, 2, 4, 5, 7, 8, 9, 14, 15, 17, 18, 24, 26, 29, 31, 32, 33, 36, 39, 48, 50, 52, 53, 56, 57, 58, 61, 62, 69, 79, 84, 86]]
[126, 4.22298, [0, 1, 2, 4, 5, 7, 8, 9, 14, 15, 17, 18, 24, 26, 29, 31, 33, 36, 39, 46, 47, 48, 50, 51, 53, 57, 58, 59, 61, 62, 79, 84, 86]]
[126, 4.23009, [0, 1, 2, 4, 5, 7, 8, 9, 14, 15, 17, 18, 24, 29, 31, 32, 35, 36, 37, 39, 42, 48, 50, 51, 53, 56, 57, 58, 61, 62, 69, 76, 79]]
[126, 4.22669, [0, 1, 2, 4, 5, 7, 8, 9, 14, 15, 17, 18, 24, 29, 31, 32, 35, 36, 37, 39, 42, 48, 50, 51, 53, 56, 57, 58, 61, 62, 69, 79, 90]]
[126, 4.222, [0, 1, 2, 4, 5, 7, 8, 9, 14, 15, 17, 18, 24, 29, 31, 32, 35, 36, 37, 39, 42, 48, 50, 51, 53, 56, 57, 58, 61, 69, 76, 79, 90]]
[126, 4.22871, [0, 1, 2, 4, 5, 7, 8, 9, 14, 15, 17, 18, 24, 29, 31, 32, 35, 36, 37, 39, 42, 48, 50, 51, 53, 57, 58, 59, 61, 62, 69, 76, 79]]
[126, 4.22531, [0, 1, 2, 4, 5, 7, 8, 9, 14, 15, 17, 18, 24, 29, 31, 32, 35, 36, 37, 39, 42, 48, 50, 51, 53, 57, 58, 59, 61, 62, 69, 79, 90]]
[126, 4.22062, [0, 1, 2, 4, 5, 7, 8, 9, 14, 15, 17, 18, 24, 29, 31, 32, 35, 36, 37, 39, 42, 48, 50, 51, 53, 57, 58, 59, 61, 69, 76, 79, 90]]
[126, 4.22356, [0, 1, 2, 4, 5, 7, 8, 9, 14, 16, 17, 18, 22, 28, 30, 31, 32, 35, 36, 37, 39, 45, 49, 51, 55, 58, 60, 61, 66, 69, 84, 92, 115]]
[126, 4.24429, [0, 1, 2, 4, 5, 7, 8, 9, 14, 16, 17, 18, 22, 29, 30, 33, 35, 36, 37, 42, 46, 51, 53, 57, 58, 59, 61, 66, 69, 74, 75, 78, 91, 112]]
[126, 4.22384, [0, 1, 2, 4, 5, 7, 8, 9, 14, 16, 17, 18, 22, 29, 31, 32, 33, 37, 38, 39, 42, 43, 50, 51, 54, 57, 58, 59, 61, 69, 74, 75, 98]]
[126, 4.22062, [0, 1, 2, 4, 5, 7, 8, 9, 14, 16, 17, 18, 22, 29, 31, 32, 33, 37, 38, 39, 42, 43, 50, 51, 54, 57, 59, 61, 66, 69, 74, 75, 98]]
[126, 4.22637, [0, 1, 2, 4, 5, 7, 8, 9, 14, 16, 17, 18, 26, 28, 29, 31, 32, 33, 36, 37, 39, 43, 51, 53, 57, 58, 59, 61, 62, 69, 78, 84, 88]]
[126, 4.22053, [0, 1, 2, 4, 5, 7, 8, 9, 14, 16, 17, 22, 29, 31, 32, 33, 37, 38, 40, 42, 43, 50, 54, 56, 57, 59, 60, 61, 66, 69, 74, 75, 76, 87]]
[126, 4.23278, [0, 1, 2, 4, 5, 7, 8, 9, 14, 17, 18, 22, 23, 24, 29, 30, 31, 33, 37, 45, 46, 47, 54, 55, 56, 58, 61, 66, 73, 74, 78, 112, 113, 114]]
[126, 4.2373, [0, 1, 2, 4, 5, 7, 8, 9, 14, 17, 18, 22, 23, 24, 29, 30, 31, 33, 37, 46, 47, 48, 54, 55, 56, 58, 59, 61, 66, 73, 74, 112, 113, 114]]
[126, 4.22486, [0, 1, 2, 4, 5, 7, 8, 9, 14, 17, 18, 22, 23, 24, 29, 30, 31, 33, 37, 46, 47, 54, 55, 56, 58, 59, 61, 66, 73, 74, 78, 112, 113, 114]]
[126, 4.22937, [0, 1, 2, 4, 5, 7, 8, 9, 15, 16, 17, 19, 20, 26, 27, 28, 32, 33, 34, 36, 42, 43, 54, 55, 57, 58, 61, 66, 69, 76, 77, 86, 116]]
[126, 4.23111, [0, 1, 2, 4, 5, 7, 8, 9, 15, 16, 17, 19, 20, 26, 27, 28, 32, 34, 39, 42, 43, 45, 46, 54, 56, 57, 59, 61, 62, 69, 76, 77, 116]]
[126, 4.22166, [0, 1, 2, 4, 5, 7, 8, 9, 15, 16, 17, 19, 20, 26, 27, 29, 30, 31, 36, 47, 49, 50, 51, 54, 55, 56, 60, 61, 62, 84, 85, 86, 88]]
[126, 4.22267, [0, 1, 2, 4, 5, 7, 8, 9, 15, 16, 17, 19, 20, 27, 28, 29, 33, 34, 35, 42, 44, 48, 52, 53, 54, 57, 58, 59, 61, 66, 69, 108, 112]]
[126, 4.23275, [0, 1, 2, 4, 5, 7, 8, 9, 15, 16, 18, 19, 20, 25, 26, 28, 29, 31, 32, 33, 49, 50, 52, 53, 55, 56, 60, 61, 62, 85, 86, 111, 114]]
[126, 4.22375, [0, 1, 2, 4, 5, 7, 8, 9, 15, 16, 18, 19, 20, 25, 26, 28, 29, 31, 32, 33, 50, 52, 53, 55, 56, 60, 61, 62, 69, 85, 86, 111, 114]]
[126, 4.22223, [0, 1, 2, 4, 5, 7, 8, 9, 15, 16, 18, 19, 20, 25, 26, 28, 29, 31, 32, 33, 50, 52, 53, 55, 56, 60, 61, 66, 69, 85, 86, 111, 114]]
[126, 4.22413, [0, 1, 2, 4, 5, 7, 8, 9, 15, 16, 18, 19, 20, 25, 26, 28, 31, 33, 36, 39, 48, 50, 51, 55, 56, 57, 59, 60, 62, 77, 86, 90, 97]]
[126, 4.24526, [0, 1, 2, 4, 5, 7, 8, 9, 15, 16, 18, 19, 21, 26, 30, 32, 35, 36, 39, 40, 42, 50, 51, 55, 56, 57, 61, 62, 69, 77, 86, 88, 90, 97]]
[126, 4.24731, [0, 1, 2, 4, 5, 7, 8, 9, 15, 17, 18, 19, 23, 24, 28, 32, 34, 37, 39, 42, 43, 44, 52, 53, 56, 57, 58, 60, 66, 69, 79, 83, 104, 118]]
[126, 4.24068, [0, 1, 2, 4, 5, 7, 8, 9, 15, 17, 18, 19, 23, 24, 28, 32, 34, 37, 39, 42, 43, 44, 52, 53, 56, 57, 58, 60, 69, 79, 83, 90, 104, 118]]
[126, 4.22231, [0, 1, 2, 4, 5, 7, 8, 9, 15, 17, 20, 21, 24, 26, 28, 29, 31, 34, 44, 45, 46, 50, 52, 53, 56, 57, 58, 60, 61, 66, 79, 111, 112, 117]]
[126, 4.23496, [0, 1, 2, 4, 5, 7, 8, 9, 15, 19, 20, 21, 24, 25, 26, 28, 29, 31, 44, 45, 46, 48, 51, 52, 53, 57, 58, 60, 66, 69, 79, 80, 117, 118]]
[126, 4.23041, [0, 1, 2, 4, 5, 7, 8, 9, 17, 18, 19, 21, 22, 26, 28, 32, 33, 34, 36, 39, 41, 43, 44, 48, 57, 58, 59, 69, 74, 77, 90, 93, 98, 103]]
[126, 4.22394, [0, 1, 2, 4, 5, 7, 8, 9, 17, 18, 19, 21, 22, 26, 28, 32, 33, 34, 36, 39, 41, 43, 44, 48, 57, 59, 69, 74, 76, 77, 90, 93, 98, 103]]
[126, 4.29829, [0, 1, 2, 4, 5, 7, 8, 9, 17, 18, 20, 21, 22, 26, 28, 29, 31, 32, 33, 43, 48, 50, 51, 52, 56, 57, 58, 61, 62, 69, 75, 77, 79, 86, 90]]
[126, 4.24491, [0, 1, 2, 4, 5, 7, 8, 9, 17, 18, 20, 21, 22, 26, 28, 29, 31, 32, 33, 43, 48, 50, 51, 52, 56, 57, 58, 61, 62, 69, 75, 77, 79, 90]]
[126, 4.24319, [0, 1, 2, 4, 5, 7, 8, 9, 17, 18, 20, 21, 22, 26, 28, 29, 31, 32, 33, 43, 48, 50, 51, 52, 56, 57, 58, 61, 62, 69, 75, 77, 86, 90]]
[126, 4.24265, [0, 1, 2, 4, 5, 7, 8, 9, 17, 18, 20, 21, 22, 26, 28, 29, 31, 32, 33, 43, 48, 50, 51, 52, 56, 57, 58, 61, 62, 69, 75, 79, 86, 90]]
[126, 4.24208, [0, 1, 2, 4, 5, 7, 8, 9, 17, 18, 20, 21, 22, 26, 28, 29, 31, 32, 33, 43, 48, 50, 51, 52, 56, 57, 58, 61, 62, 69, 77, 79, 86, 90]]
[126, 4.24021, [0, 1, 2, 4, 5, 7, 8, 9, 17, 18, 20, 21, 22, 26, 28, 29, 31, 32, 33, 43, 48, 50, 51, 52, 56, 57, 58, 61, 62, 75, 77, 79, 86, 90]]
[126, 4.23763, [0, 1, 2, 4, 5, 7, 8, 9, 17, 18, 20, 21, 22, 26, 28, 29, 31, 32, 33, 43, 48, 50, 51, 52, 56, 57, 58, 61, 69, 75, 77, 79, 86, 90]]
[126, 4.23722, [0, 1, 2, 4, 5, 7, 8, 9, 17, 18, 20, 21, 22, 26, 28, 29, 31, 32, 33, 43, 48, 50, 51, 52, 56, 57, 58, 62, 69, 75, 77, 79, 86, 90]]
[126, 4.23591, [0, 1, 2, 4, 5, 7, 8, 9, 17, 18, 20, 21, 22, 26, 28, 29, 31, 32, 33, 43, 48, 50, 51, 52, 56, 57, 61, 62, 69, 75, 77, 79, 86, 90]]
[126, 4.23081, [0, 1, 2, 4, 5, 7, 8, 9, 17, 18, 20, 21, 22, 26, 28, 29, 31, 32, 33, 43, 48, 50, 51, 52, 56, 57, 61, 62, 69, 75, 77, 79, 86, 121]]
[126, 4.23544, [0, 1, 2, 4, 5, 7, 8, 9, 17, 18, 20, 21, 22, 26, 28, 29, 31, 32, 33, 43, 48, 50, 51, 52, 56, 58, 61, 62, 69, 75, 77, 79, 86, 90]]
[126, 4.22046, [0, 1, 2, 4, 5, 7, 8, 9, 17, 18, 20, 21, 22, 26, 28, 29, 31, 32, 33, 43, 48, 50, 51, 52, 56, 61, 62, 69, 75, 77, 79, 86, 90, 121]]
[126, 4.23496, [0, 1, 2, 4, 5, 7, 8, 9, 17, 18, 20, 21, 22, 26, 28, 29, 31, 32, 33, 43, 48, 50, 51, 52, 57, 58, 61, 62, 69, 75, 77, 79, 86, 90]]
[126, 4.23288, [0, 1, 2, 4, 5, 7, 8, 9, 17, 18, 20, 21, 22, 26, 28, 29, 31, 32, 33, 43, 48, 50, 51, 56, 57, 58, 61, 62, 69, 75, 77, 79, 86, 90]]
[126, 4.23231, [0, 1, 2, 4, 5, 7, 8, 9, 17, 18, 20, 21, 22, 26, 28, 29, 31, 32, 33, 43, 48, 50, 52, 56, 57, 58, 61, 62, 69, 75, 77, 79, 86, 90]]
[126, 4.23173, [0, 1, 2, 4, 5, 7, 8, 9, 17, 18, 20, 21, 22, 26, 28, 29, 31, 32, 33, 43, 48, 51, 52, 56, 57, 58, 61, 62, 69, 75, 77, 79, 86, 90]]
[126, 4.23048, [0, 1, 2, 4, 5, 7, 8, 9, 17, 18, 20, 21, 22, 26, 28, 29, 31, 32, 33, 43, 50, 51, 52, 56, 57, 58, 61, 62, 69, 75, 77, 79, 86, 90]]
[126, 4.22692, [0, 1, 2, 4, 5, 7, 8, 9, 17, 18, 20, 21, 22, 26, 28, 29, 31, 32, 33, 48, 50, 51, 52, 56, 57, 58, 61, 62, 69, 75, 77, 79, 86, 90]]
[126, 4.22509, [0, 1, 2, 4, 5, 7, 8, 9, 17, 18, 20, 21, 22, 26, 28, 29, 31, 32, 33, 48, 50, 51, 52, 57, 58, 60, 61, 62, 69, 75, 77, 79, 86, 90]]
[126, 4.23038, [0, 1, 2, 4, 5, 7, 8, 13, 14, 15, 17, 18, 24, 25, 26, 28, 29, 31, 36, 46, 49, 50, 52, 53, 58, 59, 60, 62, 69, 83, 84, 86, 111, 114]]
[126, 4.22685, [0, 1, 2, 4, 5, 7, 8, 13, 14, 15, 17, 18, 24, 25, 26, 28, 29, 31, 46, 47, 49, 50, 52, 53, 54, 59, 61, 62, 69, 82, 83, 84, 86, 123]]
[126, 4.22662, [0, 1, 2, 4, 5, 7, 8, 13, 14, 15, 17, 18, 24, 25, 26, 28, 29, 31, 46, 47, 49, 50, 52, 53, 54, 59, 61, 62, 69, 82, 83, 85, 86, 123]]
[126, 4.22638, [0, 1, 2, 4, 5, 7, 8, 13, 14, 15, 17, 18, 24, 25, 26, 28, 29, 31, 46, 47, 49, 50, 52, 53, 54, 59, 61, 62, 69, 82, 84, 85, 86, 123]]
[126, 4.22098, [0, 1, 2, 4, 5, 7, 8, 13, 14, 15, 17, 18, 24, 25, 26, 28, 29, 31, 46, 47, 49, 50, 52, 53, 58, 59, 60, 62, 69, 83, 84, 86, 111, 114]]
[126, 4.22056, [0, 1, 2, 4, 5, 7, 8, 13, 14, 15, 17, 18, 24, 25, 26, 28, 29, 31, 46, 47, 49, 50, 52, 53, 58, 59, 61, 62, 69, 83, 84, 86, 111, 114]]
[126, 4.22145, [0, 1, 2, 4, 5, 7, 8, 13, 14, 16, 17, 18, 22, 25, 27, 28, 29, 33, 35, 36, 39, 44, 46, 48, 51, 57, 58, 60, 62, 69, 75, 84, 113]]
[126, 4.22057, [0, 1, 2, 4, 5, 7, 8, 13, 14, 16, 17, 18, 22, 25, 27, 28, 29, 33, 35, 36, 39, 44, 46, 51, 57, 58, 60, 61, 62, 69, 75, 82, 84]]
[126, 4.22105, [0, 1, 2, 4, 5, 7, 8, 13, 14, 16, 17, 18, 22, 25, 27, 28, 29, 33, 35, 36, 39, 46, 48, 51, 53, 57, 58, 59, 62, 69, 75, 84, 86]]
[126, 4.26517, [0, 1, 2, 4, 5, 7, 8, 13, 14, 16, 17, 18, 22, 25, 27, 28, 29, 33, 35, 39, 46, 47, 48, 51, 53, 57, 58, 59, 62, 69, 75, 82, 84, 86]]
[126, 4.25632, [0, 1, 2, 4, 5, 7, 8, 13, 14, 16, 17, 18, 22, 25, 27, 28, 29, 33, 35, 43, 46, 47, 48, 50, 53, 57, 59, 60, 62, 69, 82, 84, 86, 97]]
[126, 4.26774, [0, 1, 2, 4, 5, 7, 8, 13, 14, 16, 17, 18, 22, 25, 27, 28, 29, 33, 36, 39, 46, 48, 51, 52, 53, 57, 58, 59, 61, 62, 69, 75, 84, 86]]
[126, 4.26285, [0, 1, 2, 4, 5, 7, 8, 13, 14, 16, 17, 18, 22, 25, 27, 28, 29, 33, 36, 39, 46, 48, 51, 52, 53, 57, 58, 59, 61, 62, 69, 75, 84, 113]]
[126, 4.2537, [0, 1, 2, 4, 5, 7, 8, 13, 14, 16, 17, 18, 22, 25, 27, 28, 29, 33, 36, 39, 46, 48, 51, 52, 53, 57, 58, 59, 61, 62, 75, 84, 110, 113]]
[126, 4.25429, [0, 1, 2, 4, 5, 7, 8, 13, 14, 16, 17, 18, 22, 25, 27, 28, 29, 33, 36, 39, 46, 48, 51, 52, 53, 57, 58, 61, 62, 69, 75, 84, 86, 113]]
[126, 4.25093, [0, 1, 2, 4, 5, 7, 8, 13, 14, 16, 17, 18, 22, 25, 27, 28, 29, 33, 36, 39, 46, 48, 51, 52, 57, 58, 60, 61, 62, 69, 75, 84, 86, 113]]
[126, 4.24665, [0, 1, 2, 4, 5, 7, 8, 13, 14, 16, 17, 18, 22, 25, 27, 28, 29, 33, 36, 39, 48, 51, 52, 53, 57, 58, 60, 61, 62, 69, 75, 84, 86, 113]]
[126, 4.24098, [0, 1, 2, 4, 5, 7, 8, 13, 14, 16, 17, 18, 22, 25, 27, 28, 29, 33, 36, 46, 48, 51, 52, 53, 57, 58, 60, 61, 62, 69, 75, 84, 86, 113]]
[126, 4.24421, [0, 1, 2, 4, 5, 7, 8, 13, 14, 16, 17, 18, 22, 25, 27, 28, 29, 33, 39, 46, 48, 51, 52, 53, 57, 58, 59, 61, 62, 69, 75, 82, 84, 86]]
[126, 4.2347, [0, 1, 2, 4, 5, 7, 8, 13, 14, 16, 17, 18, 22, 25, 27, 29, 30, 33, 35, 39, 46, 48, 51, 53, 54, 58, 59, 66, 69, 74, 75, 108, 112, 113]]
[126, 4.24157, [0, 1, 2, 4, 5, 7, 8, 13, 14, 16, 17, 18, 22, 25, 27, 29, 30, 33, 35, 39, 46, 51, 53, 54, 57, 58, 59, 61, 66, 69, 74, 75, 112, 113]]
[126, 4.22974, [0, 1, 2, 4, 5, 7, 8, 13, 14, 16, 17, 18, 22, 25, 27, 29, 30, 33, 35, 39, 46, 51, 53, 54, 57, 58, 59, 66, 69, 74, 75, 108, 112, 113]]
[126, 4.22321, [0, 1, 2, 4, 5, 7, 8, 13, 14, 16, 17, 18, 22, 25, 27, 29, 30, 33, 35, 46, 48, 51, 53, 54, 56, 58, 59, 66, 69, 74, 75, 108, 112, 113]]
[126, 4.23153, [0, 1, 2, 4, 5, 7, 8, 13, 14, 16, 17, 18, 22, 25, 27, 29, 33, 36, 39, 44, 46, 48, 51, 52, 53, 57, 58, 61, 62, 69, 75, 84, 110, 113]]
[126, 4.23123, [0, 1, 2, 4, 5, 7, 8, 13, 14, 16, 17, 18, 22, 25, 27, 29, 33, 36, 39, 44, 46, 48, 51, 52, 53, 57, 58, 61, 62, 69, 75, 84, 112, 113]]
[126, 4.22287, [0, 1, 2, 4, 5, 7, 8, 13, 14, 16, 17, 18, 22, 25, 27, 29, 33, 36, 39, 46, 48, 51, 52, 53, 57, 58, 59, 61, 62, 69, 75, 84, 110, 113]]
[126, 4.22257, [0, 1, 2, 4, 5, 7, 8, 13, 14, 16, 17, 18, 22, 25, 27, 29, 33, 36, 39, 46, 48, 51, 52, 53, 57, 58, 59, 61, 62, 69, 75, 84, 112, 113]]
[126, 4.22293, [0, 1, 2, 4, 5, 7, 8, 13, 14, 16, 17, 22, 23, 25, 27, 28, 30, 35, 39, 41, 46, 47, 49, 51, 52, 54, 57, 58, 61, 75, 82, 107, 111, 116]]
[126, 4.23616, [0, 1, 2, 4, 5, 7, 8, 13, 14, 16, 18, 22, 25, 27, 28, 29, 33, 35, 39, 46, 47, 48, 51, 53, 57, 59, 62, 69, 75, 78, 82, 84, 86, 97, 123]]
[126, 4.22348, [0, 1, 2, 4, 5, 7, 8, 13, 14, 17, 18, 22, 24, 25, 27, 29, 33, 36, 38, 39, 44, 46, 48, 51, 52, 53, 57, 58, 61, 62, 69, 84, 112, 113]]

Search completed in 32 hours, 54 minutes, and 35.214 seconds.  Enter a string to quit.