Enter an integer k for which our Kempner sets are k-free: 4
Enter a positive integer modulus b: 102
Enter estimation parameters, or * for pre-computed parameters ([0.0842, 1.0779, 1.4013]): *
Enter a threshold (e.g. 4.2) to determine printed output: 4.17
Enter a root for the search space (e.g. [0, 1, 2]) [or * for the root [0]]: *
Enter an upper bound for the size of allowable digit sets [or * to ignore]: 32
Enter a maximal number of deviations from a greedy search [or * to ignore]: *
Searching for k-free sets mod b...

[102, 4.17099, [0, 1, 2, 4, 5, 7, 8, 9, 14, 15, 16, 25, 27, 29, 30, 37, 39, 41, 42, 46, 47, 48, 54, 61, 63, 64, 77, 83, 84]]
[102, 4.20226, [0, 1, 2, 4, 5, 7, 8, 9, 14, 15, 17, 18, 23, 24, 30, 33, 35, 37, 38, 40, 41, 46, 47, 48, 50, 61, 64, 67]]
[102, 4.19662, [0, 1, 2, 4, 5, 7, 8, 9, 14, 15, 17, 23, 24, 27, 29, 33, 36, 38, 39, 44, 46, 47, 48, 61, 62, 76, 81, 85, 88]]
[102, 4.18073, [0, 1, 2, 4, 5, 7, 8, 9, 14, 15, 17, 23, 24, 27, 29, 33, 36, 38, 39, 44, 47, 48, 50, 61, 81, 85, 88, 91, 92]]
[102, 4.17811, [0, 1, 2, 4, 5, 7, 8, 9, 14, 15, 17, 24, 28, 29, 33, 35, 37, 38, 40, 44, 45, 46, 48, 54, 61, 63, 83, 92, 93]]
[102, 4.17491, [0, 1, 2, 4, 5, 7, 8, 9, 14, 15, 17, 28, 29, 31, 32, 33, 37, 38, 40, 44, 45, 46, 48, 54, 61, 63, 64, 92, 93]]
[102, 4.17318, [0, 1, 2, 4, 5, 7, 8, 9, 14, 15, 17, 28, 29, 31, 32, 33, 37, 39, 40, 44, 45, 46, 48, 54, 61, 64, 69, 86, 92]]
[102, 4.18534, [0, 1, 2, 4, 5, 7, 8, 9, 14, 16, 17, 18, 22, 29, 30, 31, 34, 35, 37, 39, 45, 47, 49, 54, 57, 62, 63, 66]]
[102, 4.1781, [0, 1, 2, 4, 5, 7, 8, 9, 14, 16, 17, 18, 22, 29, 31, 33, 34, 37, 38, 39, 42, 43, 45, 47, 54, 57, 91, 92]]
[102, 4.2006, [0, 1, 2, 4, 5, 7, 8, 9, 14, 16, 17, 18, 22, 29, 31, 33, 37, 38, 39, 42, 45, 47, 50, 63, 64, 81, 85, 86, 92]]
[102, 4.18565, [0, 1, 2, 4, 5, 7, 8, 9, 14, 16, 17, 18, 22, 29, 31, 37, 38, 39, 42, 45, 47, 49, 50, 63, 64, 81, 85, 86, 92]]
[102, 4.17794, [0, 1, 2, 4, 5, 7, 8, 9, 14, 16, 17, 18, 22, 31, 32, 33, 35, 36, 38, 45, 57, 62, 63, 64, 75, 78, 79, 80, 85]]
[102, 4.18179, [0, 1, 2, 4, 5, 7, 8, 9, 14, 16, 17, 22, 28, 29, 31, 32, 33, 36, 37, 38, 44, 45, 63, 64, 75, 77, 78, 85, 93]]
[102, 4.1734, [0, 1, 2, 4, 5, 7, 8, 9, 14, 16, 17, 22, 28, 29, 31, 32, 33, 36, 37, 38, 44, 45, 63, 75, 77, 78, 85, 92, 93]]
[102, 4.17342, [0, 1, 2, 4, 5, 7, 8, 9, 14, 17, 22, 26, 28, 29, 31, 32, 33, 37, 39, 40, 44, 46, 48, 54, 57, 63, 69, 76, 93]]
[102, 4.17536, [0, 1, 2, 4, 5, 7, 8, 9, 14, 17, 22, 26, 28, 29, 32, 33, 34, 36, 37, 39, 45, 46, 48, 54, 61, 62, 66, 67, 93]]
[102, 4.17103, [0, 1, 2, 4, 5, 7, 8, 9, 14, 17, 22, 26, 28, 29, 32, 33, 34, 36, 37, 39, 45, 46, 48, 61, 62, 63, 66, 67, 93]]
[102, 4.17216, [0, 1, 2, 4, 5, 7, 8, 9, 15, 16, 17, 19, 20, 26, 27, 28, 30, 31, 33, 34, 54, 61, 63, 65, 72, 74, 76, 83]]
[102, 4.19728, [0, 1, 2, 4, 5, 7, 8, 9, 15, 16, 17, 19, 20, 26, 27, 28, 30, 31, 34, 36, 47, 48, 54, 57, 64, 65, 73, 74]]
[102, 4.19435, [0, 1, 2, 4, 5, 7, 8, 9, 15, 16, 17, 19, 20, 26, 27, 28, 30, 31, 34, 36, 47, 48, 54, 57, 65, 72, 73, 74]]
[102, 4.18959, [0, 1, 2, 4, 5, 7, 8, 9, 15, 16, 17, 19, 20, 26, 27, 28, 30, 31, 34, 36, 47, 48, 54, 61, 65, 72, 74, 83]]
[102, 4.18809, [0, 1, 2, 4, 5, 7, 8, 9, 15, 16, 17, 19, 20, 26, 27, 28, 30, 31, 34, 36, 47, 48, 54, 61, 69, 72, 74, 83]]
[102, 4.18184, [0, 1, 2, 4, 5, 7, 8, 9, 15, 16, 17, 19, 20, 26, 27, 28, 30, 31, 34, 36, 47, 54, 57, 65, 72, 73, 74, 76]]
[102, 4.17708, [0, 1, 2, 4, 5, 7, 8, 9, 15, 16, 17, 19, 20, 26, 27, 28, 30, 31, 34, 36, 47, 54, 61, 65, 72, 74, 76, 83]]
[102, 4.17558, [0, 1, 2, 4, 5, 7, 8, 9, 15, 16, 17, 19, 20, 26, 27, 28, 30, 31, 34, 36, 47, 54, 61, 69, 72, 74, 76, 83]]
[102, 4.181, [0, 1, 2, 4, 5, 7, 8, 9, 15, 16, 17, 19, 20, 26, 27, 28, 30, 31, 34, 36, 48, 54, 61, 63, 65, 72, 74, 83]]
[102, 4.21344, [0, 1, 2, 4, 5, 7, 8, 9, 15, 16, 17, 19, 20, 26, 27, 29, 30, 31, 34, 36, 40, 47, 48, 54, 57, 64, 65, 74]]
[102, 4.20298, [0, 1, 2, 4, 5, 7, 8, 9, 15, 16, 17, 19, 20, 26, 27, 29, 30, 31, 34, 36, 40, 48, 54, 61, 63, 64, 65, 74]]
[102, 4.19683, [0, 1, 2, 4, 5, 7, 8, 9, 15, 16, 17, 19, 20, 26, 27, 29, 30, 31, 34, 36, 40, 48, 54, 61, 63, 65, 74, 83]]
[102, 4.18432, [0, 1, 2, 4, 5, 7, 8, 9, 15, 16, 17, 19, 20, 26, 27, 29, 30, 31, 34, 36, 40, 54, 61, 63, 65, 74, 76, 83]]
[102, 4.17601, [0, 1, 2, 4, 5, 7, 8, 9, 15, 16, 17, 19, 20, 26, 27, 29, 30, 31, 34, 36, 40, 54, 61, 69, 74, 76, 83, 84]]
[102, 4.17129, [0, 1, 2, 4, 5, 7, 8, 9, 15, 16, 17, 19, 20, 26, 27, 29, 30, 31, 34, 36, 40, 54, 61, 69, 76, 83, 84, 92]]
[102, 4.19554, [0, 1, 2, 4, 5, 7, 8, 9, 15, 16, 17, 19, 20, 26, 27, 29, 30, 31, 34, 36, 47, 48, 54, 57, 64, 65, 73, 74]]
[102, 4.19262, [0, 1, 2, 4, 5, 7, 8, 9, 15, 16, 17, 19, 20, 26, 27, 29, 30, 31, 34, 36, 47, 48, 54, 57, 65, 72, 73, 74]]
[102, 4.18011, [0, 1, 2, 4, 5, 7, 8, 9, 15, 16, 17, 19, 20, 26, 27, 29, 30, 31, 34, 36, 47, 54, 57, 65, 72, 73, 74, 76]]
[102, 4.17926, [0, 1, 2, 4, 5, 7, 8, 9, 15, 16, 17, 19, 20, 26, 27, 29, 30, 31, 34, 36, 48, 54, 61, 63, 65, 72, 74, 83]]
[102, 4.19997, [0, 1, 2, 4, 5, 7, 8, 9, 15, 16, 17, 19, 20, 26, 27, 29, 30, 31, 36, 40, 47, 48, 49, 54, 57, 64, 65, 74]]
[102, 4.18317, [0, 1, 2, 4, 5, 7, 8, 9, 15, 16, 17, 19, 20, 26, 27, 29, 31, 32, 34, 36, 40, 54, 61, 63, 64, 65, 74, 93]]
[102, 4.17898, [0, 1, 2, 4, 5, 7, 8, 9, 15, 16, 17, 19, 20, 26, 27, 29, 31, 32, 34, 36, 40, 54, 61, 63, 65, 74, 76, 93]]
[102, 4.19939, [0, 1, 2, 4, 5, 7, 8, 9, 15, 16, 17, 19, 20, 27, 29, 30, 31, 34, 35, 36, 40, 47, 48, 54, 57, 64, 65, 74]]
[102, 4.17027, [0, 1, 2, 4, 5, 7, 8, 9, 15, 16, 17, 19, 20, 27, 29, 30, 31, 34, 35, 36, 40, 54, 61, 63, 65, 74, 76, 83]]
[102, 4.18592, [0, 1, 2, 4, 5, 7, 8, 9, 15, 16, 17, 19, 20, 27, 29, 30, 31, 35, 36, 40, 47, 48, 49, 54, 57, 64, 65, 74]]
[102, 4.18176, [0, 1, 2, 4, 5, 7, 8, 9, 15, 16, 17, 19, 20, 28, 29, 33, 34, 35, 37, 38, 42, 45, 48, 54, 61, 63, 64, 75]]
[102, 4.18294, [0, 1, 2, 4, 5, 7, 8, 9, 15, 16, 17, 19, 20, 28, 29, 33, 34, 36, 37, 38, 42, 45, 48, 50, 61, 63, 64, 75]]
[102, 4.17541, [0, 1, 2, 4, 5, 7, 8, 9, 15, 16, 17, 19, 20, 28, 29, 33, 34, 37, 38, 42, 44, 45, 48, 50, 61, 63, 64, 75]]
[102, 4.17989, [0, 1, 2, 4, 5, 7, 8, 9, 15, 16, 17, 19, 20, 29, 31, 33, 34, 36, 37, 38, 44, 45, 48, 50, 61, 63, 64, 65]]
[102, 4.18522, [0, 1, 2, 4, 5, 7, 8, 9, 15, 16, 17, 19, 26, 27, 28, 31, 34, 36, 44, 47, 48, 54, 61, 65, 69, 72, 74, 76, 83]]
[102, 4.17701, [0, 1, 2, 4, 5, 7, 8, 9, 15, 16, 17, 19, 26, 27, 28, 31, 34, 36, 44, 47, 48, 54, 61, 69, 72, 74, 76, 83, 93]]
[102, 4.17884, [0, 1, 2, 4, 5, 7, 8, 9, 15, 16, 17, 19, 27, 28, 29, 31, 34, 35, 36, 42, 44, 45, 47, 48, 50, 57, 64, 65]]
[102, 4.17698, [0, 1, 2, 4, 5, 7, 8, 9, 15, 16, 17, 19, 27, 28, 29, 31, 34, 35, 36, 42, 44, 45, 47, 48, 50, 61, 64, 65]]
[102, 4.17265, [0, 1, 2, 4, 5, 7, 8, 9, 15, 16, 17, 19, 27, 28, 29, 31, 34, 35, 36, 42, 44, 45, 47, 48, 57, 62, 64, 65]]
[102, 4.17078, [0, 1, 2, 4, 5, 7, 8, 9, 15, 16, 17, 19, 27, 28, 29, 31, 34, 35, 36, 42, 44, 45, 47, 48, 61, 62, 64, 65]]
[102, 4.17496, [0, 1, 2, 4, 5, 7, 8, 9, 15, 16, 18, 19, 20, 26, 28, 30, 31, 33, 34, 35, 39, 54, 61, 63, 65, 72, 76, 83]]
[102, 4.17667, [0, 1, 2, 4, 5, 7, 8, 9, 15, 16, 18, 20, 21, 26, 30, 32, 35, 36, 39, 41, 43, 57, 68, 76, 79, 80, 85, 88, 91]]
[102, 4.17194, [0, 1, 2, 4, 5, 7, 8, 9, 15, 16, 19, 20, 26, 27, 29, 30, 31, 34, 35, 36, 40, 47, 48, 54, 57, 64, 65, 74]]
[102, 4.18954, [0, 1, 2, 4, 5, 7, 8, 9, 15, 16, 20, 26, 27, 28, 30, 31, 34, 35, 36, 43, 47, 48, 49, 54, 57, 64, 65, 72, 74]]
[102, 4.17042, [0, 1, 2, 4, 5, 7, 8, 9, 15, 17, 18, 20, 21, 23, 29, 30, 32, 33, 34, 37, 38, 39, 54, 65, 75, 76, 82, 94]]
[102, 4.18909, [0, 1, 2, 4, 5, 7, 8, 9, 15, 17, 18, 20, 21, 23, 29, 30, 32, 33, 36, 38, 61, 62, 64, 67, 75, 78, 85, 88, 97]]
[102, 4.20335, [0, 1, 2, 4, 5, 7, 8, 9, 15, 17, 19, 20, 24, 26, 27, 28, 34, 36, 40, 43, 47, 48, 54, 57, 64, 65, 69, 74, 97]]
[102, 4.1721, [0, 1, 2, 4, 5, 7, 8, 9, 15, 17, 19, 20, 24, 26, 27, 29, 30, 31, 36, 40, 46, 48, 49, 54, 57, 64, 67, 74]]
[102, 4.17216, [0, 1, 2, 4, 5, 7, 8, 9, 15, 17, 19, 20, 24, 26, 27, 29, 30, 31, 36, 40, 47, 48, 49, 54, 57, 64, 65, 74]]
[102, 4.17331, [0, 1, 2, 4, 5, 7, 8, 9, 15, 17, 19, 20, 24, 27, 28, 30, 31, 34, 35, 36, 40, 47, 48, 54, 57, 64, 65, 74]]
[102, 4.20138, [0, 1, 2, 4, 5, 7, 8, 9, 15, 17, 19, 20, 26, 27, 29, 31, 32, 34, 36, 40, 46, 48, 54, 61, 63, 64, 67, 74, 93]]
[102, 4.17835, [0, 1, 2, 4, 5, 7, 8, 9, 15, 17, 20, 21, 23, 24, 28, 29, 30, 33, 34, 36, 37, 40, 54, 61, 63, 64, 67, 77]]
[102, 4.17888, [0, 1, 2, 4, 5, 7, 8, 9, 15, 17, 20, 21, 23, 24, 28, 29, 30, 34, 36, 37, 38, 46, 48, 49, 61, 63, 67, 77]]
[102, 4.17057, [0, 1, 2, 4, 5, 7, 8, 9, 15, 17, 20, 21, 23, 24, 28, 29, 30, 34, 36, 37, 38, 46, 49, 61, 63, 64, 67, 77]]
[102, 4.17386, [0, 1, 2, 4, 5, 7, 8, 9, 15, 17, 20, 21, 23, 24, 28, 29, 30, 34, 36, 37, 38, 48, 49, 54, 61, 63, 67, 77]]
[102, 4.17191, [0, 1, 2, 4, 5, 7, 8, 9, 15, 17, 20, 21, 23, 24, 28, 29, 30, 34, 36, 37, 40, 48, 49, 54, 61, 63, 67, 77]]
[102, 4.1724, [0, 1, 2, 4, 5, 7, 8, 9, 15, 17, 20, 21, 23, 24, 28, 29, 30, 36, 37, 38, 40, 46, 48, 49, 61, 63, 67, 77]]
[102, 4.21045, [0, 1, 2, 4, 5, 7, 8, 9, 15, 17, 20, 21, 24, 28, 29, 30, 33, 34, 35, 37, 38, 40, 54, 61, 63, 67, 76, 77, 90]]
[102, 4.20573, [0, 1, 2, 4, 5, 7, 8, 9, 15, 17, 20, 24, 26, 27, 29, 30, 31, 34, 36, 40, 46, 48, 49, 54, 61, 63, 64, 67, 74]]
[102, 4.19781, [0, 1, 2, 4, 5, 7, 8, 9, 15, 17, 20, 24, 26, 27, 29, 30, 31, 34, 36, 40, 47, 48, 49, 54, 57, 64, 65, 74, 97]]
[102, 4.17063, [0, 1, 2, 4, 5, 7, 8, 9, 15, 19, 20, 21, 23, 24, 29, 30, 32, 33, 36, 37, 38, 40, 49, 54, 61, 64, 65, 67]]
[102, 4.19762, [0, 1, 2, 4, 5, 7, 8, 9, 16, 17, 18, 20, 21, 26, 28, 29, 32, 33, 34, 36, 37, 39, 43, 57, 62, 63, 64, 66]]
[102, 4.17382, [0, 1, 2, 4, 5, 7, 8, 9, 16, 17, 18, 20, 21, 26, 28, 29, 32, 33, 34, 36, 39, 43, 61, 62, 63, 65, 66, 75]]
[102, 4.17341, [0, 1, 2, 4, 5, 7, 8, 9, 16, 17, 18, 20, 21, 26, 28, 29, 32, 33, 34, 36, 39, 43, 61, 62, 64, 65, 66, 75]]
[102, 4.18286, [0, 1, 2, 4, 5, 7, 8, 9, 16, 17, 18, 20, 21, 26, 28, 29, 32, 34, 36, 37, 39, 43, 49, 57, 62, 63, 64, 66]]
[102, 4.17527, [0, 1, 2, 4, 5, 7, 8, 9, 16, 17, 18, 20, 21, 26, 28, 29, 32, 34, 36, 39, 43, 45, 49, 57, 62, 63, 65, 66]]
[102, 4.17691, [0, 1, 2, 4, 5, 7, 8, 9, 16, 17, 19, 20, 22, 26, 28, 30, 31, 33, 37, 38, 39, 45, 48, 54, 61, 62, 63, 66]]
[102, 4.17581, [0, 1, 2, 4, 5, 7, 8, 9, 16, 17, 19, 20, 22, 26, 28, 30, 31, 33, 37, 38, 39, 45, 48, 54, 61, 62, 63, 69]]
[102, 4.17829, [0, 1, 2, 4, 5, 7, 8, 9, 16, 17, 19, 20, 22, 26, 29, 31, 33, 34, 36, 37, 38, 44, 45, 48, 54, 61, 65, 78]]
[102, 4.21026, [0, 1, 2, 4, 5, 7, 8, 9, 16, 17, 20, 21, 22, 28, 30, 31, 35, 36, 38, 39, 41, 45, 47, 54, 57, 62, 64, 65, 91]]
[102, 4.17921, [0, 1, 2, 4, 5, 7, 8, 9, 17, 18, 19, 21, 22, 26, 28, 33, 34, 36, 37, 39, 41, 57, 62, 63, 64, 66, 67, 86, 89]]
[102, 4.18912, [0, 1, 2, 4, 5, 7, 8, 9, 17, 18, 20, 21, 22, 26, 28, 29, 32, 34, 36, 45, 48, 49, 57, 63, 65, 66, 67, 74, 81]]
[102, 4.19049, [0, 1, 2, 4, 5, 7, 8, 9, 17, 18, 20, 21, 22, 26, 28, 29, 33, 34, 36, 37, 39, 57, 62, 63, 64, 66, 67, 86, 89]]
[102, 4.17554, [0, 1, 2, 4, 5, 7, 8, 9, 17, 18, 20, 21, 22, 26, 28, 29, 34, 36, 37, 39, 49, 57, 62, 63, 64, 66, 67, 86, 89]]
[102, 4.17565, [0, 1, 2, 4, 5, 7, 8, 9, 17, 18, 20, 21, 22, 26, 28, 33, 34, 36, 37, 39, 41, 57, 62, 63, 64, 66, 67, 86, 89]]
[102, 4.2017, [0, 1, 2, 4, 5, 7, 8, 9, 17, 18, 20, 22, 23, 30, 31, 32, 34, 35, 37, 38, 39, 45, 49, 54, 57, 62, 63, 65, 66]]
[102, 4.19729, [0, 1, 2, 4, 5, 7, 8, 9, 17, 18, 21, 22, 24, 26, 29, 31, 33, 37, 39, 42, 43, 46, 47, 48, 50, 61, 65, 66, 92]]
[102, 4.1721, [0, 1, 2, 4, 5, 7, 8, 9, 17, 19, 20, 21, 27, 28, 30, 31, 33, 34, 35, 38, 40, 44, 54, 61, 63, 65, 76, 90, 94]]
[102, 4.17967, [0, 1, 2, 4, 5, 7, 8, 9, 17, 19, 20, 22, 23, 29, 30, 32, 33, 34, 37, 40, 42, 48, 54, 57, 63, 64, 65, 67, 90]]
[102, 4.18011, [0, 1, 2, 4, 5, 7, 8, 13, 14, 15, 17, 25, 26, 29, 31, 32, 34, 36, 40, 42, 45, 46, 48, 49, 57, 60, 62, 63, 69]]
[102, 4.17094, [0, 1, 2, 4, 5, 7, 8, 13, 14, 16, 17, 18, 22, 25, 27, 28, 29, 33, 39, 43, 44, 46, 47, 48, 54, 57, 70, 72]]
[102, 4.18301, [0, 1, 2, 4, 5, 7, 8, 13, 14, 16, 17, 18, 22, 25, 27, 28, 29, 33, 39, 43, 44, 46, 62, 70, 72, 83, 89, 92, 93]]
[102, 4.17801, [0, 1, 2, 4, 5, 7, 8, 13, 14, 16, 18, 25, 26, 27, 30, 31, 32, 35, 41, 42, 43, 45, 49, 50, 57, 62, 63, 66, 70]]
[102, 4.17654, [0, 1, 2, 4, 5, 7, 8, 13, 14, 16, 18, 25, 26, 27, 30, 31, 32, 35, 41, 42, 43, 47, 49, 50, 57, 62, 63, 66, 70]]
[102, 4.17495, [0, 1, 2, 4, 5, 7, 8, 13, 14, 16, 18, 25, 26, 27, 30, 31, 32, 35, 41, 42, 45, 47, 49, 50, 57, 62, 63, 66, 70]]
[102, 4.2107, [0, 1, 2, 4, 5, 7, 9, 12, 14, 15, 16, 20, 22, 26, 27, 30, 35, 36, 39, 41, 43, 57, 72, 76, 79, 80, 85, 88, 89, 93]]
[102, 4.18835, [0, 1, 2, 4, 5, 7, 9, 12, 14, 15, 16, 20, 22, 26, 27, 30, 35, 36, 39, 43, 57, 72, 76, 79, 80, 85, 88, 89, 91, 93]]
[102, 4.18725, [0, 1, 2, 4, 5, 7, 9, 12, 14, 15, 16, 20, 22, 26, 27, 30, 35, 36, 39, 43, 57, 72, 76, 80, 83, 85, 88, 89, 91, 93]]
[102, 4.17075, [0, 1, 2, 4, 5, 7, 9, 12, 15, 16, 19, 20, 21, 25, 29, 32, 36, 37, 38, 41, 42, 44, 46, 54, 59, 64, 77, 78, 94]]
[102, 4.17586, [0, 1, 2, 4, 5, 7, 9, 14, 15, 17, 20, 22, 28, 29, 31, 32, 33, 37, 39, 40, 44, 45, 48, 54, 57, 61, 64, 86, 93, 98]]
[102, 4.17444, [0, 1, 2, 4, 5, 7, 9, 14, 15, 17, 20, 22, 28, 29, 31, 32, 33, 37, 39, 40, 44, 45, 48, 54, 57, 61, 64, 92, 93, 98]]
[102, 4.18065, [0, 1, 2, 4, 5, 7, 9, 14, 15, 17, 20, 22, 28, 29, 31, 32, 33, 38, 39, 40, 44, 45, 48, 54, 57, 61, 64, 67, 93, 98]]
[102, 4.18214, [0, 1, 2, 4, 5, 7, 9, 15, 16, 17, 19, 20, 24, 26, 27, 29, 30, 31, 35, 36, 40, 47, 48, 49, 54, 57, 64, 65, 74]]
[102, 4.19604, [0, 1, 2, 4, 5, 7, 11, 12, 13, 15, 16, 18, 20, 30, 31, 33, 34, 35, 38, 39, 41, 47, 48, 49, 54, 60, 65, 70, 79]]
[102, 4.18553, [0, 1, 2, 4, 5, 7, 11, 12, 13, 15, 16, 21, 22, 23, 25, 28, 36, 38, 39, 42, 43, 46, 48, 49, 57, 65, 68, 95, 98]]
[102, 4.18186, [0, 1, 2, 4, 5, 7, 11, 12, 13, 15, 16, 21, 22, 23, 25, 28, 36, 38, 39, 42, 43, 46, 49, 54, 57, 65, 68, 95, 98]]
[102, 4.17726, [0, 1, 2, 4, 5, 7, 11, 12, 13, 15, 16, 21, 22, 23, 25, 28, 36, 38, 39, 43, 46, 48, 49, 54, 57, 65, 68, 95, 98]]
[102, 4.1713, [0, 1, 2, 4, 5, 7, 11, 12, 13, 15, 16, 21, 22, 23, 25, 28, 38, 39, 42, 43, 46, 48, 49, 54, 57, 65, 68, 95, 98]]
[102, 4.18659, [0, 1, 2, 4, 5, 7, 11, 12, 14, 15, 16, 23, 24, 25, 29, 30, 33, 38, 39, 41, 47, 48, 60, 61, 68, 83, 85, 86, 88, 91]]

Search completed in 4 hours, 17 minutes, and 58.274 seconds.  Enter a string to quit.