Enter an integer k for which our Kempner sets are k-free: 4
Enter a positive integer modulus b: 51
Enter estimation parameters, or * for pre-computed parameters ([0.1038, 1.1117, 1.4456]): *
Enter a threshold (e.g. 4.2) to determine printed output: 4.12
Enter a root for the search space (e.g. [0, 1, 2]) [or * for the root [0]]: *
Enter an upper bound for the size of allowable digit sets [or * to ignore]: *
Enter a maximal number of deviations from a greedy search [or * to ignore]: *
Searching for k-free sets mod b...

[51, 4.15577, [0, 1, 2, 4, 5, 7, 8, 9, 14, 15, 16, 18, 26, 28, 32, 34, 36]]
[51, 4.14652, [0, 1, 2, 4, 5, 7, 8, 9, 14, 15, 16, 18, 26, 30, 32, 34, 40]]
[51, 4.14169, [0, 1, 2, 4, 5, 7, 8, 9, 14, 15, 16, 18, 26, 31, 32, 36, 40]]
[51, 4.13664, [0, 1, 2, 4, 5, 7, 8, 9, 14, 15, 16, 18, 26, 32, 34, 36, 40]]
[51, 4.13321, [0, 1, 2, 4, 5, 7, 8, 9, 14, 15, 16, 18, 28, 32, 34, 36, 39]]
[51, 4.12522, [0, 1, 2, 4, 5, 7, 8, 9, 14, 15, 16, 18, 30, 32, 34, 38, 40]]
[51, 4.14012, [0, 1, 2, 4, 5, 7, 8, 9, 14, 15, 17, 18, 24, 28, 32, 39, 43]]
[51, 4.13613, [0, 1, 2, 4, 5, 7, 8, 9, 14, 15, 17, 18, 26, 31, 32, 36, 40]]
[51, 4.16238, [0, 1, 2, 4, 5, 7, 8, 9, 14, 16, 17, 18, 22, 28, 30, 32, 36]]
[51, 4.15187, [0, 1, 2, 4, 5, 7, 8, 9, 14, 16, 17, 18, 22, 28, 30, 32, 45]]
[51, 4.12991, [0, 1, 2, 4, 5, 7, 8, 9, 14, 16, 17, 18, 22, 30, 33, 41, 45]]
[51, 4.13419, [0, 1, 2, 4, 5, 7, 8, 9, 14, 16, 17, 18, 26, 28, 30, 36, 45]]
[51, 4.13054, [0, 1, 2, 4, 5, 7, 8, 9, 14, 16, 17, 18, 26, 28, 32, 36, 45]]
[51, 4.262, [0, 1, 2, 4, 5, 7, 8, 9, 14, 16, 17, 18, 26, 30, 32, 36, 40, 45]]
[51, 4.12645, [0, 1, 2, 4, 5, 7, 8, 9, 14, 16, 17, 18, 26, 30, 32, 36, 45]]
[51, 4.12129, [0, 1, 2, 4, 5, 7, 8, 9, 14, 16, 17, 18, 26, 30, 32, 40, 45]]
[51, 4.12992, [0, 1, 2, 4, 5, 7, 8, 9, 14, 16, 17, 18, 26, 31, 32, 36, 40]]
[51, 4.12182, [0, 1, 2, 4, 5, 7, 8, 9, 14, 16, 17, 18, 28, 30, 32, 36, 45]]
[51, 4.21429, [0, 1, 2, 4, 5, 7, 8, 9, 14, 16, 17, 18, 36, 37, 39, 40, 41, 45]]
[51, 4.15044, [0, 1, 2, 4, 5, 7, 8, 9, 15, 16, 17, 19, 20, 27, 31, 33, 41]]
[51, 4.24729, [0, 1, 2, 4, 5, 7, 8, 9, 15, 16, 17, 19, 26, 31, 32, 39, 40, 42]]
[51, 4.15149, [0, 1, 2, 4, 5, 7, 8, 9, 15, 16, 17, 20, 21, 26, 28, 32, 42]]
[51, 4.20466, [0, 1, 2, 4, 5, 7, 8, 9, 15, 16, 17, 26, 31, 32, 36, 39, 40, 42]]
[51, 4.15771, [0, 1, 2, 4, 5, 7, 8, 9, 15, 16, 18, 19, 20, 25, 29, 31, 41]]
[51, 4.1421, [0, 1, 2, 4, 5, 7, 8, 9, 15, 16, 19, 20, 21, 25, 29, 31, 44]]
[51, 4.12455, [0, 1, 2, 4, 5, 7, 8, 9, 15, 16, 19, 20, 25, 27, 29, 33, 41]]
[51, 4.12069, [0, 1, 2, 4, 5, 7, 8, 9, 15, 16, 19, 20, 25, 27, 31, 33, 41]]
[51, 4.14764, [0, 1, 2, 4, 5, 7, 8, 9, 15, 18, 19, 20, 23, 24, 25, 32, 34]]
[51, 4.1362, [0, 1, 2, 4, 5, 7, 8, 9, 15, 18, 19, 20, 23, 24, 25, 32, 43]]
[51, 4.1319, [0, 1, 2, 4, 5, 7, 8, 9, 15, 18, 19, 20, 23, 24, 25, 34, 44]]
[51, 4.14509, [0, 1, 2, 4, 5, 7, 8, 9, 15, 18, 19, 20, 23, 24, 26, 32, 34]]
[51, 4.1281, [0, 1, 2, 4, 5, 7, 8, 9, 15, 18, 19, 20, 24, 26, 30, 32, 34]]
[51, 4.20714, [0, 1, 2, 4, 5, 7, 8, 9, 15, 19, 20, 21, 23, 24, 42, 43, 44, 46]]
[51, 4.13002, [0, 1, 2, 4, 5, 7, 8, 9, 15, 20, 24, 28, 30, 34, 42, 43, 44, 46]]
[51, 4.13492, [0, 1, 2, 4, 5, 7, 8, 9, 16, 17, 18, 21, 22, 26, 28, 32, 36]]
[51, 4.12442, [0, 1, 2, 4, 5, 7, 8, 9, 16, 17, 18, 21, 22, 26, 28, 32, 45]]
[51, 4.12731, [0, 1, 2, 4, 5, 7, 8, 9, 16, 17, 19, 20, 22, 26, 28, 30, 45]]
[51, 4.15786, [0, 1, 2, 4, 5, 7, 8, 9, 18, 20, 21, 24, 28, 29, 34, 43, 44, 45]]
[51, 4.1268, [0, 1, 2, 4, 5, 7, 8, 9, 18, 20, 21, 28, 29, 34, 41, 43, 44, 45]]
[51, 4.13654, [0, 1, 2, 4, 5, 7, 8, 13, 14, 15, 17, 18, 24, 25, 27, 31, 32]]
[51, 4.12854, [0, 1, 2, 4, 5, 7, 8, 13, 14, 15, 17, 18, 24, 25, 27, 32, 36]]
[51, 4.12202, [0, 1, 2, 4, 5, 7, 8, 13, 14, 15, 17, 18, 24, 25, 29, 31, 39]]
[51, 4.15899, [0, 1, 2, 4, 5, 7, 9, 12, 14, 15, 16, 26, 31, 32, 36, 40, 42, 45]]
[51, 4.12456, [0, 1, 2, 4, 5, 7, 9, 12, 15, 19, 20, 23, 24, 30, 42, 43, 44, 46]]
[51, 4.13156, [0, 1, 2, 4, 5, 7, 9, 12, 18, 20, 21, 23, 24, 25, 29, 43, 44, 45]]
[51, 4.1252, [0, 1, 2, 4, 5, 7, 11, 12, 13, 15, 16, 18, 20, 23, 26, 30, 40]]
[51, 4.12055, [0, 1, 2, 4, 5, 7, 11, 12, 13, 15, 16, 18, 20, 23, 27, 30, 42]]
[51, 4.24083, [0, 1, 2, 4, 5, 7, 11, 12, 13, 15, 16, 18, 20, 23, 27, 37, 42, 43]]
[51, 4.24772, [0, 1, 2, 4, 5, 7, 11, 12, 13, 15, 16, 18, 20, 26, 30, 32, 34, 40]]
[51, 4.1248, [0, 1, 2, 4, 5, 7, 11, 12, 13, 15, 16, 18, 22, 23, 24, 26, 47]]
[51, 4.16952, [0, 1, 2, 4, 5, 7, 11, 12, 14, 15, 16, 20, 26, 30, 34, 40, 42, 43]]
[51, 4.20408, [0, 1, 2, 4, 5, 7, 11, 13, 15, 16, 18, 20, 23, 24, 26, 30, 34, 40]]
[51, 4.15387, [0, 1, 2, 4, 5, 7, 12, 13, 15, 16, 18, 20, 23, 25, 27, 42, 43, 44]]
[51, 4.12226, [0, 1, 2, 4, 5, 7, 13, 16, 17, 18, 20, 23, 24, 25, 27, 31, 32, 33]]
[51, 4.17703, [0, 1, 2, 4, 5, 8, 9, 10, 14, 18, 21, 23, 25, 29, 31, 34, 36, 39]]
[51, 4.19398, [0, 1, 2, 4, 5, 8, 9, 10, 17, 19, 20, 22, 23, 24, 27, 29, 33, 45]]
[51, 4.14311, [0, 1, 2, 4, 5, 8, 9, 10, 19, 20, 22, 23, 24, 27, 29, 33, 35, 45]]
[51, 4.12177, [0, 1, 2, 4, 5, 8, 10, 14, 17, 18, 19, 21, 24, 25, 30, 33, 39, 44]]
[51, 4.21841, [0, 1, 2, 4, 5, 9, 10, 11, 14, 16, 17, 18, 21, 24, 28, 29, 36, 39]]
[51, 4.12502, [0, 1, 2, 4, 5, 9, 11, 12, 14, 15, 16, 24, 25, 27, 33, 37, 41, 47]]
[51, 4.1289, [0, 1, 2, 4, 5, 10, 12, 13, 16, 17, 18, 20, 23, 25, 27, 31, 32, 33]]

Search completed in 0 hours, 0 minutes, and 35.296 seconds.  Enter a string to quit.