Enter an integer k for which our Kempner sets are k-free: 4
Enter a positive integer modulus b: 34
Enter estimation parameters, or * for pre-computed parameters ([0.1226, 1.1308, 1.499]): *
Enter a threshold (e.g. 4.2) to determine printed output: 3.65
Enter a root for the search space (e.g. [0, 1, 2]) [or * for the root [0]]: *
Enter an upper bound for the size of allowable digit sets [or * to ignore]: *
Enter a maximal number of deviations from a greedy search [or * to ignore]: *
Searching for k-free sets mod b...

[34, 3.81399, [0, 1, 2, 4, 5, 7, 8, 9, 14, 15, 16]]
[34, 3.78255, [0, 1, 2, 4, 5, 7, 8, 9, 14, 15, 23]]
[34, 3.74849, [0, 1, 2, 4, 5, 7, 8, 9, 15, 20, 23]]
[34, 3.69666, [0, 1, 2, 4, 5, 7, 8, 9, 20, 23, 28]]
[34, 3.68041, [0, 1, 2, 4, 5, 7, 8, 9, 20, 28, 29]]
[34, 3.65779, [0, 1, 2, 4, 5, 7, 8, 9, 27, 28, 29]]
[34, 3.73392, [0, 1, 2, 4, 5, 7, 8, 13, 14, 15, 23]]
[34, 3.72742, [0, 1, 2, 4, 5, 7, 8, 13, 14, 16, 23]]
[34, 3.72012, [0, 1, 2, 4, 5, 7, 8, 13, 15, 16, 23]]
[34, 3.69964, [0, 1, 2, 4, 5, 7, 8, 13, 15, 16, 31]]
[34, 3.69989, [0, 1, 2, 4, 5, 7, 8, 13, 15, 20, 23]]
[34, 3.67943, [0, 1, 2, 4, 5, 7, 8, 13, 15, 20, 31]]
[34, 3.66835, [0, 1, 2, 4, 5, 7, 8, 13, 16, 23, 28]]
[34, 3.71186, [0, 1, 2, 4, 5, 7, 8, 14, 15, 16, 23]]
[34, 3.69561, [0, 1, 2, 4, 5, 7, 8, 14, 15, 16, 29]]
[34, 3.93362, [0, 1, 2, 4, 5, 7, 9, 12, 14, 15, 16, 30]]
[34, 3.73585, [0, 1, 2, 4, 5, 7, 9, 12, 14, 15, 20]]
[34, 3.7063, [0, 1, 2, 4, 5, 7, 9, 12, 14, 15, 30]]
[34, 3.70428, [0, 1, 2, 4, 5, 7, 9, 12, 14, 16, 28]]
[34, 3.69981, [0, 1, 2, 4, 5, 7, 9, 12, 14, 16, 30]]
[34, 3.69187, [0, 1, 2, 4, 5, 7, 9, 12, 14, 20, 25]]
[34, 3.66682, [0, 1, 2, 4, 5, 7, 9, 12, 14, 25, 28]]
[34, 3.66235, [0, 1, 2, 4, 5, 7, 9, 12, 14, 25, 30]]
[34, 3.69252, [0, 1, 2, 4, 5, 7, 9, 12, 15, 16, 30]]
[34, 3.67482, [0, 1, 2, 4, 5, 7, 9, 14, 15, 16, 30]]
[34, 3.673, [0, 1, 2, 4, 5, 7, 9, 14, 15, 20, 23]]
[34, 3.65461, [0, 1, 2, 4, 5, 7, 9, 14, 15, 20, 30]]
[34, 3.75774, [0, 1, 2, 4, 5, 7, 9, 14, 25, 28, 29, 30]]
[34, 3.73616, [0, 1, 2, 4, 5, 7, 11, 12, 13, 15, 16]]
[34, 3.71592, [0, 1, 2, 4, 5, 7, 11, 12, 13, 15, 20]]
[34, 3.6933, [0, 1, 2, 4, 5, 7, 11, 12, 13, 15, 27]]
[34, 3.67196, [0, 1, 2, 4, 5, 7, 11, 12, 13, 20, 25]]
[34, 3.72789, [0, 1, 2, 4, 5, 7, 11, 12, 14, 15, 16]]
[34, 3.70766, [0, 1, 2, 4, 5, 7, 11, 12, 14, 15, 20]]
[34, 3.67166, [0, 1, 2, 4, 5, 7, 11, 12, 14, 16, 30]]
[34, 3.66371, [0, 1, 2, 4, 5, 7, 11, 12, 14, 20, 25]]
[34, 3.65366, [0, 1, 2, 4, 5, 7, 11, 12, 15, 20, 26]]
[34, 3.6982, [0, 1, 2, 4, 5, 7, 11, 13, 14, 15, 20]]
[34, 3.65288, [0, 1, 2, 4, 5, 7, 11, 13, 15, 16, 31]]
[34, 3.66505, [0, 1, 2, 4, 5, 7, 11, 14, 15, 16, 23]]
[34, 3.65574, [0, 1, 2, 4, 5, 7, 12, 13, 14, 16, 28]]
[34, 3.67022, [0, 1, 2, 4, 5, 8, 10, 13, 14, 16, 23]]
[34, 3.83723, [0, 1, 2, 4, 5, 9, 10, 11, 14, 20, 23, 25]]
[34, 3.68598, [0, 1, 2, 4, 5, 9, 11, 12, 14, 15, 16]]
[34, 3.66578, [0, 1, 2, 4, 5, 9, 11, 12, 14, 15, 20]]
[34, 3.674, [0, 1, 2, 4, 7, 8, 9, 11, 14, 15, 16]]
[34, 3.71132, [0, 1, 2, 4, 7, 8, 9, 13, 16, 27, 28, 31]]
[34, 3.81782, [0, 1, 2, 4, 7, 9, 11, 12, 14, 15, 16, 20]]
[34, 3.65768, [0, 1, 2, 4, 8, 10, 11, 13, 15, 20, 26, 31]]
[34, 3.67068, [0, 1, 2, 5, 6, 7, 9, 10, 12, 16, 21]]
[34, 3.65053, [0, 1, 2, 5, 6, 7, 9, 10, 12, 20, 21]]
[34, 3.75476, [0, 1, 2, 5, 6, 7, 11, 12, 13, 20, 21, 32]]
[34, 3.71352, [0, 1, 2, 5, 6, 8, 9, 12, 16, 21, 27, 32]]
[34, 3.71841, [0, 1, 2, 5, 7, 8, 9, 12, 15, 16, 27, 30]]
[34, 3.65548, [0, 1, 2, 5, 7, 10, 11, 12, 14, 20, 25, 26]]
[34, 3.71636, [0, 1, 2, 6, 7, 8, 10, 11, 13, 15, 20, 31]]
[34, 3.68007, [0, 1, 2, 6, 7, 8, 11, 12, 13, 15, 26, 27]]
[34, 3.6676, [0, 1, 3, 4, 6, 7, 11, 12, 14, 19, 22, 25]]

Search completed in 0 hours, 0 minutes, and 0.081 seconds.  Enter a string to quit.