Enter an integer k for which our Kempner sets are k-free: 4
Enter a positive integer modulus b: 77
Enter estimation parameters, or * for pre-computed parameters ([0.0914, 1.0897, 1.4196]): *
Enter a threshold (e.g. 4.2) to determine printed output: 4.26
Enter a root for the search space (e.g. [0, 1, 2]) [or * for the root [0]]: *
Enter an upper bound for the size of allowable digit sets [or * to ignore]: *
Enter a maximal number of deviations from a greedy search [or * to ignore]: *
Searching for k-free sets mod b...

[77, 4.27917, [0, 1, 2, 4, 5, 7, 8, 9, 14, 16, 17, 18, 22, 28, 29, 30, 32, 35, 37, 39, 45, 49, 51, 71]]
[77, 4.26293, [0, 1, 2, 4, 5, 7, 8, 9, 14, 16, 17, 18, 22, 28, 29, 32, 35, 37, 39, 43, 45, 49, 51, 71]]
[77, 4.29692, [0, 1, 2, 4, 5, 7, 8, 9, 14, 16, 17, 18, 22, 28, 30, 31, 32, 35, 36, 37, 39, 45, 51, 53]]
[77, 4.2846, [0, 1, 2, 4, 5, 7, 8, 9, 14, 16, 17, 18, 22, 28, 30, 31, 32, 35, 37, 39, 45, 49, 51, 53]]
[77, 4.26396, [0, 1, 2, 4, 5, 7, 8, 9, 14, 16, 17, 18, 22, 28, 30, 31, 32, 35, 39, 45, 49, 51, 53, 66]]
[77, 4.32414, [0, 1, 2, 4, 5, 7, 8, 9, 14, 16, 18, 22, 25, 28, 29, 30, 35, 37, 39, 43, 45, 49, 51, 67, 71]]
[77, 4.28728, [0, 1, 2, 4, 5, 7, 8, 9, 14, 16, 22, 25, 28, 29, 30, 32, 35, 37, 39, 43, 45, 49, 51, 67, 71]]
[77, 4.2711, [0, 1, 2, 4, 5, 7, 8, 9, 14, 17, 22, 23, 24, 28, 30, 31, 35, 37, 40, 53, 59, 60, 62, 65, 67]]
[77, 4.26767, [0, 1, 2, 4, 5, 7, 8, 9, 15, 16, 18, 19, 21, 25, 28, 29, 30, 36, 37, 42, 47, 51, 61, 70]]
[77, 4.28262, [0, 1, 2, 4, 5, 7, 8, 9, 15, 16, 18, 19, 21, 25, 28, 30, 32, 33, 36, 37, 42, 51, 52, 70]]
[77, 4.26778, [0, 1, 2, 4, 5, 7, 8, 9, 15, 16, 18, 19, 21, 25, 30, 32, 33, 36, 37, 38, 42, 51, 52, 70]]
[77, 4.27422, [0, 1, 2, 4, 5, 7, 8, 9, 15, 16, 18, 19, 21, 28, 29, 30, 32, 33, 36, 37, 42, 51, 52, 70]]
[77, 4.26241, [0, 1, 2, 4, 5, 7, 8, 9, 15, 16, 18, 19, 21, 28, 29, 30, 32, 33, 36, 42, 50, 51, 52, 70]]
[77, 4.27254, [0, 1, 2, 4, 5, 7, 8, 9, 15, 16, 18, 19, 21, 28, 29, 31, 32, 33, 36, 37, 42, 51, 52, 70]]
[77, 4.26096, [0, 1, 2, 4, 5, 7, 8, 9, 15, 16, 18, 19, 21, 29, 30, 31, 33, 36, 37, 38, 42, 51, 52, 70]]
[77, 4.27894, [0, 1, 2, 4, 5, 7, 8, 9, 15, 16, 19, 20, 21, 28, 29, 30, 32, 33, 36, 37, 38, 42, 50, 70]]
[77, 4.35907, [0, 1, 2, 4, 5, 7, 8, 9, 15, 16, 19, 20, 21, 28, 29, 30, 32, 33, 37, 38, 42, 50, 51, 52, 70]]
[77, 4.26522, [0, 1, 2, 4, 5, 7, 8, 9, 15, 16, 19, 20, 21, 28, 29, 30, 32, 33, 37, 38, 42, 50, 51, 70]]
[77, 4.26456, [0, 1, 2, 4, 5, 7, 8, 9, 15, 16, 19, 20, 21, 28, 29, 30, 32, 33, 37, 38, 42, 50, 52, 70]]
[77, 4.26387, [0, 1, 2, 4, 5, 7, 8, 9, 15, 16, 19, 20, 21, 28, 29, 30, 32, 33, 37, 38, 42, 51, 52, 70]]
[77, 4.32469, [0, 1, 2, 4, 5, 7, 8, 9, 15, 16, 19, 21, 28, 29, 30, 32, 33, 36, 37, 38, 42, 50, 51, 52, 70]]
[77, 4.3038, [0, 1, 2, 4, 5, 7, 8, 9, 15, 16, 19, 21, 29, 30, 32, 33, 36, 37, 38, 40, 46, 50, 51, 52, 70]]
[77, 4.29958, [0, 1, 2, 4, 5, 7, 8, 9, 15, 16, 19, 21, 29, 30, 32, 33, 36, 37, 40, 42, 46, 50, 51, 52, 70]]
[77, 4.2732, [0, 1, 2, 4, 5, 7, 8, 9, 15, 19, 21, 24, 29, 30, 32, 33, 36, 37, 38, 40, 46, 50, 51, 52, 70]]
[77, 4.27037, [0, 1, 2, 4, 5, 7, 8, 13, 15, 16, 17, 20, 21, 23, 35, 37, 38, 40, 44, 45, 51, 52, 54, 62, 63]]
[77, 4.26161, [0, 1, 2, 4, 5, 7, 9, 12, 15, 16, 19, 21, 22, 28, 30, 31, 33, 36, 38, 42, 51, 52, 54, 71, 73]]
[77, 4.2636, [0, 1, 2, 4, 5, 7, 11, 12, 13, 15, 16, 18, 22, 23, 24, 26, 27, 29, 41, 45, 47, 48, 49, 57]]
[77, 4.26221, [0, 1, 2, 4, 5, 7, 11, 12, 13, 15, 16, 18, 22, 23, 24, 26, 27, 29, 41, 45, 47, 48, 51, 57]]
[77, 4.2607, [0, 1, 2, 4, 5, 7, 11, 12, 13, 15, 16, 18, 22, 23, 24, 26, 27, 29, 41, 45, 48, 49, 51, 57]]
[77, 4.26529, [0, 1, 2, 4, 5, 7, 11, 12, 13, 15, 16, 18, 22, 23, 24, 26, 27, 29, 44, 45, 46, 48, 49, 51]]
[77, 4.32147, [0, 1, 2, 4, 5, 7, 11, 12, 13, 15, 16, 18, 22, 23, 24, 26, 27, 29, 49, 51, 55, 56, 57, 61, 63]]
[77, 4.29469, [0, 1, 2, 4, 5, 7, 11, 12, 13, 15, 16, 18, 22, 23, 24, 26, 27, 48, 49, 51, 55, 56, 57, 61, 73]]
[77, 4.28564, [0, 1, 2, 4, 5, 7, 11, 12, 13, 15, 16, 18, 22, 23, 24, 26, 27, 49, 51, 55, 56, 57, 61, 63, 73]]
[77, 4.26505, [0, 1, 2, 4, 5, 7, 11, 12, 13, 15, 16, 18, 22, 24, 29, 34, 37, 38, 42, 44, 51, 57, 67, 70, 71]]
[77, 4.32487, [0, 1, 2, 4, 5, 7, 11, 12, 13, 15, 16, 18, 23, 24, 26, 27, 29, 33, 41, 45, 47, 48, 51, 57, 66]]
[77, 4.31653, [0, 1, 2, 4, 5, 7, 11, 12, 13, 15, 16, 18, 23, 24, 26, 27, 29, 33, 41, 45, 48, 51, 57, 60, 66]]
[77, 4.31014, [0, 1, 2, 4, 5, 7, 11, 12, 13, 15, 16, 18, 23, 24, 26, 27, 29, 33, 41, 45, 48, 57, 60, 62, 66]]
[77, 4.27819, [0, 1, 2, 4, 5, 7, 11, 12, 13, 15, 20, 21, 23, 24, 26, 27, 38, 40, 44, 45, 46, 48, 49, 51, 62]]
[77, 4.26993, [0, 1, 2, 4, 5, 7, 11, 12, 13, 15, 20, 21, 23, 24, 26, 27, 38, 40, 44, 45, 46, 48, 49, 62, 66]]
[77, 4.2792, [0, 1, 2, 4, 5, 7, 11, 12, 14, 15, 18, 22, 23, 27, 28, 29, 35, 37, 38, 44, 45, 46, 49, 51, 57]]

Search completed in 15 hours, 15 minutes, and 24.753 seconds.  Enter a string to quit.