Enter an integer k for which our Kempner sets are k-free: 4
Enter a positive integer modulus b: 82
Enter estimation parameters, or * for pre-computed parameters ([0.0883, 1.0911, 1.4019]): *
Enter a threshold (e.g. 4.2) to determine printed output: 4.14
Enter a root for the search space (e.g. [0, 1, 2]) [or * for the root [0]]: *
Enter an upper bound for the size of allowable digit sets [or * to ignore]: *
Enter a maximal number of deviations from a greedy search [or * to ignore]: *
Searching for k-free sets mod b...

[82, 4.1535, [0, 1, 2, 4, 5, 7, 8, 9, 14, 15, 17, 18, 23, 24, 26, 28, 29, 39, 51, 57, 60, 62, 66, 77]]
[82, 4.15107, [0, 1, 2, 4, 5, 7, 8, 9, 14, 15, 17, 18, 23, 24, 28, 29, 36, 39, 44, 47, 57, 62, 67, 74]]
[82, 4.14321, [0, 1, 2, 4, 5, 7, 8, 9, 14, 15, 17, 18, 23, 24, 28, 29, 36, 39, 44, 57, 60, 62, 67, 74]]
[82, 4.16117, [0, 1, 2, 4, 5, 7, 8, 9, 14, 16, 17, 18, 22, 28, 29, 31, 32, 36, 37, 39, 53, 62, 65, 71]]
[82, 4.17419, [0, 1, 2, 4, 5, 7, 8, 9, 14, 16, 17, 18, 26, 28, 29, 31, 32, 33, 36, 37, 39, 53, 65, 71]]
[82, 4.15111, [0, 1, 2, 4, 5, 7, 8, 9, 14, 16, 17, 18, 26, 28, 29, 31, 32, 36, 37, 39, 53, 62, 65, 71]]
[82, 4.16573, [0, 1, 2, 4, 5, 7, 8, 9, 14, 16, 17, 18, 26, 28, 29, 32, 33, 34, 36, 37, 39, 53, 71, 76]]
[82, 4.17209, [0, 1, 2, 4, 5, 7, 8, 9, 14, 16, 17, 18, 26, 29, 30, 31, 33, 34, 37, 39, 47, 52, 53, 54]]
[82, 4.21258, [0, 1, 2, 4, 5, 7, 8, 9, 15, 16, 17, 19, 20, 26, 27, 29, 30, 31, 34, 36, 40, 47, 54, 64]]
[82, 4.19776, [0, 1, 2, 4, 5, 7, 8, 9, 15, 16, 17, 19, 20, 27, 29, 30, 31, 34, 35, 36, 40, 47, 54, 64]]
[82, 4.1682, [0, 1, 2, 4, 5, 7, 8, 9, 15, 16, 17, 19, 20, 29, 30, 31, 34, 35, 36, 40, 47, 54, 55, 64]]
[82, 4.19108, [0, 1, 2, 4, 5, 7, 8, 9, 15, 16, 17, 20, 21, 26, 29, 30, 32, 33, 34, 39, 40, 53, 54, 55]]
[82, 4.17874, [0, 1, 2, 4, 5, 7, 8, 9, 15, 16, 17, 20, 21, 26, 29, 30, 32, 33, 36, 40, 51, 53, 54, 55]]
[82, 4.17306, [0, 1, 2, 4, 5, 7, 8, 9, 15, 16, 17, 20, 21, 26, 29, 30, 32, 33, 36, 40, 51, 54, 55, 64]]
[82, 4.15476, [0, 1, 2, 4, 5, 7, 8, 9, 15, 16, 17, 20, 21, 26, 29, 30, 32, 36, 40, 51, 53, 54, 55, 64]]
[82, 4.18262, [0, 1, 2, 4, 5, 7, 8, 9, 15, 16, 17, 20, 21, 26, 29, 32, 33, 34, 36, 39, 40, 53, 54, 55]]
[82, 4.17391, [0, 1, 2, 4, 5, 7, 8, 9, 15, 16, 17, 20, 21, 29, 30, 31, 34, 35, 36, 39, 40, 53, 54, 55]]
[82, 4.15716, [0, 1, 2, 4, 5, 7, 8, 9, 15, 16, 17, 20, 21, 29, 30, 31, 34, 35, 36, 40, 53, 54, 55, 64]]
[82, 4.16501, [0, 1, 2, 4, 5, 7, 8, 9, 15, 16, 17, 20, 21, 29, 30, 32, 33, 34, 37, 39, 40, 54, 55, 72]]
[82, 4.14826, [0, 1, 2, 4, 5, 7, 8, 9, 15, 16, 17, 20, 21, 29, 30, 32, 33, 34, 37, 40, 54, 55, 64, 72]]
[82, 4.17718, [0, 1, 2, 4, 5, 7, 8, 9, 15, 16, 17, 20, 21, 29, 30, 32, 33, 35, 36, 37, 40, 51, 54, 55]]
[82, 4.16393, [0, 1, 2, 4, 5, 7, 8, 9, 15, 16, 17, 20, 21, 29, 30, 32, 33, 35, 36, 40, 51, 53, 54, 55]]
[82, 4.15825, [0, 1, 2, 4, 5, 7, 8, 9, 15, 16, 17, 20, 21, 29, 30, 32, 33, 35, 36, 40, 51, 54, 55, 64]]
[82, 4.15708, [0, 1, 2, 4, 5, 7, 8, 9, 15, 16, 17, 20, 21, 29, 30, 32, 33, 35, 37, 40, 51, 54, 55, 64]]
[82, 4.17077, [0, 1, 2, 4, 5, 7, 8, 9, 15, 16, 17, 20, 21, 29, 31, 32, 34, 35, 36, 39, 40, 53, 54, 55]]
[82, 4.15402, [0, 1, 2, 4, 5, 7, 8, 9, 15, 16, 17, 20, 21, 29, 31, 32, 34, 35, 36, 40, 53, 54, 55, 64]]
[82, 4.14876, [0, 1, 2, 4, 5, 7, 8, 9, 15, 16, 19, 20, 21, 26, 29, 30, 32, 34, 40, 51, 53, 54, 55, 64]]
[82, 4.15909, [0, 1, 2, 4, 5, 7, 8, 9, 15, 16, 19, 20, 21, 26, 29, 30, 34, 35, 36, 40, 51, 54, 55, 64]]
[82, 4.14467, [0, 1, 2, 4, 5, 7, 8, 9, 15, 16, 19, 20, 21, 26, 29, 30, 34, 35, 40, 51, 53, 54, 55, 64]]
[82, 4.1691, [0, 1, 2, 4, 5, 7, 8, 9, 15, 16, 19, 20, 26, 27, 29, 30, 31, 34, 35, 36, 40, 47, 54, 64]]
[82, 4.16442, [0, 1, 2, 4, 5, 7, 8, 9, 15, 17, 18, 20, 21, 23, 28, 29, 30, 32, 37, 39, 54, 65, 66, 68]]
[82, 4.15242, [0, 1, 2, 4, 5, 7, 8, 9, 15, 17, 18, 20, 21, 23, 28, 29, 30, 32, 39, 51, 54, 65, 66, 68]]
[82, 4.14796, [0, 1, 2, 4, 5, 7, 8, 9, 15, 17, 18, 20, 21, 23, 28, 29, 30, 32, 39, 51, 54, 66, 68, 77]]
[82, 4.15213, [0, 1, 2, 4, 5, 7, 8, 9, 15, 17, 18, 20, 21, 23, 28, 30, 32, 35, 39, 40, 53, 54, 74, 77]]
[82, 4.14538, [0, 1, 2, 4, 5, 7, 8, 9, 15, 17, 18, 20, 21, 23, 28, 30, 32, 35, 39, 40, 53, 68, 74, 77]]
[82, 4.17482, [0, 1, 2, 4, 5, 7, 8, 9, 15, 17, 18, 20, 21, 28, 29, 32, 37, 39, 51, 54, 60, 65, 66, 68, 77]]
[82, 4.15204, [0, 1, 2, 4, 5, 7, 8, 9, 15, 17, 19, 20, 24, 27, 28, 29, 31, 35, 36, 40, 47, 54, 59, 64]]
[82, 4.15718, [0, 1, 2, 4, 5, 7, 8, 9, 15, 17, 19, 20, 24, 27, 28, 29, 33, 35, 36, 38, 40, 54, 59, 64]]
[82, 4.17058, [0, 1, 2, 4, 5, 7, 8, 9, 15, 17, 19, 20, 24, 27, 28, 30, 31, 34, 35, 36, 40, 47, 54, 64]]
[82, 4.14327, [0, 1, 2, 4, 5, 7, 8, 9, 15, 17, 19, 20, 24, 28, 29, 30, 33, 35, 37, 38, 40, 54, 64, 77]]
[82, 4.14748, [0, 1, 2, 4, 5, 7, 8, 9, 15, 17, 20, 21, 23, 24, 28, 29, 30, 36, 37, 39, 40, 66, 68, 72]]
[82, 4.1408, [0, 1, 2, 4, 5, 7, 8, 9, 15, 17, 20, 21, 23, 24, 29, 30, 32, 36, 37, 39, 40, 66, 68, 72]]
[82, 4.14705, [0, 1, 2, 4, 5, 7, 8, 9, 16, 17, 19, 20, 22, 26, 27, 29, 30, 31, 36, 40, 59, 64, 65, 66]]
[82, 4.14542, [0, 1, 2, 4, 5, 7, 8, 9, 16, 17, 19, 20, 22, 26, 27, 29, 30, 31, 36, 40, 59, 64, 66, 69]]
[82, 4.15415, [0, 1, 2, 4, 5, 7, 8, 9, 16, 17, 19, 20, 22, 27, 29, 30, 31, 34, 35, 40, 47, 53, 54, 64]]
[82, 4.14238, [0, 1, 2, 4, 5, 7, 8, 9, 16, 17, 19, 20, 22, 27, 29, 30, 31, 35, 36, 40, 47, 59, 64, 66]]
[82, 4.20917, [0, 1, 2, 4, 5, 7, 8, 9, 16, 17, 19, 20, 22, 27, 29, 30, 31, 35, 36, 40, 59, 64, 65, 66, 69]]
[82, 4.14271, [0, 1, 2, 4, 5, 7, 8, 9, 16, 17, 20, 21, 22, 26, 29, 30, 32, 33, 37, 40, 51, 54, 55, 64]]
[82, 4.17616, [0, 1, 2, 4, 5, 7, 8, 9, 16, 19, 20, 22, 26, 27, 29, 30, 31, 35, 36, 40, 59, 64, 66, 69, 75]]
[82, 4.14238, [0, 1, 2, 4, 5, 7, 8, 9, 17, 18, 19, 21, 22, 24, 28, 29, 30, 32, 33, 37, 44, 68, 76, 77]]
[82, 4.15093, [0, 1, 2, 4, 5, 7, 8, 9, 17, 18, 19, 21, 22, 24, 28, 30, 31, 35, 37, 39, 40, 47, 64, 67]]
[82, 4.14925, [0, 1, 2, 4, 5, 7, 8, 9, 17, 18, 20, 21, 22, 26, 29, 32, 37, 39, 51, 54, 60, 65, 66, 68, 77]]
[82, 4.15868, [0, 1, 2, 4, 5, 7, 8, 9, 17, 19, 20, 22, 23, 24, 27, 28, 30, 34, 35, 38, 39, 44, 47, 77]]
[82, 4.14771, [0, 1, 2, 4, 5, 7, 8, 9, 17, 19, 20, 22, 23, 24, 27, 28, 30, 34, 35, 38, 39, 44, 67, 77]]
[82, 4.17335, [0, 1, 2, 4, 5, 7, 8, 13, 14, 15, 17, 18, 24, 25, 26, 28, 29, 31, 33, 36, 50, 51, 52, 63]]
[82, 4.14211, [0, 1, 2, 4, 5, 7, 11, 12, 13, 15, 16, 20, 21, 23, 25, 32, 39, 44, 49, 50, 60, 69, 70, 74, 76]]

Search completed in 6 hours, 28 minutes, and 34.828 seconds.  Enter a string to quit.