Enter an integer k for which our Kempner sets are k-free: 4
Enter a positive integer modulus b: 116
Enter estimation parameters, or * for pre-computed parameters ([0.0797, 1.0806, 1.3783]): *
Enter a threshold (e.g. 4.2) to determine printed output: 4.17
Enter a root for the search space (e.g. [0, 1, 2]) [or * for the root [0]]: *
Enter an upper bound for the size of allowable digit sets [or * to ignore]: 34
Enter a maximal number of deviations from a greedy search [or * to ignore]: *
Searching for k-free sets mod b...

[116, 4.1726, [0, 1, 2, 4, 5, 7, 8, 9, 14, 15, 16, 18, 25, 26, 28, 29, 31, 33, 36, 39, 48, 49, 50, 52, 53, 55, 56, 57, 64, 100]]
[116, 4.18953, [0, 1, 2, 4, 5, 7, 8, 9, 14, 15, 16, 18, 25, 26, 30, 31, 32, 36, 40, 42, 49, 51, 52, 53, 56, 57, 69, 70, 71, 85, 105]]
[116, 4.18663, [0, 1, 2, 4, 5, 7, 8, 9, 14, 15, 16, 18, 25, 26, 30, 31, 32, 36, 40, 42, 49, 51, 52, 53, 56, 57, 69, 70, 81, 85, 105]]
[116, 4.18156, [0, 1, 2, 4, 5, 7, 8, 9, 14, 15, 16, 18, 25, 26, 30, 31, 36, 39, 40, 42, 49, 51, 52, 53, 56, 57, 69, 70, 71, 85, 105]]
[116, 4.17094, [0, 1, 2, 4, 5, 7, 8, 9, 14, 15, 16, 18, 25, 26, 30, 32, 36, 40, 41, 42, 49, 50, 51, 53, 56, 61, 64, 77, 89, 95, 102]]
[116, 4.17997, [0, 1, 2, 4, 5, 7, 8, 9, 14, 15, 16, 18, 25, 29, 31, 33, 36, 38, 39, 41, 45, 48, 50, 53, 55, 56, 61, 70, 86, 90, 100]]
[116, 4.17326, [0, 1, 2, 4, 5, 7, 8, 9, 14, 15, 16, 18, 29, 30, 31, 34, 35, 36, 38, 39, 41, 48, 51, 53, 56, 69, 70, 71, 80, 85, 90]]
[116, 4.19338, [0, 1, 2, 4, 5, 7, 8, 9, 14, 15, 17, 18, 23, 24, 28, 29, 36, 37, 39, 46, 47, 48, 52, 53, 56, 57, 64, 71, 74, 100, 101]]
[116, 4.19202, [0, 1, 2, 4, 5, 7, 8, 9, 14, 15, 17, 18, 23, 24, 28, 29, 36, 37, 39, 46, 47, 48, 52, 53, 56, 57, 64, 71, 74, 101, 108]]
[116, 4.18376, [0, 1, 2, 4, 5, 7, 8, 9, 14, 15, 17, 18, 23, 24, 28, 29, 36, 37, 39, 46, 47, 48, 52, 53, 57, 64, 71, 74, 84, 100, 101]]
[116, 4.1824, [0, 1, 2, 4, 5, 7, 8, 9, 14, 15, 17, 18, 23, 24, 28, 29, 36, 37, 39, 46, 47, 48, 52, 53, 57, 64, 71, 74, 84, 101, 108]]
[116, 4.20318, [0, 1, 2, 4, 5, 7, 8, 9, 14, 15, 17, 18, 23, 24, 29, 37, 38, 39, 45, 48, 49, 50, 52, 56, 57, 64, 74, 84, 93, 100, 101, 102]]
[116, 4.17954, [0, 1, 2, 4, 5, 7, 8, 9, 14, 15, 17, 18, 23, 24, 30, 35, 37, 38, 40, 41, 42, 47, 48, 50, 55, 57, 68, 87, 97, 102, 104]]
[116, 4.18299, [0, 1, 2, 4, 5, 7, 8, 9, 14, 15, 17, 18, 23, 24, 30, 35, 37, 38, 41, 42, 47, 48, 50, 55, 56, 57, 68, 71, 74, 87, 97]]
[116, 4.17651, [0, 1, 2, 4, 5, 7, 8, 9, 14, 15, 17, 18, 23, 28, 29, 34, 36, 37, 39, 46, 47, 48, 52, 53, 56, 57, 64, 71, 74, 100, 101]]
[116, 4.17588, [0, 1, 2, 4, 5, 7, 8, 9, 14, 15, 17, 18, 23, 28, 29, 34, 36, 37, 39, 46, 47, 49, 52, 53, 56, 57, 64, 71, 74, 100, 101]]
[116, 4.17521, [0, 1, 2, 4, 5, 7, 8, 9, 14, 15, 17, 18, 23, 28, 29, 34, 36, 37, 39, 46, 48, 49, 52, 53, 56, 57, 64, 71, 74, 100, 101]]
[116, 4.17453, [0, 1, 2, 4, 5, 7, 8, 9, 14, 15, 17, 18, 23, 28, 29, 34, 36, 37, 39, 47, 48, 49, 52, 53, 56, 57, 64, 71, 74, 100, 101]]
[116, 4.17821, [0, 1, 2, 4, 5, 7, 8, 9, 14, 15, 17, 18, 23, 30, 34, 36, 37, 40, 41, 42, 46, 47, 49, 53, 55, 56, 57, 68, 70, 71, 97]]
[116, 4.18737, [0, 1, 2, 4, 5, 7, 8, 9, 14, 15, 17, 18, 23, 30, 34, 36, 37, 40, 42, 49, 52, 53, 55, 56, 57, 64, 71, 84, 85, 87, 97, 108]]
[116, 4.1881, [0, 1, 2, 4, 5, 7, 8, 9, 14, 15, 17, 18, 24, 28, 29, 30, 32, 33, 35, 37, 48, 51, 54, 55, 56, 61, 64, 81, 85, 97, 108]]
[116, 4.1728, [0, 1, 2, 4, 5, 7, 8, 9, 14, 15, 17, 18, 24, 28, 29, 30, 32, 33, 35, 37, 48, 51, 54, 56, 61, 64, 81, 85, 97, 108, 111]]
[116, 4.17444, [0, 1, 2, 4, 5, 7, 8, 9, 14, 15, 17, 18, 24, 28, 29, 30, 32, 33, 37, 48, 51, 52, 54, 55, 56, 61, 64, 81, 85, 97, 108]]
[116, 4.18284, [0, 1, 2, 4, 5, 7, 8, 9, 14, 15, 17, 18, 24, 28, 29, 31, 33, 36, 39, 46, 47, 48, 52, 53, 56, 61, 64, 74, 79, 81, 100]]
[116, 4.17321, [0, 1, 2, 4, 5, 7, 8, 9, 14, 15, 17, 18, 24, 28, 29, 31, 33, 36, 39, 46, 47, 48, 52, 53, 61, 64, 74, 79, 81, 84, 100]]
[116, 4.17807, [0, 1, 2, 4, 5, 7, 8, 9, 14, 15, 17, 18, 24, 28, 29, 31, 36, 37, 39, 46, 47, 48, 52, 53, 56, 57, 64, 71, 74, 100, 101]]
[116, 4.17281, [0, 1, 2, 4, 5, 7, 8, 9, 14, 15, 17, 18, 24, 28, 31, 33, 36, 37, 39, 43, 46, 47, 48, 52, 56, 57, 64, 74, 93, 100, 103]]
[116, 4.17845, [0, 1, 2, 4, 5, 7, 8, 9, 14, 15, 17, 23, 24, 27, 28, 30, 36, 38, 48, 49, 52, 54, 55, 56, 64, 69, 78, 79, 87, 95, 108, 111]]
[116, 4.17277, [0, 1, 2, 4, 5, 7, 8, 9, 14, 15, 17, 23, 27, 28, 30, 34, 36, 38, 47, 48, 49, 52, 54, 55, 56, 64, 69, 78, 95, 98, 108, 111]]
[116, 4.18506, [0, 1, 2, 4, 5, 7, 8, 9, 14, 15, 17, 23, 27, 28, 34, 35, 36, 38, 39, 46, 47, 48, 52, 54, 56, 61, 64, 79, 95, 98, 100, 101]]
[116, 4.18114, [0, 1, 2, 4, 5, 7, 8, 9, 14, 15, 17, 27, 28, 29, 34, 35, 36, 38, 39, 45, 47, 48, 49, 53, 55, 61, 64, 76, 80, 95, 100, 101]]
[116, 4.17452, [0, 1, 2, 4, 5, 7, 8, 9, 14, 15, 18, 23, 25, 26, 28, 30, 34, 36, 39, 40, 43, 44, 51, 53, 56, 68, 70, 71, 75, 89, 90]]
[116, 4.17235, [0, 1, 2, 4, 5, 7, 8, 9, 14, 16, 17, 18, 22, 28, 31, 32, 35, 36, 37, 41, 43, 45, 51, 53, 57, 68, 73, 78, 92, 97, 104]]
[116, 4.17332, [0, 1, 2, 4, 5, 7, 8, 9, 14, 16, 17, 18, 22, 29, 31, 33, 34, 36, 37, 38, 45, 48, 55, 56, 57, 64, 70, 71, 86, 93, 100]]
[116, 4.17301, [0, 1, 2, 4, 5, 7, 8, 9, 14, 16, 17, 18, 22, 30, 31, 33, 36, 40, 41, 45, 47, 48, 51, 52, 53, 56, 57, 70, 73, 96, 97]]
[116, 4.18456, [0, 1, 2, 4, 5, 7, 8, 9, 14, 16, 17, 18, 22, 31, 32, 33, 37, 38, 40, 42, 43, 45, 50, 51, 53, 54, 56, 57, 73, 97, 110]]
[116, 4.21014, [0, 1, 2, 4, 5, 7, 8, 9, 14, 16, 17, 18, 22, 32, 33, 35, 37, 38, 40, 42, 43, 45, 51, 53, 55, 68, 70, 73, 77, 92, 104, 110]]
[116, 4.19271, [0, 1, 2, 4, 5, 7, 8, 9, 14, 16, 17, 18, 22, 32, 33, 35, 37, 38, 40, 42, 45, 51, 53, 55, 68, 70, 73, 77, 82, 92, 104, 110]]
[116, 4.18166, [0, 1, 2, 4, 5, 7, 8, 9, 14, 16, 17, 18, 22, 32, 34, 35, 37, 38, 40, 42, 45, 49, 53, 69, 70, 73, 77, 82, 84, 94, 104, 110]]
[116, 4.17887, [0, 1, 2, 4, 5, 7, 8, 9, 14, 16, 17, 18, 26, 28, 29, 31, 32, 33, 36, 37, 39, 43, 51, 56, 61, 70, 79, 81, 85, 96, 110]]
[116, 4.19729, [0, 1, 2, 4, 5, 7, 8, 9, 14, 16, 17, 18, 26, 28, 29, 31, 32, 33, 36, 37, 39, 51, 52, 55, 56, 61, 64, 70, 77, 81, 85]]
[116, 4.18898, [0, 1, 2, 4, 5, 7, 8, 9, 14, 16, 17, 18, 26, 28, 29, 31, 32, 33, 36, 37, 50, 51, 52, 55, 56, 61, 64, 70, 77, 81, 85]]
[116, 4.17935, [0, 1, 2, 4, 5, 7, 8, 9, 14, 16, 17, 18, 26, 28, 29, 31, 32, 33, 36, 37, 50, 51, 52, 56, 61, 64, 70, 77, 81, 82, 85]]
[116, 4.17665, [0, 1, 2, 4, 5, 7, 8, 9, 14, 16, 17, 18, 26, 28, 29, 31, 32, 33, 36, 37, 50, 51, 52, 56, 61, 64, 77, 79, 81, 82, 85]]
[116, 4.17328, [0, 1, 2, 4, 5, 7, 8, 9, 14, 16, 17, 18, 26, 28, 29, 31, 32, 33, 36, 37, 50, 51, 52, 56, 64, 70, 77, 79, 81, 82, 85]]
[116, 4.17277, [0, 1, 2, 4, 5, 7, 8, 9, 14, 16, 17, 18, 26, 28, 29, 31, 33, 37, 39, 43, 48, 51, 52, 55, 56, 61, 64, 77, 80, 81, 85]]
[116, 4.17364, [0, 1, 2, 4, 5, 7, 8, 9, 14, 16, 17, 18, 26, 30, 31, 32, 36, 37, 39, 40, 42, 49, 50, 51, 53, 56, 61, 69, 70, 105, 110]]
[116, 4.17456, [0, 1, 2, 4, 5, 7, 8, 9, 14, 16, 17, 18, 26, 30, 31, 32, 36, 37, 39, 40, 42, 49, 51, 52, 56, 64, 69, 70, 71, 77, 85]]
[116, 4.17442, [0, 1, 2, 4, 5, 7, 8, 9, 14, 16, 17, 22, 26, 29, 31, 32, 33, 37, 39, 40, 42, 43, 44, 50, 51, 53, 54, 69, 93, 105, 110]]
[116, 4.17235, [0, 1, 2, 4, 5, 7, 8, 9, 14, 16, 17, 22, 26, 29, 31, 32, 33, 37, 40, 42, 43, 44, 50, 51, 53, 54, 56, 61, 69, 104, 110]]
[116, 4.17092, [0, 1, 2, 4, 5, 7, 8, 9, 14, 16, 17, 22, 28, 29, 31, 32, 35, 37, 43, 44, 45, 50, 51, 55, 56, 57, 92, 97, 104, 106, 107, 110]]
[116, 4.17624, [0, 1, 2, 4, 5, 7, 8, 9, 14, 16, 17, 26, 28, 29, 31, 32, 33, 36, 37, 39, 43, 44, 51, 53, 54, 55, 61, 64, 69, 70, 71]]
[116, 4.17574, [0, 1, 2, 4, 5, 7, 8, 9, 14, 16, 17, 26, 28, 29, 31, 32, 33, 36, 37, 39, 43, 44, 51, 53, 54, 56, 61, 64, 69, 70, 71]]
[116, 4.17522, [0, 1, 2, 4, 5, 7, 8, 9, 14, 16, 17, 26, 28, 29, 31, 32, 33, 36, 37, 39, 43, 44, 51, 53, 55, 56, 61, 64, 69, 70, 71]]
[116, 4.17469, [0, 1, 2, 4, 5, 7, 8, 9, 14, 16, 17, 26, 28, 29, 31, 32, 33, 36, 37, 39, 43, 44, 51, 54, 55, 56, 61, 64, 69, 70, 71]]
[116, 4.1813, [0, 1, 2, 4, 5, 7, 8, 9, 14, 16, 17, 26, 30, 31, 32, 36, 37, 39, 40, 42, 49, 50, 51, 53, 54, 56, 61, 69, 70, 71, 105, 110]]
[116, 4.17536, [0, 1, 2, 4, 5, 7, 8, 9, 14, 16, 17, 26, 31, 32, 33, 37, 39, 40, 42, 43, 44, 50, 51, 55, 56, 61, 64, 69, 70, 71, 77, 104]]
[116, 4.18814, [0, 1, 2, 4, 5, 7, 8, 9, 14, 16, 18, 22, 25, 28, 29, 30, 33, 36, 45, 46, 48, 52, 55, 56, 57, 64, 70, 75, 93, 97, 100, 105]]
[116, 4.19211, [0, 1, 2, 4, 5, 7, 8, 9, 14, 17, 18, 22, 23, 24, 28, 30, 35, 41, 44, 45, 49, 50, 54, 56, 61, 68, 69, 78, 79, 96, 104, 105]]
[116, 4.17986, [0, 1, 2, 4, 5, 7, 8, 9, 14, 17, 18, 23, 24, 26, 28, 29, 31, 36, 37, 39, 43, 48, 52, 53, 56, 61, 64, 69, 73, 74, 100]]
[116, 4.17616, [0, 1, 2, 4, 5, 7, 8, 9, 14, 17, 18, 23, 24, 26, 28, 29, 31, 36, 37, 39, 43, 48, 52, 53, 56, 64, 69, 71, 73, 74, 100]]
[116, 4.17051, [0, 1, 2, 4, 5, 7, 8, 9, 14, 17, 18, 23, 24, 26, 28, 29, 31, 36, 37, 39, 43, 48, 52, 53, 56, 64, 69, 73, 74, 93, 100]]
[116, 4.17363, [0, 1, 2, 4, 5, 7, 8, 9, 14, 17, 18, 24, 26, 28, 29, 31, 32, 33, 37, 39, 43, 48, 51, 52, 55, 56, 61, 64, 77, 81, 85]]
[116, 4.17199, [0, 1, 2, 4, 5, 7, 8, 9, 14, 17, 22, 23, 24, 26, 27, 29, 30, 31, 36, 47, 48, 49, 51, 52, 54, 55, 56, 61, 64, 108, 111]]
[116, 4.17751, [0, 1, 2, 4, 5, 7, 8, 9, 14, 17, 22, 23, 26, 27, 28, 30, 31, 33, 41, 44, 45, 46, 56, 61, 68, 70, 73, 77, 79, 96, 98, 111]]
[116, 4.18341, [0, 1, 2, 4, 5, 7, 8, 9, 15, 16, 17, 19, 20, 26, 27, 28, 30, 31, 33, 34, 39, 48, 52, 53, 55, 56, 61, 64, 71, 81]]
[116, 4.1744, [0, 1, 2, 4, 5, 7, 8, 9, 15, 16, 17, 19, 20, 26, 27, 28, 30, 31, 33, 34, 39, 48, 52, 53, 56, 61, 64, 71, 80, 81]]
[116, 4.1752, [0, 1, 2, 4, 5, 7, 8, 9, 15, 16, 17, 19, 20, 26, 27, 28, 30, 31, 33, 34, 48, 50, 52, 53, 55, 56, 61, 64, 71, 81]]
[116, 4.17152, [0, 1, 2, 4, 5, 7, 8, 9, 15, 16, 17, 19, 20, 26, 27, 28, 30, 33, 34, 39, 42, 48, 52, 53, 55, 56, 61, 64, 71, 81]]
[116, 4.17373, [0, 1, 2, 4, 5, 7, 8, 9, 15, 16, 17, 19, 20, 26, 27, 28, 30, 34, 39, 42, 46, 47, 48, 52, 53, 54, 56, 61, 64, 71]]
[116, 4.17073, [0, 1, 2, 4, 5, 7, 8, 9, 15, 16, 17, 19, 20, 26, 27, 28, 30, 34, 39, 42, 46, 47, 48, 52, 53, 54, 56, 64, 69, 71]]
[116, 4.17322, [0, 1, 2, 4, 5, 7, 8, 9, 15, 16, 17, 19, 20, 26, 27, 28, 30, 34, 39, 42, 46, 47, 48, 52, 53, 55, 56, 61, 64, 71]]
[116, 4.17269, [0, 1, 2, 4, 5, 7, 8, 9, 15, 16, 17, 19, 20, 26, 27, 28, 30, 34, 39, 42, 46, 47, 48, 52, 54, 55, 56, 61, 64, 71]]
[116, 4.17121, [0, 1, 2, 4, 5, 7, 8, 9, 15, 16, 17, 19, 20, 26, 27, 28, 32, 33, 34, 39, 42, 43, 52, 54, 55, 56, 64, 69, 71, 72]]
[116, 4.17485, [0, 1, 2, 4, 5, 7, 8, 9, 15, 16, 17, 19, 20, 26, 27, 34, 39, 40, 43, 46, 47, 48, 50, 53, 54, 55, 57, 71, 76, 88, 107]]
[116, 4.19103, [0, 1, 2, 4, 5, 7, 8, 9, 15, 16, 17, 19, 20, 27, 28, 29, 31, 34, 35, 44, 45, 47, 48, 52, 54, 55, 69, 91, 97, 98, 100]]
[116, 4.18404, [0, 1, 2, 4, 5, 7, 8, 9, 15, 16, 17, 19, 20, 27, 28, 29, 31, 34, 35, 44, 45, 47, 52, 54, 55, 56, 69, 97, 98, 100, 104]]
[116, 4.19173, [0, 1, 2, 4, 5, 7, 8, 9, 15, 16, 17, 19, 20, 27, 28, 29, 31, 34, 35, 44, 45, 47, 52, 54, 55, 57, 68, 71, 91, 100, 104]]
[116, 4.1853, [0, 1, 2, 4, 5, 7, 8, 9, 15, 16, 17, 19, 20, 27, 28, 29, 31, 34, 35, 44, 45, 47, 52, 54, 55, 57, 68, 91, 97, 100, 104]]
[116, 4.1839, [0, 1, 2, 4, 5, 7, 8, 9, 15, 16, 17, 19, 20, 27, 28, 29, 31, 34, 35, 44, 45, 47, 52, 54, 55, 57, 68, 97, 98, 100, 104]]
[116, 4.1869, [0, 1, 2, 4, 5, 7, 8, 9, 15, 16, 17, 19, 20, 27, 28, 29, 31, 34, 35, 44, 45, 47, 52, 54, 55, 68, 69, 71, 91, 100, 104]]
[116, 4.23331, [0, 1, 2, 4, 5, 7, 8, 9, 15, 16, 17, 19, 20, 27, 28, 29, 31, 34, 35, 44, 45, 47, 52, 54, 55, 68, 69, 91, 97, 98, 100, 104]]
[116, 4.18083, [0, 1, 2, 4, 5, 7, 8, 9, 15, 16, 17, 19, 20, 27, 28, 29, 31, 34, 35, 44, 45, 47, 52, 54, 55, 68, 69, 91, 97, 98, 104]]
[116, 4.18046, [0, 1, 2, 4, 5, 7, 8, 9, 15, 16, 17, 19, 20, 27, 28, 29, 31, 34, 35, 44, 45, 47, 52, 54, 55, 68, 69, 91, 97, 100, 104]]
[116, 4.18028, [0, 1, 2, 4, 5, 7, 8, 9, 15, 16, 17, 19, 20, 27, 28, 29, 31, 34, 35, 44, 45, 47, 52, 54, 55, 68, 69, 91, 98, 100, 104]]
[116, 4.17907, [0, 1, 2, 4, 5, 7, 8, 9, 15, 16, 17, 19, 20, 27, 28, 29, 31, 34, 35, 44, 45, 47, 52, 54, 55, 68, 69, 97, 98, 100, 104]]
[116, 4.17318, [0, 1, 2, 4, 5, 7, 8, 9, 15, 16, 17, 19, 20, 27, 28, 29, 31, 34, 35, 44, 45, 47, 52, 54, 55, 68, 91, 97, 98, 100, 104]]
[116, 4.17283, [0, 1, 2, 4, 5, 7, 8, 9, 15, 16, 17, 19, 20, 27, 28, 29, 31, 34, 35, 44, 45, 47, 52, 54, 55, 69, 91, 97, 98, 100, 104]]
[116, 4.17273, [0, 1, 2, 4, 5, 7, 8, 9, 15, 16, 17, 19, 20, 27, 28, 29, 31, 34, 35, 44, 47, 52, 54, 55, 57, 68, 71, 91, 97, 100, 104]]
[116, 4.172, [0, 1, 2, 4, 5, 7, 8, 9, 15, 16, 17, 19, 20, 27, 28, 29, 34, 35, 42, 46, 47, 48, 52, 54, 56, 64, 69, 71, 97, 98, 101]]
[116, 4.17456, [0, 1, 2, 4, 5, 7, 8, 9, 15, 16, 17, 19, 20, 28, 32, 35, 38, 39, 42, 43, 45, 46, 51, 52, 54, 55, 61, 68, 71, 72, 107]]
[116, 4.17582, [0, 1, 2, 4, 5, 7, 8, 9, 15, 16, 17, 20, 21, 26, 28, 29, 32, 34, 39, 42, 46, 49, 52, 56, 61, 64, 71, 72, 77, 101, 106]]
[116, 4.19929, [0, 1, 2, 4, 5, 7, 8, 9, 15, 16, 17, 20, 21, 26, 28, 29, 32, 39, 42, 46, 49, 52, 56, 61, 64, 71, 72, 77, 94, 99, 101, 106]]
[116, 4.18318, [0, 1, 2, 4, 5, 7, 8, 9, 15, 16, 17, 20, 21, 28, 29, 32, 37, 39, 42, 46, 49, 52, 56, 61, 64, 71, 72, 77, 94, 99, 101, 106]]
[116, 4.17237, [0, 1, 2, 4, 5, 7, 8, 9, 15, 16, 17, 20, 26, 27, 28, 31, 32, 33, 39, 43, 55, 61, 68, 70, 71, 72, 77, 81, 92, 95, 104, 106]]
[116, 4.17751, [0, 1, 2, 4, 5, 7, 8, 9, 15, 16, 17, 20, 26, 27, 28, 31, 33, 34, 36, 39, 43, 48, 53, 54, 55, 64, 69, 71, 76, 83, 88]]
[116, 4.19169, [0, 1, 2, 4, 5, 7, 8, 9, 15, 16, 18, 19, 20, 25, 26, 28, 29, 31, 32, 33, 36, 49, 50, 51, 55, 56, 61, 64, 72, 81]]
[116, 4.18125, [0, 1, 2, 4, 5, 7, 8, 9, 15, 16, 18, 19, 20, 25, 26, 28, 29, 31, 32, 33, 36, 49, 50, 51, 55, 61, 64, 72, 81, 88]]
[116, 4.18294, [0, 1, 2, 4, 5, 7, 8, 9, 15, 16, 18, 19, 20, 25, 26, 28, 29, 31, 32, 33, 36, 49, 50, 51, 56, 61, 64, 72, 79, 81]]
[116, 4.1725, [0, 1, 2, 4, 5, 7, 8, 9, 15, 16, 18, 19, 20, 25, 26, 28, 29, 31, 32, 33, 36, 49, 50, 51, 61, 64, 72, 79, 81, 88]]
[116, 4.17629, [0, 1, 2, 4, 5, 7, 8, 9, 15, 16, 18, 19, 20, 25, 26, 28, 29, 31, 32, 33, 49, 50, 51, 53, 54, 56, 57, 64, 72, 104]]
[116, 4.17926, [0, 1, 2, 4, 5, 7, 8, 9, 15, 16, 18, 19, 20, 25, 26, 28, 29, 31, 32, 33, 49, 50, 51, 53, 54, 56, 61, 64, 72, 81]]
[116, 4.17822, [0, 1, 2, 4, 5, 7, 8, 9, 15, 16, 18, 19, 20, 25, 26, 28, 29, 31, 32, 33, 49, 50, 51, 54, 55, 56, 61, 64, 72, 81]]
[116, 4.17819, [0, 1, 2, 4, 5, 7, 8, 9, 15, 16, 18, 19, 20, 25, 26, 28, 29, 31, 32, 33, 49, 50, 52, 53, 55, 56, 61, 64, 72, 81]]
[116, 4.17349, [0, 1, 2, 4, 5, 7, 8, 9, 15, 16, 18, 19, 20, 25, 26, 28, 29, 31, 32, 33, 49, 51, 52, 53, 56, 57, 64, 71, 72, 79]]
[116, 4.17707, [0, 1, 2, 4, 5, 7, 8, 9, 15, 16, 18, 19, 20, 25, 26, 28, 29, 31, 32, 33, 49, 51, 52, 54, 55, 56, 61, 64, 72, 81]]
[116, 4.18059, [0, 1, 2, 4, 5, 7, 8, 9, 15, 16, 18, 19, 20, 25, 26, 28, 29, 31, 32, 36, 47, 49, 50, 51, 55, 56, 57, 64, 72, 81]]
[116, 4.17881, [0, 1, 2, 4, 5, 7, 8, 9, 15, 16, 18, 19, 20, 25, 26, 28, 29, 31, 32, 36, 47, 49, 50, 51, 55, 56, 61, 64, 72, 81]]
[116, 4.17184, [0, 1, 2, 4, 5, 7, 8, 9, 15, 16, 18, 19, 20, 25, 26, 28, 29, 31, 32, 36, 47, 49, 50, 51, 56, 57, 64, 72, 79, 81]]
[116, 4.18095, [0, 1, 2, 4, 5, 7, 8, 9, 15, 16, 18, 19, 20, 28, 30, 32, 33, 37, 39, 42, 43, 49, 50, 52, 53, 56, 64, 71, 72, 89, 109]]
[116, 4.17635, [0, 1, 2, 4, 5, 7, 8, 9, 15, 16, 18, 19, 20, 28, 30, 32, 33, 37, 39, 42, 43, 49, 52, 53, 56, 57, 64, 71, 72, 93, 109]]
[116, 4.1709, [0, 1, 2, 4, 5, 7, 8, 9, 15, 16, 18, 19, 20, 28, 30, 32, 33, 39, 42, 43, 49, 50, 52, 53, 55, 56, 57, 71, 72, 89, 109]]
[116, 4.21062, [0, 1, 2, 4, 5, 7, 8, 9, 15, 16, 18, 19, 21, 25, 26, 28, 30, 33, 39, 42, 43, 46, 50, 52, 53, 56, 64, 71, 72, 89, 93]]
[116, 4.18098, [0, 1, 2, 4, 5, 7, 8, 9, 15, 16, 18, 19, 21, 25, 28, 30, 31, 33, 36, 42, 49, 50, 52, 55, 56, 57, 64, 72, 97, 106, 109]]
[116, 4.17919, [0, 1, 2, 4, 5, 7, 8, 9, 15, 16, 18, 19, 21, 25, 28, 30, 31, 33, 36, 42, 49, 50, 52, 55, 56, 61, 64, 72, 97, 106, 109]]
[116, 4.2109, [0, 1, 2, 4, 5, 7, 8, 9, 15, 16, 18, 19, 21, 25, 28, 30, 32, 33, 36, 37, 42, 43, 49, 50, 52, 56, 64, 71, 72, 89, 109]]
[116, 4.20447, [0, 1, 2, 4, 5, 7, 8, 9, 15, 16, 18, 19, 21, 25, 28, 30, 32, 33, 36, 37, 42, 43, 49, 50, 52, 56, 64, 72, 89, 97, 109]]
[116, 4.18027, [0, 1, 2, 4, 5, 7, 8, 9, 15, 16, 18, 19, 21, 25, 28, 30, 32, 36, 37, 42, 43, 49, 50, 52, 56, 64, 71, 72, 89, 97, 109]]
[116, 4.21731, [0, 1, 2, 4, 5, 7, 8, 9, 15, 16, 18, 19, 21, 25, 30, 31, 33, 36, 40, 42, 49, 50, 52, 55, 56, 57, 64, 72, 97, 105, 106, 109]]
[116, 4.19582, [0, 1, 2, 4, 5, 7, 8, 9, 15, 16, 18, 19, 21, 25, 30, 32, 33, 36, 37, 40, 42, 43, 49, 50, 52, 56, 64, 71, 72, 89, 109]]
[116, 4.18939, [0, 1, 2, 4, 5, 7, 8, 9, 15, 16, 18, 19, 21, 25, 30, 32, 33, 36, 37, 40, 42, 43, 49, 50, 52, 56, 64, 72, 89, 97, 109]]
[116, 4.18066, [0, 1, 2, 4, 5, 7, 8, 9, 15, 16, 18, 19, 21, 25, 30, 32, 33, 36, 37, 40, 42, 43, 49, 50, 52, 56, 72, 89, 96, 97, 109]]
[116, 4.18548, [0, 1, 2, 4, 5, 7, 8, 9, 15, 16, 18, 19, 21, 26, 30, 32, 35, 36, 38, 39, 40, 43, 50, 51, 56, 61, 64, 75, 83, 89, 95]]
[116, 4.18153, [0, 1, 2, 4, 5, 7, 8, 9, 15, 16, 18, 19, 21, 26, 30, 32, 35, 36, 38, 39, 40, 43, 50, 51, 56, 61, 64, 75, 89, 95, 102]]
[116, 4.17565, [0, 1, 2, 4, 5, 7, 8, 9, 15, 16, 18, 19, 21, 26, 30, 32, 35, 36, 38, 39, 40, 43, 50, 51, 56, 61, 75, 83, 89, 95, 102]]
[116, 4.17239, [0, 1, 2, 4, 5, 7, 8, 9, 15, 16, 18, 19, 21, 26, 30, 32, 35, 38, 39, 40, 43, 50, 51, 53, 56, 61, 64, 75, 83, 89, 95]]
[116, 4.17181, [0, 1, 2, 4, 5, 7, 8, 9, 15, 16, 18, 19, 21, 26, 30, 32, 36, 38, 39, 40, 43, 50, 51, 52, 56, 61, 64, 75, 83, 89, 95]]
[116, 4.18806, [0, 1, 2, 4, 5, 7, 8, 9, 15, 16, 18, 20, 21, 25, 26, 28, 29, 32, 42, 47, 49, 50, 51, 54, 56, 61, 64, 72, 81, 82, 104]]
[116, 4.17176, [0, 1, 2, 4, 5, 7, 8, 9, 15, 16, 18, 20, 21, 25, 26, 28, 29, 32, 42, 47, 50, 51, 54, 56, 61, 64, 72, 81, 82, 97, 104]]
[116, 4.18443, [0, 1, 2, 4, 5, 7, 8, 9, 15, 16, 18, 20, 21, 25, 26, 28, 29, 32, 42, 49, 50, 51, 53, 54, 56, 61, 64, 72, 81, 82, 104]]
[116, 4.17593, [0, 1, 2, 4, 5, 7, 8, 9, 15, 16, 18, 20, 21, 25, 26, 28, 29, 32, 42, 49, 50, 51, 53, 54, 56, 64, 72, 81, 82, 89, 104]]
[116, 4.20675, [0, 1, 2, 4, 5, 7, 8, 9, 15, 16, 18, 20, 21, 25, 26, 28, 32, 33, 36, 42, 47, 49, 50, 51, 55, 56, 61, 64, 72, 81, 97]]
[116, 4.19069, [0, 1, 2, 4, 5, 7, 8, 9, 15, 16, 18, 20, 21, 25, 26, 28, 32, 33, 36, 42, 47, 49, 51, 55, 56, 61, 64, 72, 81, 97, 99]]
[116, 4.24502, [0, 1, 2, 4, 5, 7, 8, 9, 15, 16, 18, 20, 21, 25, 26, 28, 32, 33, 42, 47, 49, 50, 51, 54, 55, 56, 61, 64, 72, 81, 97, 104]]
[116, 4.19187, [0, 1, 2, 4, 5, 7, 8, 9, 15, 16, 18, 20, 21, 25, 26, 28, 32, 33, 42, 47, 49, 50, 51, 54, 55, 56, 61, 64, 72, 81, 104]]
[116, 4.18832, [0, 1, 2, 4, 5, 7, 8, 9, 15, 16, 18, 20, 21, 25, 26, 28, 32, 33, 42, 47, 49, 50, 51, 54, 55, 56, 61, 64, 72, 97, 104]]
[116, 4.18575, [0, 1, 2, 4, 5, 7, 8, 9, 15, 16, 18, 20, 21, 25, 26, 28, 32, 33, 42, 47, 49, 50, 51, 54, 55, 56, 61, 64, 81, 97, 104]]
[116, 4.18295, [0, 1, 2, 4, 5, 7, 8, 9, 15, 16, 18, 20, 21, 25, 26, 28, 32, 33, 42, 47, 49, 50, 51, 54, 55, 56, 61, 72, 81, 97, 104]]
[116, 4.17575, [0, 1, 2, 4, 5, 7, 8, 9, 15, 16, 18, 20, 21, 25, 26, 28, 32, 33, 42, 47, 49, 50, 51, 54, 55, 56, 61, 81, 97, 103, 104]]
[116, 4.18173, [0, 1, 2, 4, 5, 7, 8, 9, 15, 16, 18, 20, 21, 25, 26, 28, 32, 33, 42, 47, 49, 50, 51, 54, 55, 56, 64, 72, 81, 97, 104]]
[116, 4.17945, [0, 1, 2, 4, 5, 7, 8, 9, 15, 16, 18, 20, 21, 25, 26, 28, 32, 33, 42, 47, 49, 50, 51, 54, 55, 61, 64, 72, 81, 97, 104]]
[116, 4.17895, [0, 1, 2, 4, 5, 7, 8, 9, 15, 16, 18, 20, 21, 25, 26, 28, 32, 33, 42, 47, 49, 50, 51, 54, 56, 61, 64, 72, 81, 97, 104]]
[116, 4.17332, [0, 1, 2, 4, 5, 7, 8, 9, 15, 16, 18, 20, 21, 25, 26, 28, 32, 33, 42, 47, 49, 50, 51, 54, 56, 61, 72, 81, 82, 97, 104]]
[116, 4.17843, [0, 1, 2, 4, 5, 7, 8, 9, 15, 16, 18, 20, 21, 25, 26, 28, 32, 33, 42, 47, 49, 50, 51, 55, 56, 61, 64, 72, 81, 97, 104]]
[116, 4.17677, [0, 1, 2, 4, 5, 7, 8, 9, 15, 16, 18, 20, 21, 25, 26, 28, 32, 33, 42, 47, 49, 50, 54, 55, 56, 61, 64, 72, 81, 97, 104]]
[116, 4.17618, [0, 1, 2, 4, 5, 7, 8, 9, 15, 16, 18, 20, 21, 25, 26, 28, 32, 33, 42, 47, 49, 51, 54, 55, 56, 61, 64, 72, 81, 97, 104]]
[116, 4.17557, [0, 1, 2, 4, 5, 7, 8, 9, 15, 16, 18, 20, 21, 25, 26, 28, 32, 33, 42, 47, 50, 51, 54, 55, 56, 61, 64, 72, 81, 97, 104]]
[116, 4.17427, [0, 1, 2, 4, 5, 7, 8, 9, 15, 16, 18, 20, 21, 25, 26, 28, 32, 33, 42, 49, 50, 51, 54, 55, 56, 61, 64, 72, 81, 97, 104]]
[116, 4.17053, [0, 1, 2, 4, 5, 7, 8, 9, 15, 16, 18, 20, 21, 25, 26, 28, 32, 33, 47, 49, 50, 51, 54, 55, 56, 61, 64, 72, 81, 97, 104]]
[116, 4.17442, [0, 1, 2, 4, 5, 7, 8, 9, 15, 16, 18, 20, 21, 25, 26, 28, 33, 36, 42, 47, 49, 50, 51, 55, 56, 61, 64, 72, 81, 97, 99]]
[116, 4.19832, [0, 1, 2, 4, 5, 7, 8, 9, 15, 16, 18, 20, 21, 25, 26, 33, 36, 38, 39, 40, 43, 44, 49, 50, 51, 53, 68, 70, 71, 72, 89]]
[116, 4.18667, [0, 1, 2, 4, 5, 7, 8, 9, 15, 16, 18, 20, 21, 25, 26, 33, 36, 38, 39, 40, 44, 49, 50, 51, 53, 57, 68, 70, 71, 72, 105]]
[116, 4.173, [0, 1, 2, 4, 5, 7, 8, 9, 15, 16, 18, 20, 21, 25, 26, 33, 39, 40, 42, 43, 44, 51, 52, 53, 56, 57, 64, 71, 72, 77, 93]]
[116, 4.17496, [0, 1, 2, 4, 5, 7, 8, 9, 15, 16, 18, 20, 21, 25, 26, 36, 39, 40, 42, 44, 47, 49, 50, 51, 55, 56, 57, 64, 72, 77, 101]]
[116, 4.18011, [0, 1, 2, 4, 5, 7, 8, 9, 15, 16, 18, 20, 21, 26, 28, 30, 33, 34, 35, 39, 43, 51, 53, 56, 57, 70, 71, 77, 80, 83, 90]]
[116, 4.18324, [0, 1, 2, 4, 5, 7, 8, 9, 15, 16, 18, 20, 21, 26, 28, 32, 33, 35, 36, 39, 47, 51, 53, 55, 56, 61, 64, 72, 77, 81, 83]]
[116, 4.17793, [0, 1, 2, 4, 5, 7, 8, 9, 15, 16, 18, 20, 21, 26, 28, 32, 33, 35, 36, 39, 47, 51, 53, 55, 56, 61, 70, 72, 77, 83, 95]]
[116, 4.17471, [0, 1, 2, 4, 5, 7, 8, 9, 15, 16, 18, 20, 21, 26, 28, 32, 33, 35, 36, 39, 47, 51, 53, 55, 56, 61, 72, 77, 81, 83, 95]]
[116, 4.19539, [0, 1, 2, 4, 5, 7, 8, 9, 15, 16, 18, 20, 21, 26, 30, 32, 33, 34, 39, 40, 41, 43, 51, 52, 53, 56, 57, 64, 77, 89, 93]]
[116, 4.18941, [0, 1, 2, 4, 5, 7, 8, 9, 15, 16, 18, 20, 21, 26, 30, 32, 33, 34, 39, 40, 41, 43, 51, 52, 53, 57, 64, 71, 77, 89, 93]]
[116, 4.17965, [0, 1, 2, 4, 5, 7, 8, 9, 15, 16, 18, 20, 21, 26, 30, 32, 33, 34, 39, 40, 43, 51, 52, 53, 56, 57, 64, 71, 77, 89, 93]]
[116, 4.17101, [0, 1, 2, 4, 5, 7, 8, 9, 15, 16, 18, 20, 21, 26, 30, 32, 33, 35, 39, 40, 41, 43, 53, 57, 68, 70, 71, 72, 77, 83, 95]]
[116, 4.17161, [0, 1, 2, 4, 5, 7, 8, 9, 15, 16, 18, 20, 21, 26, 30, 32, 33, 39, 40, 42, 43, 51, 52, 53, 56, 57, 64, 71, 77, 89, 93]]
[116, 4.19877, [0, 1, 2, 4, 5, 7, 8, 9, 15, 16, 19, 20, 21, 25, 26, 28, 32, 33, 36, 42, 49, 50, 51, 54, 55, 56, 61, 64, 72, 81, 97]]
[116, 4.18822, [0, 1, 2, 4, 5, 7, 8, 9, 15, 16, 19, 20, 21, 25, 26, 28, 32, 33, 36, 42, 49, 50, 51, 54, 55, 61, 64, 72, 81, 88, 97]]
[116, 4.18309, [0, 1, 2, 4, 5, 7, 8, 9, 15, 16, 19, 20, 21, 25, 26, 28, 32, 33, 39, 42, 49, 51, 52, 53, 56, 61, 64, 71, 72, 99, 106]]
[116, 4.17507, [0, 1, 2, 4, 5, 7, 8, 9, 15, 16, 19, 20, 21, 25, 26, 28, 32, 33, 39, 42, 49, 52, 53, 55, 56, 61, 64, 72, 94, 99, 106]]
[116, 4.18574, [0, 1, 2, 4, 5, 7, 8, 9, 15, 16, 19, 20, 21, 25, 26, 28, 32, 36, 42, 47, 49, 50, 51, 54, 55, 56, 61, 64, 72, 81, 97]]
[116, 4.17698, [0, 1, 2, 4, 5, 7, 8, 9, 15, 16, 19, 20, 21, 25, 26, 28, 32, 36, 42, 47, 49, 50, 51, 54, 55, 57, 64, 72, 81, 88, 97]]
[116, 4.17518, [0, 1, 2, 4, 5, 7, 8, 9, 15, 16, 19, 20, 21, 25, 26, 28, 32, 36, 42, 47, 49, 50, 51, 54, 55, 61, 64, 72, 81, 88, 97]]
[116, 4.18244, [0, 1, 2, 4, 5, 7, 8, 9, 15, 16, 19, 20, 21, 25, 28, 32, 33, 39, 42, 49, 52, 53, 55, 56, 61, 64, 72, 94, 99, 103, 106, 109]]
[116, 4.18407, [0, 1, 2, 4, 5, 7, 8, 9, 15, 16, 19, 20, 21, 25, 28, 33, 37, 39, 42, 43, 44, 49, 50, 56, 64, 71, 89, 92, 94, 104, 106, 109]]
[116, 4.1801, [0, 1, 2, 4, 5, 7, 8, 9, 15, 16, 19, 20, 25, 26, 28, 32, 33, 39, 42, 49, 51, 52, 55, 56, 61, 64, 71, 72, 94, 99, 101, 106]]
[116, 4.17709, [0, 1, 2, 4, 5, 7, 8, 9, 15, 17, 18, 19, 23, 24, 26, 32, 33, 34, 36, 39, 41, 43, 44, 48, 57, 83, 86, 88, 89, 93, 104]]
[116, 4.19577, [0, 1, 2, 4, 5, 7, 8, 9, 15, 17, 18, 19, 23, 24, 26, 32, 33, 34, 36, 39, 41, 43, 48, 52, 56, 57, 64, 74, 83, 89, 93]]
[116, 4.17333, [0, 1, 2, 4, 5, 7, 8, 9, 15, 17, 18, 19, 23, 24, 26, 32, 33, 34, 36, 39, 41, 48, 52, 56, 57, 64, 74, 83, 89, 93, 108]]
[116, 4.17476, [0, 1, 2, 4, 5, 7, 8, 9, 15, 17, 18, 20, 21, 23, 28, 29, 30, 32, 36, 37, 39, 42, 56, 68, 71, 72, 85, 89, 92, 93, 99]]
[116, 4.17285, [0, 1, 2, 4, 5, 7, 8, 9, 15, 17, 18, 20, 21, 23, 28, 29, 30, 32, 36, 37, 39, 42, 56, 68, 71, 72, 85, 89, 93, 99, 102]]
[116, 4.17371, [0, 1, 2, 4, 5, 7, 8, 9, 15, 17, 18, 20, 21, 23, 28, 29, 30, 32, 37, 42, 56, 68, 71, 72, 85, 89, 92, 93, 98, 99, 102, 104]]
[116, 4.17292, [0, 1, 2, 4, 5, 7, 8, 9, 15, 17, 18, 20, 21, 23, 28, 29, 30, 32, 37, 42, 56, 68, 71, 72, 85, 89, 92, 97, 98, 99, 102, 104]]
[116, 4.17206, [0, 1, 2, 4, 5, 7, 8, 9, 15, 17, 18, 20, 21, 23, 28, 29, 30, 32, 37, 42, 56, 68, 71, 72, 85, 92, 93, 97, 98, 99, 102, 104]]
[116, 4.17113, [0, 1, 2, 4, 5, 7, 8, 9, 15, 17, 18, 20, 21, 23, 28, 29, 30, 32, 37, 42, 56, 68, 71, 72, 89, 92, 93, 97, 98, 99, 102, 104]]
[116, 4.18102, [0, 1, 2, 4, 5, 7, 8, 9, 15, 17, 18, 20, 21, 23, 32, 33, 39, 41, 42, 43, 48, 51, 52, 56, 57, 72, 85, 88, 89, 93, 102, 108]]
[116, 4.17793, [0, 1, 2, 4, 5, 7, 8, 9, 15, 17, 18, 20, 21, 23, 32, 33, 39, 41, 42, 43, 48, 51, 52, 56, 57, 72, 85, 88, 93, 102, 105, 108]]
[116, 4.17504, [0, 1, 2, 4, 5, 7, 8, 9, 15, 17, 18, 20, 21, 23, 32, 33, 39, 41, 42, 43, 48, 51, 52, 56, 57, 85, 88, 89, 93, 96, 102, 108]]
[116, 4.17195, [0, 1, 2, 4, 5, 7, 8, 9, 15, 17, 18, 20, 21, 23, 32, 33, 39, 41, 42, 43, 48, 51, 52, 56, 57, 85, 88, 93, 96, 102, 105, 108]]
[116, 4.17963, [0, 1, 2, 4, 5, 7, 8, 9, 15, 17, 18, 20, 21, 23, 32, 33, 39, 41, 42, 43, 51, 52, 56, 57, 64, 71, 72, 77, 89, 93, 102, 108]]
[116, 4.17081, [0, 1, 2, 4, 5, 7, 8, 9, 15, 17, 18, 20, 21, 23, 32, 33, 39, 41, 42, 43, 51, 52, 56, 57, 71, 72, 77, 89, 93, 96, 102, 108]]
[116, 4.17799, [0, 1, 2, 4, 5, 7, 8, 9, 15, 17, 18, 20, 21, 26, 28, 29, 31, 32, 33, 39, 48, 52, 53, 54, 56, 64, 69, 74, 93, 94, 102]]
[116, 4.17983, [0, 1, 2, 4, 5, 7, 8, 9, 15, 17, 18, 20, 21, 26, 28, 31, 33, 34, 39, 40, 43, 48, 52, 53, 54, 56, 69, 71, 74, 93, 100]]
[116, 4.19957, [0, 1, 2, 4, 5, 7, 8, 9, 15, 17, 18, 20, 21, 26, 28, 32, 33, 39, 40, 42, 51, 52, 54, 56, 57, 71, 72, 77, 85, 89, 93, 108]]
[116, 4.19551, [0, 1, 2, 4, 5, 7, 8, 9, 15, 17, 18, 20, 21, 26, 28, 32, 33, 39, 40, 42, 51, 52, 54, 56, 57, 71, 72, 77, 85, 93, 108, 111]]
[116, 4.19215, [0, 1, 2, 4, 5, 7, 8, 9, 15, 17, 18, 20, 21, 26, 28, 32, 33, 39, 40, 42, 51, 52, 54, 56, 57, 72, 77, 85, 89, 93, 102, 108]]
[116, 4.18627, [0, 1, 2, 4, 5, 7, 8, 9, 15, 17, 18, 20, 21, 26, 28, 32, 33, 39, 42, 51, 52, 54, 56, 57, 64, 71, 72, 77, 85, 89, 93, 102]]
[116, 4.17816, [0, 1, 2, 4, 5, 7, 8, 9, 15, 17, 18, 20, 21, 26, 28, 32, 33, 39, 42, 51, 52, 54, 56, 57, 64, 71, 77, 85, 89, 93, 102, 108]]
[116, 4.17533, [0, 1, 2, 4, 5, 7, 8, 9, 15, 17, 18, 20, 21, 26, 28, 32, 33, 39, 42, 51, 52, 54, 56, 57, 71, 72, 77, 85, 89, 93, 102, 108]]
[116, 4.17435, [0, 1, 2, 4, 5, 7, 8, 9, 15, 17, 18, 20, 21, 26, 32, 33, 34, 39, 41, 48, 52, 54, 56, 57, 64, 74, 77, 83, 88, 89, 93, 108]]
[116, 4.189, [0, 1, 2, 4, 5, 7, 8, 9, 15, 17, 18, 21, 23, 26, 32, 33, 34, 36, 39, 40, 41, 48, 52, 57, 64, 71, 83, 85, 88, 89, 93, 108]]
[116, 4.19406, [0, 1, 2, 4, 5, 7, 8, 9, 15, 17, 19, 20, 23, 24, 28, 30, 34, 35, 42, 47, 48, 52, 53, 54, 56, 64, 69, 91, 95, 97, 98, 108]]
[116, 4.1991, [0, 1, 2, 4, 5, 7, 8, 9, 15, 17, 19, 20, 23, 24, 28, 30, 34, 35, 42, 47, 48, 52, 54, 55, 56, 64, 69, 71, 91, 97, 98, 108]]
[116, 4.1858, [0, 1, 2, 4, 5, 7, 8, 9, 15, 17, 19, 20, 24, 26, 27, 28, 34, 36, 38, 43, 46, 47, 48, 50, 54, 55, 61, 64, 71, 76, 87]]
[116, 4.18133, [0, 1, 2, 4, 5, 7, 8, 9, 15, 17, 19, 20, 24, 26, 27, 28, 34, 36, 38, 43, 46, 47, 48, 50, 54, 55, 61, 64, 71, 76, 111]]
[116, 4.17513, [0, 1, 2, 4, 5, 7, 8, 9, 15, 17, 19, 20, 24, 26, 27, 28, 34, 36, 38, 43, 46, 47, 48, 50, 54, 55, 61, 71, 76, 87, 107]]
[116, 4.17066, [0, 1, 2, 4, 5, 7, 8, 9, 15, 17, 19, 20, 24, 26, 27, 28, 34, 36, 38, 43, 46, 47, 48, 50, 54, 55, 61, 71, 76, 107, 111]]
[116, 4.1783, [0, 1, 2, 4, 5, 7, 8, 9, 15, 17, 19, 20, 24, 26, 27, 28, 34, 36, 38, 43, 46, 47, 48, 50, 54, 55, 64, 69, 71, 76, 111]]
[116, 4.17061, [0, 1, 2, 4, 5, 7, 8, 9, 15, 17, 19, 20, 24, 26, 27, 28, 34, 36, 38, 43, 46, 47, 48, 50, 55, 61, 64, 71, 76, 87, 107]]
[116, 4.19028, [0, 1, 2, 4, 5, 7, 8, 9, 15, 17, 19, 20, 24, 27, 28, 30, 34, 35, 42, 47, 48, 52, 54, 55, 56, 64, 69, 71, 91, 97, 98, 108]]
[116, 4.17762, [0, 1, 2, 4, 5, 7, 8, 9, 15, 17, 19, 20, 24, 27, 28, 30, 34, 35, 42, 47, 48, 52, 54, 56, 64, 69, 71, 91, 95, 97, 98, 108]]
[116, 4.18645, [0, 1, 2, 4, 5, 7, 8, 9, 15, 17, 19, 24, 27, 28, 30, 31, 34, 35, 42, 46, 47, 48, 52, 54, 55, 56, 64, 69, 71, 91, 97, 98]]
[116, 4.18155, [0, 1, 2, 4, 5, 7, 8, 9, 15, 17, 20, 21, 24, 28, 29, 30, 33, 35, 38, 40, 44, 48, 51, 61, 71, 76, 77, 83, 85, 90, 95, 111]]
[116, 4.17803, [0, 1, 2, 4, 5, 7, 8, 9, 15, 17, 20, 23, 24, 27, 28, 30, 34, 35, 42, 47, 48, 52, 54, 55, 56, 64, 69, 71, 91, 97, 98, 108]]
[116, 4.18501, [0, 1, 2, 4, 5, 7, 8, 9, 15, 18, 19, 20, 23, 24, 25, 28, 29, 36, 42, 45, 46, 47, 50, 51, 55, 56, 57, 64, 72, 97, 102]]
[116, 4.18308, [0, 1, 2, 4, 5, 7, 8, 9, 15, 18, 19, 20, 23, 24, 26, 30, 32, 34, 35, 43, 47, 54, 56, 64, 74, 75, 91, 95, 97, 98, 99, 104]]
[116, 4.17554, [0, 1, 2, 4, 5, 7, 8, 9, 15, 18, 19, 20, 23, 24, 26, 32, 34, 35, 36, 39, 40, 41, 43, 57, 64, 69, 71, 72, 86, 88, 89]]
[116, 4.17282, [0, 1, 2, 4, 5, 7, 8, 9, 15, 18, 19, 20, 23, 24, 26, 35, 36, 38, 39, 40, 43, 44, 45, 49, 51, 61, 68, 72, 74, 75, 111]]
[116, 4.17118, [0, 1, 2, 4, 5, 7, 8, 9, 15, 18, 19, 20, 23, 24, 28, 30, 34, 35, 37, 42, 43, 47, 48, 53, 56, 57, 64, 71, 74, 97, 108]]
[116, 4.17294, [0, 1, 2, 4, 5, 7, 8, 9, 15, 18, 19, 20, 23, 24, 28, 30, 34, 35, 39, 40, 42, 43, 44, 51, 53, 68, 70, 75, 89, 90, 91]]
[116, 4.19173, [0, 1, 2, 4, 5, 7, 8, 9, 15, 18, 19, 20, 23, 24, 28, 30, 34, 42, 43, 46, 48, 52, 53, 55, 56, 57, 64, 71, 89, 97, 108, 109]]
[116, 4.17047, [0, 1, 2, 4, 5, 7, 8, 9, 15, 18, 19, 20, 23, 26, 30, 35, 36, 38, 39, 40, 43, 44, 61, 68, 70, 74, 75, 83, 89, 90, 95, 111]]
[116, 4.17809, [0, 1, 2, 4, 5, 7, 8, 9, 15, 18, 19, 20, 23, 28, 30, 32, 35, 37, 40, 43, 47, 49, 53, 54, 56, 57, 64, 97, 103, 104, 108, 109]]
[116, 4.18363, [0, 1, 2, 4, 5, 7, 8, 9, 15, 18, 19, 21, 23, 26, 30, 32, 35, 36, 38, 39, 40, 43, 56, 61, 68, 72, 75, 83, 89, 95, 102, 111]]
[116, 4.17157, [0, 1, 2, 4, 5, 7, 8, 9, 15, 18, 20, 21, 23, 26, 30, 33, 34, 39, 41, 44, 51, 53, 54, 56, 57, 68, 74, 77, 89, 90, 93, 96]]
[116, 4.18348, [0, 1, 2, 4, 5, 7, 8, 9, 15, 18, 20, 21, 23, 26, 30, 34, 36, 39, 40, 43, 44, 51, 53, 56, 61, 68, 70, 74, 75, 83, 89, 91]]
[116, 4.17739, [0, 1, 2, 4, 5, 7, 8, 9, 15, 18, 20, 21, 23, 26, 30, 34, 36, 39, 40, 43, 44, 51, 53, 56, 61, 70, 74, 75, 83, 89, 90, 91]]
[116, 4.17347, [0, 1, 2, 4, 5, 7, 8, 9, 15, 18, 20, 21, 28, 29, 32, 33, 34, 37, 39, 42, 48, 51, 52, 54, 55, 56, 64, 77, 81, 85, 93, 108]]
[116, 4.17063, [0, 1, 2, 4, 5, 7, 8, 9, 15, 18, 20, 21, 28, 29, 32, 33, 34, 37, 39, 42, 48, 51, 52, 54, 55, 56, 72, 77, 81, 85, 93, 108]]
[116, 4.18721, [0, 1, 2, 4, 5, 7, 8, 9, 15, 19, 20, 21, 23, 24, 26, 28, 34, 35, 38, 39, 40, 43, 44, 45, 52, 68, 69, 70, 74, 75, 91]]
[116, 4.17409, [0, 1, 2, 4, 5, 7, 8, 9, 15, 19, 20, 21, 23, 24, 26, 30, 34, 35, 36, 39, 40, 43, 44, 51, 61, 68, 70, 74, 75, 83, 89]]
[116, 4.17616, [0, 1, 2, 4, 5, 7, 8, 9, 15, 19, 20, 21, 23, 24, 28, 30, 33, 34, 35, 39, 40, 44, 51, 52, 53, 61, 68, 70, 75, 83, 90]]
[116, 4.17081, [0, 1, 2, 4, 5, 7, 8, 9, 15, 19, 20, 21, 24, 25, 26, 28, 29, 31, 40, 46, 47, 48, 53, 54, 55, 57, 64, 69, 74, 81, 88]]
[116, 4.17938, [0, 1, 2, 4, 5, 7, 8, 9, 15, 19, 20, 21, 24, 25, 26, 28, 29, 31, 40, 46, 47, 49, 50, 53, 54, 55, 57, 64, 72, 81, 88]]
[116, 4.21382, [0, 1, 2, 4, 5, 7, 8, 9, 15, 19, 20, 21, 24, 25, 26, 28, 29, 36, 40, 42, 46, 47, 54, 55, 57, 64, 69, 72, 74, 81, 88, 97]]
[116, 4.17724, [0, 1, 2, 4, 5, 7, 8, 9, 15, 19, 20, 21, 24, 25, 26, 28, 29, 36, 40, 42, 47, 49, 50, 51, 54, 55, 57, 64, 72, 81, 88]]
[116, 4.17319, [0, 1, 2, 4, 5, 7, 8, 9, 15, 19, 20, 21, 24, 25, 26, 29, 31, 32, 40, 46, 47, 49, 50, 53, 54, 55, 57, 64, 72, 81, 88]]
[116, 4.17105, [0, 1, 2, 4, 5, 7, 8, 9, 15, 19, 20, 21, 24, 25, 26, 29, 32, 36, 40, 42, 47, 49, 50, 51, 54, 55, 57, 64, 72, 81, 88]]
[116, 4.17669, [0, 1, 2, 4, 5, 7, 8, 9, 15, 19, 20, 21, 24, 25, 28, 29, 36, 40, 42, 46, 47, 54, 55, 57, 64, 69, 72, 74, 75, 81, 88, 97]]
[116, 4.20134, [0, 1, 2, 4, 5, 7, 8, 9, 15, 19, 20, 21, 24, 25, 29, 31, 32, 36, 40, 46, 47, 49, 50, 51, 54, 57, 64, 72, 74, 81, 100, 102]]
[116, 4.18297, [0, 1, 2, 4, 5, 7, 8, 9, 15, 19, 20, 21, 24, 28, 30, 31, 33, 34, 35, 38, 39, 40, 44, 51, 52, 53, 61, 68, 70, 71, 95]]
[116, 4.17796, [0, 1, 2, 4, 5, 7, 8, 9, 15, 19, 20, 21, 24, 28, 30, 31, 33, 34, 35, 38, 39, 40, 44, 51, 52, 53, 61, 68, 70, 90, 95]]
[116, 4.17184, [0, 1, 2, 4, 5, 7, 8, 9, 15, 19, 20, 21, 24, 28, 30, 31, 33, 34, 35, 38, 39, 40, 44, 51, 52, 61, 68, 70, 75, 83, 90]]
[116, 4.20468, [0, 1, 2, 4, 5, 7, 8, 9, 15, 19, 20, 21, 24, 28, 30, 31, 34, 35, 38, 39, 40, 44, 51, 52, 53, 61, 68, 70, 71, 90, 95, 107]]
[116, 4.18893, [0, 1, 2, 4, 5, 7, 8, 9, 15, 19, 20, 21, 25, 26, 31, 32, 33, 39, 49, 52, 53, 54, 56, 61, 64, 71, 72, 76, 94, 99, 105, 106, 108]]
[116, 4.17293, [0, 1, 2, 4, 5, 7, 8, 9, 15, 20, 21, 24, 26, 28, 31, 33, 34, 35, 39, 51, 56, 61, 68, 70, 71, 72, 75, 77, 80, 83, 90, 95, 104]]
[116, 4.19546, [0, 1, 2, 4, 5, 7, 8, 9, 15, 20, 23, 26, 27, 28, 30, 33, 34, 35, 39, 40, 43, 44, 56, 61, 68, 70, 71, 74, 83, 90, 95, 100, 111]]
[116, 4.18729, [0, 1, 2, 4, 5, 7, 8, 9, 16, 17, 18, 20, 21, 26, 28, 29, 30, 33, 34, 37, 39, 52, 54, 55, 56, 61, 64, 72, 81, 85, 106]]
[116, 4.17612, [0, 1, 2, 4, 5, 7, 8, 9, 16, 17, 18, 20, 21, 26, 28, 29, 30, 34, 37, 39, 46, 49, 52, 54, 56, 61, 64, 72, 77, 101, 106]]
[116, 4.21237, [0, 1, 2, 4, 5, 7, 8, 9, 16, 17, 18, 20, 21, 26, 28, 29, 32, 33, 34, 36, 37, 39, 43, 55, 56, 61, 64, 70, 72, 81, 85]]
[116, 4.19808, [0, 1, 2, 4, 5, 7, 8, 9, 16, 17, 18, 20, 21, 26, 28, 29, 32, 33, 36, 37, 39, 43, 51, 55, 56, 61, 64, 70, 72, 81, 85]]
[116, 4.1747, [0, 1, 2, 4, 5, 7, 8, 9, 16, 17, 18, 20, 21, 26, 28, 29, 32, 33, 36, 37, 39, 43, 55, 56, 61, 70, 72, 81, 85, 92, 99]]
[116, 4.18537, [0, 1, 2, 4, 5, 7, 8, 9, 16, 17, 18, 20, 21, 26, 28, 29, 32, 33, 37, 39, 42, 43, 51, 52, 56, 64, 71, 72, 77, 85, 93]]
[116, 4.18682, [0, 1, 2, 4, 5, 7, 8, 9, 16, 17, 18, 20, 21, 26, 28, 29, 33, 37, 39, 42, 43, 44, 48, 51, 52, 54, 61, 64, 77, 85, 103]]
[116, 4.17748, [0, 1, 2, 4, 5, 7, 8, 9, 16, 17, 18, 20, 21, 26, 28, 29, 33, 37, 39, 42, 43, 44, 48, 51, 52, 54, 64, 77, 85, 93, 103]]
[116, 4.18472, [0, 1, 2, 4, 5, 7, 8, 9, 16, 17, 18, 20, 21, 26, 28, 29, 33, 37, 39, 42, 43, 44, 48, 51, 54, 56, 61, 64, 77, 85, 103]]
[116, 4.17538, [0, 1, 2, 4, 5, 7, 8, 9, 16, 17, 18, 20, 21, 26, 28, 29, 33, 37, 39, 42, 43, 44, 48, 51, 54, 56, 64, 77, 85, 93, 103]]
[116, 4.17687, [0, 1, 2, 4, 5, 7, 8, 9, 16, 17, 18, 20, 21, 26, 28, 29, 33, 37, 39, 42, 43, 44, 48, 52, 54, 61, 64, 69, 77, 94, 103]]
[116, 4.1748, [0, 1, 2, 4, 5, 7, 8, 9, 16, 17, 18, 20, 21, 26, 28, 29, 33, 37, 39, 42, 43, 44, 48, 52, 54, 61, 64, 69, 85, 94, 103]]
[116, 4.17232, [0, 1, 2, 4, 5, 7, 8, 9, 16, 17, 18, 20, 21, 26, 28, 29, 33, 37, 39, 42, 43, 44, 48, 52, 54, 61, 64, 77, 85, 94, 103]]
[116, 4.1823, [0, 1, 2, 4, 5, 7, 8, 9, 16, 17, 18, 20, 21, 26, 28, 29, 33, 37, 39, 42, 43, 44, 51, 52, 54, 56, 61, 64, 77, 85, 103]]
[116, 4.17296, [0, 1, 2, 4, 5, 7, 8, 9, 16, 17, 18, 20, 21, 26, 28, 29, 33, 37, 39, 42, 43, 44, 51, 52, 54, 56, 64, 77, 85, 93, 103]]
[116, 4.17949, [0, 1, 2, 4, 5, 7, 8, 9, 16, 17, 18, 20, 21, 26, 28, 29, 33, 37, 39, 42, 43, 48, 51, 52, 54, 56, 61, 64, 77, 85, 103]]
[116, 4.1784, [0, 1, 2, 4, 5, 7, 8, 9, 16, 17, 18, 20, 21, 26, 28, 29, 33, 37, 39, 43, 44, 48, 51, 52, 54, 55, 61, 64, 77, 85, 103]]
[116, 4.1763, [0, 1, 2, 4, 5, 7, 8, 9, 16, 17, 18, 20, 21, 26, 28, 29, 33, 37, 39, 43, 44, 48, 51, 54, 55, 56, 61, 64, 77, 85, 103]]
[116, 4.17388, [0, 1, 2, 4, 5, 7, 8, 9, 16, 17, 18, 20, 21, 26, 28, 29, 33, 37, 39, 43, 44, 51, 52, 54, 55, 56, 61, 64, 77, 85, 103]]
[116, 4.17107, [0, 1, 2, 4, 5, 7, 8, 9, 16, 17, 18, 20, 21, 26, 28, 29, 33, 37, 39, 43, 48, 51, 52, 54, 55, 56, 61, 64, 77, 85, 103]]
[116, 4.19062, [0, 1, 2, 4, 5, 7, 8, 9, 16, 17, 18, 20, 21, 26, 28, 32, 33, 34, 36, 39, 41, 43, 53, 55, 56, 57, 64, 70, 72, 73, 83]]
[116, 4.17553, [0, 1, 2, 4, 5, 7, 8, 9, 16, 17, 18, 20, 21, 26, 32, 33, 34, 36, 39, 40, 41, 43, 53, 55, 56, 57, 64, 70, 72, 73, 83]]
[116, 4.18954, [0, 1, 2, 4, 5, 7, 8, 9, 16, 17, 18, 20, 21, 28, 29, 31, 32, 33, 36, 37, 39, 43, 51, 55, 56, 61, 64, 70, 72, 81, 85]]
[116, 4.18162, [0, 1, 2, 4, 5, 7, 8, 9, 16, 17, 18, 20, 21, 28, 29, 31, 32, 33, 36, 37, 39, 43, 51, 55, 56, 61, 70, 72, 81, 85, 92]]
[116, 4.17665, [0, 1, 2, 4, 5, 7, 8, 9, 16, 17, 18, 20, 21, 28, 29, 31, 32, 33, 36, 37, 39, 43, 51, 55, 61, 68, 70, 72, 81, 85, 92]]
[116, 4.18176, [0, 1, 2, 4, 5, 7, 8, 9, 16, 17, 18, 20, 21, 28, 30, 31, 32, 35, 36, 39, 41, 45, 53, 55, 56, 57, 64, 70, 72, 73, 91]]
[116, 4.17384, [0, 1, 2, 4, 5, 7, 8, 9, 16, 17, 18, 20, 21, 28, 30, 31, 32, 35, 36, 39, 41, 45, 53, 55, 56, 57, 70, 72, 73, 91, 92]]
[116, 4.17726, [0, 1, 2, 4, 5, 7, 8, 9, 16, 17, 18, 20, 26, 28, 29, 31, 32, 33, 36, 37, 39, 43, 51, 55, 56, 61, 64, 70, 72, 81, 85]]
[116, 4.19543, [0, 1, 2, 4, 5, 7, 8, 9, 16, 17, 18, 20, 26, 28, 29, 31, 32, 33, 36, 37, 50, 51, 56, 61, 64, 70, 72, 79, 81, 82, 85, 97]]
[116, 4.17633, [0, 1, 2, 4, 5, 7, 8, 9, 16, 17, 18, 21, 22, 26, 28, 29, 33, 37, 39, 42, 43, 44, 46, 51, 54, 61, 68, 69, 70, 77, 110]]
[116, 4.19534, [0, 1, 2, 4, 5, 7, 8, 9, 16, 17, 18, 22, 26, 28, 29, 31, 32, 33, 37, 42, 43, 50, 51, 53, 54, 56, 69, 72, 93, 104, 105, 110]]
[116, 4.22107, [0, 1, 2, 4, 5, 7, 8, 9, 16, 17, 19, 20, 21, 26, 27, 28, 32, 33, 34, 36, 42, 43, 57, 64, 70, 71, 73, 76, 88, 89, 93, 102]]
[116, 4.1826, [0, 1, 2, 4, 5, 7, 8, 9, 16, 17, 19, 20, 21, 26, 28, 29, 32, 33, 34, 36, 37, 42, 43, 57, 64, 70, 73, 76, 88, 93, 102]]
[116, 4.18511, [0, 1, 2, 4, 5, 7, 8, 9, 16, 17, 19, 20, 21, 26, 28, 29, 32, 33, 34, 36, 37, 42, 43, 64, 69, 70, 71, 73, 76, 88, 93]]
[116, 4.17795, [0, 1, 2, 4, 5, 7, 8, 9, 16, 17, 19, 20, 21, 26, 28, 29, 32, 33, 34, 36, 37, 42, 43, 64, 70, 71, 73, 76, 88, 89, 102]]
[116, 4.1771, [0, 1, 2, 4, 5, 7, 8, 9, 16, 17, 19, 20, 21, 26, 28, 29, 32, 33, 34, 36, 37, 42, 43, 64, 70, 71, 73, 76, 88, 93, 102]]
[116, 4.17599, [0, 1, 2, 4, 5, 7, 8, 9, 16, 17, 19, 20, 21, 26, 28, 29, 32, 33, 34, 37, 42, 43, 52, 56, 64, 69, 71, 72, 73, 93, 106]]
[116, 4.17397, [0, 1, 2, 4, 5, 7, 8, 9, 16, 17, 19, 20, 21, 26, 28, 32, 33, 34, 36, 37, 41, 42, 43, 57, 64, 70, 71, 73, 76, 88, 102]]
[116, 4.18493, [0, 1, 2, 4, 5, 7, 8, 9, 16, 17, 19, 20, 22, 26, 28, 29, 30, 33, 37, 38, 42, 48, 50, 53, 54, 61, 64, 69, 73, 82, 102]]
[116, 4.17337, [0, 1, 2, 4, 5, 7, 8, 9, 16, 17, 19, 20, 22, 26, 28, 29, 30, 33, 37, 38, 42, 48, 50, 53, 54, 64, 69, 73, 82, 102, 105]]
[116, 4.17352, [0, 1, 2, 4, 5, 7, 8, 9, 16, 17, 19, 20, 22, 26, 28, 29, 30, 33, 37, 38, 42, 48, 50, 54, 61, 64, 69, 73, 82, 85, 102]]
[116, 4.19378, [0, 1, 2, 4, 5, 7, 8, 9, 16, 17, 19, 21, 22, 26, 28, 29, 32, 33, 36, 37, 38, 42, 51, 54, 56, 61, 64, 69, 71, 72, 85]]
[116, 4.18778, [0, 1, 2, 4, 5, 7, 8, 9, 16, 17, 19, 21, 22, 27, 28, 29, 31, 35, 44, 45, 50, 51, 53, 55, 56, 61, 64, 92, 95, 100, 104, 105]]
[116, 4.18697, [0, 1, 2, 4, 5, 7, 8, 9, 16, 17, 19, 21, 22, 27, 28, 29, 31, 35, 44, 45, 50, 51, 53, 55, 56, 61, 64, 95, 96, 100, 104, 105]]
[116, 4.18588, [0, 1, 2, 4, 5, 7, 8, 9, 16, 17, 19, 21, 22, 27, 29, 30, 31, 34, 35, 36, 40, 42, 52, 54, 56, 61, 64, 69, 71, 72, 97]]
[116, 4.17976, [0, 1, 2, 4, 5, 7, 8, 9, 16, 17, 19, 21, 22, 27, 29, 30, 31, 34, 35, 36, 40, 42, 52, 54, 56, 61, 69, 71, 72, 84, 97]]
[116, 4.1847, [0, 1, 2, 4, 5, 7, 8, 9, 16, 17, 19, 21, 22, 28, 29, 31, 32, 33, 36, 37, 38, 42, 44, 51, 61, 64, 69, 70, 71, 76, 85]]
[116, 4.17493, [0, 1, 2, 4, 5, 7, 8, 9, 16, 17, 20, 21, 26, 28, 29, 32, 33, 34, 37, 39, 42, 43, 52, 56, 69, 71, 73, 93, 94, 102, 104, 106]]
[116, 4.17374, [0, 1, 2, 4, 5, 7, 8, 9, 16, 17, 20, 21, 26, 28, 29, 32, 33, 34, 37, 39, 42, 43, 52, 56, 69, 71, 77, 93, 94, 102, 104, 106]]
[116, 4.17397, [0, 1, 2, 4, 5, 7, 8, 9, 16, 19, 20, 21, 25, 27, 28, 30, 32, 33, 42, 49, 50, 52, 53, 55, 56, 61, 64, 72, 81, 103, 105, 106]]
[116, 4.18343, [0, 1, 2, 4, 5, 7, 8, 9, 17, 18, 19, 21, 22, 26, 28, 29, 31, 32, 33, 37, 42, 48, 50, 51, 54, 56, 61, 64, 81, 82, 97]]
[116, 4.17394, [0, 1, 2, 4, 5, 7, 8, 9, 17, 18, 19, 21, 26, 28, 29, 32, 33, 34, 36, 37, 43, 44, 64, 69, 70, 71, 73, 74, 78, 88, 93, 100]]
[116, 4.22035, [0, 1, 2, 4, 5, 7, 8, 9, 17, 18, 20, 21, 24, 26, 28, 29, 31, 33, 37, 39, 43, 48, 51, 52, 55, 56, 61, 64, 77, 80, 85, 103]]
[116, 4.17077, [0, 1, 2, 4, 5, 7, 8, 9, 17, 18, 20, 21, 26, 28, 29, 31, 32, 33, 37, 39, 43, 52, 56, 64, 69, 71, 72, 74, 77, 93, 94, 102]]
[116, 4.17338, [0, 1, 2, 4, 5, 7, 8, 9, 17, 18, 20, 21, 26, 28, 29, 31, 33, 37, 39, 43, 47, 48, 52, 54, 56, 57, 64, 74, 93, 94, 102, 103]]
[116, 4.22197, [0, 1, 2, 4, 5, 7, 8, 9, 17, 19, 20, 21, 24, 26, 28, 29, 37, 38, 40, 42, 43, 48, 50, 51, 54, 61, 85, 88, 90, 91, 107, 110, 111]]
[116, 4.17073, [0, 1, 2, 4, 5, 7, 8, 9, 17, 19, 20, 21, 24, 26, 28, 29, 37, 38, 40, 42, 43, 48, 50, 51, 54, 61, 85, 88, 90, 91, 107, 111]]
[116, 4.17457, [0, 1, 2, 4, 5, 7, 8, 9, 17, 19, 20, 21, 24, 26, 28, 29, 37, 38, 40, 42, 43, 49, 50, 51, 54, 61, 72, 85, 88, 90, 110, 111]]
[116, 4.17102, [0, 1, 2, 4, 5, 7, 8, 9, 17, 19, 20, 22, 23, 24, 27, 28, 30, 35, 38, 42, 44, 45, 47, 51, 52, 54, 55, 68, 71, 87, 111]]
[116, 4.17276, [0, 1, 2, 4, 5, 7, 8, 9, 17, 19, 21, 22, 24, 26, 29, 30, 33, 36, 38, 44, 48, 51, 54, 56, 61, 68, 69, 71, 74, 78, 85, 111]]
[116, 4.17452, [0, 1, 2, 4, 5, 7, 8, 9, 18, 19, 20, 22, 23, 28, 29, 30, 32, 35, 36, 45, 47, 49, 55, 56, 57, 68, 71, 72, 74, 79, 92, 111]]
[116, 4.18256, [0, 1, 2, 4, 5, 7, 8, 9, 19, 20, 21, 24, 25, 26, 28, 29, 35, 36, 38, 40, 41, 43, 46, 48, 54, 64, 69, 73, 74, 75, 88, 111]]
[116, 4.20052, [0, 1, 2, 4, 5, 7, 8, 13, 14, 15, 17, 18, 24, 25, 26, 28, 29, 31, 33, 45, 46, 47, 50, 51, 52, 55, 56, 57, 77, 80, 81]]
[116, 4.19167, [0, 1, 2, 4, 5, 7, 8, 13, 14, 15, 17, 18, 24, 25, 26, 28, 29, 31, 33, 45, 46, 47, 50, 51, 52, 56, 57, 77, 79, 80, 81]]
[116, 4.19034, [0, 1, 2, 4, 5, 7, 8, 13, 14, 15, 17, 18, 24, 25, 26, 28, 29, 31, 33, 45, 46, 47, 50, 51, 55, 56, 57, 77, 78, 80, 81]]
[116, 4.18968, [0, 1, 2, 4, 5, 7, 8, 13, 14, 15, 17, 18, 24, 25, 26, 28, 29, 31, 33, 45, 46, 48, 50, 51, 55, 56, 57, 77, 78, 80, 81]]
[116, 4.19917, [0, 1, 2, 4, 5, 7, 8, 13, 14, 15, 17, 18, 24, 25, 26, 28, 29, 31, 33, 45, 47, 48, 50, 51, 52, 55, 56, 57, 77, 80, 81]]
[116, 4.19032, [0, 1, 2, 4, 5, 7, 8, 13, 14, 15, 17, 18, 24, 25, 26, 28, 29, 31, 33, 45, 47, 48, 50, 51, 52, 56, 57, 77, 79, 80, 81]]
[116, 4.18899, [0, 1, 2, 4, 5, 7, 8, 13, 14, 15, 17, 18, 24, 25, 26, 28, 29, 31, 33, 45, 47, 48, 50, 51, 55, 56, 57, 77, 78, 80, 81]]
[116, 4.25038, [0, 1, 2, 4, 5, 7, 8, 13, 14, 15, 17, 18, 24, 25, 26, 28, 29, 31, 33, 46, 47, 48, 50, 51, 55, 56, 57, 64, 77, 78, 80, 81]]
[116, 4.19339, [0, 1, 2, 4, 5, 7, 8, 13, 14, 15, 17, 18, 24, 25, 26, 28, 29, 31, 33, 46, 47, 48, 50, 51, 55, 56, 57, 64, 77, 78, 81]]
[116, 4.19285, [0, 1, 2, 4, 5, 7, 8, 13, 14, 15, 17, 18, 24, 25, 26, 28, 29, 31, 33, 46, 47, 48, 50, 51, 55, 56, 57, 64, 77, 80, 81]]
[116, 4.19257, [0, 1, 2, 4, 5, 7, 8, 13, 14, 15, 17, 18, 24, 25, 26, 28, 29, 31, 33, 46, 47, 48, 50, 51, 55, 56, 57, 64, 78, 80, 81]]
[116, 4.18828, [0, 1, 2, 4, 5, 7, 8, 13, 14, 15, 17, 18, 24, 25, 26, 28, 29, 31, 33, 46, 47, 48, 50, 51, 55, 56, 57, 77, 78, 80, 81]]
[116, 4.18527, [0, 1, 2, 4, 5, 7, 8, 13, 14, 15, 17, 18, 24, 25, 26, 28, 29, 31, 33, 46, 47, 48, 50, 51, 55, 56, 64, 77, 78, 80, 81]]
[116, 4.18478, [0, 1, 2, 4, 5, 7, 8, 13, 14, 15, 17, 18, 24, 25, 26, 28, 29, 31, 33, 46, 47, 48, 50, 51, 55, 57, 64, 77, 78, 80, 81]]
[116, 4.18455, [0, 1, 2, 4, 5, 7, 8, 13, 14, 15, 17, 18, 24, 25, 26, 28, 29, 31, 33, 46, 47, 48, 50, 51, 56, 57, 64, 77, 78, 79, 81]]
[116, 4.18428, [0, 1, 2, 4, 5, 7, 8, 13, 14, 15, 17, 18, 24, 25, 26, 28, 29, 31, 33, 46, 47, 48, 50, 51, 56, 57, 64, 77, 78, 80, 81]]
[116, 4.18401, [0, 1, 2, 4, 5, 7, 8, 13, 14, 15, 17, 18, 24, 25, 26, 28, 29, 31, 33, 46, 47, 48, 50, 51, 56, 57, 64, 77, 79, 80, 81]]
[116, 4.18211, [0, 1, 2, 4, 5, 7, 8, 13, 14, 15, 17, 18, 24, 25, 26, 28, 29, 31, 33, 46, 47, 48, 50, 55, 56, 57, 64, 77, 78, 80, 81]]
[116, 4.19219, [0, 1, 2, 4, 5, 7, 8, 13, 14, 15, 17, 18, 24, 25, 26, 28, 29, 31, 33, 46, 47, 48, 51, 52, 53, 56, 57, 64, 79, 80, 81]]
[116, 4.19169, [0, 1, 2, 4, 5, 7, 8, 13, 14, 15, 17, 18, 24, 25, 26, 28, 29, 31, 33, 46, 47, 48, 51, 52, 55, 56, 57, 64, 77, 80, 81]]
[116, 4.18284, [0, 1, 2, 4, 5, 7, 8, 13, 14, 15, 17, 18, 24, 25, 26, 28, 29, 31, 33, 46, 47, 48, 51, 52, 56, 57, 64, 77, 79, 80, 81]]
[116, 4.18151, [0, 1, 2, 4, 5, 7, 8, 13, 14, 15, 17, 18, 24, 25, 26, 28, 29, 31, 33, 46, 47, 48, 51, 55, 56, 57, 64, 77, 78, 80, 81]]
[116, 4.19043, [0, 1, 2, 4, 5, 7, 8, 13, 14, 15, 17, 18, 24, 25, 26, 28, 29, 31, 33, 46, 47, 50, 51, 52, 55, 56, 57, 64, 77, 80, 81]]
[116, 4.18159, [0, 1, 2, 4, 5, 7, 8, 13, 14, 15, 17, 18, 24, 25, 26, 28, 29, 31, 33, 46, 47, 50, 51, 52, 56, 57, 64, 77, 79, 80, 81]]
[116, 4.18026, [0, 1, 2, 4, 5, 7, 8, 13, 14, 15, 17, 18, 24, 25, 26, 28, 29, 31, 33, 46, 47, 50, 51, 55, 56, 57, 64, 77, 78, 80, 81]]
[116, 4.1796, [0, 1, 2, 4, 5, 7, 8, 13, 14, 15, 17, 18, 24, 25, 26, 28, 29, 31, 33, 46, 48, 50, 51, 55, 56, 57, 64, 77, 78, 80, 81]]
[116, 4.18908, [0, 1, 2, 4, 5, 7, 8, 13, 14, 15, 17, 18, 24, 25, 26, 28, 29, 31, 33, 47, 48, 50, 51, 52, 55, 56, 57, 64, 77, 80, 81]]
[116, 4.18024, [0, 1, 2, 4, 5, 7, 8, 13, 14, 15, 17, 18, 24, 25, 26, 28, 29, 31, 33, 47, 48, 50, 51, 52, 56, 57, 64, 77, 79, 80, 81]]
[116, 4.17891, [0, 1, 2, 4, 5, 7, 8, 13, 14, 15, 17, 18, 24, 25, 26, 28, 29, 31, 33, 47, 48, 50, 51, 55, 56, 57, 64, 77, 78, 80, 81]]
[116, 4.17123, [0, 1, 2, 4, 5, 7, 8, 13, 14, 15, 17, 18, 24, 25, 26, 28, 29, 33, 45, 46, 47, 50, 51, 52, 55, 56, 57, 77, 79, 80, 81]]
[116, 4.17575, [0, 1, 2, 4, 5, 7, 8, 13, 14, 15, 17, 18, 24, 25, 26, 28, 31, 33, 43, 45, 46, 47, 50, 51, 52, 56, 57, 77, 79, 80, 81]]
[116, 4.17072, [0, 1, 2, 4, 5, 7, 8, 13, 14, 15, 17, 18, 24, 25, 26, 28, 31, 33, 43, 45, 46, 48, 50, 51, 53, 56, 57, 78, 79, 80, 97]]
[116, 4.17376, [0, 1, 2, 4, 5, 7, 8, 13, 14, 15, 17, 18, 24, 25, 26, 28, 31, 33, 43, 45, 46, 48, 50, 51, 55, 56, 57, 77, 78, 80, 81]]
[116, 4.1744, [0, 1, 2, 4, 5, 7, 8, 13, 14, 15, 17, 18, 24, 25, 26, 28, 31, 33, 43, 45, 47, 48, 50, 51, 52, 56, 57, 77, 79, 80, 81]]
[116, 4.17626, [0, 1, 2, 4, 5, 7, 8, 13, 14, 15, 17, 18, 24, 25, 26, 28, 31, 33, 43, 46, 47, 48, 51, 52, 53, 56, 57, 64, 79, 80, 81]]
[116, 4.17108, [0, 1, 2, 4, 5, 7, 8, 13, 14, 15, 17, 18, 24, 25, 27, 28, 29, 33, 36, 46, 48, 50, 51, 55, 56, 57, 64, 77, 79, 80, 81]]
[116, 4.17358, [0, 1, 2, 4, 5, 7, 8, 13, 14, 15, 17, 18, 24, 25, 27, 28, 29, 33, 45, 46, 47, 50, 51, 52, 55, 56, 57, 64, 79, 80, 81]]
[116, 4.17223, [0, 1, 2, 4, 5, 7, 8, 13, 14, 15, 17, 18, 24, 25, 27, 28, 29, 33, 45, 47, 48, 50, 51, 52, 55, 56, 57, 64, 79, 80, 81]]
[116, 4.19663, [0, 1, 2, 4, 5, 7, 8, 13, 14, 15, 17, 18, 24, 25, 27, 28, 31, 33, 36, 39, 43, 46, 48, 52, 53, 55, 56, 57, 64, 81, 103]]
[116, 4.18415, [0, 1, 2, 4, 5, 7, 8, 13, 14, 15, 17, 18, 24, 25, 27, 28, 31, 33, 36, 39, 43, 46, 48, 52, 53, 55, 56, 64, 81, 100, 103]]
[116, 4.18701, [0, 1, 2, 4, 5, 7, 8, 13, 14, 15, 17, 18, 24, 25, 27, 28, 31, 33, 36, 39, 43, 46, 48, 52, 53, 55, 57, 64, 81, 84, 103]]
[116, 4.17453, [0, 1, 2, 4, 5, 7, 8, 13, 14, 15, 17, 18, 24, 25, 27, 28, 31, 33, 36, 39, 43, 46, 48, 52, 53, 55, 64, 81, 84, 100, 103]]
[116, 4.18511, [0, 1, 2, 4, 5, 7, 8, 13, 14, 15, 17, 18, 24, 25, 27, 28, 31, 33, 36, 39, 43, 48, 52, 53, 55, 56, 57, 64, 70, 81, 103]]
[116, 4.17263, [0, 1, 2, 4, 5, 7, 8, 13, 14, 15, 17, 18, 24, 25, 27, 28, 31, 33, 36, 39, 43, 48, 52, 53, 55, 56, 64, 70, 81, 100, 103]]
[116, 4.18077, [0, 1, 2, 4, 5, 7, 8, 13, 14, 15, 17, 18, 24, 25, 27, 28, 31, 33, 36, 43, 46, 48, 50, 51, 53, 55, 56, 64, 80, 81, 103]]
[116, 4.17181, [0, 1, 2, 4, 5, 7, 8, 13, 14, 15, 17, 18, 24, 25, 27, 28, 31, 33, 43, 45, 46, 48, 50, 51, 55, 56, 57, 77, 78, 80, 81]]
[116, 4.19402, [0, 1, 2, 4, 5, 7, 8, 13, 14, 15, 17, 18, 24, 25, 27, 29, 30, 32, 38, 42, 48, 49, 50, 52, 53, 55, 56, 57, 64, 70, 81]]
[116, 4.19222, [0, 1, 2, 4, 5, 7, 8, 13, 14, 15, 17, 18, 24, 25, 27, 29, 30, 32, 38, 42, 48, 49, 50, 52, 53, 55, 56, 61, 64, 70, 81]]
[116, 4.18621, [0, 1, 2, 4, 5, 7, 8, 13, 14, 15, 17, 18, 24, 25, 27, 29, 32, 36, 38, 42, 48, 49, 50, 52, 53, 55, 56, 57, 64, 70, 81]]
[116, 4.18442, [0, 1, 2, 4, 5, 7, 8, 13, 14, 15, 17, 18, 24, 25, 27, 29, 32, 36, 38, 42, 48, 49, 50, 52, 53, 55, 56, 61, 64, 70, 81]]
[116, 4.18014, [0, 1, 2, 4, 5, 7, 8, 13, 14, 15, 17, 18, 24, 25, 27, 29, 32, 36, 38, 42, 48, 49, 50, 52, 53, 55, 56, 61, 64, 70, 101]]
[116, 4.19212, [0, 1, 2, 4, 5, 7, 8, 13, 14, 15, 17, 18, 24, 25, 28, 29, 31, 33, 36, 39, 45, 46, 48, 52, 53, 55, 56, 57, 64, 81, 100]]
[116, 4.18328, [0, 1, 2, 4, 5, 7, 8, 13, 14, 15, 17, 18, 24, 25, 28, 29, 31, 33, 36, 39, 45, 46, 48, 52, 53, 56, 57, 64, 79, 81, 100]]
[116, 4.17637, [0, 1, 2, 4, 5, 7, 8, 13, 14, 15, 17, 18, 24, 25, 28, 29, 31, 33, 36, 39, 45, 46, 48, 52, 53, 57, 64, 74, 79, 81, 100]]
[116, 4.1806, [0, 1, 2, 4, 5, 7, 8, 13, 14, 15, 17, 18, 24, 25, 28, 29, 31, 33, 36, 39, 45, 48, 52, 53, 55, 56, 57, 64, 70, 81, 100]]
[116, 4.17177, [0, 1, 2, 4, 5, 7, 8, 13, 14, 15, 17, 18, 24, 25, 28, 29, 31, 33, 36, 39, 45, 48, 52, 53, 56, 57, 64, 70, 79, 81, 100]]
[116, 4.17127, [0, 1, 2, 4, 5, 7, 8, 13, 14, 15, 17, 18, 24, 25, 28, 29, 31, 33, 36, 39, 45, 48, 52, 55, 56, 57, 64, 70, 77, 81, 100]]
[116, 4.1799, [0, 1, 2, 4, 5, 7, 8, 13, 14, 15, 17, 18, 24, 25, 28, 29, 31, 33, 36, 45, 46, 48, 50, 51, 53, 56, 57, 64, 79, 80, 81]]
[116, 4.1794, [0, 1, 2, 4, 5, 7, 8, 13, 14, 15, 17, 18, 24, 25, 28, 29, 31, 33, 36, 45, 46, 48, 50, 51, 55, 56, 57, 64, 77, 80, 81]]
[116, 4.17057, [0, 1, 2, 4, 5, 7, 8, 13, 14, 15, 17, 18, 24, 25, 28, 29, 31, 33, 36, 45, 46, 48, 50, 51, 56, 57, 64, 77, 79, 80, 81]]
[116, 4.17859, [0, 1, 2, 4, 5, 7, 8, 13, 14, 15, 17, 18, 24, 25, 28, 29, 31, 33, 36, 45, 48, 50, 51, 52, 55, 56, 57, 64, 70, 77, 81]]
[116, 4.1723, [0, 1, 2, 4, 5, 7, 8, 13, 14, 15, 17, 18, 24, 25, 28, 29, 31, 33, 36, 45, 48, 50, 52, 53, 55, 56, 57, 64, 70, 81, 100]]
[116, 4.1762, [0, 1, 2, 4, 5, 7, 8, 13, 14, 15, 17, 18, 24, 25, 28, 31, 33, 36, 39, 43, 45, 46, 48, 52, 53, 55, 56, 57, 64, 81, 100]]
[116, 4.17753, [0, 1, 2, 4, 5, 7, 8, 13, 14, 15, 17, 18, 24, 25, 28, 31, 33, 39, 43, 45, 48, 52, 54, 56, 64, 67, 70, 79, 81, 90, 99, 100]]
[116, 4.2009, [0, 1, 2, 4, 5, 7, 8, 13, 14, 15, 17, 18, 24, 28, 31, 33, 36, 37, 39, 43, 46, 47, 48, 52, 53, 56, 57, 64, 74, 81, 100, 103]]
[116, 4.20338, [0, 1, 2, 4, 5, 7, 8, 13, 14, 15, 17, 18, 24, 28, 31, 33, 36, 37, 39, 43, 46, 47, 48, 52, 53, 56, 61, 64, 67, 74, 100, 103]]
[116, 4.19117, [0, 1, 2, 4, 5, 7, 8, 13, 14, 15, 17, 18, 24, 28, 31, 33, 36, 37, 39, 43, 46, 47, 48, 52, 53, 57, 64, 74, 81, 84, 100, 103]]
[116, 4.19366, [0, 1, 2, 4, 5, 7, 8, 13, 14, 15, 17, 18, 24, 28, 31, 33, 36, 37, 39, 43, 46, 47, 48, 52, 53, 61, 64, 67, 74, 84, 100, 103]]
[116, 4.18758, [0, 1, 2, 4, 5, 7, 8, 13, 14, 15, 17, 18, 24, 28, 31, 33, 36, 37, 39, 43, 46, 47, 48, 52, 56, 57, 64, 74, 81, 93, 100, 103]]
[116, 4.17786, [0, 1, 2, 4, 5, 7, 8, 13, 14, 15, 17, 18, 24, 28, 31, 33, 36, 37, 39, 43, 46, 47, 48, 52, 57, 64, 74, 81, 84, 93, 100, 103]]
[116, 4.18122, [0, 1, 2, 4, 5, 7, 8, 13, 14, 15, 17, 18, 24, 28, 31, 33, 36, 39, 43, 46, 47, 48, 52, 53, 56, 61, 64, 67, 74, 79, 100, 103]]
[116, 4.1715, [0, 1, 2, 4, 5, 7, 8, 13, 14, 15, 17, 18, 24, 28, 31, 33, 36, 39, 43, 46, 47, 48, 52, 53, 61, 64, 67, 74, 79, 84, 100, 103]]
[116, 4.18712, [0, 1, 2, 4, 5, 7, 8, 13, 14, 15, 17, 18, 24, 28, 31, 33, 37, 39, 43, 46, 47, 48, 52, 53, 54, 56, 57, 64, 74, 81, 100, 103]]
[116, 4.1896, [0, 1, 2, 4, 5, 7, 8, 13, 14, 15, 17, 18, 24, 28, 31, 33, 37, 39, 43, 46, 47, 48, 52, 53, 54, 56, 61, 64, 67, 74, 100, 103]]
[116, 4.17381, [0, 1, 2, 4, 5, 7, 8, 13, 14, 15, 17, 18, 24, 28, 31, 33, 37, 39, 43, 46, 47, 48, 52, 54, 56, 57, 64, 74, 81, 93, 100, 103]]
[116, 4.17994, [0, 1, 2, 4, 5, 7, 8, 13, 14, 15, 17, 18, 25, 26, 28, 29, 31, 32, 33, 36, 45, 48, 50, 51, 52, 56, 57, 77, 79, 81, 107]]
[116, 4.18539, [0, 1, 2, 4, 5, 7, 8, 13, 14, 15, 17, 23, 25, 26, 29, 30, 33, 36, 40, 42, 44, 50, 52, 53, 54, 64, 67, 69, 70, 86, 89, 113]]
[116, 4.18654, [0, 1, 2, 4, 5, 7, 8, 13, 14, 16, 17, 18, 22, 25, 27, 28, 29, 33, 35, 36, 39, 44, 46, 51, 53, 68, 69, 70, 82, 89, 106]]
[116, 4.18017, [0, 1, 2, 4, 5, 7, 8, 13, 14, 16, 17, 18, 22, 25, 27, 28, 29, 33, 35, 36, 39, 44, 46, 51, 53, 68, 69, 82, 89, 95, 106]]
[116, 4.18001, [0, 1, 2, 4, 5, 7, 8, 13, 14, 16, 17, 18, 22, 25, 27, 28, 29, 33, 35, 36, 39, 44, 46, 51, 53, 68, 69, 82, 89, 95, 107]]
[116, 4.17292, [0, 1, 2, 4, 5, 7, 8, 13, 14, 16, 17, 18, 22, 25, 27, 28, 29, 33, 35, 36, 39, 44, 46, 51, 53, 69, 82, 89, 95, 96, 106]]
[116, 4.17098, [0, 1, 2, 4, 5, 7, 8, 13, 14, 16, 17, 18, 22, 25, 27, 28, 29, 33, 35, 36, 39, 44, 46, 51, 53, 69, 82, 89, 95, 106, 107]]
[116, 4.1852, [0, 1, 2, 4, 5, 7, 8, 13, 14, 16, 17, 18, 22, 25, 27, 28, 29, 33, 35, 44, 45, 46, 50, 51, 53, 54, 56, 57, 82, 96, 106]]
[116, 4.18037, [0, 1, 2, 4, 5, 7, 8, 13, 14, 16, 17, 18, 22, 25, 27, 28, 29, 33, 35, 44, 45, 46, 50, 51, 53, 54, 56, 69, 82, 96, 106]]
[116, 4.18431, [0, 1, 2, 4, 5, 7, 8, 13, 14, 16, 17, 18, 22, 25, 27, 28, 29, 33, 35, 44, 45, 47, 51, 53, 54, 56, 57, 64, 70, 82, 106]]
[116, 4.17493, [0, 1, 2, 4, 5, 7, 8, 13, 14, 16, 17, 18, 22, 25, 27, 28, 29, 33, 43, 45, 46, 48, 50, 51, 55, 56, 57, 77, 78, 79, 81]]
[116, 4.17367, [0, 1, 2, 4, 5, 7, 8, 13, 14, 16, 17, 18, 22, 25, 27, 28, 30, 33, 35, 45, 46, 47, 50, 51, 53, 54, 57, 77, 82, 96, 106]]
[116, 4.17937, [0, 1, 2, 4, 5, 7, 8, 13, 14, 16, 17, 18, 22, 25, 27, 29, 30, 33, 35, 39, 42, 46, 47, 50, 51, 53, 68, 82, 89, 95, 96]]
[116, 4.18394, [0, 1, 2, 4, 5, 7, 8, 13, 14, 16, 17, 18, 22, 25, 28, 29, 30, 33, 36, 45, 46, 48, 51, 52, 53, 55, 56, 64, 70, 79, 81]]
[116, 4.18296, [0, 1, 2, 4, 5, 7, 8, 13, 14, 16, 17, 18, 22, 25, 28, 29, 30, 33, 36, 45, 46, 48, 51, 52, 53, 56, 57, 64, 70, 79, 81]]
[116, 4.18191, [0, 1, 2, 4, 5, 7, 8, 13, 14, 16, 17, 18, 22, 25, 28, 29, 30, 33, 36, 45, 46, 48, 51, 52, 55, 56, 57, 64, 70, 79, 81]]
[116, 4.17784, [0, 1, 2, 4, 5, 7, 8, 13, 14, 16, 17, 18, 22, 25, 28, 29, 30, 33, 36, 45, 46, 48, 51, 52, 55, 56, 57, 64, 70, 81, 97]]
[116, 4.17362, [0, 1, 2, 4, 5, 7, 8, 13, 14, 16, 17, 18, 22, 25, 28, 29, 30, 33, 36, 45, 46, 48, 51, 52, 56, 57, 64, 70, 77, 79, 81]]
[116, 4.18078, [0, 1, 2, 4, 5, 7, 8, 13, 14, 16, 17, 18, 22, 25, 28, 29, 30, 33, 36, 45, 46, 48, 52, 53, 55, 56, 57, 64, 70, 79, 81]]
[116, 4.1947, [0, 1, 2, 4, 5, 7, 8, 13, 14, 16, 17, 18, 25, 28, 29, 31, 33, 36, 39, 43, 45, 48, 52, 53, 56, 57, 64, 70, 79, 81, 90, 100]]
[116, 4.19106, [0, 1, 2, 4, 5, 7, 8, 13, 14, 16, 17, 18, 25, 28, 29, 33, 36, 39, 43, 45, 46, 48, 52, 53, 55, 56, 57, 64, 70, 79, 81, 100]]
[116, 4.22106, [0, 1, 2, 4, 5, 7, 8, 13, 14, 17, 18, 24, 28, 29, 31, 33, 36, 37, 39, 43, 46, 47, 48, 52, 53, 56, 61, 64, 67, 69, 74, 100, 103]]
[116, 4.21123, [0, 1, 2, 4, 5, 7, 8, 13, 14, 17, 18, 24, 28, 29, 31, 33, 36, 37, 39, 43, 46, 47, 48, 52, 53, 61, 64, 67, 69, 74, 84, 100, 103]]
[116, 4.18489, [0, 1, 2, 4, 5, 7, 8, 13, 14, 17, 18, 24, 29, 31, 33, 36, 37, 39, 43, 46, 47, 48, 52, 53, 56, 61, 64, 67, 69, 74, 84, 100, 103]]
[116, 4.18199, [0, 1, 2, 4, 5, 7, 8, 13, 15, 16, 17, 21, 23, 27, 30, 34, 36, 39, 40, 41, 46, 49, 50, 53, 54, 56, 57, 64, 70, 77, 95, 102]]
[116, 4.19311, [0, 1, 2, 4, 5, 7, 8, 13, 15, 16, 18, 20, 21, 25, 28, 31, 33, 36, 39, 43, 45, 47, 48, 50, 56, 64, 69, 70, 80, 81, 90, 109]]
[116, 4.18043, [0, 1, 2, 4, 5, 7, 8, 13, 15, 16, 18, 20, 21, 25, 28, 31, 33, 39, 43, 45, 47, 48, 50, 52, 56, 64, 69, 70, 80, 81, 90, 109]]
[116, 4.18417, [0, 1, 2, 4, 5, 7, 8, 13, 15, 17, 18, 20, 24, 25, 26, 28, 29, 31, 33, 36, 45, 47, 48, 50, 51, 55, 56, 57, 77, 80, 81]]
[116, 4.17409, [0, 1, 2, 4, 5, 7, 8, 13, 15, 17, 18, 20, 24, 25, 26, 28, 29, 31, 33, 36, 47, 48, 50, 51, 55, 56, 57, 64, 77, 80, 81]]
[116, 4.17163, [0, 1, 2, 4, 5, 7, 8, 13, 15, 17, 18, 20, 24, 25, 26, 28, 29, 31, 33, 45, 47, 48, 50, 51, 52, 55, 56, 57, 77, 80, 81]]
[116, 4.22361, [0, 1, 2, 4, 5, 7, 8, 13, 15, 17, 18, 20, 24, 25, 26, 28, 29, 31, 36, 42, 46, 47, 49, 50, 51, 55, 57, 64, 72, 77, 81, 106]]
[116, 4.2218, [0, 1, 2, 4, 5, 7, 8, 13, 15, 17, 18, 20, 24, 25, 26, 28, 29, 31, 36, 42, 46, 47, 49, 50, 51, 55, 61, 64, 72, 77, 81, 106]]
[116, 4.20109, [0, 1, 2, 4, 5, 7, 8, 13, 15, 17, 18, 20, 24, 25, 26, 28, 31, 36, 40, 42, 46, 47, 49, 50, 51, 55, 57, 64, 72, 97, 101, 106]]
[116, 4.17646, [0, 1, 2, 4, 5, 7, 8, 13, 16, 17, 18, 20, 25, 26, 28, 29, 30, 33, 36, 45, 47, 50, 51, 55, 56, 57, 70, 72, 79, 81, 97, 106]]
[116, 4.20825, [0, 1, 2, 4, 5, 7, 8, 15, 16, 18, 20, 21, 23, 26, 27, 30, 32, 35, 36, 39, 40, 41, 43, 57, 68, 70, 71, 72, 83, 89, 95, 102, 111]]
[116, 4.17661, [0, 1, 2, 4, 5, 7, 9, 12, 14, 15, 16, 22, 24, 25, 26, 29, 30, 31, 33, 39, 40, 41, 48, 50, 51, 52, 55, 77, 93, 107, 112]]
[116, 4.17101, [0, 1, 2, 4, 5, 7, 9, 12, 14, 15, 16, 22, 24, 25, 26, 29, 30, 31, 33, 39, 40, 41, 48, 50, 51, 55, 64, 77, 93, 107, 112]]
[116, 4.1746, [0, 1, 2, 4, 5, 7, 9, 12, 14, 15, 16, 22, 24, 25, 26, 29, 30, 33, 39, 40, 41, 46, 48, 50, 51, 53, 55, 61, 64, 107, 112]]
[116, 4.19734, [0, 1, 2, 4, 5, 7, 9, 12, 14, 15, 16, 22, 24, 25, 29, 30, 31, 33, 39, 40, 41, 47, 48, 50, 51, 53, 64, 90, 93, 96, 107, 112]]
[116, 4.19264, [0, 1, 2, 4, 5, 7, 9, 12, 14, 15, 16, 22, 24, 25, 29, 30, 31, 37, 39, 40, 41, 47, 48, 50, 51, 53, 64, 90, 93, 96, 107, 112]]
[116, 4.20437, [0, 1, 2, 4, 5, 7, 9, 12, 14, 15, 16, 22, 24, 25, 29, 30, 33, 39, 40, 41, 46, 47, 48, 50, 51, 53, 55, 61, 64, 90, 107, 112]]
[116, 4.18675, [0, 1, 2, 4, 5, 7, 9, 12, 14, 15, 16, 22, 24, 25, 30, 31, 33, 37, 39, 40, 41, 47, 48, 50, 51, 53, 64, 90, 93, 96, 107, 112]]
[116, 4.18678, [0, 1, 2, 4, 5, 7, 9, 12, 14, 15, 16, 22, 25, 26, 27, 30, 33, 41, 42, 46, 47, 48, 50, 51, 53, 55, 61, 64, 77, 78, 102, 107]]
[116, 4.19037, [0, 1, 2, 4, 5, 7, 11, 12, 13, 15, 16, 18, 20, 23, 26, 27, 30, 32, 33, 35, 40, 41, 42, 51, 53, 64, 72, 77, 83, 94, 107]]
[116, 4.17956, [0, 1, 2, 4, 5, 7, 11, 12, 13, 15, 16, 18, 20, 23, 26, 27, 30, 32, 33, 35, 40, 41, 42, 51, 53, 72, 77, 83, 94, 107, 108]]
[116, 4.17693, [0, 1, 2, 4, 5, 7, 11, 12, 13, 15, 16, 18, 20, 23, 26, 27, 30, 32, 33, 35, 40, 41, 42, 53, 64, 72, 77, 83, 89, 94, 107]]
[116, 4.19394, [0, 1, 2, 4, 5, 7, 11, 12, 13, 15, 16, 18, 20, 23, 26, 27, 30, 32, 35, 36, 40, 42, 43, 53, 55, 56, 64, 72, 83, 89, 95]]
[116, 4.18156, [0, 1, 2, 4, 5, 7, 11, 12, 13, 15, 16, 18, 20, 23, 26, 27, 30, 32, 35, 36, 40, 42, 51, 53, 55, 64, 68, 77, 82, 83, 107]]
[116, 4.18024, [0, 1, 2, 4, 5, 7, 11, 12, 13, 15, 16, 18, 20, 23, 26, 27, 30, 32, 35, 36, 40, 42, 51, 53, 55, 64, 72, 77, 82, 83, 107]]
[116, 4.17075, [0, 1, 2, 4, 5, 7, 11, 12, 13, 15, 16, 18, 20, 23, 26, 27, 30, 32, 35, 36, 40, 42, 51, 53, 55, 68, 77, 82, 83, 107, 108]]
[116, 4.17329, [0, 1, 2, 4, 5, 7, 11, 12, 13, 15, 16, 18, 20, 23, 26, 30, 32, 33, 35, 36, 40, 41, 42, 53, 57, 68, 77, 83, 86, 87, 92]]
[116, 4.17039, [0, 1, 2, 4, 5, 7, 11, 12, 13, 15, 16, 18, 20, 23, 26, 30, 32, 33, 35, 36, 40, 41, 42, 53, 57, 68, 77, 83, 86, 87, 108]]
[116, 4.18227, [0, 1, 2, 4, 5, 7, 11, 12, 13, 15, 16, 18, 20, 23, 32, 35, 37, 39, 40, 42, 43, 44, 51, 53, 54, 57, 66, 68, 83, 99, 105, 108]]
[116, 4.171, [0, 1, 2, 4, 5, 7, 11, 12, 13, 15, 16, 18, 20, 23, 32, 35, 37, 39, 40, 42, 43, 44, 51, 54, 57, 66, 67, 68, 103, 104, 105, 108]]
[116, 4.18591, [0, 1, 2, 4, 5, 7, 11, 12, 13, 15, 16, 18, 26, 28, 31, 32, 33, 36, 38, 42, 47, 49, 50, 51, 55, 56, 57, 64, 72, 75, 81, 104]]
[116, 4.17636, [0, 1, 2, 4, 5, 7, 11, 12, 13, 15, 16, 18, 26, 28, 31, 32, 33, 36, 38, 42, 47, 49, 50, 51, 55, 56, 57, 64, 72, 97, 101, 104]]
[116, 4.17467, [0, 1, 2, 4, 5, 7, 11, 12, 13, 15, 16, 18, 26, 28, 31, 32, 33, 36, 38, 42, 47, 49, 50, 51, 55, 56, 64, 72, 75, 81, 93, 104]]
[116, 4.18334, [0, 1, 2, 4, 5, 7, 11, 12, 13, 15, 16, 21, 23, 24, 25, 28, 30, 32, 38, 43, 46, 49, 50, 53, 56, 57, 72, 78, 97, 109, 110, 112]]
[116, 4.17967, [0, 1, 2, 4, 5, 7, 11, 12, 13, 15, 16, 21, 23, 24, 25, 28, 30, 32, 42, 43, 46, 49, 50, 53, 56, 57, 72, 78, 97, 109, 110, 112]]
[116, 4.17419, [0, 1, 2, 4, 5, 7, 11, 12, 13, 15, 16, 21, 23, 24, 25, 28, 30, 32, 42, 43, 46, 49, 50, 53, 56, 57, 72, 97, 103, 109, 110, 112]]
[116, 4.18779, [0, 1, 2, 4, 5, 7, 11, 12, 13, 15, 16, 24, 25, 26, 28, 29, 31, 32, 33, 38, 47, 49, 50, 53, 55, 57, 64, 72, 78, 80, 81, 112]]
[116, 4.1788, [0, 1, 2, 4, 5, 7, 11, 12, 13, 15, 21, 22, 24, 27, 28, 34, 38, 42, 43, 45, 47, 48, 50, 54, 56, 61, 66, 75, 76, 90, 91, 93, 99]]
[116, 4.17605, [0, 1, 2, 4, 5, 8, 9, 10, 14, 17, 21, 22, 23, 26, 28, 29, 31, 33, 37, 39, 40, 44, 48, 54, 57, 64, 71, 73, 76, 93, 100, 103]]
[116, 4.17468, [0, 1, 2, 4, 5, 8, 9, 10, 14, 17, 21, 22, 23, 26, 28, 29, 31, 33, 37, 39, 40, 44, 48, 54, 57, 64, 71, 73, 76, 93, 103, 108]]
[116, 4.17353, [0, 1, 2, 4, 5, 8, 9, 10, 14, 17, 21, 22, 23, 26, 28, 29, 31, 33, 37, 39, 40, 44, 48, 54, 57, 64, 71, 73, 76, 93, 108, 110]]
[116, 4.17117, [0, 1, 2, 4, 5, 8, 9, 10, 14, 17, 21, 22, 23, 26, 28, 29, 31, 33, 37, 39, 40, 44, 48, 54, 64, 69, 71, 73, 76, 93, 100, 103]]

Search completed in 17 hours, 34 minutes, and 19.205 seconds.  Enter a string to quit.