Enter an integer k for which our Kempner sets are k-free: 4
Enter a positive integer modulus b: 18
Enter estimation parameters, or * for pre-computed parameters ([0.1686, 1.1772, 1.6133]): *
Enter a threshold (e.g. 4.2) to determine printed output: 3.0
Enter a root for the search space (e.g. [0, 1, 2]) [or * for the root [0]]: *
Enter an upper bound for the size of allowable digit sets [or * to ignore]: *
Enter a maximal number of deviations from a greedy search [or * to ignore]: *
Searching for k-free sets mod b...

[18, 3.67287, [0, 1, 2, 4, 5, 7, 8]]
[18, 3.60151, [0, 1, 2, 4, 5, 7, 12]]
[18, 3.56978, [0, 1, 2, 4, 5, 7, 15]]
[18, 3.23031, [0, 1, 2, 4, 5, 8]]
[18, 3.47082, [0, 1, 2, 4, 5, 12, 15]]
[18, 3.13667, [0, 1, 2, 4, 5, 15]]
[18, 3.15489, [0, 1, 2, 4, 7, 8]]
[18, 3.09035, [0, 1, 2, 4, 7, 12]]
[18, 3.36627, [0, 1, 2, 4, 7, 14, 15]]
[18, 3.06168, [0, 1, 2, 4, 7, 15]]
[18, 3.1528, [0, 1, 2, 5, 6, 7]]
[18, 3.12736, [0, 1, 2, 5, 6, 8]]
[18, 3.33838, [0, 1, 2, 5, 6, 13, 16]]
[18, 3.02687, [0, 1, 2, 5, 6, 16]]
[18, 3.3934, [0, 1, 2, 5, 7, 8, 15]]
[18, 3.03072, [0, 1, 2, 5, 7, 12]]
[18, 3.00221, [0, 1, 2, 5, 7, 15]]
[18, 3.25598, [0, 1, 2, 5, 8, 15, 16]]
[18, 3.21352, [0, 1, 2, 5, 12, 13, 15]]
[18, 3.17439, [0, 1, 2, 5, 13, 15, 16]]
[18, 3.05226, [0, 1, 2, 6, 7, 8]]
[18, 3.06564, [0, 1, 2, 8, 13, 15, 16]]
[18, 3.4153, [0, 1, 3, 4, 5, 8, 11]]
[18, 3.36274, [0, 1, 3, 4, 5, 8, 16]]
[18, 3.3063, [0, 1, 3, 4, 5, 11, 16]]
[18, 3.26211, [0, 1, 3, 4, 5, 15, 16]]
[18, 3.45279, [0, 1, 3, 4, 6, 7, 8]]
[18, 3.36841, [0, 1, 3, 4, 6, 8, 11]]
[18, 3.10631, [0, 1, 3, 4, 11, 14, 16]]
[18, 3.06263, [0, 1, 3, 4, 14, 15, 16]]
[18, 3.30287, [0, 1, 3, 5, 6, 8, 11]]
[18, 3.16987, [0, 1, 3, 5, 6, 13, 16]]
[18, 3.08859, [0, 1, 3, 5, 8, 15, 16]]
[18, 3.22103, [0, 1, 3, 6, 7, 8, 11]]
[18, 3.20379, [0, 1, 4, 5, 6, 8, 11]]
[18, 3.05639, [0, 1, 4, 5, 7, 12, 15]]
[18, 3.03436, [0, 1, 4, 5, 8, 11, 16]]

Search completed in 0 hours, 0 minutes, and 0.014 seconds.  Enter a string to quit.