Enter an integer k for which our Kempner sets are k-free: 4
Enter a positive integer modulus b: 38
Enter estimation parameters, or * for pre-computed parameters ([0.1164, 1.1256, 1.4798]): *
Enter a threshold (e.g. 4.2) to determine printed output: 3.75
Enter a root for the search space (e.g. [0, 1, 2]) [or * for the root [0]]: *
Enter an upper bound for the size of allowable digit sets [or * to ignore]: *
Enter a maximal number of deviations from a greedy search [or * to ignore]: *
Searching for k-free sets mod b...

[38, 4.03465, [0, 1, 2, 4, 5, 7, 8, 9, 14, 15, 16, 18, 25]]
[38, 3.82958, [0, 1, 2, 4, 5, 7, 8, 9, 14, 15, 16, 25]]
[38, 3.84945, [0, 1, 2, 4, 5, 7, 8, 9, 14, 15, 17, 18]]
[38, 3.81884, [0, 1, 2, 4, 5, 7, 8, 9, 14, 15, 18, 25]]
[38, 3.84314, [0, 1, 2, 4, 5, 7, 8, 9, 14, 16, 17, 18]]
[38, 3.82685, [0, 1, 2, 4, 5, 7, 8, 9, 14, 16, 17, 22]]
[38, 3.81253, [0, 1, 2, 4, 5, 7, 8, 9, 14, 16, 18, 25]]
[38, 3.79625, [0, 1, 2, 4, 5, 7, 8, 9, 14, 16, 22, 25]]
[38, 3.78653, [0, 1, 2, 4, 5, 7, 8, 9, 14, 16, 22, 29]]
[38, 3.7617, [0, 1, 2, 4, 5, 7, 8, 9, 14, 16, 29, 32]]
[38, 3.78089, [0, 1, 2, 4, 5, 7, 8, 9, 14, 17, 22, 29]]
[38, 3.76451, [0, 1, 2, 4, 5, 7, 8, 9, 14, 18, 25, 30]]
[38, 3.80544, [0, 1, 2, 4, 5, 7, 8, 9, 15, 16, 18, 25]]
[38, 3.78238, [0, 1, 2, 4, 5, 7, 8, 9, 15, 17, 18, 33]]
[38, 3.82551, [0, 1, 2, 4, 5, 7, 8, 9, 22, 29, 31, 32, 33]]
[38, 3.9793, [0, 1, 2, 4, 5, 7, 8, 13, 14, 15, 17, 18, 25]]
[38, 3.77651, [0, 1, 2, 4, 5, 7, 8, 13, 14, 15, 17, 25]]
[38, 3.75583, [0, 1, 2, 4, 5, 7, 8, 13, 14, 15, 17, 35]]
[38, 3.77142, [0, 1, 2, 4, 5, 7, 8, 13, 14, 15, 18, 25]]
[38, 3.97274, [0, 1, 2, 4, 5, 7, 8, 13, 14, 16, 17, 18, 25]]
[38, 3.9558, [0, 1, 2, 4, 5, 7, 8, 13, 14, 16, 17, 22, 25]]
[38, 3.77021, [0, 1, 2, 4, 5, 7, 8, 13, 14, 16, 17, 25]]
[38, 3.76512, [0, 1, 2, 4, 5, 7, 8, 13, 14, 16, 18, 25]]
[38, 3.75948, [0, 1, 2, 4, 5, 7, 8, 13, 14, 17, 18, 25]]
[38, 3.76313, [0, 1, 2, 4, 5, 7, 8, 13, 15, 16, 17, 25]]
[38, 3.75804, [0, 1, 2, 4, 5, 7, 8, 13, 15, 16, 18, 25]]
[38, 3.91338, [0, 1, 2, 4, 5, 7, 8, 13, 15, 17, 18, 25, 31]]
[38, 3.87912, [0, 1, 2, 4, 5, 7, 8, 13, 15, 17, 25, 28, 31]]
[38, 3.9588, [0, 1, 2, 4, 5, 7, 9, 12, 14, 15, 16, 22, 25]]
[38, 3.933, [0, 1, 2, 4, 5, 7, 9, 12, 14, 15, 16, 25, 32]]
[38, 3.75751, [0, 1, 2, 4, 5, 7, 9, 12, 14, 15, 16, 32]]
[38, 3.9045, [0, 1, 2, 4, 5, 7, 9, 12, 14, 16, 22, 25, 29]]
[38, 3.88471, [0, 1, 2, 4, 5, 7, 9, 12, 14, 16, 22, 29, 34]]
[38, 3.88271, [0, 1, 2, 4, 5, 7, 9, 12, 14, 16, 25, 29, 30]]
[38, 3.87873, [0, 1, 2, 4, 5, 7, 9, 12, 14, 16, 25, 29, 32]]
[38, 3.81502, [0, 1, 2, 4, 5, 7, 9, 12, 16, 25, 29, 30, 32]]
[38, 3.77764, [0, 1, 2, 4, 5, 7, 9, 12, 22, 25, 29, 33, 34]]
[38, 3.75949, [0, 1, 2, 4, 5, 7, 9, 12, 25, 29, 30, 32, 33]]
[38, 3.75195, [0, 1, 2, 4, 5, 7, 9, 12, 25, 29, 32, 33, 34]]
[38, 3.79712, [0, 1, 2, 4, 5, 7, 9, 14, 16, 25, 29, 30, 32]]
[38, 3.75716, [0, 1, 2, 4, 5, 7, 9, 16, 22, 25, 29, 30, 31]]
[38, 3.77909, [0, 1, 2, 4, 5, 7, 11, 12, 13, 15, 16, 18]]
[38, 3.76283, [0, 1, 2, 4, 5, 7, 11, 12, 13, 15, 16, 22]]
[38, 3.86443, [0, 1, 2, 4, 5, 7, 11, 12, 13, 16, 22, 29, 34]]
[38, 3.80421, [0, 1, 2, 4, 5, 7, 11, 12, 13, 27, 28, 29, 34]]
[38, 3.75479, [0, 1, 2, 4, 5, 7, 11, 12, 14, 15, 16, 22]]
[38, 3.87585, [0, 1, 2, 4, 5, 7, 11, 12, 14, 16, 22, 25, 29]]
[38, 3.85608, [0, 1, 2, 4, 5, 7, 11, 12, 14, 16, 22, 29, 34]]
[38, 3.85011, [0, 1, 2, 4, 5, 7, 11, 12, 14, 16, 25, 29, 32]]
[38, 3.86123, [0, 1, 2, 4, 5, 7, 11, 12, 15, 16, 18, 32, 33]]
[38, 3.90809, [0, 1, 2, 4, 5, 7, 11, 13, 14, 16, 17, 22, 25]]
[38, 3.86627, [0, 1, 2, 4, 5, 7, 11, 13, 14, 16, 22, 25, 29]]
[38, 3.84651, [0, 1, 2, 4, 5, 7, 11, 13, 14, 16, 22, 29, 34]]
[38, 3.8604, [0, 1, 2, 4, 5, 7, 11, 13, 14, 17, 22, 25, 29]]
[38, 3.80851, [0, 1, 2, 4, 5, 7, 11, 13, 17, 18, 27, 28, 31]]
[38, 3.80116, [0, 1, 2, 4, 5, 7, 11, 13, 17, 22, 25, 28, 29]]
[38, 3.75711, [0, 1, 2, 4, 5, 7, 11, 13, 18, 27, 28, 31, 34]]
[38, 3.75948, [0, 1, 2, 4, 5, 7, 11, 14, 17, 22, 29, 34, 35]]
[38, 3.77762, [0, 1, 2, 4, 5, 7, 11, 15, 16, 18, 31, 32, 33]]
[38, 3.78441, [0, 1, 2, 4, 5, 7, 11, 15, 17, 18, 27, 31, 32]]
[38, 3.76349, [0, 1, 2, 4, 5, 7, 11, 16, 17, 18, 31, 32, 34]]
[38, 3.83541, [0, 1, 2, 4, 5, 7, 12, 13, 14, 16, 22, 29, 34]]
[38, 3.7775, [0, 1, 2, 4, 5, 7, 13, 15, 17, 18, 25, 28, 31]]
[38, 3.7871, [0, 1, 2, 4, 5, 8, 9, 10, 14, 16, 17, 18]]
[38, 3.75655, [0, 1, 2, 4, 5, 8, 9, 10, 14, 16, 18, 25]]
[38, 3.81304, [0, 1, 2, 4, 5, 8, 13, 14, 15, 17, 18, 25, 31]]
[38, 3.89626, [0, 1, 2, 4, 5, 9, 10, 11, 14, 16, 17, 18, 34]]
[38, 3.85028, [0, 1, 2, 4, 5, 9, 10, 11, 14, 16, 18, 31, 34]]
[38, 3.8552, [0, 1, 2, 4, 5, 9, 11, 12, 14, 16, 17, 22, 34]]
[38, 3.83318, [0, 1, 2, 4, 5, 9, 11, 12, 14, 16, 22, 25, 29]]
[38, 3.81346, [0, 1, 2, 4, 5, 9, 11, 12, 14, 16, 22, 29, 34]]
[38, 3.8075, [0, 1, 2, 4, 5, 9, 11, 12, 14, 16, 25, 29, 32]]
[38, 3.8076, [0, 1, 2, 4, 5, 9, 11, 12, 14, 17, 22, 29, 34]]
[38, 3.80444, [0, 1, 2, 4, 5, 9, 11, 14, 15, 16, 18, 31, 32]]
[38, 3.78071, [0, 1, 2, 4, 5, 10, 11, 12, 14, 17, 22, 34, 35]]
[38, 3.85242, [0, 1, 2, 4, 5, 10, 11, 13, 14, 16, 17, 18, 31]]
[38, 3.80101, [0, 1, 2, 4, 5, 10, 11, 13, 14, 16, 18, 31, 34]]
[38, 3.77292, [0, 1, 2, 4, 5, 10, 11, 14, 16, 17, 18, 31, 34]]
[38, 3.79934, [0, 1, 2, 4, 7, 8, 9, 11, 14, 15, 24, 29, 35]]
[38, 3.77961, [0, 1, 2, 4, 7, 8, 9, 11, 15, 17, 24, 29, 35]]
[38, 3.86812, [0, 1, 2, 4, 7, 8, 9, 13, 14, 16, 17, 18, 22]]
[38, 3.83644, [0, 1, 2, 4, 7, 8, 9, 13, 14, 16, 18, 22, 25]]
[38, 3.75065, [0, 1, 2, 4, 7, 8, 9, 14, 15, 17, 24, 29, 35]]
[38, 3.75907, [0, 1, 2, 4, 7, 8, 13, 14, 16, 17, 18, 22, 25]]
[38, 3.80605, [0, 1, 2, 4, 7, 9, 11, 12, 14, 15, 16, 22, 29]]
[38, 3.78045, [0, 1, 2, 4, 7, 9, 11, 12, 14, 15, 16, 29, 32]]
[38, 3.76205, [0, 1, 2, 4, 7, 9, 11, 12, 14, 16, 22, 25, 29]]
[38, 3.79468, [0, 1, 2, 4, 8, 9, 10, 13, 14, 15, 17, 18, 30]]
[38, 3.76308, [0, 1, 2, 4, 8, 9, 10, 13, 14, 15, 18, 25, 30]]
[38, 3.78576, [0, 1, 2, 5, 6, 7, 11, 12, 13, 15, 22, 23, 36]]
[38, 3.78469, [0, 1, 2, 5, 6, 7, 11, 13, 14, 15, 18, 23, 36]]
[38, 3.76944, [0, 1, 2, 5, 6, 7, 11, 13, 14, 15, 22, 23, 35]]
[38, 3.75224, [0, 1, 2, 5, 6, 7, 11, 13, 14, 15, 23, 28, 35]]
[38, 3.78283, [0, 1, 2, 5, 6, 8, 9, 12, 14, 17, 22, 23, 29]]
[38, 3.76121, [0, 1, 2, 5, 6, 8, 9, 12, 14, 17, 23, 29, 30]]
[38, 3.76152, [0, 1, 2, 5, 6, 8, 12, 13, 14, 16, 17, 23, 29]]
[38, 3.80836, [0, 1, 3, 4, 5, 8, 9, 10, 14, 16, 17, 18, 26]]
[38, 3.79009, [0, 1, 3, 4, 5, 8, 9, 10, 14, 16, 18, 21, 26]]
[38, 3.77704, [0, 1, 3, 4, 5, 8, 9, 10, 14, 16, 18, 25, 26]]
[38, 3.75714, [0, 1, 3, 4, 5, 8, 10, 11, 13, 16, 17, 25, 28]]

Search completed in 0 hours, 0 minutes, and 0.214 seconds.  Enter a string to quit.