Enter an integer k for which our Kempner sets are k-free: 4
Enter a positive integer modulus b: 124
Enter estimation parameters, or * for pre-computed parameters ([0.0787, 1.0776, 1.3785]): *
Enter a threshold (e.g. 4.2) to determine printed output: 4.19
Enter a root for the search space (e.g. [0, 1, 2]) [or * for the root [0]]: *
Enter an upper bound for the size of allowable digit sets [or * to ignore]: 35
Enter a maximal number of deviations from a greedy search [or * to ignore]: *
Searching for k-free sets mod b...

[124, 4.19898, [0, 1, 2, 4, 5, 7, 8, 9, 14, 15, 16, 18, 25, 26, 28, 29, 31, 33, 36, 39, 45, 48, 49, 52, 53, 55, 60, 61, 74, 83, 84, 86]]
[124, 4.19869, [0, 1, 2, 4, 5, 7, 8, 9, 14, 15, 16, 18, 25, 26, 28, 29, 31, 33, 36, 39, 45, 48, 52, 53, 55, 57, 58, 60, 73, 74, 84, 86]]
[124, 4.1974, [0, 1, 2, 4, 5, 7, 8, 9, 14, 15, 16, 18, 25, 26, 28, 29, 31, 33, 36, 39, 45, 48, 52, 53, 55, 57, 60, 61, 73, 74, 84, 86]]
[124, 4.19598, [0, 1, 2, 4, 5, 7, 8, 9, 14, 15, 16, 18, 25, 26, 28, 29, 31, 33, 36, 39, 45, 48, 52, 53, 57, 58, 60, 61, 73, 74, 84, 86]]
[124, 4.19441, [0, 1, 2, 4, 5, 7, 8, 9, 14, 15, 16, 18, 25, 26, 28, 29, 31, 33, 36, 39, 45, 48, 53, 55, 57, 58, 60, 61, 73, 74, 84, 86]]
[124, 4.19754, [0, 1, 2, 4, 5, 7, 8, 9, 14, 15, 16, 18, 25, 26, 28, 29, 31, 33, 39, 45, 47, 48, 52, 53, 54, 57, 58, 60, 61, 73, 74, 84]]
[124, 4.19837, [0, 1, 2, 4, 5, 7, 8, 9, 14, 15, 16, 18, 25, 30, 32, 33, 36, 37, 38, 40, 41, 43, 51, 52, 53, 55, 56, 58, 59, 60, 65, 68]]
[124, 4.19953, [0, 1, 2, 4, 5, 7, 8, 9, 14, 15, 16, 26, 27, 28, 30, 31, 34, 35, 36, 43, 47, 48, 49, 52, 55, 56, 57, 59, 72, 73, 85, 100, 115]]
[124, 4.2329, [0, 1, 2, 4, 5, 7, 8, 9, 14, 15, 17, 18, 23, 24, 26, 28, 29, 36, 45, 46, 48, 50, 51, 53, 55, 58, 59, 65, 78, 81, 83, 84, 119]]
[124, 4.19215, [0, 1, 2, 4, 5, 7, 8, 9, 14, 15, 17, 18, 23, 24, 26, 28, 36, 39, 40, 43, 44, 45, 49, 51, 53, 58, 59, 61, 68, 78, 81, 99]]
[124, 4.2171, [0, 1, 2, 4, 5, 7, 8, 9, 14, 15, 17, 18, 23, 24, 26, 28, 36, 39, 40, 44, 46, 47, 49, 51, 58, 60, 61, 72, 78, 97, 99, 103, 107]]
[124, 4.21849, [0, 1, 2, 4, 5, 7, 8, 9, 14, 15, 17, 18, 23, 24, 26, 28, 36, 40, 44, 46, 47, 49, 50, 51, 55, 58, 60, 61, 72, 78, 103, 107, 119]]
[124, 4.20673, [0, 1, 2, 4, 5, 7, 8, 9, 14, 15, 17, 18, 23, 24, 26, 28, 36, 40, 44, 46, 47, 49, 51, 55, 58, 60, 61, 72, 78, 83, 99, 107, 119]]
[124, 4.20614, [0, 1, 2, 4, 5, 7, 8, 9, 14, 15, 17, 18, 23, 24, 26, 28, 36, 40, 44, 46, 47, 49, 51, 55, 58, 60, 61, 72, 78, 97, 99, 103, 107]]
[124, 4.20269, [0, 1, 2, 4, 5, 7, 8, 9, 14, 15, 17, 18, 23, 24, 26, 28, 36, 40, 44, 46, 47, 49, 51, 55, 58, 60, 61, 72, 78, 99, 103, 107, 119]]
[124, 4.19297, [0, 1, 2, 4, 5, 7, 8, 9, 14, 15, 17, 18, 23, 24, 26, 28, 36, 40, 44, 46, 47, 49, 51, 58, 60, 61, 72, 78, 83, 99, 103, 107, 119]]
[124, 4.19506, [0, 1, 2, 4, 5, 7, 8, 9, 14, 15, 17, 18, 23, 24, 26, 28, 36, 40, 44, 49, 50, 51, 53, 58, 60, 61, 68, 78, 81, 83, 87, 107, 119]]
[124, 4.20496, [0, 1, 2, 4, 5, 7, 8, 9, 14, 15, 17, 18, 23, 24, 26, 28, 36, 44, 45, 49, 50, 51, 53, 56, 58, 60, 61, 68, 78, 81, 83, 87, 119]]
[124, 4.19275, [0, 1, 2, 4, 5, 7, 8, 9, 14, 15, 17, 18, 23, 24, 26, 29, 30, 33, 44, 46, 47, 48, 53, 54, 55, 57, 58, 60, 61, 74, 82, 113]]
[124, 4.19513, [0, 1, 2, 4, 5, 7, 8, 9, 14, 15, 17, 18, 23, 24, 26, 36, 39, 43, 44, 45, 49, 51, 52, 53, 56, 58, 59, 68, 81, 83, 99, 102, 104]]
[124, 4.20599, [0, 1, 2, 4, 5, 7, 8, 9, 14, 15, 17, 18, 23, 26, 28, 29, 34, 36, 39, 45, 46, 48, 49, 53, 58, 65, 78, 81, 83, 84, 86, 100, 104]]
[124, 4.20007, [0, 1, 2, 4, 5, 7, 8, 9, 14, 15, 17, 18, 23, 26, 28, 29, 36, 45, 46, 48, 49, 50, 53, 55, 58, 59, 65, 72, 78, 81, 83, 84, 86]]
[124, 4.19052, [0, 1, 2, 4, 5, 7, 8, 9, 14, 15, 17, 18, 23, 26, 28, 29, 36, 45, 46, 48, 49, 50, 53, 58, 59, 60, 65, 78, 81, 83, 84, 86, 104]]
[124, 4.19724, [0, 1, 2, 4, 5, 7, 8, 9, 14, 15, 17, 18, 23, 26, 28, 29, 36, 45, 46, 49, 50, 51, 53, 58, 59, 60, 65, 68, 78, 81, 83, 84, 86]]
[124, 4.19374, [0, 1, 2, 4, 5, 7, 8, 9, 14, 15, 17, 18, 23, 26, 28, 29, 36, 45, 46, 49, 50, 51, 53, 58, 59, 60, 65, 68, 78, 81, 83, 84, 104]]
[124, 4.19063, [0, 1, 2, 4, 5, 7, 8, 9, 14, 15, 17, 18, 23, 26, 30, 34, 40, 41, 44, 46, 47, 49, 53, 55, 56, 58, 60, 61, 74, 81, 83, 116, 119]]
[124, 4.19264, [0, 1, 2, 4, 5, 7, 8, 9, 14, 15, 17, 18, 23, 30, 33, 34, 35, 38, 39, 40, 44, 46, 47, 48, 56, 60, 68, 78, 83, 91, 99, 104, 114]]
[124, 4.21508, [0, 1, 2, 4, 5, 7, 8, 9, 14, 15, 17, 18, 24, 26, 28, 29, 31, 33, 36, 39, 46, 47, 48, 51, 52, 53, 57, 58, 59, 61, 82, 84]]
[124, 4.19887, [0, 1, 2, 4, 5, 7, 8, 9, 14, 15, 17, 18, 24, 26, 28, 29, 31, 33, 36, 39, 46, 47, 48, 51, 52, 53, 58, 59, 61, 84, 99, 103]]
[124, 4.19945, [0, 1, 2, 4, 5, 7, 8, 9, 14, 15, 17, 18, 24, 28, 29, 31, 33, 36, 37, 39, 46, 47, 48, 51, 52, 53, 57, 58, 59, 61, 82, 84]]
[124, 4.20649, [0, 1, 2, 4, 5, 7, 8, 9, 14, 15, 17, 18, 24, 29, 30, 31, 35, 37, 39, 42, 46, 47, 48, 50, 51, 59, 60, 61, 75, 98, 105, 106, 114]]
[124, 4.19437, [0, 1, 2, 4, 5, 7, 8, 9, 14, 15, 17, 18, 26, 28, 29, 31, 32, 33, 36, 45, 48, 51, 52, 55, 58, 60, 75, 81, 84, 86, 96, 99, 103]]
[124, 4.20464, [0, 1, 2, 4, 5, 7, 8, 9, 14, 15, 17, 24, 26, 27, 29, 31, 32, 36, 42, 44, 45, 46, 49, 50, 51, 53, 58, 60, 61, 72, 103, 110, 119]]
[124, 4.19102, [0, 1, 2, 4, 5, 7, 8, 9, 14, 15, 17, 24, 27, 29, 31, 32, 35, 36, 42, 44, 45, 46, 49, 50, 51, 53, 58, 60, 61, 72, 103, 110, 119]]
[124, 4.19173, [0, 1, 2, 4, 5, 7, 8, 9, 14, 15, 18, 23, 24, 26, 28, 29, 35, 36, 45, 46, 49, 50, 51, 53, 59, 60, 65, 72, 78, 79, 81, 83, 84]]
[124, 4.19414, [0, 1, 2, 4, 5, 7, 8, 9, 14, 16, 17, 18, 22, 31, 32, 34, 35, 37, 38, 39, 42, 49, 53, 55, 58, 65, 68, 73, 74, 77, 86, 88, 118]]
[124, 4.19031, [0, 1, 2, 4, 5, 7, 8, 9, 14, 16, 17, 18, 22, 31, 32, 34, 35, 37, 38, 39, 42, 49, 53, 55, 58, 65, 73, 74, 77, 81, 86, 88, 118]]
[124, 4.20626, [0, 1, 2, 4, 5, 7, 8, 9, 14, 16, 17, 18, 26, 28, 32, 33, 34, 36, 39, 41, 45, 52, 53, 56, 57, 59, 60, 61, 68, 74, 75, 87, 91]]
[124, 4.19127, [0, 1, 2, 4, 5, 7, 8, 9, 14, 16, 17, 18, 28, 29, 30, 33, 35, 36, 37, 46, 47, 48, 50, 51, 53, 57, 58, 60, 65, 101, 103, 104, 118]]
[124, 4.1994, [0, 1, 2, 4, 5, 7, 8, 9, 14, 16, 22, 25, 27, 28, 29, 32, 33, 35, 36, 39, 41, 44, 51, 54, 58, 60, 61, 85, 99, 104, 105, 111, 114, 115]]
[124, 4.20521, [0, 1, 2, 4, 5, 7, 8, 9, 14, 17, 18, 22, 23, 24, 29, 30, 31, 33, 37, 45, 46, 47, 54, 55, 57, 58, 60, 65, 72, 73, 78, 111, 112]]
[124, 4.19387, [0, 1, 2, 4, 5, 7, 8, 9, 14, 17, 18, 22, 23, 24, 29, 30, 31, 33, 45, 46, 47, 52, 54, 55, 57, 58, 60, 65, 72, 73, 78, 111, 112]]
[124, 4.20545, [0, 1, 2, 4, 5, 7, 8, 9, 14, 17, 18, 22, 23, 29, 30, 31, 33, 34, 36, 37, 42, 45, 46, 47, 55, 57, 60, 65, 72, 78, 100, 111, 112]]
[124, 4.20077, [0, 1, 2, 4, 5, 7, 8, 9, 14, 17, 18, 22, 23, 29, 30, 31, 33, 34, 36, 37, 42, 45, 46, 47, 55, 57, 65, 72, 73, 78, 100, 111, 112]]
[124, 4.19383, [0, 1, 2, 4, 5, 7, 8, 9, 14, 17, 18, 22, 23, 29, 30, 31, 33, 34, 36, 37, 42, 45, 46, 55, 57, 60, 65, 72, 73, 78, 100, 111, 112]]
[124, 4.19854, [0, 1, 2, 4, 5, 7, 8, 9, 14, 17, 18, 22, 23, 29, 30, 31, 33, 34, 36, 42, 45, 46, 52, 53, 55, 57, 60, 65, 72, 73, 78, 100, 112]]
[124, 4.2102, [0, 1, 2, 4, 5, 7, 8, 9, 14, 17, 18, 23, 24, 26, 29, 31, 33, 36, 37, 42, 43, 45, 46, 47, 55, 57, 58, 65, 72, 73, 78, 96, 100]]
[124, 4.19672, [0, 1, 2, 4, 5, 7, 8, 9, 14, 17, 18, 23, 24, 26, 29, 31, 33, 37, 42, 43, 45, 46, 47, 54, 55, 57, 58, 65, 72, 73, 78, 96, 100]]
[124, 4.19505, [0, 1, 2, 4, 5, 7, 8, 9, 14, 17, 18, 23, 26, 29, 30, 31, 33, 34, 36, 37, 45, 47, 48, 52, 55, 57, 58, 72, 73, 75, 82, 84, 118]]
[124, 4.20815, [0, 1, 2, 4, 5, 7, 8, 9, 14, 17, 22, 23, 24, 26, 27, 29, 30, 31, 36, 39, 44, 45, 49, 51, 53, 58, 60, 68, 74, 78, 81, 83, 119]]
[124, 4.20059, [0, 1, 2, 4, 5, 7, 8, 9, 14, 17, 22, 23, 24, 26, 27, 29, 30, 31, 36, 39, 44, 45, 49, 51, 53, 58, 60, 68, 78, 81, 83, 110, 119]]
[124, 4.19472, [0, 1, 2, 4, 5, 7, 8, 9, 14, 17, 22, 23, 24, 26, 27, 29, 30, 31, 36, 39, 44, 45, 49, 51, 53, 60, 68, 74, 78, 81, 83, 110, 119]]
[124, 4.19212, [0, 1, 2, 4, 5, 7, 8, 9, 14, 17, 22, 23, 24, 26, 27, 29, 30, 31, 36, 39, 44, 45, 49, 51, 53, 60, 68, 74, 78, 81, 95, 110, 119]]
[124, 4.19709, [0, 1, 2, 4, 5, 7, 8, 9, 14, 17, 22, 23, 24, 26, 27, 29, 30, 31, 36, 39, 45, 49, 51, 53, 58, 60, 65, 68, 74, 78, 81, 83, 119]]
[124, 4.23814, [0, 1, 2, 4, 5, 7, 8, 9, 14, 17, 22, 23, 24, 26, 27, 29, 30, 31, 36, 39, 45, 49, 51, 53, 60, 65, 68, 74, 78, 80, 81, 83, 110, 119]]
[124, 4.20667, [0, 1, 2, 4, 5, 7, 8, 9, 14, 17, 22, 23, 24, 26, 29, 30, 31, 33, 36, 37, 46, 47, 53, 54, 55, 57, 58, 60, 65, 72, 73, 78, 112]]
[124, 4.19952, [0, 1, 2, 4, 5, 7, 8, 9, 14, 17, 22, 23, 24, 26, 29, 30, 31, 33, 36, 37, 46, 47, 53, 54, 55, 57, 58, 65, 72, 73, 78, 82, 112]]
[124, 4.19371, [0, 1, 2, 4, 5, 7, 8, 9, 14, 17, 22, 23, 24, 26, 29, 30, 31, 33, 36, 37, 46, 47, 53, 54, 55, 57, 58, 65, 73, 78, 82, 96, 112]]
[124, 4.19292, [0, 1, 2, 4, 5, 7, 8, 9, 14, 17, 22, 23, 24, 26, 29, 30, 31, 33, 36, 37, 46, 47, 53, 55, 57, 58, 60, 65, 72, 73, 78, 100, 112]]
[124, 4.20845, [0, 1, 2, 4, 5, 7, 8, 9, 15, 16, 17, 19, 20, 26, 27, 28, 30, 31, 33, 48, 50, 51, 54, 56, 59, 60, 61, 75, 86, 98, 107, 111, 114]]
[124, 4.20148, [0, 1, 2, 4, 5, 7, 8, 9, 15, 16, 17, 19, 20, 26, 27, 28, 30, 31, 33, 48, 50, 51, 54, 56, 59, 60, 61, 86, 98, 107, 108, 111, 114]]
[124, 4.19115, [0, 1, 2, 4, 5, 7, 8, 9, 15, 16, 17, 19, 20, 26, 27, 28, 30, 31, 33, 48, 51, 54, 56, 59, 60, 61, 75, 86, 98, 107, 108, 111, 114]]
[124, 4.20939, [0, 1, 2, 4, 5, 7, 8, 9, 15, 16, 17, 19, 20, 26, 27, 31, 32, 33, 41, 45, 50, 51, 53, 54, 56, 60, 65, 68, 83, 84, 87, 90, 96]]
[124, 4.19318, [0, 1, 2, 4, 5, 7, 8, 9, 15, 16, 17, 19, 20, 26, 27, 31, 32, 33, 41, 50, 51, 53, 54, 56, 60, 65, 68, 83, 84, 85, 87, 90, 96]]
[124, 4.19181, [0, 1, 2, 4, 5, 7, 8, 9, 15, 16, 17, 19, 20, 27, 28, 29, 33, 34, 35, 42, 45, 48, 52, 53, 54, 56, 57, 59, 65, 74, 75, 86]]
[124, 4.20842, [0, 1, 2, 4, 5, 7, 8, 9, 15, 16, 17, 19, 20, 27, 28, 29, 33, 35, 42, 44, 45, 51, 52, 53, 56, 57, 58, 61, 68, 100, 103, 108, 110]]
[124, 4.20798, [0, 1, 2, 4, 5, 7, 8, 9, 15, 16, 17, 19, 20, 27, 28, 29, 33, 35, 42, 44, 45, 51, 52, 53, 56, 57, 59, 61, 68, 100, 103, 108, 110]]
[124, 4.24605, [0, 1, 2, 4, 5, 7, 8, 9, 15, 16, 17, 19, 20, 28, 29, 30, 32, 36, 37, 38, 42, 49, 50, 51, 54, 58, 59, 60, 65, 68, 75, 76, 85]]
[124, 4.19098, [0, 1, 2, 4, 5, 7, 8, 9, 15, 16, 17, 19, 20, 28, 29, 30, 32, 36, 37, 38, 42, 49, 50, 51, 54, 58, 59, 60, 65, 68, 75, 85]]
[124, 4.1907, [0, 1, 2, 4, 5, 7, 8, 9, 15, 16, 17, 19, 20, 28, 29, 30, 32, 36, 37, 38, 42, 49, 50, 51, 54, 58, 59, 60, 65, 68, 76, 85]]
[124, 4.22537, [0, 1, 2, 4, 5, 7, 8, 9, 15, 16, 17, 19, 20, 31, 34, 36, 37, 39, 41, 44, 45, 48, 50, 54, 56, 57, 60, 68, 73, 75, 104, 111, 114, 115]]
[124, 4.21167, [0, 1, 2, 4, 5, 7, 8, 9, 15, 16, 17, 20, 21, 26, 28, 32, 34, 39, 42, 43, 45, 46, 49, 55, 56, 57, 59, 65, 72, 74, 76, 81, 115]]
[124, 4.19155, [0, 1, 2, 4, 5, 7, 8, 9, 15, 16, 17, 20, 21, 26, 28, 32, 34, 39, 42, 45, 46, 49, 54, 55, 56, 59, 65, 72, 74, 76, 81, 105, 115]]
[124, 4.1987, [0, 1, 2, 4, 5, 7, 8, 9, 15, 16, 17, 20, 21, 28, 29, 30, 32, 33, 36, 37, 38, 42, 50, 51, 54, 57, 58, 59, 65, 68, 76, 89]]
[124, 4.19304, [0, 1, 2, 4, 5, 7, 8, 9, 15, 16, 17, 20, 21, 28, 29, 30, 32, 33, 36, 37, 38, 42, 50, 51, 54, 57, 58, 65, 68, 75, 76, 89]]
[124, 4.1996, [0, 1, 2, 4, 5, 7, 8, 9, 15, 16, 17, 20, 21, 28, 29, 30, 32, 36, 38, 39, 42, 46, 49, 51, 60, 65, 68, 75, 76, 93, 99, 105, 107]]
[124, 4.19249, [0, 1, 2, 4, 5, 7, 8, 9, 15, 16, 17, 20, 21, 28, 29, 30, 32, 36, 38, 39, 42, 46, 49, 51, 60, 65, 75, 76, 93, 96, 99, 105, 107]]
[124, 4.21367, [0, 1, 2, 4, 5, 7, 8, 9, 15, 16, 17, 20, 21, 28, 29, 31, 32, 33, 36, 37, 38, 50, 51, 54, 57, 58, 59, 61, 72, 96, 104, 114, 115]]
[124, 4.20532, [0, 1, 2, 4, 5, 7, 8, 9, 15, 16, 17, 20, 21, 28, 29, 31, 32, 33, 36, 37, 38, 50, 51, 54, 57, 58, 59, 72, 89, 96, 104, 114, 115]]
[124, 4.20052, [0, 1, 2, 4, 5, 7, 8, 9, 15, 16, 17, 20, 21, 28, 29, 31, 32, 33, 36, 37, 50, 51, 54, 55, 57, 58, 59, 65, 88, 89, 96, 104, 114]]
[124, 4.19601, [0, 1, 2, 4, 5, 7, 8, 9, 15, 16, 17, 20, 21, 28, 29, 31, 32, 33, 36, 37, 50, 51, 54, 55, 57, 58, 59, 65, 88, 96, 104, 114, 115]]
[124, 4.19945, [0, 1, 2, 4, 5, 7, 8, 9, 15, 16, 17, 20, 21, 28, 29, 31, 32, 33, 36, 37, 50, 51, 54, 55, 57, 58, 59, 72, 76, 89, 96, 114, 115]]
[124, 4.19341, [0, 1, 2, 4, 5, 7, 8, 9, 15, 16, 17, 20, 21, 28, 29, 31, 32, 33, 36, 37, 50, 51, 54, 55, 57, 58, 59, 72, 89, 96, 104, 114, 115]]
[124, 4.19948, [0, 1, 2, 4, 5, 7, 8, 9, 15, 16, 17, 20, 21, 28, 29, 31, 32, 36, 37, 38, 49, 50, 51, 54, 57, 58, 59, 61, 72, 96, 104, 114, 115]]
[124, 4.193, [0, 1, 2, 4, 5, 7, 8, 9, 15, 16, 17, 20, 21, 29, 31, 33, 36, 37, 39, 44, 48, 50, 51, 54, 55, 56, 59, 60, 61, 68, 104, 114, 115]]
[124, 4.22289, [0, 1, 2, 4, 5, 7, 8, 9, 15, 16, 17, 20, 21, 31, 33, 34, 36, 37, 39, 43, 44, 48, 50, 54, 55, 56, 60, 68, 75, 103, 104, 111, 114, 115]]
[124, 4.19256, [0, 1, 2, 4, 5, 7, 8, 9, 15, 16, 17, 20, 21, 31, 33, 34, 39, 40, 43, 44, 48, 50, 54, 55, 56, 72, 74, 75, 76, 98, 103, 111, 114, 115]]
[124, 4.20864, [0, 1, 2, 4, 5, 7, 8, 9, 15, 16, 17, 20, 26, 27, 28, 31, 32, 34, 36, 43, 45, 49, 50, 53, 55, 56, 58, 65, 68, 81, 83, 87, 114]]
[124, 4.19106, [0, 1, 2, 4, 5, 7, 8, 9, 15, 16, 18, 19, 20, 25, 26, 28, 29, 31, 32, 33, 36, 45, 49, 50, 51, 56, 57, 59, 60, 61, 68]]
[124, 4.19744, [0, 1, 2, 4, 5, 7, 8, 9, 15, 16, 18, 19, 20, 25, 26, 28, 29, 31, 32, 33, 49, 50, 52, 53, 55, 59, 60, 61, 68, 84, 103, 109]]
[124, 4.19446, [0, 1, 2, 4, 5, 7, 8, 9, 15, 16, 18, 19, 20, 25, 26, 28, 29, 31, 32, 33, 49, 50, 52, 53, 58, 59, 60, 65, 68, 84, 103, 109]]
[124, 4.19914, [0, 1, 2, 4, 5, 7, 8, 9, 15, 16, 18, 19, 20, 25, 26, 28, 29, 31, 33, 36, 45, 49, 50, 51, 55, 58, 59, 61, 68, 84, 103, 108]]
[124, 4.19521, [0, 1, 2, 4, 5, 7, 8, 9, 15, 16, 18, 19, 20, 25, 26, 28, 29, 31, 33, 36, 45, 49, 50, 51, 55, 58, 59, 61, 68, 103, 104, 108]]
[124, 4.19415, [0, 1, 2, 4, 5, 7, 8, 9, 15, 16, 18, 19, 20, 25, 26, 28, 29, 31, 33, 36, 45, 49, 50, 51, 55, 58, 59, 61, 84, 86, 103, 108]]
[124, 4.19213, [0, 1, 2, 4, 5, 7, 8, 9, 15, 16, 18, 19, 20, 25, 26, 28, 29, 31, 33, 36, 45, 49, 50, 51, 57, 58, 60, 61, 68, 104, 108, 114]]
[124, 4.19727, [0, 1, 2, 4, 5, 7, 8, 9, 15, 16, 18, 19, 20, 25, 26, 28, 29, 31, 33, 45, 48, 49, 50, 53, 54, 55, 58, 59, 61, 84, 86, 108]]
[124, 4.19404, [0, 1, 2, 4, 5, 7, 8, 9, 15, 16, 18, 19, 20, 25, 26, 28, 29, 32, 42, 49, 50, 53, 54, 56, 60, 65, 68, 76, 85, 97, 106, 107, 109]]
[124, 4.20558, [0, 1, 2, 4, 5, 7, 8, 9, 15, 16, 18, 19, 20, 25, 28, 33, 37, 39, 42, 43, 44, 49, 50, 52, 53, 56, 57, 60, 65, 79, 103, 108, 117]]
[124, 4.20007, [0, 1, 2, 4, 5, 7, 8, 9, 15, 16, 18, 19, 21, 25, 26, 28, 30, 36, 43, 48, 50, 51, 52, 55, 56, 58, 59, 65, 85, 93, 101, 107, 111]]
[124, 4.1918, [0, 1, 2, 4, 5, 7, 8, 9, 15, 16, 18, 19, 21, 25, 26, 28, 33, 39, 42, 43, 44, 46, 49, 50, 53, 55, 56, 58, 65, 68, 76, 79]]
[124, 4.19388, [0, 1, 2, 4, 5, 7, 8, 9, 15, 16, 18, 19, 21, 25, 26, 30, 32, 33, 36, 38, 42, 43, 50, 51, 52, 56, 58, 65, 68, 79, 85, 101]]
[124, 4.20214, [0, 1, 2, 4, 5, 7, 8, 9, 15, 16, 18, 19, 21, 25, 26, 33, 38, 39, 41, 42, 43, 50, 51, 53, 54, 56, 58, 65, 68, 79, 106, 109, 110]]
[124, 4.19911, [0, 1, 2, 4, 5, 7, 8, 9, 15, 16, 18, 19, 25, 26, 29, 31, 32, 33, 38, 41, 42, 50, 53, 56, 58, 60, 61, 68, 73, 76, 90, 106, 109]]
[124, 4.19028, [0, 1, 2, 4, 5, 7, 8, 9, 15, 16, 19, 20, 21, 28, 29, 30, 32, 33, 36, 37, 38, 42, 49, 50, 51, 54, 58, 65, 68, 75, 76, 85]]
[124, 4.2267, [0, 1, 2, 4, 5, 7, 8, 9, 15, 16, 19, 20, 21, 28, 29, 30, 32, 33, 36, 37, 38, 49, 50, 51, 54, 58, 60, 65, 68, 75, 76, 85, 117]]
[124, 4.20168, [0, 1, 2, 4, 5, 7, 8, 9, 15, 16, 19, 20, 21, 31, 33, 34, 36, 37, 39, 44, 48, 50, 51, 54, 56, 60, 68, 73, 75, 104, 105, 111, 114, 117]]
[124, 4.19138, [0, 1, 2, 4, 5, 7, 8, 9, 15, 17, 18, 19, 23, 24, 26, 32, 33, 36, 39, 41, 43, 44, 48, 51, 56, 73, 75, 78, 89, 93, 96, 99, 104]]
[124, 4.19105, [0, 1, 2, 4, 5, 7, 8, 9, 15, 17, 18, 20, 21, 23, 28, 29, 30, 34, 36, 37, 39, 42, 46, 49, 56, 57, 60, 65, 68, 76, 95, 116]]
[124, 4.2007, [0, 1, 2, 4, 5, 7, 8, 9, 15, 17, 18, 20, 21, 23, 28, 29, 30, 42, 44, 46, 47, 51, 52, 53, 55, 56, 58, 60, 75, 78, 81, 116, 119]]
[124, 4.20331, [0, 1, 2, 4, 5, 7, 8, 9, 15, 17, 18, 20, 21, 23, 28, 29, 32, 36, 42, 45, 49, 50, 51, 53, 58, 59, 60, 65, 68, 78, 81, 108, 119]]
[124, 4.20073, [0, 1, 2, 4, 5, 7, 8, 9, 15, 17, 18, 20, 21, 26, 28, 29, 30, 39, 42, 44, 46, 47, 49, 53, 55, 57, 65, 72, 74, 78, 81, 96, 116]]
[124, 4.19806, [0, 1, 2, 4, 5, 7, 8, 9, 15, 17, 18, 20, 21, 26, 28, 29, 30, 39, 42, 44, 46, 47, 49, 53, 55, 57, 65, 72, 74, 78, 81, 112, 116]]
[124, 4.19658, [0, 1, 2, 4, 5, 7, 8, 9, 15, 17, 18, 20, 21, 26, 28, 29, 32, 36, 42, 45, 49, 50, 51, 53, 58, 59, 60, 65, 68, 78, 81, 108, 119]]
[124, 4.20176, [0, 1, 2, 4, 5, 7, 8, 9, 15, 17, 18, 20, 23, 24, 28, 29, 30, 34, 37, 47, 49, 52, 53, 55, 56, 57, 60, 65, 78, 81, 87, 88, 112]]
[124, 4.19892, [0, 1, 2, 4, 5, 7, 8, 9, 15, 17, 20, 21, 23, 24, 29, 32, 34, 36, 37, 40, 42, 46, 49, 54, 55, 57, 65, 72, 75, 76, 80, 81, 95]]
[124, 4.19678, [0, 1, 2, 4, 5, 7, 8, 9, 15, 17, 20, 21, 23, 28, 29, 30, 32, 33, 36, 37, 42, 50, 54, 56, 57, 60, 65, 72, 74, 75, 76, 86, 89]]
[124, 4.19243, [0, 1, 2, 4, 5, 7, 8, 9, 15, 17, 20, 21, 23, 28, 29, 30, 32, 36, 37, 38, 42, 49, 50, 54, 57, 60, 65, 72, 74, 75, 81, 86, 95]]
[124, 4.23555, [0, 1, 2, 4, 5, 7, 8, 9, 15, 17, 20, 21, 23, 28, 29, 30, 32, 36, 37, 42, 49, 50, 54, 56, 57, 60, 65, 72, 74, 75, 76, 81, 86, 95]]
[124, 4.20112, [0, 1, 2, 4, 5, 7, 8, 9, 15, 17, 20, 21, 23, 28, 29, 30, 34, 36, 37, 39, 42, 46, 49, 54, 56, 57, 60, 65, 72, 74, 76, 81, 95]]
[124, 4.1945, [0, 1, 2, 4, 5, 7, 8, 9, 15, 17, 20, 21, 23, 28, 29, 30, 34, 36, 37, 39, 42, 46, 49, 54, 56, 60, 65, 72, 74, 75, 76, 81, 95]]
[124, 4.1909, [0, 1, 2, 4, 5, 7, 8, 9, 15, 18, 19, 20, 23, 24, 25, 28, 37, 39, 40, 42, 43, 47, 49, 50, 53, 57, 65, 72, 76, 79, 103, 108, 117]]
[124, 4.19328, [0, 1, 2, 4, 5, 7, 8, 9, 15, 18, 19, 20, 23, 24, 26, 32, 33, 35, 36, 39, 41, 45, 48, 57, 61, 68, 73, 75, 76, 83, 90, 92, 99]]
[124, 4.19164, [0, 1, 2, 4, 5, 7, 8, 9, 15, 18, 19, 20, 23, 24, 26, 32, 33, 35, 36, 39, 43, 45, 48, 57, 61, 68, 73, 75, 76, 83, 90, 92, 99]]
[124, 4.19304, [0, 1, 2, 4, 5, 7, 8, 9, 15, 18, 19, 20, 23, 24, 26, 34, 35, 36, 38, 39, 43, 45, 46, 48, 51, 61, 73, 75, 83, 90, 92, 94, 99]]
[124, 4.19084, [0, 1, 2, 4, 5, 7, 8, 9, 15, 18, 19, 20, 23, 24, 26, 34, 35, 36, 38, 39, 43, 45, 46, 48, 51, 61, 73, 75, 90, 92, 93, 94, 99]]
[124, 4.20592, [0, 1, 2, 4, 5, 7, 8, 9, 15, 19, 20, 21, 23, 24, 28, 30, 33, 34, 35, 39, 40, 43, 44, 51, 57, 61, 68, 73, 76, 78, 79, 80, 99]]
[124, 4.20452, [0, 1, 2, 4, 5, 7, 8, 9, 16, 17, 19, 20, 21, 26, 27, 28, 34, 39, 42, 44, 45, 46, 53, 54, 56, 57, 59, 61, 68, 74, 76, 77, 105]]
[124, 4.21517, [0, 1, 2, 4, 5, 7, 8, 9, 16, 17, 19, 20, 22, 26, 29, 33, 34, 36, 37, 38, 42, 44, 45, 54, 58, 59, 60, 65, 68, 73, 75, 76, 77]]
[124, 4.19454, [0, 1, 2, 4, 5, 7, 8, 9, 16, 17, 20, 21, 22, 26, 27, 28, 30, 36, 41, 42, 45, 51, 55, 57, 60, 86, 91, 95, 96, 97, 99, 102, 108, 109]]
[124, 4.19361, [0, 1, 2, 4, 5, 7, 8, 13, 14, 15, 17, 18, 24, 25, 26, 28, 29, 31, 32, 49, 52, 53, 54, 56, 59, 60, 65, 68, 74, 81, 82, 85, 107]]
[124, 4.19696, [0, 1, 2, 4, 5, 7, 8, 13, 14, 15, 17, 18, 24, 25, 26, 29, 31, 32, 36, 42, 49, 51, 52, 53, 56, 57, 58, 60, 65, 68, 107, 110, 121]]
[124, 4.1911, [0, 1, 2, 4, 5, 7, 8, 13, 14, 15, 17, 18, 24, 25, 26, 29, 31, 32, 36, 42, 49, 51, 52, 53, 56, 57, 60, 65, 68, 74, 107, 110, 121]]
[124, 4.19082, [0, 1, 2, 4, 5, 7, 8, 13, 15, 16, 17, 20, 21, 28, 30, 31, 32, 36, 37, 38, 42, 49, 50, 51, 54, 57, 58, 59, 61, 68, 76, 89, 105]]
[124, 4.1915, [0, 1, 2, 4, 5, 7, 9, 12, 14, 15, 16, 20, 22, 26, 27, 29, 31, 34, 35, 44, 47, 49, 51, 52, 54, 55, 56, 60, 65, 85, 87, 104, 115]]
[124, 4.2004, [0, 1, 2, 4, 5, 7, 11, 12, 13, 15, 16, 18, 20, 27, 30, 31, 33, 37, 39, 40, 42, 43, 47, 56, 61, 71, 76, 81, 87, 88, 90, 94, 98, 107]]
[124, 4.22278, [0, 1, 2, 4, 5, 7, 11, 12, 13, 15, 16, 18, 22, 23, 24, 26, 27, 29, 42, 44, 46, 47, 50, 51, 52, 56, 58, 59, 60, 71, 81, 82, 107]]
[124, 4.21164, [0, 1, 2, 4, 5, 7, 11, 12, 13, 15, 16, 21, 22, 23, 25, 28, 36, 38, 39, 42, 49, 50, 52, 54, 57, 59, 60, 65, 68, 79, 81, 86, 117, 120]]
[124, 4.19556, [0, 1, 2, 4, 5, 7, 11, 12, 13, 15, 18, 20, 22, 23, 26, 36, 38, 42, 43, 44, 46, 47, 49, 53, 55, 57, 58, 60, 70, 72, 79, 99, 103, 110]]
[124, 4.20101, [0, 1, 2, 4, 5, 8, 9, 10, 14, 16, 17, 18, 21, 30, 31, 32, 35, 36, 38, 39, 40, 49, 51, 53, 57, 69, 77, 82, 84, 85, 86, 90, 95, 96]]

Search completed in 17 hours, 15 minutes, and 30.236 seconds.  Enter a string to quit.