Enter an integer k for which our Kempner sets are k-free: 4
Enter a positive integer modulus b: 94
Enter estimation parameters, or * for pre-computed parameters ([0.0865, 1.0799, 1.41]): *
Enter a threshold (e.g. 4.2) to determine printed output: 4.15
Enter a root for the search space (e.g. [0, 1, 2]) [or * for the root [0]]: *
Enter an upper bound for the size of allowable digit sets [or * to ignore]: 30
Enter a maximal number of deviations from a greedy search [or * to ignore]: *
Searching for k-free sets mod b...

[94, 4.15632, [0, 1, 2, 4, 5, 7, 8, 9, 14, 15, 17, 18, 23, 24, 26, 28, 36, 39, 40, 44, 45, 46, 57, 59, 60, 66]]
[94, 4.15687, [0, 1, 2, 4, 5, 7, 8, 9, 14, 15, 17, 18, 23, 24, 33, 36, 39, 40, 43, 45, 57, 58, 63, 68, 75, 82, 84]]
[94, 4.16609, [0, 1, 2, 4, 5, 7, 8, 9, 14, 15, 17, 29, 33, 34, 35, 37, 38, 40, 44, 45, 46, 57, 60, 63, 72, 75, 78, 89]]
[94, 4.19149, [0, 1, 2, 4, 5, 7, 8, 9, 14, 16, 17, 18, 26, 29, 31, 32, 33, 37, 39, 42, 43, 50, 57, 58, 59, 62, 88]]
[94, 4.17364, [0, 1, 2, 4, 5, 7, 8, 9, 14, 16, 17, 18, 29, 31, 32, 33, 37, 38, 39, 42, 43, 50, 57, 58, 59, 62, 88]]
[94, 4.18464, [0, 1, 2, 4, 5, 7, 8, 9, 14, 16, 18, 22, 25, 28, 29, 30, 33, 35, 41, 43, 45, 50, 53, 58, 59, 62, 84]]
[94, 4.1528, [0, 1, 2, 4, 5, 7, 8, 9, 14, 17, 22, 23, 28, 30, 31, 33, 34, 35, 39, 41, 44, 45, 57, 58, 60, 62, 74]]
[94, 4.15406, [0, 1, 2, 4, 5, 7, 8, 9, 15, 16, 17, 19, 20, 26, 27, 28, 31, 32, 33, 36, 45, 50, 68, 69, 71, 76]]
[94, 4.15211, [0, 1, 2, 4, 5, 7, 8, 9, 15, 16, 17, 19, 20, 26, 27, 28, 31, 32, 33, 36, 45, 50, 68, 69, 76, 77]]
[94, 4.17015, [0, 1, 2, 4, 5, 7, 8, 9, 15, 16, 17, 19, 20, 26, 27, 29, 31, 32, 34, 36, 40, 50, 57, 59, 61, 70]]
[94, 4.16135, [0, 1, 2, 4, 5, 7, 8, 9, 15, 16, 17, 19, 20, 26, 27, 29, 31, 32, 34, 36, 40, 50, 57, 61, 70, 84]]
[94, 4.1525, [0, 1, 2, 4, 5, 7, 8, 9, 15, 16, 17, 19, 20, 26, 28, 29, 30, 33, 34, 36, 42, 57, 59, 70, 71, 72]]
[94, 4.15183, [0, 1, 2, 4, 5, 7, 8, 9, 15, 16, 17, 19, 20, 26, 28, 29, 30, 33, 34, 36, 42, 57, 59, 70, 71, 74]]
[94, 4.15571, [0, 1, 2, 4, 5, 7, 8, 9, 15, 16, 17, 20, 21, 26, 28, 29, 30, 33, 36, 38, 42, 50, 57, 59, 60, 70]]
[94, 4.19362, [0, 1, 2, 4, 5, 7, 8, 9, 15, 16, 17, 20, 21, 29, 30, 31, 33, 34, 36, 38, 50, 57, 59, 60, 61, 70, 72]]
[94, 4.1841, [0, 1, 2, 4, 5, 7, 8, 9, 15, 16, 18, 19, 20, 25, 26, 28, 29, 31, 32, 33, 36, 50, 57, 59, 68, 70]]
[94, 4.17426, [0, 1, 2, 4, 5, 7, 8, 9, 15, 16, 18, 19, 20, 25, 26, 28, 29, 31, 32, 33, 36, 57, 59, 68, 70, 71]]
[94, 4.17291, [0, 1, 2, 4, 5, 7, 8, 9, 15, 16, 18, 19, 20, 25, 26, 28, 29, 31, 32, 33, 36, 57, 59, 68, 71, 74]]
[94, 4.16775, [0, 1, 2, 4, 5, 7, 8, 9, 15, 16, 18, 19, 20, 25, 26, 28, 29, 31, 32, 33, 36, 59, 68, 69, 71, 74]]
[94, 4.15556, [0, 1, 2, 4, 5, 7, 8, 9, 15, 16, 18, 19, 20, 25, 26, 28, 29, 31, 32, 33, 57, 59, 60, 68, 71, 74]]
[94, 4.1513, [0, 1, 2, 4, 5, 7, 8, 9, 15, 16, 18, 19, 20, 25, 26, 28, 29, 31, 32, 33, 58, 59, 60, 69, 74, 82]]
[94, 4.15041, [0, 1, 2, 4, 5, 7, 8, 9, 15, 16, 18, 19, 20, 25, 26, 28, 29, 31, 32, 33, 59, 60, 68, 69, 71, 74]]
[94, 4.16257, [0, 1, 2, 4, 5, 7, 8, 9, 15, 16, 18, 19, 20, 25, 26, 28, 29, 31, 32, 36, 50, 57, 59, 61, 68, 70]]
[94, 4.15258, [0, 1, 2, 4, 5, 7, 8, 9, 15, 16, 18, 19, 20, 25, 26, 28, 31, 32, 33, 36, 50, 57, 59, 68, 70, 71]]
[94, 4.15477, [0, 1, 2, 4, 5, 7, 8, 9, 15, 16, 18, 19, 20, 25, 26, 29, 31, 32, 33, 36, 50, 57, 59, 61, 68, 70]]
[94, 4.16596, [0, 1, 2, 4, 5, 7, 8, 9, 15, 17, 18, 19, 23, 24, 28, 32, 34, 35, 37, 39, 40, 42, 44, 45, 53, 60]]
[94, 4.19285, [0, 1, 2, 4, 5, 7, 8, 9, 15, 17, 18, 19, 23, 24, 28, 34, 35, 36, 40, 42, 43, 45, 57, 58, 60, 63, 84]]
[94, 4.17758, [0, 1, 2, 4, 5, 7, 8, 9, 15, 17, 18, 19, 24, 28, 30, 31, 34, 35, 39, 40, 42, 53, 58, 60, 61, 73, 84]]
[94, 4.17397, [0, 1, 2, 4, 5, 7, 8, 9, 15, 17, 18, 20, 21, 23, 29, 30, 33, 36, 38, 44, 50, 57, 63, 69, 72, 74, 89]]
[94, 4.17046, [0, 1, 2, 4, 5, 7, 8, 9, 15, 17, 19, 20, 23, 24, 29, 32, 33, 38, 50, 65, 72, 73, 74, 77, 82, 83, 84, 86]]
[94, 4.15245, [0, 1, 2, 4, 5, 7, 8, 9, 15, 17, 20, 21, 23, 24, 28, 29, 30, 33, 36, 57, 59, 60, 63, 72, 73, 74, 89]]
[94, 4.18456, [0, 1, 2, 4, 5, 7, 8, 9, 15, 17, 20, 21, 23, 24, 29, 30, 33, 34, 36, 38, 44, 50, 57, 63, 69, 72, 74]]
[94, 4.17379, [0, 1, 2, 4, 5, 7, 8, 9, 15, 17, 20, 21, 23, 24, 29, 30, 33, 34, 36, 38, 50, 57, 59, 63, 72, 73, 74]]
[94, 4.15481, [0, 1, 2, 4, 5, 7, 8, 9, 15, 17, 20, 21, 23, 24, 29, 30, 33, 36, 38, 44, 50, 57, 63, 69, 72, 74, 89]]
[94, 4.16816, [0, 1, 2, 4, 5, 7, 8, 9, 16, 17, 18, 21, 22, 30, 31, 33, 34, 35, 38, 39, 40, 53, 60, 61, 62, 72, 73]]
[94, 4.19244, [0, 1, 2, 4, 5, 7, 8, 9, 16, 17, 19, 20, 22, 26, 28, 31, 33, 37, 38, 41, 44, 50, 53, 58, 59, 60, 65]]
[94, 4.15829, [0, 1, 2, 4, 5, 7, 8, 9, 16, 17, 19, 20, 22, 28, 31, 33, 37, 38, 41, 44, 50, 53, 58, 59, 60, 62, 65]]
[94, 4.18916, [0, 1, 2, 4, 5, 7, 8, 9, 16, 17, 19, 21, 26, 28, 29, 32, 33, 34, 36, 37, 42, 43, 44, 57, 58, 59, 88]]
[94, 4.17903, [0, 1, 2, 4, 5, 7, 8, 9, 16, 17, 20, 21, 22, 29, 30, 31, 34, 35, 36, 38, 39, 45, 53, 60, 61, 72, 79]]
[94, 4.16056, [0, 1, 2, 4, 5, 7, 8, 9, 16, 18, 22, 25, 29, 30, 31, 35, 38, 39, 41, 45, 50, 53, 58, 61, 62, 66, 83, 84]]
[94, 4.19067, [0, 1, 2, 4, 5, 7, 8, 9, 17, 18, 19, 21, 22, 24, 26, 29, 31, 32, 33, 37, 42, 50, 58, 59, 67, 82, 88]]
[94, 4.17375, [0, 1, 2, 4, 5, 7, 8, 9, 17, 18, 19, 21, 22, 24, 26, 29, 31, 32, 33, 42, 50, 58, 59, 61, 67, 82, 88]]
[94, 4.15698, [0, 1, 2, 4, 5, 7, 8, 9, 17, 18, 19, 21, 22, 24, 29, 31, 32, 33, 37, 42, 50, 58, 59, 61, 67, 82, 88]]
[94, 4.1776, [0, 1, 2, 4, 5, 7, 8, 9, 17, 18, 19, 22, 23, 24, 28, 30, 31, 34, 35, 39, 45, 53, 58, 60, 61, 62, 84]]
[94, 4.16761, [0, 1, 2, 4, 5, 7, 8, 9, 17, 18, 19, 22, 23, 24, 30, 31, 33, 34, 35, 39, 40, 46, 60, 61, 73, 75, 84]]
[94, 4.16969, [0, 1, 2, 4, 5, 7, 8, 9, 17, 18, 19, 22, 23, 24, 30, 31, 33, 34, 35, 39, 45, 53, 58, 60, 61, 62, 84]]
[94, 4.15141, [0, 1, 2, 4, 5, 7, 8, 9, 17, 19, 20, 22, 23, 24, 27, 28, 29, 33, 43, 44, 50, 57, 58, 60, 63, 86, 89]]
[94, 4.15219, [0, 1, 2, 4, 5, 7, 8, 9, 17, 19, 20, 22, 23, 24, 27, 28, 29, 33, 44, 50, 53, 58, 59, 60, 62, 63, 86]]
[94, 4.15247, [0, 1, 2, 4, 5, 7, 8, 9, 17, 19, 20, 22, 23, 24, 28, 29, 30, 33, 44, 45, 50, 57, 58, 60, 62, 63, 89]]
[94, 4.15254, [0, 1, 2, 4, 5, 7, 8, 9, 17, 19, 20, 22, 23, 24, 29, 30, 31, 33, 44, 45, 50, 57, 58, 60, 61, 62, 74]]
[94, 4.18006, [0, 1, 2, 4, 5, 7, 8, 13, 14, 15, 17, 18, 24, 25, 26, 28, 31, 32, 33, 40, 43, 57, 59, 68, 70, 77, 91]]
[94, 4.16497, [0, 1, 2, 4, 5, 7, 8, 13, 14, 15, 17, 18, 24, 25, 26, 28, 31, 32, 40, 43, 50, 57, 59, 66, 70, 77, 91]]
[94, 4.1561, [0, 1, 2, 4, 5, 7, 8, 13, 14, 15, 17, 18, 24, 25, 26, 28, 31, 32, 40, 43, 57, 59, 66, 68, 70, 77, 91]]
[94, 4.17488, [0, 1, 2, 4, 5, 7, 8, 13, 14, 15, 17, 18, 24, 25, 26, 28, 31, 33, 36, 40, 43, 57, 59, 68, 70, 77, 91]]
[94, 4.15126, [0, 1, 2, 4, 5, 7, 8, 13, 14, 15, 17, 18, 24, 25, 26, 28, 32, 33, 40, 43, 53, 59, 68, 70, 77, 78, 91]]
[94, 4.16837, [0, 1, 2, 4, 5, 7, 8, 13, 14, 15, 17, 18, 24, 25, 26, 31, 32, 33, 36, 40, 43, 57, 59, 68, 70, 77, 91]]
[94, 4.16209, [0, 1, 2, 4, 5, 7, 8, 13, 14, 15, 17, 18, 24, 25, 26, 31, 32, 33, 36, 40, 43, 57, 68, 70, 75, 77, 91]]
[94, 4.15273, [0, 1, 2, 4, 5, 7, 8, 13, 14, 15, 17, 18, 24, 25, 26, 31, 32, 33, 36, 40, 43, 68, 70, 75, 77, 82, 91]]
[94, 4.1685, [0, 1, 2, 4, 5, 7, 8, 13, 14, 16, 17, 18, 25, 26, 28, 29, 31, 32, 33, 36, 43, 57, 59, 68, 70, 77, 91]]
[94, 4.15082, [0, 1, 2, 4, 5, 7, 11, 12, 13, 15, 16, 18, 20, 23, 27, 32, 35, 37, 40, 43, 44, 45, 55, 66, 80, 81, 85]]
[94, 4.16095, [0, 1, 2, 4, 5, 7, 11, 12, 13, 15, 16, 18, 20, 23, 27, 37, 40, 42, 43, 44, 55, 66, 78, 80, 81, 83, 85, 86]]

Search completed in 0 hours, 52 minutes, and 33.129 seconds.  Enter a string to quit.