Enter an integer k for which our Kempner sets are k-free: 4
Enter a positive integer modulus b: 64
Enter estimation parameters, or * for pre-computed parameters ([0.0963, 1.0998, 1.4278]): *
Enter a threshold (e.g. 4.2) to determine printed output: 4.0
Enter a root for the search space (e.g. [0, 1, 2]) [or * for the root [0]]: *
Enter an upper bound for the size of allowable digit sets [or * to ignore]: *
Enter a maximal number of deviations from a greedy search [or * to ignore]: *
Searching for k-free sets mod b...

[64, 4.01418, [0, 1, 2, 4, 5, 7, 8, 9, 14, 15, 18, 23, 24, 25, 28, 30, 43, 52, 54]]
[64, 4.02181, [0, 1, 2, 4, 5, 7, 8, 9, 14, 16, 17, 18, 22, 28, 29, 31, 45, 52, 58]]
[64, 4.01581, [0, 1, 2, 4, 5, 7, 8, 9, 14, 16, 17, 18, 22, 28, 29, 31, 52, 53, 58]]
[64, 4.03036, [0, 1, 2, 4, 5, 7, 8, 9, 14, 17, 18, 22, 23, 24, 28, 29, 30, 52, 53]]
[64, 4.02867, [0, 1, 2, 4, 5, 7, 8, 9, 14, 17, 18, 22, 23, 24, 28, 29, 31, 52, 53]]
[64, 4.01112, [0, 1, 2, 4, 5, 7, 8, 9, 14, 17, 18, 22, 23, 24, 29, 30, 42, 52, 53]]
[64, 4.03804, [0, 1, 2, 4, 5, 7, 8, 9, 14, 17, 22, 23, 24, 26, 27, 29, 30, 31, 42]]
[64, 4.02931, [0, 1, 2, 4, 5, 7, 8, 9, 14, 17, 22, 23, 24, 26, 27, 29, 30, 31, 53]]
[64, 4.01546, [0, 1, 2, 4, 5, 7, 8, 9, 14, 17, 22, 23, 24, 26, 27, 29, 30, 42, 53]]
[64, 4.06617, [0, 1, 2, 4, 5, 7, 8, 9, 15, 16, 17, 19, 20, 26, 28, 29, 30, 38, 46]]
[64, 4.01654, [0, 1, 2, 4, 5, 7, 8, 9, 15, 16, 17, 19, 20, 26, 29, 42, 44, 46, 53]]
[64, 4.053, [0, 1, 2, 4, 5, 7, 8, 9, 15, 16, 17, 19, 20, 27, 28, 29, 35, 42, 45]]
[64, 4.03189, [0, 1, 2, 4, 5, 7, 8, 9, 15, 16, 17, 19, 20, 27, 29, 35, 42, 44, 45]]
[64, 4.05064, [0, 1, 2, 4, 5, 7, 8, 9, 15, 16, 17, 19, 20, 28, 29, 30, 35, 38, 46]]
[64, 4.02813, [0, 1, 2, 4, 5, 7, 8, 9, 15, 16, 17, 19, 20, 28, 29, 35, 42, 45, 46]]
[64, 4.00702, [0, 1, 2, 4, 5, 7, 8, 9, 15, 16, 17, 19, 20, 29, 35, 42, 44, 45, 46]]
[64, 4.01653, [0, 1, 2, 4, 5, 7, 8, 9, 15, 16, 17, 19, 27, 28, 29, 31, 42, 44, 45]]
[64, 4.01062, [0, 1, 2, 4, 5, 7, 8, 9, 15, 16, 17, 19, 27, 28, 29, 35, 42, 44, 45]]
[64, 4.05893, [0, 1, 2, 4, 5, 7, 8, 9, 15, 16, 17, 20, 21, 26, 28, 29, 30, 38, 46]]
[64, 4.04341, [0, 1, 2, 4, 5, 7, 8, 9, 15, 16, 17, 20, 21, 28, 29, 30, 35, 38, 46]]
[64, 4.03772, [0, 1, 2, 4, 5, 7, 8, 9, 15, 16, 18, 19, 20, 25, 26, 29, 44, 46, 53]]
[64, 4.01427, [0, 1, 2, 4, 5, 7, 8, 9, 15, 16, 18, 19, 20, 25, 29, 42, 44, 46, 53]]
[64, 4.05025, [0, 1, 2, 4, 5, 7, 8, 9, 15, 16, 18, 19, 20, 26, 29, 30, 35, 38, 46]]
[64, 4.03728, [0, 1, 2, 4, 5, 7, 8, 9, 15, 16, 18, 19, 20, 26, 29, 30, 35, 46, 53]]
[64, 4.06465, [0, 1, 2, 4, 5, 7, 8, 9, 15, 16, 18, 19, 21, 25, 26, 29, 30, 38, 46]]
[64, 4.04635, [0, 1, 2, 4, 5, 7, 8, 9, 15, 16, 18, 19, 21, 25, 26, 30, 38, 43, 46]]
[64, 4.04056, [0, 1, 2, 4, 5, 7, 8, 9, 15, 16, 18, 19, 21, 25, 26, 30, 38, 43, 54]]
[64, 4.04679, [0, 1, 2, 4, 5, 7, 8, 9, 15, 16, 18, 19, 21, 26, 29, 30, 35, 38, 46]]
[64, 4.04301, [0, 1, 2, 4, 5, 7, 8, 9, 15, 16, 18, 20, 21, 26, 29, 30, 35, 38, 46]]
[64, 4.06041, [0, 1, 2, 4, 5, 7, 8, 9, 15, 16, 19, 20, 21, 25, 26, 28, 29, 38, 46]]
[64, 4.05618, [0, 1, 2, 4, 5, 7, 8, 9, 15, 16, 19, 20, 21, 25, 26, 28, 29, 42, 46]]
[64, 4.03507, [0, 1, 2, 4, 5, 7, 8, 9, 15, 16, 19, 20, 21, 25, 26, 29, 42, 44, 46]]
[64, 4.16541, [0, 1, 2, 4, 5, 7, 8, 9, 15, 16, 19, 20, 21, 26, 28, 29, 30, 35, 38, 46]]
[64, 4.05387, [0, 1, 2, 4, 5, 7, 8, 9, 15, 16, 19, 20, 21, 26, 28, 29, 30, 35, 46]]
[64, 4.05016, [0, 1, 2, 4, 5, 7, 8, 9, 15, 16, 19, 20, 21, 26, 28, 29, 30, 38, 46]]
[64, 4.04256, [0, 1, 2, 4, 5, 7, 8, 9, 15, 16, 19, 20, 21, 26, 28, 29, 35, 38, 46]]
[64, 4.04076, [0, 1, 2, 4, 5, 7, 8, 9, 15, 16, 19, 20, 21, 26, 28, 30, 35, 38, 46]]
[64, 4.03187, [0, 1, 2, 4, 5, 7, 8, 9, 15, 16, 19, 20, 21, 26, 28, 30, 38, 43, 46]]
[64, 4.01039, [0, 1, 2, 4, 5, 7, 8, 9, 15, 16, 19, 20, 21, 26, 28, 38, 43, 46, 49]]
[64, 4.03885, [0, 1, 2, 4, 5, 7, 8, 9, 15, 16, 19, 20, 21, 26, 29, 30, 35, 38, 46]]
[64, 4.01722, [0, 1, 2, 4, 5, 7, 8, 9, 15, 16, 19, 20, 21, 26, 29, 35, 42, 44, 46]]
[64, 4.03464, [0, 1, 2, 4, 5, 7, 8, 9, 15, 16, 19, 20, 21, 28, 29, 30, 35, 38, 46]]
[64, 4.02103, [0, 1, 2, 4, 5, 7, 8, 9, 15, 16, 19, 20, 26, 28, 29, 30, 35, 38, 46]]
[64, 4.03542, [0, 1, 2, 4, 5, 7, 8, 9, 15, 16, 19, 21, 25, 26, 28, 29, 30, 38, 46]]
[64, 4.0138, [0, 1, 2, 4, 5, 7, 8, 9, 15, 16, 19, 21, 25, 26, 28, 29, 42, 44, 46]]
[64, 4.01714, [0, 1, 2, 4, 5, 7, 8, 9, 15, 16, 19, 21, 25, 26, 28, 30, 38, 43, 46]]
[64, 4.01757, [0, 1, 2, 4, 5, 7, 8, 9, 15, 16, 19, 21, 26, 28, 29, 30, 35, 38, 46]]
[64, 4.01379, [0, 1, 2, 4, 5, 7, 8, 9, 15, 16, 20, 21, 26, 28, 29, 30, 35, 38, 46]]
[64, 4.02326, [0, 1, 2, 4, 5, 7, 8, 9, 15, 17, 18, 19, 23, 24, 26, 28, 43, 52, 54]]
[64, 4.03848, [0, 1, 2, 4, 5, 7, 8, 9, 15, 17, 18, 19, 23, 24, 26, 29, 30, 52, 53]]
[64, 4.01176, [0, 1, 2, 4, 5, 7, 8, 9, 15, 17, 18, 19, 23, 24, 26, 30, 52, 53, 54]]
[64, 4.01372, [0, 1, 2, 4, 5, 7, 8, 9, 15, 17, 18, 19, 23, 26, 29, 30, 38, 48, 59]]
[64, 4.04376, [0, 1, 2, 4, 5, 7, 8, 9, 15, 17, 18, 20, 21, 23, 28, 29, 30, 42, 59]]
[64, 4.0037, [0, 1, 2, 4, 5, 7, 8, 9, 15, 17, 18, 20, 21, 23, 28, 42, 45, 51, 54]]
[64, 4.0438, [0, 1, 2, 4, 5, 7, 8, 9, 15, 17, 18, 20, 21, 26, 29, 30, 31, 38, 46]]
[64, 4.03506, [0, 1, 2, 4, 5, 7, 8, 9, 15, 17, 18, 20, 21, 26, 29, 30, 31, 38, 59]]
[64, 4.00834, [0, 1, 2, 4, 5, 7, 8, 9, 15, 17, 18, 20, 21, 29, 30, 35, 42, 44, 46]]
[64, 4.00649, [0, 1, 2, 4, 5, 7, 8, 9, 15, 17, 18, 21, 23, 26, 29, 30, 38, 48, 59]]
[64, 4.01284, [0, 1, 2, 4, 5, 7, 8, 9, 15, 18, 19, 20, 23, 24, 26, 28, 43, 49, 54]]
[64, 4.01931, [0, 1, 2, 4, 5, 7, 8, 9, 15, 18, 19, 20, 23, 24, 26, 30, 38, 43, 54]]
[64, 4.00635, [0, 1, 2, 4, 5, 7, 8, 9, 15, 18, 19, 20, 23, 24, 26, 30, 43, 53, 54]]
[64, 4.03527, [0, 1, 2, 4, 5, 7, 8, 9, 15, 18, 19, 20, 23, 24, 28, 29, 30, 35, 57]]
[64, 4.00741, [0, 1, 2, 4, 5, 7, 8, 9, 15, 18, 19, 20, 23, 24, 28, 29, 35, 57, 59]]
[64, 4.00587, [0, 1, 2, 4, 5, 7, 8, 9, 15, 18, 19, 20, 23, 28, 29, 30, 35, 42, 59]]
[64, 4.02586, [0, 1, 2, 4, 5, 7, 8, 9, 15, 18, 19, 21, 23, 26, 28, 29, 30, 35, 59]]
[64, 4.01085, [0, 1, 2, 4, 5, 7, 8, 9, 15, 18, 19, 21, 23, 26, 29, 30, 35, 38, 59]]
[64, 4.02029, [0, 1, 2, 4, 5, 7, 8, 9, 15, 18, 19, 21, 25, 26, 29, 30, 31, 38, 46]]
[64, 4.01756, [0, 1, 2, 4, 5, 7, 8, 9, 15, 19, 20, 21, 23, 24, 26, 28, 35, 38, 59]]
[64, 4.00662, [0, 1, 2, 4, 5, 7, 8, 9, 15, 19, 20, 21, 23, 24, 26, 28, 38, 49, 54]]
[64, 4.00295, [0, 1, 2, 4, 5, 7, 8, 9, 15, 19, 20, 21, 23, 24, 26, 28, 38, 50, 59]]
[64, 4.0393, [0, 1, 2, 4, 5, 7, 8, 9, 15, 19, 20, 21, 23, 24, 28, 29, 30, 35, 38]]
[64, 4.01144, [0, 1, 2, 4, 5, 7, 8, 9, 15, 19, 20, 21, 23, 24, 28, 29, 35, 38, 59]]
[64, 4.00482, [0, 1, 2, 4, 5, 7, 8, 9, 15, 19, 20, 21, 23, 26, 28, 30, 35, 38, 59]]
[64, 4.04793, [0, 1, 2, 4, 5, 7, 8, 9, 15, 19, 20, 21, 24, 25, 26, 28, 29, 31, 38]]
[64, 4.02121, [0, 1, 2, 4, 5, 7, 8, 9, 15, 19, 20, 21, 24, 25, 26, 28, 31, 38, 54]]
[64, 4.00392, [0, 1, 2, 4, 5, 7, 8, 9, 15, 19, 20, 21, 24, 26, 28, 29, 35, 38, 59]]
[64, 4.01606, [0, 1, 2, 4, 5, 7, 8, 9, 15, 19, 20, 21, 25, 26, 28, 29, 31, 38, 46]]
[64, 4.08827, [0, 1, 2, 4, 5, 7, 8, 9, 15, 19, 20, 21, 25, 26, 28, 31, 38, 46, 50, 54]]
[64, 4.03929, [0, 1, 2, 4, 5, 7, 8, 9, 16, 17, 19, 20, 21, 26, 28, 29, 30, 38, 46]]
[64, 4.0228, [0, 1, 2, 4, 5, 7, 8, 9, 16, 17, 19, 20, 21, 26, 28, 29, 38, 43, 46]]
[64, 4.0017, [0, 1, 2, 4, 5, 7, 8, 9, 16, 17, 19, 20, 21, 26, 29, 38, 43, 44, 46]]
[64, 4.02377, [0, 1, 2, 4, 5, 7, 8, 9, 16, 17, 19, 20, 21, 28, 29, 30, 35, 38, 46]]
[64, 4.00728, [0, 1, 2, 4, 5, 7, 8, 9, 16, 17, 19, 20, 21, 28, 29, 35, 38, 43, 46]]
[64, 4.04454, [0, 1, 2, 4, 5, 7, 8, 9, 16, 17, 19, 20, 22, 26, 27, 28, 30, 31, 53]]
[64, 4.04263, [0, 1, 2, 4, 5, 7, 8, 9, 16, 17, 19, 20, 22, 26, 27, 29, 30, 31, 53]]
[64, 4.01364, [0, 1, 2, 4, 5, 7, 8, 9, 16, 17, 19, 20, 22, 28, 29, 30, 35, 45, 46]]
[64, 4.02009, [0, 1, 2, 4, 5, 7, 8, 9, 16, 17, 19, 21, 22, 27, 28, 29, 31, 42, 52]]
[64, 4.01009, [0, 1, 2, 4, 5, 7, 8, 9, 16, 17, 19, 21, 22, 27, 28, 29, 31, 52, 55]]
[64, 4.01221, [0, 1, 2, 4, 5, 7, 8, 9, 16, 18, 19, 20, 25, 26, 29, 30, 31, 38, 54]]
[64, 4.00864, [0, 1, 2, 4, 5, 7, 8, 9, 16, 18, 19, 21, 25, 26, 29, 30, 35, 38, 46]]
[64, 4.00394, [0, 1, 2, 4, 5, 7, 8, 9, 16, 19, 20, 21, 25, 26, 27, 29, 35, 42, 44]]
[64, 4.012, [0, 1, 2, 4, 5, 7, 8, 9, 16, 19, 20, 21, 25, 26, 28, 29, 30, 38, 46]]
[64, 4.0044, [0, 1, 2, 4, 5, 7, 8, 9, 16, 19, 20, 21, 25, 26, 28, 29, 35, 38, 46]]
[64, 4.09902, [0, 1, 2, 4, 5, 7, 8, 9, 16, 19, 20, 21, 26, 28, 29, 30, 35, 38, 43, 46]]
[64, 4.08394, [0, 1, 2, 4, 5, 7, 8, 9, 16, 19, 21, 25, 26, 28, 29, 30, 35, 38, 43, 46]]
[64, 4.06616, [0, 1, 2, 4, 5, 7, 8, 9, 16, 19, 21, 25, 26, 28, 29, 35, 38, 43, 44, 46]]
[64, 4.00676, [0, 1, 2, 4, 5, 7, 8, 9, 17, 18, 19, 22, 23, 24, 26, 29, 31, 52, 53]]
[64, 4.00424, [0, 1, 2, 4, 5, 7, 8, 9, 17, 18, 19, 22, 23, 24, 28, 29, 30, 52, 53]]
[64, 4.00255, [0, 1, 2, 4, 5, 7, 8, 9, 17, 18, 19, 22, 23, 24, 28, 29, 31, 52, 53]]
[64, 4.08832, [0, 1, 2, 4, 5, 7, 8, 9, 17, 18, 19, 23, 24, 26, 28, 29, 31, 52, 53, 54]]
[64, 4.0292, [0, 1, 2, 4, 5, 7, 8, 9, 17, 19, 20, 22, 23, 24, 27, 28, 30, 35, 38]]
[64, 4.00191, [0, 1, 2, 4, 5, 7, 8, 9, 17, 19, 20, 22, 23, 24, 27, 28, 35, 38, 58]]
[64, 4.02671, [0, 1, 2, 4, 5, 7, 8, 9, 21, 22, 23, 25, 26, 28, 29, 30, 35, 38, 56, 59]]
[64, 4.00893, [0, 1, 2, 4, 5, 7, 8, 13, 14, 15, 17, 18, 24, 25, 28, 30, 31, 51, 52]]
[64, 4.00294, [0, 1, 2, 4, 5, 7, 8, 13, 14, 15, 17, 18, 24, 25, 28, 30, 31, 52, 61]]
[64, 4.03402, [0, 1, 2, 4, 5, 7, 8, 13, 14, 16, 17, 18, 22, 25, 27, 28, 29, 35, 51]]
[64, 4.03222, [0, 1, 2, 4, 5, 7, 8, 13, 14, 16, 17, 18, 22, 25, 27, 28, 30, 35, 51]]
[64, 4.01478, [0, 1, 2, 4, 5, 7, 8, 13, 14, 16, 17, 18, 22, 25, 27, 29, 35, 42, 51]]
[64, 4.00479, [0, 1, 2, 4, 5, 7, 8, 13, 14, 16, 17, 18, 22, 25, 27, 29, 35, 51, 55]]
[64, 4.01475, [0, 1, 2, 4, 5, 7, 8, 13, 14, 16, 17, 22, 23, 25, 27, 28, 30, 35, 51]]
[64, 4.02616, [0, 1, 2, 4, 5, 7, 8, 13, 15, 16, 17, 20, 21, 23, 27, 28, 30, 35, 51]]
[64, 4.00704, [0, 1, 2, 4, 5, 7, 8, 13, 15, 16, 17, 20, 21, 23, 27, 28, 30, 51, 57]]
[64, 4.00817, [0, 1, 2, 4, 5, 7, 8, 13, 15, 17, 18, 20, 21, 26, 27, 30, 31, 38, 41]]
[64, 4.07052, [0, 1, 2, 4, 5, 7, 8, 13, 15, 17, 18, 20, 21, 27, 30, 35, 41, 42, 44, 51]]
[64, 4.04384, [0, 1, 2, 4, 5, 7, 8, 13, 15, 17, 18, 20, 21, 27, 35, 41, 42, 44, 51, 56]]
[64, 4.04135, [0, 1, 2, 4, 5, 7, 8, 14, 16, 17, 18, 22, 23, 25, 28, 29, 47, 51, 52, 53]]
[64, 4.03769, [0, 1, 2, 4, 5, 7, 8, 14, 16, 17, 18, 22, 23, 25, 28, 29, 47, 51, 52, 59]]
[64, 4.0217, [0, 1, 2, 4, 5, 7, 8, 14, 16, 17, 18, 22, 23, 25, 29, 42, 47, 51, 52, 53]]
[64, 4.03616, [0, 1, 2, 4, 5, 7, 8, 14, 17, 18, 19, 23, 24, 25, 28, 30, 31, 52, 53, 54]]
[64, 4.05871, [0, 1, 2, 4, 5, 7, 8, 15, 16, 18, 20, 21, 23, 26, 27, 28, 30, 35, 51, 61]]
[64, 4.00709, [0, 1, 2, 4, 5, 7, 9, 12, 15, 16, 19, 21, 22, 24, 28, 29, 30, 35, 38]]
[64, 4.00338, [0, 1, 2, 4, 5, 7, 11, 12, 13, 15, 16, 18, 22, 23, 24, 29, 38, 42, 57]]
[64, 4.00954, [0, 1, 2, 4, 5, 7, 11, 12, 13, 15, 16, 21, 22, 24, 25, 27, 28, 42, 51]]
[64, 4.07589, [0, 1, 2, 4, 5, 7, 11, 12, 13, 15, 16, 21, 22, 24, 25, 28, 42, 49, 51, 58]]
[64, 4.01545, [0, 1, 2, 4, 5, 7, 11, 12, 13, 15, 16, 22, 23, 24, 26, 27, 29, 30, 50]]
[64, 4.01567, [0, 1, 2, 4, 5, 7, 11, 12, 13, 15, 20, 21, 23, 27, 35, 40, 41, 42, 56, 58]]
[64, 4.02265, [0, 1, 2, 4, 5, 7, 11, 12, 14, 15, 16, 22, 23, 24, 26, 27, 29, 30, 35]]
[64, 4.00806, [0, 1, 2, 4, 5, 7, 11, 12, 14, 15, 16, 22, 23, 24, 26, 27, 29, 30, 50]]
[64, 4.00713, [0, 1, 2, 4, 5, 7, 11, 12, 14, 15, 16, 22, 23, 24, 26, 27, 29, 35, 42]]

Search completed in 0 hours, 2 minutes, and 42.072 seconds.  Enter a string to quit.