Enter an integer k for which our Kempner sets are k-free: 4
Enter a positive integer modulus b: 79
Enter estimation parameters, or * for pre-computed parameters ([0.0909, 1.0874, 1.4202]): *
Enter a threshold (e.g. 4.2) to determine printed output: 4.21
Enter a root for the search space (e.g. [0, 1, 2]) [or * for the root [0]]: *
Enter an upper bound for the size of allowable digit sets [or * to ignore]: *
Enter a maximal number of deviations from a greedy search [or * to ignore]: *
Searching for k-free sets mod b...

[79, 4.25226, [0, 1, 2, 4, 5, 7, 8, 9, 14, 15, 16, 18, 25, 26, 28, 29, 31, 33, 36, 39, 49, 51, 52, 67]]
[79, 4.24973, [0, 1, 2, 4, 5, 7, 8, 9, 14, 15, 16, 18, 25, 26, 28, 29, 31, 33, 36, 45, 49, 50, 51, 63]]
[79, 4.23155, [0, 1, 2, 4, 5, 7, 8, 9, 14, 15, 16, 18, 25, 26, 28, 29, 31, 33, 45, 49, 50, 51, 59, 63]]
[79, 4.22454, [0, 1, 2, 4, 5, 7, 8, 9, 14, 15, 16, 18, 25, 26, 28, 29, 33, 36, 45, 49, 50, 51, 59, 63]]
[79, 4.22268, [0, 1, 2, 4, 5, 7, 8, 9, 14, 15, 16, 18, 25, 26, 29, 31, 33, 36, 45, 49, 50, 51, 53, 63]]
[79, 4.21115, [0, 1, 2, 4, 5, 7, 8, 9, 14, 15, 16, 18, 25, 26, 29, 31, 33, 41, 45, 50, 51, 53, 59, 63]]
[79, 4.21855, [0, 1, 2, 4, 5, 7, 8, 9, 14, 15, 16, 18, 25, 28, 29, 31, 33, 36, 45, 49, 50, 51, 53, 63]]
[79, 4.23615, [0, 1, 2, 4, 5, 7, 8, 9, 14, 15, 16, 18, 26, 28, 29, 31, 33, 34, 36, 39, 49, 51, 52, 67]]
[79, 4.22151, [0, 1, 2, 4, 5, 7, 8, 9, 14, 15, 16, 18, 26, 29, 30, 34, 35, 36, 39, 41, 49, 51, 53, 57]]
[79, 4.21662, [0, 1, 2, 4, 5, 7, 8, 9, 14, 15, 16, 25, 26, 28, 29, 31, 32, 33, 36, 39, 49, 51, 52, 67]]
[79, 4.22169, [0, 1, 2, 4, 5, 7, 8, 9, 14, 15, 17, 18, 23, 24, 26, 29, 30, 33, 50, 51, 60, 61, 62, 68]]
[79, 4.21038, [0, 1, 2, 4, 5, 7, 8, 9, 14, 15, 17, 18, 23, 24, 26, 29, 36, 42, 48, 51, 53, 57, 59, 71]]
[79, 4.2338, [0, 1, 2, 4, 5, 7, 8, 9, 14, 15, 17, 18, 23, 24, 26, 30, 33, 39, 41, 48, 50, 51, 53, 68]]
[79, 4.2289, [0, 1, 2, 4, 5, 7, 8, 9, 14, 15, 17, 18, 23, 24, 26, 30, 33, 39, 41, 48, 50, 51, 62, 68]]
[79, 4.22022, [0, 1, 2, 4, 5, 7, 8, 9, 14, 15, 17, 18, 23, 24, 26, 30, 33, 39, 48, 50, 51, 52, 62, 68]]
[79, 4.21792, [0, 1, 2, 4, 5, 7, 8, 9, 14, 15, 17, 18, 23, 24, 26, 30, 33, 41, 48, 50, 51, 54, 60, 68]]
[79, 4.21363, [0, 1, 2, 4, 5, 7, 8, 9, 14, 15, 17, 18, 23, 24, 26, 30, 33, 41, 48, 50, 51, 60, 62, 68]]
[79, 4.25531, [0, 1, 2, 4, 5, 7, 8, 9, 14, 15, 17, 18, 23, 26, 28, 29, 30, 34, 36, 39, 46, 48, 52, 71]]
[79, 4.2377, [0, 1, 2, 4, 5, 7, 8, 9, 14, 15, 17, 18, 23, 28, 29, 30, 34, 36, 37, 39, 46, 48, 52, 71]]
[79, 4.22035, [0, 1, 2, 4, 5, 7, 8, 9, 14, 15, 17, 18, 23, 28, 29, 30, 36, 37, 39, 46, 48, 52, 53, 71]]
[79, 4.23457, [0, 1, 2, 4, 5, 7, 8, 9, 14, 15, 17, 18, 24, 28, 29, 31, 35, 36, 37, 39, 45, 47, 49, 74]]
[79, 4.22883, [0, 1, 2, 4, 5, 7, 8, 9, 14, 15, 17, 18, 24, 28, 29, 31, 35, 36, 37, 39, 47, 49, 53, 74]]
[79, 4.25798, [0, 1, 2, 4, 5, 7, 8, 9, 14, 15, 18, 23, 24, 25, 29, 33, 41, 45, 47, 50, 51, 53, 55, 61, 63]]
[79, 4.21202, [0, 1, 2, 4, 5, 7, 8, 9, 14, 15, 18, 23, 24, 26, 29, 33, 35, 36, 39, 45, 47, 49, 50, 53]]
[79, 4.22014, [0, 1, 2, 4, 5, 7, 8, 9, 14, 15, 18, 24, 25, 26, 28, 29, 31, 33, 36, 45, 49, 50, 51, 63]]
[79, 4.23067, [0, 1, 2, 4, 5, 7, 8, 9, 14, 18, 22, 23, 25, 29, 30, 33, 34, 35, 39, 43, 45, 62, 69, 71, 73]]
[79, 4.26565, [0, 1, 2, 4, 5, 7, 8, 9, 14, 18, 23, 24, 25, 28, 29, 31, 35, 36, 37, 39, 46, 48, 50, 53, 64]]
[79, 4.21242, [0, 1, 2, 4, 5, 7, 8, 9, 15, 16, 17, 19, 26, 27, 28, 42, 44, 46, 55, 58, 59, 60, 64, 67, 70]]
[79, 4.21849, [0, 1, 2, 4, 5, 7, 8, 9, 15, 16, 17, 20, 21, 26, 28, 29, 30, 38, 42, 46, 48, 52, 60, 62]]
[79, 4.23305, [0, 1, 2, 4, 5, 7, 8, 9, 15, 16, 18, 19, 20, 25, 26, 28, 29, 31, 33, 49, 59, 61, 63, 67]]
[79, 4.22244, [0, 1, 2, 4, 5, 7, 8, 9, 15, 16, 18, 19, 20, 25, 26, 28, 29, 31, 33, 59, 61, 63, 67, 69]]
[79, 4.21184, [0, 1, 2, 4, 5, 7, 8, 9, 15, 16, 18, 19, 20, 25, 26, 29, 31, 33, 41, 53, 59, 61, 63, 69]]
[79, 4.22552, [0, 1, 2, 4, 5, 7, 8, 9, 15, 16, 18, 19, 20, 25, 26, 29, 31, 33, 45, 49, 51, 53, 59, 61]]
[79, 4.21442, [0, 1, 2, 4, 5, 7, 8, 9, 15, 16, 18, 19, 20, 25, 26, 29, 31, 33, 49, 51, 53, 59, 61, 63]]
[79, 4.22697, [0, 1, 2, 4, 5, 7, 8, 9, 15, 16, 18, 19, 20, 25, 26, 29, 36, 38, 41, 44, 48, 50, 55, 59]]
[79, 4.2171, [0, 1, 2, 4, 5, 7, 8, 9, 15, 16, 18, 19, 20, 25, 26, 29, 36, 41, 45, 47, 49, 50, 55, 59]]
[79, 4.22694, [0, 1, 2, 4, 5, 7, 8, 9, 15, 16, 18, 19, 20, 26, 31, 32, 34, 35, 39, 41, 45, 51, 53, 54]]
[79, 4.22337, [0, 1, 2, 4, 5, 7, 8, 9, 15, 16, 18, 19, 21, 25, 26, 28, 32, 33, 42, 44, 52, 55, 61, 67]]
[79, 4.21129, [0, 1, 2, 4, 5, 7, 8, 9, 15, 16, 18, 19, 21, 25, 26, 28, 33, 42, 44, 46, 52, 55, 60, 61]]
[79, 4.21289, [0, 1, 2, 4, 5, 7, 8, 9, 15, 16, 18, 19, 21, 25, 28, 30, 31, 33, 36, 42, 60, 62, 66, 72]]
[79, 4.21618, [0, 1, 2, 4, 5, 7, 8, 9, 15, 16, 18, 19, 21, 26, 28, 29, 30, 33, 42, 46, 52, 60, 61, 62]]
[79, 4.23249, [0, 1, 2, 4, 5, 7, 8, 9, 15, 16, 18, 20, 21, 26, 29, 30, 33, 34, 35, 39, 41, 51, 53, 68]]
[79, 4.23372, [0, 1, 2, 4, 5, 7, 8, 9, 15, 16, 18, 20, 21, 26, 29, 30, 34, 35, 36, 39, 41, 51, 53, 57]]
[79, 4.2114, [0, 1, 2, 4, 5, 7, 8, 9, 15, 16, 18, 20, 21, 26, 29, 30, 34, 35, 39, 41, 51, 53, 57, 68]]
[79, 4.22035, [0, 1, 2, 4, 5, 7, 8, 9, 15, 16, 18, 20, 21, 26, 29, 30, 34, 36, 39, 41, 49, 51, 53, 57]]
[79, 4.2179, [0, 1, 2, 4, 5, 7, 8, 9, 15, 16, 18, 20, 21, 28, 30, 31, 33, 34, 39, 43, 49, 51, 52, 53]]
[79, 4.28579, [0, 1, 2, 4, 5, 7, 8, 9, 15, 16, 18, 20, 26, 30, 31, 33, 34, 35, 39, 41, 47, 49, 51, 54, 56]]
[79, 4.21372, [0, 1, 2, 4, 5, 7, 8, 9, 15, 16, 19, 20, 26, 27, 28, 30, 31, 33, 34, 35, 51, 52, 62, 63]]
[79, 4.22956, [0, 1, 2, 4, 5, 7, 8, 9, 15, 16, 20, 26, 30, 31, 33, 34, 35, 39, 41, 47, 49, 51, 52, 54, 56]]
[79, 4.21451, [0, 1, 2, 4, 5, 7, 8, 9, 15, 17, 18, 19, 23, 24, 30, 42, 48, 50, 51, 52, 57, 60, 62, 68, 71]]
[79, 4.24558, [0, 1, 2, 4, 5, 7, 8, 9, 15, 17, 20, 21, 23, 24, 28, 29, 30, 33, 34, 36, 37, 40, 48, 69]]
[79, 4.2299, [0, 1, 2, 4, 5, 7, 8, 9, 15, 17, 20, 21, 23, 24, 28, 29, 30, 33, 34, 36, 37, 48, 63, 69]]
[79, 4.22655, [0, 1, 2, 4, 5, 7, 8, 9, 15, 17, 20, 21, 23, 24, 28, 29, 30, 33, 34, 36, 37, 48, 69, 71]]
[79, 4.21062, [0, 1, 2, 4, 5, 7, 8, 9, 15, 18, 19, 20, 23, 24, 25, 29, 32, 33, 41, 45, 51, 53, 55, 61]]
[79, 4.23733, [0, 1, 2, 4, 5, 7, 8, 9, 15, 18, 19, 20, 23, 24, 26, 30, 32, 33, 34, 39, 43, 48, 51, 52]]
[79, 4.21243, [0, 1, 2, 4, 5, 7, 8, 9, 15, 18, 19, 20, 23, 24, 26, 30, 32, 33, 39, 43, 48, 51, 52, 68]]
[79, 4.2114, [0, 1, 2, 4, 5, 7, 8, 9, 15, 18, 19, 20, 24, 25, 26, 28, 29, 31, 33, 49, 51, 59, 62, 63]]
[79, 4.22294, [0, 1, 2, 4, 5, 7, 8, 9, 16, 17, 19, 20, 21, 26, 28, 29, 30, 33, 34, 36, 37, 63, 65, 69]]
[79, 4.21427, [0, 1, 2, 4, 5, 7, 8, 9, 16, 17, 19, 20, 22, 26, 27, 28, 30, 31, 36, 39, 45, 60, 66, 68]]
[79, 4.2247, [0, 1, 2, 4, 5, 7, 8, 9, 16, 17, 19, 20, 22, 26, 27, 28, 41, 51, 52, 57, 58, 63, 64, 65, 68]]
[79, 4.22131, [0, 1, 2, 4, 5, 7, 8, 9, 16, 17, 19, 20, 22, 26, 27, 29, 30, 31, 36, 40, 45, 47, 61, 69]]
[79, 4.27669, [0, 1, 2, 4, 5, 7, 8, 9, 16, 18, 19, 20, 26, 30, 31, 32, 34, 35, 37, 39, 45, 47, 51, 53, 54]]
[79, 4.21233, [0, 1, 2, 4, 5, 7, 8, 9, 16, 18, 20, 21, 25, 26, 28, 29, 30, 36, 37, 39, 41, 47, 49, 51]]
[79, 4.211, [0, 1, 2, 4, 5, 7, 8, 9, 16, 20, 21, 22, 25, 26, 27, 29, 30, 32, 36, 39, 41, 45, 47, 49]]
[79, 4.21784, [0, 1, 2, 4, 5, 7, 8, 9, 17, 18, 19, 22, 23, 24, 28, 30, 31, 32, 35, 37, 39, 45, 53, 65]]
[79, 4.2247, [0, 1, 2, 4, 5, 7, 8, 9, 17, 18, 20, 21, 22, 28, 29, 31, 36, 37, 39, 46, 62, 64, 65, 66, 74]]
[79, 4.21663, [0, 1, 2, 4, 5, 7, 8, 9, 17, 18, 20, 21, 23, 24, 29, 30, 38, 42, 44, 48, 57, 62, 71, 73, 74]]
[79, 4.22171, [0, 1, 2, 4, 5, 7, 8, 9, 17, 18, 20, 21, 23, 24, 29, 32, 36, 38, 42, 48, 57, 62, 71, 73, 74]]
[79, 4.2318, [0, 1, 2, 4, 5, 7, 8, 9, 17, 18, 20, 21, 23, 28, 32, 34, 35, 37, 41, 43, 45, 55, 57, 71, 73]]
[79, 4.22027, [0, 1, 2, 4, 5, 7, 8, 9, 17, 19, 20, 22, 23, 24, 27, 28, 34, 38, 50, 52, 58, 64, 65, 71, 74]]
[79, 4.23081, [0, 1, 2, 4, 5, 7, 8, 9, 17, 20, 21, 22, 24, 28, 30, 31, 35, 36, 37, 39, 46, 60, 63, 64, 66]]
[79, 4.27717, [0, 1, 2, 4, 5, 7, 8, 9, 18, 19, 20, 22, 23, 25, 26, 31, 32, 34, 35, 40, 45, 47, 51, 54, 73]]
[79, 4.2133, [0, 1, 2, 4, 5, 7, 8, 9, 18, 20, 21, 23, 24, 25, 28, 29, 30, 34, 42, 44, 62, 69, 71, 72, 73]]
[79, 4.2122, [0, 1, 2, 4, 5, 7, 8, 13, 14, 15, 17, 23, 25, 26, 28, 29, 30, 33, 34, 36, 40, 48, 50, 52]]
[79, 4.23263, [0, 1, 2, 4, 5, 7, 8, 13, 14, 15, 17, 23, 25, 29, 30, 33, 34, 36, 38, 44, 48, 50, 52, 69, 76]]
[79, 4.21995, [0, 1, 2, 4, 5, 7, 8, 14, 15, 17, 18, 19, 23, 25, 26, 28, 29, 30, 34, 36, 39, 46, 48, 52]]
[79, 4.21639, [0, 1, 2, 4, 5, 7, 9, 12, 14, 15, 16, 20, 22, 26, 27, 30, 31, 33, 35, 41, 43, 47, 49, 52]]
[79, 4.21171, [0, 1, 2, 4, 5, 7, 9, 12, 14, 15, 16, 20, 22, 26, 27, 30, 31, 33, 39, 41, 43, 47, 49, 52]]
[79, 4.22096, [0, 1, 2, 4, 5, 7, 9, 12, 14, 16, 20, 22, 26, 27, 29, 33, 35, 36, 37, 45, 47, 49, 55, 59, 61]]
[79, 4.22388, [0, 1, 2, 4, 5, 7, 11, 12, 13, 15, 16, 18, 20, 23, 26, 27, 30, 32, 33, 35, 41, 51, 61, 68]]
[79, 4.29183, [0, 1, 2, 4, 5, 7, 11, 12, 13, 15, 16, 18, 20, 23, 26, 27, 32, 33, 40, 42, 44, 50, 52, 58, 70]]
[79, 4.25883, [0, 1, 2, 4, 5, 7, 11, 12, 13, 15, 16, 18, 20, 23, 32, 33, 36, 37, 38, 41, 44, 53, 55, 57, 71]]
[79, 4.23008, [0, 1, 2, 4, 5, 7, 11, 12, 13, 15, 16, 18, 22, 23, 24, 26, 27, 29, 41, 45, 46, 47, 49, 50]]
[79, 4.23661, [0, 1, 2, 4, 5, 7, 11, 12, 13, 15, 16, 23, 27, 28, 29, 32, 33, 35, 36, 37, 45, 49, 50, 52, 75]]
[79, 4.21757, [0, 1, 2, 4, 5, 7, 11, 12, 13, 18, 20, 21, 23, 26, 27, 30, 33, 37, 38, 45, 47, 49, 50, 59, 61]]
[79, 4.21198, [0, 1, 2, 4, 5, 8, 9, 10, 14, 16, 18, 21, 28, 29, 30, 34, 36, 39, 41, 43, 49, 51, 53, 57, 63]]
[79, 4.26318, [0, 1, 2, 4, 5, 8, 9, 10, 17, 20, 21, 22, 24, 27, 28, 29, 33, 34, 38, 42, 44, 60, 68, 70, 71, 73]]

Search completed in 32 hours, 5 minutes, and 11.901 seconds.  Enter a string to quit.