Enter an integer k for which our Kempner sets are k-free: 4
Enter a positive integer modulus b: 136
Enter estimation parameters, or * for pre-computed parameters ([0.0804, 1.0621, 1.4115]): *
Enter a threshold (e.g. 4.2) to determine printed output: 4.22
Enter a root for the search space (e.g. [0, 1, 2]) [or * for the root [0]]: *
Enter an upper bound for the size of allowable digit sets [or * to ignore]: 37
Enter a maximal number of deviations from a greedy search [or * to ignore]: *
Searching for k-free sets mod b...

[136, 4.24089, [0, 1, 2, 4, 5, 7, 8, 9, 14, 15, 16, 18, 25, 26, 28, 29, 31, 32, 33, 45, 49, 51, 52, 53, 56, 58, 59, 61, 63, 67, 79, 81, 88, 90, 92]]
[136, 4.22628, [0, 1, 2, 4, 5, 7, 8, 9, 14, 15, 16, 18, 25, 26, 28, 30, 31, 33, 39, 43, 49, 50, 51, 54, 55, 56, 58, 63, 64, 65, 71, 78, 106, 115, 120]]
[136, 4.22131, [0, 1, 2, 4, 5, 7, 8, 9, 14, 15, 16, 18, 25, 26, 28, 30, 31, 33, 39, 43, 49, 50, 51, 54, 55, 56, 58, 63, 64, 65, 78, 91, 106, 115, 120]]
[136, 4.22095, [0, 1, 2, 4, 5, 7, 8, 9, 14, 15, 16, 18, 26, 28, 29, 30, 33, 34, 35, 39, 46, 47, 53, 54, 56, 57, 58, 63, 64, 65, 71, 93, 106, 116, 118]]
[136, 4.23215, [0, 1, 2, 4, 5, 7, 8, 9, 14, 15, 17, 18, 23, 24, 26, 28, 29, 36, 45, 46, 48, 50, 51, 53, 55, 58, 59, 61, 65, 66, 78, 84, 89, 90, 131]]
[136, 4.22138, [0, 1, 2, 4, 5, 7, 8, 9, 14, 15, 17, 18, 23, 24, 26, 28, 29, 36, 46, 48, 50, 51, 53, 55, 58, 59, 61, 65, 66, 67, 78, 84, 89, 90, 131]]
[136, 4.22097, [0, 1, 2, 4, 5, 7, 8, 9, 14, 15, 17, 18, 24, 26, 28, 29, 31, 32, 33, 48, 50, 51, 53, 54, 55, 59, 61, 62, 64, 66, 67, 90, 109, 120, 131]]
[136, 4.2495, [0, 1, 2, 4, 5, 7, 8, 9, 14, 15, 17, 18, 24, 26, 28, 29, 31, 33, 36, 39, 46, 47, 48, 51, 52, 53, 57, 59, 61, 64, 67, 88, 90, 108, 111]]
[136, 4.2403, [0, 1, 2, 4, 5, 7, 8, 9, 14, 15, 17, 18, 24, 26, 28, 29, 31, 33, 36, 39, 46, 47, 48, 52, 53, 57, 59, 61, 64, 67, 74, 88, 90, 108, 111]]
[136, 4.22486, [0, 1, 2, 4, 5, 7, 8, 9, 14, 15, 17, 18, 24, 26, 28, 29, 31, 33, 36, 39, 46, 47, 52, 53, 57, 59, 61, 64, 67, 74, 88, 90, 93, 108, 111]]
[136, 4.2229, [0, 1, 2, 4, 5, 7, 8, 9, 14, 15, 17, 18, 24, 26, 28, 29, 31, 33, 36, 39, 46, 48, 51, 53, 55, 58, 59, 64, 66, 71, 84, 90, 105, 120, 131]]
[136, 4.22422, [0, 1, 2, 4, 5, 7, 8, 9, 14, 15, 17, 18, 24, 26, 28, 29, 31, 33, 36, 39, 46, 48, 52, 53, 57, 59, 61, 64, 67, 74, 88, 90, 93, 108, 111]]
[136, 4.22955, [0, 1, 2, 4, 5, 7, 8, 9, 14, 15, 17, 18, 24, 28, 29, 30, 32, 33, 35, 37, 44, 48, 50, 53, 54, 56, 58, 61, 65, 67, 78, 81, 90, 128, 131]]
[136, 4.22506, [0, 1, 2, 4, 5, 7, 8, 9, 14, 15, 17, 18, 24, 28, 29, 30, 32, 33, 35, 37, 48, 50, 51, 53, 54, 56, 58, 61, 65, 67, 78, 81, 90, 128, 131]]
[136, 4.22764, [0, 1, 2, 4, 5, 7, 8, 9, 14, 15, 23, 25, 26, 28, 29, 30, 33, 34, 36, 40, 48, 49, 50, 52, 56, 57, 59, 61, 65, 66, 67, 79, 80, 107, 119, 128]]
[136, 4.22073, [0, 1, 2, 4, 5, 7, 8, 9, 14, 16, 17, 18, 22, 28, 30, 31, 32, 35, 37, 39, 45, 49, 54, 55, 57, 58, 60, 64, 66, 67, 74, 87, 91, 92, 94]]
[136, 4.22108, [0, 1, 2, 4, 5, 7, 8, 9, 14, 16, 18, 22, 25, 28, 29, 30, 32, 33, 35, 36, 45, 49, 51, 53, 56, 58, 59, 60, 63, 64, 66, 67, 79, 89, 123]]
[136, 4.2266, [0, 1, 2, 4, 5, 7, 8, 9, 14, 17, 18, 22, 23, 24, 28, 30, 31, 35, 41, 45, 46, 47, 49, 50, 54, 56, 60, 61, 63, 64, 65, 71, 78, 83, 88]]
[136, 4.22403, [0, 1, 2, 4, 5, 7, 8, 9, 14, 17, 22, 23, 24, 26, 27, 29, 30, 31, 36, 39, 44, 45, 46, 48, 49, 51, 52, 53, 61, 80, 81, 84, 86, 88, 105]]
[136, 4.2641, [0, 1, 2, 4, 5, 7, 8, 9, 14, 17, 22, 23, 24, 26, 27, 29, 30, 31, 36, 39, 44, 45, 46, 48, 49, 51, 52, 61, 79, 80, 81, 84, 86, 87, 88, 105]]
[136, 4.23021, [0, 1, 2, 4, 5, 7, 8, 9, 15, 16, 17, 19, 20, 26, 27, 28, 31, 33, 34, 36, 39, 48, 54, 56, 57, 61, 63, 64, 65, 71, 74, 93, 98, 120, 126]]
[136, 4.22732, [0, 1, 2, 4, 5, 7, 8, 9, 15, 16, 17, 19, 20, 26, 27, 28, 31, 33, 34, 36, 39, 48, 54, 56, 57, 61, 63, 64, 65, 71, 74, 93, 117, 120, 126]]
[136, 4.23131, [0, 1, 2, 4, 5, 7, 8, 9, 15, 16, 17, 19, 20, 26, 27, 28, 31, 33, 34, 39, 44, 48, 53, 55, 56, 57, 61, 63, 64, 71, 74, 86, 93, 117, 120]]
[136, 4.23528, [0, 1, 2, 4, 5, 7, 8, 9, 15, 16, 17, 19, 20, 26, 27, 28, 31, 33, 34, 39, 44, 48, 53, 55, 56, 57, 63, 64, 65, 67, 74, 86, 91, 93, 120]]
[136, 4.23398, [0, 1, 2, 4, 5, 7, 8, 9, 15, 16, 17, 19, 20, 26, 27, 28, 31, 33, 34, 39, 44, 48, 53, 55, 56, 57, 63, 64, 65, 71, 74, 86, 91, 93, 120]]
[136, 4.22978, [0, 1, 2, 4, 5, 7, 8, 9, 15, 16, 17, 19, 20, 26, 27, 28, 31, 33, 34, 39, 44, 48, 53, 55, 56, 57, 63, 64, 65, 71, 74, 86, 93, 117, 120]]
[136, 4.22451, [0, 1, 2, 4, 5, 7, 8, 9, 15, 16, 17, 19, 20, 26, 27, 28, 31, 33, 34, 39, 44, 48, 53, 55, 56, 57, 63, 64, 67, 74, 86, 91, 93, 114, 120]]
[136, 4.22321, [0, 1, 2, 4, 5, 7, 8, 9, 15, 16, 17, 19, 20, 26, 27, 28, 31, 33, 34, 39, 44, 48, 53, 55, 56, 57, 63, 64, 71, 74, 86, 91, 93, 114, 120]]
[136, 4.22806, [0, 1, 2, 4, 5, 7, 8, 9, 15, 16, 17, 19, 20, 26, 27, 28, 31, 33, 34, 39, 44, 48, 53, 55, 56, 61, 63, 64, 65, 71, 74, 86, 93, 117, 120]]
[136, 4.2261, [0, 1, 2, 4, 5, 7, 8, 9, 15, 16, 17, 19, 20, 26, 27, 28, 31, 33, 34, 39, 44, 48, 55, 56, 57, 61, 63, 64, 65, 71, 74, 86, 93, 117, 120]]
[136, 4.22203, [0, 1, 2, 4, 5, 7, 8, 9, 15, 16, 17, 19, 20, 26, 27, 28, 32, 33, 34, 39, 42, 52, 53, 55, 57, 60, 61, 63, 64, 71, 74, 93, 114, 117, 124]]
[136, 4.22437, [0, 1, 2, 4, 5, 7, 8, 9, 15, 16, 17, 19, 20, 26, 27, 28, 32, 34, 36, 39, 42, 54, 56, 57, 60, 61, 62, 64, 65, 71, 74, 89, 91, 93, 98]]
[136, 4.2303, [0, 1, 2, 4, 5, 7, 8, 9, 15, 16, 17, 19, 20, 26, 27, 28, 33, 34, 39, 42, 44, 48, 52, 53, 55, 57, 60, 61, 63, 64, 71, 74, 93, 114, 117]]
[136, 4.22827, [0, 1, 2, 4, 5, 7, 8, 9, 15, 16, 17, 19, 20, 26, 27, 28, 33, 34, 39, 42, 44, 48, 53, 55, 56, 57, 60, 61, 63, 64, 71, 74, 93, 114, 117]]
[136, 4.24969, [0, 1, 2, 4, 5, 7, 8, 9, 15, 16, 17, 19, 20, 26, 27, 29, 30, 31, 34, 36, 40, 47, 54, 55, 57, 59, 62, 64, 65, 66, 71, 82, 89, 91, 96]]
[136, 4.23194, [0, 1, 2, 4, 5, 7, 8, 9, 15, 16, 17, 19, 20, 26, 28, 29, 31, 33, 34, 38, 44, 52, 53, 54, 58, 59, 60, 63, 65, 66, 67, 90, 91, 93, 124]]
[136, 4.22423, [0, 1, 2, 4, 5, 7, 8, 9, 15, 16, 17, 19, 20, 26, 28, 32, 34, 36, 39, 42, 54, 56, 57, 60, 61, 62, 65, 66, 67, 74, 89, 91, 95, 101, 126, 127]]
[136, 4.22608, [0, 1, 2, 4, 5, 7, 8, 9, 15, 16, 17, 19, 20, 27, 28, 29, 31, 32, 34, 35, 52, 53, 55, 56, 58, 59, 60, 65, 66, 67, 81, 90, 91, 92, 94]]
[136, 4.22389, [0, 1, 2, 4, 5, 7, 8, 9, 15, 16, 17, 19, 20, 27, 28, 29, 31, 32, 34, 35, 52, 53, 55, 56, 58, 59, 60, 65, 66, 74, 81, 90, 91, 92, 94]]
[136, 4.22124, [0, 1, 2, 4, 5, 7, 8, 9, 15, 16, 17, 19, 20, 27, 28, 29, 31, 32, 34, 35, 52, 53, 55, 56, 58, 59, 65, 66, 67, 74, 81, 90, 91, 92, 94]]
[136, 4.22448, [0, 1, 2, 4, 5, 7, 8, 9, 15, 16, 17, 19, 20, 27, 28, 29, 31, 32, 34, 35, 52, 54, 55, 57, 58, 59, 64, 65, 66, 71, 74, 89, 91, 92, 93]]
[136, 4.23172, [0, 1, 2, 4, 5, 7, 8, 9, 15, 16, 17, 19, 20, 27, 28, 29, 33, 34, 35, 42, 44, 45, 48, 52, 54, 57, 58, 61, 65, 66, 71, 91, 93, 100, 118]]
[136, 4.23189, [0, 1, 2, 4, 5, 7, 8, 9, 15, 16, 17, 19, 20, 27, 28, 29, 33, 34, 35, 42, 44, 45, 52, 54, 57, 58, 60, 61, 65, 66, 67, 74, 91, 93, 124]]
[136, 4.23059, [0, 1, 2, 4, 5, 7, 8, 9, 15, 16, 17, 19, 20, 27, 28, 29, 33, 34, 35, 42, 44, 45, 52, 54, 57, 58, 60, 61, 65, 66, 71, 74, 91, 93, 124]]
[136, 4.22625, [0, 1, 2, 4, 5, 7, 8, 9, 15, 16, 17, 19, 20, 27, 28, 29, 33, 34, 35, 42, 44, 45, 52, 57, 58, 60, 61, 64, 65, 66, 71, 74, 91, 93, 124]]
[136, 4.22191, [0, 1, 2, 4, 5, 7, 8, 9, 15, 16, 17, 19, 20, 27, 29, 30, 31, 34, 35, 36, 40, 54, 55, 57, 58, 59, 64, 65, 66, 71, 82, 89, 91, 93, 96]]
[136, 4.24164, [0, 1, 2, 4, 5, 7, 8, 9, 15, 16, 17, 19, 20, 28, 29, 32, 33, 34, 36, 37, 42, 45, 50, 54, 56, 57, 59, 60, 61, 64, 65, 66, 74, 91, 126]]
[136, 4.2245, [0, 1, 2, 4, 5, 7, 8, 9, 15, 16, 17, 20, 21, 28, 29, 31, 32, 38, 39, 52, 53, 54, 57, 59, 60, 61, 64, 66, 71, 74, 81, 87, 90, 92, 93, 94]]
[136, 4.23474, [0, 1, 2, 4, 5, 7, 8, 9, 15, 16, 18, 19, 20, 25, 26, 28, 29, 31, 32, 33, 36, 45, 49, 50, 51, 63, 78, 79, 80, 82, 91, 102, 103, 105, 116]]
[136, 4.24641, [0, 1, 2, 4, 5, 7, 8, 9, 15, 16, 18, 19, 20, 25, 26, 28, 29, 31, 32, 33, 36, 45, 49, 50, 57, 59, 60, 63, 79, 80, 91, 92, 103, 105, 119]]
[136, 4.22672, [0, 1, 2, 4, 5, 7, 8, 9, 15, 16, 18, 19, 20, 25, 26, 28, 29, 31, 32, 33, 36, 45, 49, 50, 59, 63, 78, 79, 80, 91, 92, 103, 105, 112, 119]]
[136, 4.22285, [0, 1, 2, 4, 5, 7, 8, 9, 15, 16, 18, 19, 20, 25, 26, 28, 29, 31, 32, 33, 36, 45, 49, 50, 59, 63, 78, 79, 80, 91, 103, 105, 112, 116, 119]]
[136, 4.23935, [0, 1, 2, 4, 5, 7, 8, 9, 15, 16, 18, 19, 20, 25, 26, 28, 29, 31, 32, 33, 45, 49, 50, 51, 53, 59, 60, 63, 79, 80, 82, 91, 103, 105, 116]]
[136, 4.23179, [0, 1, 2, 4, 5, 7, 8, 9, 15, 16, 18, 19, 20, 25, 26, 28, 29, 31, 32, 33, 49, 50, 52, 53, 57, 59, 60, 63, 79, 80, 90, 91, 92, 105, 119]]
[136, 4.24431, [0, 1, 2, 4, 5, 7, 8, 9, 15, 16, 18, 19, 20, 25, 26, 28, 29, 31, 33, 45, 49, 51, 52, 53, 56, 58, 59, 60, 63, 67, 79, 80, 81, 90, 92]]
[136, 4.23474, [0, 1, 2, 4, 5, 7, 8, 9, 15, 16, 18, 19, 20, 26, 29, 31, 33, 34, 38, 51, 53, 54, 55, 58, 60, 61, 63, 65, 66, 71, 74, 90, 93, 95, 96, 124]]
[136, 4.24448, [0, 1, 2, 4, 5, 7, 8, 9, 15, 16, 18, 19, 20, 28, 29, 33, 36, 37, 42, 45, 48, 49, 50, 56, 57, 59, 60, 61, 64, 65, 66, 74, 82, 91, 120, 126]]
[136, 4.22113, [0, 1, 2, 4, 5, 7, 8, 9, 15, 16, 18, 19, 21, 25, 26, 28, 30, 33, 36, 42, 43, 49, 50, 52, 55, 56, 62, 65, 66, 71, 85, 92, 109, 112, 119]]
[136, 4.23273, [0, 1, 2, 4, 5, 7, 8, 9, 15, 16, 18, 19, 21, 25, 26, 28, 30, 33, 39, 43, 46, 49, 50, 51, 54, 56, 57, 59, 62, 63, 66, 71, 115, 120, 126]]
[136, 4.22585, [0, 1, 2, 4, 5, 7, 8, 9, 15, 16, 18, 19, 21, 25, 26, 28, 30, 33, 39, 43, 46, 49, 50, 51, 56, 58, 59, 63, 64, 65, 71, 78, 106, 115, 120]]
[136, 4.22564, [0, 1, 2, 4, 5, 7, 8, 9, 15, 16, 18, 19, 21, 25, 26, 28, 30, 33, 39, 43, 49, 50, 51, 54, 55, 56, 58, 63, 64, 65, 71, 78, 91, 115, 120]]
[136, 4.2242, [0, 1, 2, 4, 5, 7, 8, 9, 15, 16, 18, 19, 21, 25, 26, 36, 39, 40, 41, 47, 48, 49, 51, 52, 60, 62, 63, 64, 67, 79, 80, 82, 91, 105, 114, 122]]
[136, 4.22934, [0, 1, 2, 4, 5, 7, 8, 9, 15, 16, 18, 20, 21, 26, 28, 29, 30, 33, 34, 36, 48, 51, 53, 55, 56, 59, 60, 61, 64, 65, 67, 78, 91, 93, 109]]
[136, 4.23196, [0, 1, 2, 4, 5, 7, 8, 9, 15, 17, 18, 20, 21, 26, 28, 29, 30, 33, 39, 44, 47, 51, 53, 54, 61, 63, 64, 65, 71, 78, 84, 90, 93, 106, 116, 128]]
[136, 4.22467, [0, 1, 2, 4, 5, 7, 8, 9, 15, 17, 20, 21, 23, 24, 28, 29, 30, 33, 34, 36, 37, 48, 50, 54, 56, 57, 59, 61, 64, 65, 67, 74, 90, 103, 126]]
[136, 4.25043, [0, 1, 2, 4, 5, 7, 8, 9, 16, 17, 18, 20, 21, 26, 28, 29, 30, 34, 36, 37, 48, 49, 56, 57, 58, 60, 61, 63, 64, 65, 71, 74, 95, 103, 121, 123]]
[136, 4.22154, [0, 1, 2, 4, 5, 7, 8, 9, 16, 17, 18, 20, 21, 26, 28, 29, 34, 36, 37, 39, 48, 49, 56, 57, 60, 61, 63, 64, 65, 71, 74, 98, 120, 121, 123, 126]]
[136, 4.22593, [0, 1, 2, 4, 5, 7, 8, 9, 16, 17, 19, 20, 22, 26, 28, 30, 31, 37, 38, 39, 45, 47, 48, 49, 54, 62, 65, 67, 81, 83, 86, 95, 100, 102, 111, 114]]
[136, 4.23779, [0, 1, 2, 4, 5, 7, 8, 9, 16, 17, 19, 20, 22, 28, 29, 30, 32, 33, 35, 36, 37, 42, 45, 51, 59, 61, 65, 78, 80, 81, 83, 91, 92, 106, 112, 122]]
[136, 4.22392, [0, 1, 2, 4, 5, 7, 8, 13, 14, 15, 17, 18, 24, 25, 26, 28, 29, 31, 32, 33, 50, 51, 53, 54, 57, 58, 59, 63, 64, 65, 67, 78, 89, 90, 91]]
[136, 4.22197, [0, 1, 2, 4, 5, 7, 8, 13, 14, 15, 17, 18, 24, 25, 26, 29, 30, 31, 33, 46, 51, 53, 54, 57, 58, 63, 64, 65, 71, 74, 88, 89, 96, 103, 106, 124]]
[136, 4.2252, [0, 1, 2, 4, 5, 7, 11, 12, 13, 15, 16, 18, 20, 23, 26, 27, 30, 32, 33, 35, 40, 42, 51, 53, 55, 56, 58, 62, 63, 64, 67, 87, 90, 93, 117]]
[136, 4.24528, [0, 1, 2, 4, 5, 7, 11, 12, 13, 15, 16, 18, 20, 23, 26, 27, 30, 32, 35, 36, 40, 42, 43, 53, 55, 56, 64, 65, 71, 77, 78, 92, 119, 122, 125, 127]]
[136, 4.22609, [0, 1, 2, 4, 5, 7, 11, 12, 13, 15, 16, 18, 20, 23, 26, 27, 32, 33, 41, 44, 45, 47, 51, 52, 54, 58, 60, 61, 66, 74, 87, 90, 93, 111, 116, 125]]
[136, 4.2242, [0, 1, 2, 4, 5, 7, 11, 12, 13, 15, 16, 18, 20, 23, 26, 30, 32, 33, 35, 36, 40, 41, 42, 51, 55, 57, 58, 62, 63, 65, 66, 71, 87, 93, 122]]
[136, 4.23198, [0, 1, 2, 4, 5, 7, 11, 12, 13, 15, 16, 21, 23, 24, 25, 28, 30, 32, 33, 49, 50, 51, 53, 54, 56, 60, 61, 62, 64, 65, 71, 77, 78, 86, 87, 94]]

Search completed in 30 hours, 42 minutes, and 23.43 seconds.  Enter a string to quit.