Enter an integer k for which our Kempner sets are k-free: 4
Enter a positive integer modulus b: 130
Enter estimation parameters, or * for pre-computed parameters ([0.0806, 1.0656, 1.4057]): *
Enter a threshold (e.g. 4.2) to determine printed output: 4.23
Enter a root for the search space (e.g. [0, 1, 2]) [or * for the root [0]]: *
Enter an upper bound for the size of allowable digit sets [or * to ignore]: 37
Enter a maximal number of deviations from a greedy search [or * to ignore]: *
Searching for k-free sets mod b...

[130, 4.25233, [0, 1, 2, 4, 5, 7, 8, 9, 14, 15, 16, 18, 25, 26, 28, 29, 31, 32, 33, 36, 49, 51, 52, 55, 56, 57, 60, 61, 63, 68, 77, 86, 87, 92]]
[130, 4.23593, [0, 1, 2, 4, 5, 7, 8, 9, 14, 15, 16, 18, 26, 30, 31, 32, 34, 39, 40, 41, 43, 49, 51, 52, 55, 57, 64, 77, 84, 86, 92, 101, 102, 103, 107]]
[130, 4.25893, [0, 1, 2, 4, 5, 7, 8, 9, 14, 15, 17, 18, 23, 24, 26, 29, 30, 33, 39, 44, 46, 50, 52, 53, 56, 61, 63, 75, 86, 93, 101, 102, 112, 113, 119]]
[130, 4.25135, [0, 1, 2, 4, 5, 7, 8, 9, 14, 15, 17, 18, 24, 26, 29, 31, 32, 36, 39, 48, 49, 50, 52, 55, 57, 61, 63, 64, 75, 77, 86, 88, 102, 105, 107]]
[130, 4.23143, [0, 1, 2, 4, 5, 7, 8, 9, 14, 15, 17, 18, 24, 28, 29, 31, 33, 36, 37, 39, 47, 48, 51, 52, 53, 57, 58, 59, 61, 64, 86, 88, 90, 105]]
[130, 4.23874, [0, 1, 2, 4, 5, 7, 8, 9, 14, 15, 17, 18, 26, 28, 29, 31, 32, 33, 36, 39, 48, 51, 55, 57, 58, 61, 75, 77, 84, 86, 88, 92, 102, 105, 114]]
[130, 4.23388, [0, 1, 2, 4, 5, 7, 8, 9, 14, 15, 17, 18, 26, 28, 29, 31, 32, 33, 36, 39, 48, 51, 55, 57, 58, 61, 75, 84, 86, 88, 92, 99, 102, 105, 114]]
[130, 4.24278, [0, 1, 2, 4, 5, 7, 8, 9, 14, 15, 17, 18, 26, 28, 31, 32, 34, 36, 39, 43, 48, 49, 52, 53, 55, 57, 63, 64, 77, 84, 86, 88, 102, 103, 107]]
[130, 4.2369, [0, 1, 2, 4, 5, 7, 8, 9, 14, 15, 17, 18, 26, 28, 31, 32, 34, 36, 39, 43, 48, 49, 52, 53, 55, 57, 63, 64, 84, 86, 88, 102, 103, 105, 107]]
[130, 4.23178, [0, 1, 2, 4, 5, 7, 8, 9, 14, 15, 17, 18, 26, 28, 31, 32, 34, 36, 39, 43, 48, 49, 52, 53, 55, 57, 63, 64, 84, 88, 102, 103, 105, 107, 115]]
[130, 4.24325, [0, 1, 2, 4, 5, 7, 8, 9, 14, 16, 17, 18, 22, 28, 29, 30, 32, 35, 36, 37, 39, 45, 49, 51, 55, 60, 61, 63, 68, 71, 76, 86, 89, 92]]
[130, 4.24121, [0, 1, 2, 4, 5, 7, 8, 9, 14, 16, 17, 18, 22, 28, 29, 30, 32, 35, 36, 37, 39, 45, 49, 51, 55, 60, 61, 63, 68, 71, 84, 86, 89, 92]]
[130, 4.23875, [0, 1, 2, 4, 5, 7, 8, 9, 14, 16, 17, 18, 22, 28, 29, 30, 32, 35, 36, 37, 39, 45, 49, 51, 55, 60, 61, 63, 71, 76, 84, 86, 89, 92]]
[130, 4.23441, [0, 1, 2, 4, 5, 7, 8, 9, 14, 16, 17, 18, 22, 28, 29, 30, 32, 35, 36, 37, 39, 45, 49, 51, 60, 61, 63, 68, 71, 76, 80, 86, 89, 92]]
[130, 4.23237, [0, 1, 2, 4, 5, 7, 8, 9, 14, 16, 17, 18, 22, 28, 29, 30, 32, 35, 36, 37, 39, 45, 49, 51, 60, 61, 63, 68, 71, 80, 84, 86, 89, 92]]
[130, 4.24017, [0, 1, 2, 4, 5, 7, 8, 9, 14, 16, 17, 18, 22, 28, 29, 30, 32, 35, 36, 37, 39, 45, 49, 55, 57, 60, 61, 63, 68, 71, 76, 86, 89, 92]]
[130, 4.23813, [0, 1, 2, 4, 5, 7, 8, 9, 14, 16, 17, 18, 22, 28, 29, 30, 32, 35, 36, 37, 39, 45, 49, 55, 57, 60, 61, 63, 68, 71, 84, 86, 89, 92]]
[130, 4.23567, [0, 1, 2, 4, 5, 7, 8, 9, 14, 16, 17, 18, 22, 28, 29, 30, 32, 35, 36, 37, 39, 45, 49, 55, 57, 60, 61, 63, 71, 76, 84, 86, 89, 92]]
[130, 4.23133, [0, 1, 2, 4, 5, 7, 8, 9, 14, 16, 17, 18, 22, 28, 29, 30, 32, 35, 36, 37, 39, 45, 49, 57, 60, 61, 63, 68, 71, 76, 80, 86, 89, 92]]
[130, 4.24521, [0, 1, 2, 4, 5, 7, 8, 9, 14, 16, 17, 18, 22, 28, 29, 30, 32, 35, 36, 37, 39, 49, 51, 55, 57, 58, 60, 61, 63, 68, 71, 76, 89, 92]]
[130, 4.24316, [0, 1, 2, 4, 5, 7, 8, 9, 14, 16, 17, 18, 22, 28, 29, 30, 32, 35, 36, 37, 39, 49, 51, 55, 57, 58, 60, 61, 63, 68, 71, 84, 89, 92]]
[130, 4.24071, [0, 1, 2, 4, 5, 7, 8, 9, 14, 16, 17, 18, 22, 28, 29, 30, 32, 35, 36, 37, 39, 49, 51, 55, 57, 58, 60, 61, 63, 71, 76, 84, 89, 92]]
[130, 4.23878, [0, 1, 2, 4, 5, 7, 8, 9, 14, 16, 17, 18, 22, 28, 29, 30, 32, 35, 36, 37, 39, 49, 51, 55, 57, 58, 60, 61, 63, 71, 76, 84, 92, 99]]
[130, 4.2312, [0, 1, 2, 4, 5, 7, 8, 9, 14, 16, 17, 18, 22, 28, 29, 30, 32, 35, 36, 37, 39, 49, 51, 55, 57, 58, 60, 61, 63, 76, 84, 92, 99, 105]]
[130, 4.23474, [0, 1, 2, 4, 5, 7, 8, 9, 14, 16, 17, 18, 22, 28, 29, 30, 32, 35, 36, 37, 39, 49, 51, 55, 57, 58, 61, 63, 68, 71, 84, 88, 89, 92]]
[130, 4.23635, [0, 1, 2, 4, 5, 7, 8, 9, 14, 16, 17, 18, 22, 28, 29, 30, 32, 35, 36, 37, 39, 49, 51, 55, 57, 60, 61, 63, 68, 71, 76, 86, 89, 92]]
[130, 4.23431, [0, 1, 2, 4, 5, 7, 8, 9, 14, 16, 17, 18, 22, 28, 29, 30, 32, 35, 36, 37, 39, 49, 51, 55, 57, 60, 61, 63, 68, 71, 84, 86, 89, 92]]
[130, 4.23185, [0, 1, 2, 4, 5, 7, 8, 9, 14, 16, 17, 18, 22, 28, 29, 30, 32, 35, 36, 37, 39, 49, 51, 55, 57, 60, 61, 63, 71, 76, 84, 86, 89, 92]]
[130, 4.24387, [0, 1, 2, 4, 5, 7, 8, 9, 14, 16, 17, 18, 22, 28, 29, 31, 32, 35, 36, 37, 39, 45, 49, 51, 55, 60, 61, 63, 68, 71, 76, 80, 86, 92]]
[130, 4.23696, [0, 1, 2, 4, 5, 7, 8, 9, 14, 16, 17, 18, 22, 28, 29, 31, 32, 35, 36, 37, 39, 45, 49, 51, 55, 61, 63, 68, 71, 76, 80, 84, 86, 89]]
[130, 4.23523, [0, 1, 2, 4, 5, 7, 8, 9, 14, 16, 17, 18, 22, 28, 29, 31, 32, 35, 36, 37, 39, 45, 49, 51, 55, 61, 63, 68, 71, 76, 80, 86, 89, 92]]
[130, 4.23319, [0, 1, 2, 4, 5, 7, 8, 9, 14, 16, 17, 18, 22, 28, 29, 31, 32, 35, 36, 37, 39, 45, 49, 51, 55, 61, 63, 68, 71, 80, 84, 86, 89, 92]]
[130, 4.23073, [0, 1, 2, 4, 5, 7, 8, 9, 14, 16, 17, 18, 22, 28, 29, 31, 32, 35, 36, 37, 39, 45, 49, 51, 55, 61, 63, 71, 76, 80, 84, 86, 89, 92]]
[130, 4.24079, [0, 1, 2, 4, 5, 7, 8, 9, 14, 16, 17, 18, 22, 28, 29, 31, 32, 35, 36, 37, 39, 45, 49, 55, 57, 60, 61, 63, 68, 71, 76, 80, 86, 92]]
[130, 4.23388, [0, 1, 2, 4, 5, 7, 8, 9, 14, 16, 17, 18, 22, 28, 29, 31, 32, 35, 36, 37, 39, 45, 49, 55, 57, 61, 63, 68, 71, 76, 80, 84, 86, 89]]
[130, 4.23215, [0, 1, 2, 4, 5, 7, 8, 9, 14, 16, 17, 18, 22, 28, 29, 31, 32, 35, 36, 37, 39, 45, 49, 55, 57, 61, 63, 68, 71, 76, 80, 86, 89, 92]]
[130, 4.23327, [0, 1, 2, 4, 5, 7, 8, 9, 14, 16, 17, 18, 22, 28, 29, 31, 32, 35, 36, 37, 39, 49, 51, 55, 57, 58, 61, 63, 68, 71, 84, 88, 89, 92]]
[130, 4.23697, [0, 1, 2, 4, 5, 7, 8, 9, 14, 16, 17, 18, 22, 28, 29, 31, 32, 35, 36, 37, 39, 49, 51, 55, 57, 60, 61, 63, 68, 71, 76, 80, 86, 92]]
[130, 4.23494, [0, 1, 2, 4, 5, 7, 8, 9, 14, 16, 17, 18, 22, 28, 29, 31, 32, 35, 36, 37, 39, 49, 51, 55, 57, 61, 62, 63, 68, 71, 80, 84, 86, 88]]
[130, 4.23721, [0, 1, 2, 4, 5, 7, 8, 9, 14, 16, 17, 18, 22, 28, 30, 31, 32, 35, 36, 37, 39, 49, 51, 55, 57, 58, 60, 61, 63, 68, 71, 76, 92, 119]]
[130, 4.23171, [0, 1, 2, 4, 5, 7, 8, 9, 14, 16, 17, 18, 22, 28, 30, 31, 32, 35, 36, 37, 39, 49, 51, 55, 57, 58, 61, 63, 68, 71, 84, 88, 89, 92]]
[130, 4.23762, [0, 1, 2, 4, 5, 7, 8, 9, 14, 16, 17, 18, 26, 28, 29, 31, 32, 33, 36, 37, 39, 43, 51, 53, 55, 58, 59, 61, 62, 68, 71, 84, 88, 119]]
[130, 4.24129, [0, 1, 2, 4, 5, 7, 8, 9, 15, 16, 17, 19, 20, 26, 27, 28, 30, 31, 33, 34, 39, 48, 52, 53, 54, 59, 60, 61, 63, 94, 97, 108, 109, 120]]
[130, 4.24395, [0, 1, 2, 4, 5, 7, 8, 9, 15, 16, 17, 19, 20, 26, 27, 28, 30, 31, 33, 34, 48, 50, 54, 55, 56, 59, 61, 63, 64, 71, 86, 87, 90, 117]]
[130, 4.23834, [0, 1, 2, 4, 5, 7, 8, 9, 15, 16, 17, 19, 20, 26, 27, 28, 30, 31, 33, 34, 50, 54, 55, 56, 58, 59, 61, 63, 68, 71, 78, 87, 94, 117]]
[130, 4.23173, [0, 1, 2, 4, 5, 7, 8, 9, 15, 16, 17, 19, 20, 26, 27, 28, 30, 31, 33, 34, 50, 54, 55, 56, 58, 59, 61, 63, 68, 71, 87, 94, 112, 117]]
[130, 4.23747, [0, 1, 2, 4, 5, 7, 8, 9, 15, 16, 17, 19, 20, 26, 27, 28, 30, 31, 33, 34, 50, 54, 55, 56, 59, 60, 61, 63, 68, 71, 78, 87, 94, 117]]
[130, 4.23253, [0, 1, 2, 4, 5, 7, 8, 9, 15, 16, 17, 19, 20, 26, 27, 28, 30, 31, 33, 34, 54, 55, 56, 58, 59, 61, 62, 63, 68, 71, 78, 87, 94, 117]]
[130, 4.23231, [0, 1, 2, 4, 5, 7, 8, 9, 15, 16, 17, 19, 20, 26, 27, 28, 30, 31, 33, 48, 50, 51, 54, 55, 56, 60, 61, 62, 64, 71, 78, 87, 88, 117]]
[130, 4.24704, [0, 1, 2, 4, 5, 7, 8, 9, 15, 16, 17, 19, 20, 26, 27, 28, 30, 31, 36, 47, 48, 50, 51, 54, 55, 56, 60, 61, 62, 64, 71, 86, 87, 88]]
[130, 4.23819, [0, 1, 2, 4, 5, 7, 8, 9, 15, 16, 17, 19, 20, 26, 27, 28, 30, 31, 36, 47, 48, 50, 51, 54, 55, 56, 61, 62, 64, 71, 86, 87, 88, 90]]
[130, 4.23614, [0, 1, 2, 4, 5, 7, 8, 9, 15, 16, 17, 19, 20, 26, 27, 28, 42, 43, 45, 46, 50, 52, 53, 57, 58, 59, 61, 62, 68, 71, 83, 86, 106, 112, 113]]
[130, 4.23155, [0, 1, 2, 4, 5, 7, 8, 9, 15, 16, 17, 19, 20, 26, 27, 29, 30, 31, 34, 47, 48, 52, 53, 54, 56, 57, 59, 61, 64, 71, 86, 87, 90, 120]]
[130, 4.23134, [0, 1, 2, 4, 5, 7, 8, 9, 15, 16, 17, 19, 20, 26, 27, 30, 31, 32, 34, 39, 40, 52, 53, 54, 56, 57, 59, 61, 64, 71, 90, 106, 111, 120]]
[130, 4.23384, [0, 1, 2, 4, 5, 7, 8, 9, 15, 16, 17, 19, 20, 26, 27, 30, 31, 32, 34, 39, 40, 52, 53, 54, 56, 57, 61, 62, 64, 71, 86, 90, 111, 120]]
[130, 4.23074, [0, 1, 2, 4, 5, 7, 8, 9, 15, 16, 17, 19, 20, 26, 27, 30, 31, 32, 34, 39, 40, 52, 54, 56, 57, 59, 61, 62, 64, 71, 87, 90, 111, 120]]
[130, 4.26457, [0, 1, 2, 4, 5, 7, 8, 9, 15, 16, 17, 19, 20, 26, 27, 30, 31, 32, 34, 39, 40, 52, 54, 56, 57, 61, 64, 71, 79, 86, 87, 90, 106, 111, 120]]
[130, 4.24402, [0, 1, 2, 4, 5, 7, 8, 9, 15, 16, 17, 19, 20, 27, 28, 29, 34, 35, 42, 45, 46, 52, 54, 56, 57, 59, 61, 62, 64, 78, 91, 108, 112, 115, 116]]
[130, 4.23472, [0, 1, 2, 4, 5, 7, 8, 9, 15, 16, 17, 19, 20, 27, 28, 29, 34, 35, 42, 45, 46, 52, 54, 56, 57, 59, 61, 64, 78, 91, 96, 108, 112, 115, 116]]
[130, 4.23066, [0, 1, 2, 4, 5, 7, 8, 9, 15, 16, 17, 19, 20, 31, 33, 34, 39, 40, 41, 44, 45, 52, 53, 54, 56, 57, 61, 62, 63, 68, 78, 79, 108, 111, 120]]
[130, 4.25037, [0, 1, 2, 4, 5, 7, 8, 9, 15, 16, 17, 20, 21, 26, 30, 32, 36, 41, 42, 49, 51, 53, 56, 57, 59, 60, 75, 77, 79, 84, 89, 92, 96, 110, 119, 120]]
[130, 4.23904, [0, 1, 2, 4, 5, 7, 8, 9, 15, 16, 18, 19, 20, 25, 26, 28, 29, 31, 32, 33, 36, 45, 49, 51, 55, 56, 57, 60, 61, 62, 68, 71, 87]]
[130, 4.23195, [0, 1, 2, 4, 5, 7, 8, 9, 15, 16, 18, 19, 20, 25, 26, 28, 29, 31, 32, 33, 36, 45, 49, 51, 55, 56, 57, 60, 61, 68, 71, 86, 87]]
[130, 4.23292, [0, 1, 2, 4, 5, 7, 8, 9, 15, 16, 18, 19, 20, 25, 26, 28, 29, 31, 32, 33, 36, 49, 50, 51, 55, 56, 57, 60, 61, 63, 64, 86, 87]]
[130, 4.27237, [0, 1, 2, 4, 5, 7, 8, 9, 15, 16, 18, 19, 20, 25, 26, 28, 29, 31, 32, 33, 36, 49, 51, 55, 56, 57, 60, 61, 63, 68, 71, 86, 87, 92]]
[130, 4.27905, [0, 1, 2, 4, 5, 7, 8, 9, 15, 16, 18, 19, 20, 25, 26, 28, 29, 31, 32, 33, 45, 49, 51, 52, 54, 55, 56, 60, 61, 63, 68, 71, 86, 87]]
[130, 4.25562, [0, 1, 2, 4, 5, 7, 8, 9, 15, 16, 18, 19, 20, 25, 26, 28, 29, 31, 32, 33, 49, 51, 52, 54, 55, 57, 61, 62, 63, 68, 71, 87, 88, 118]]
[130, 4.2601, [0, 1, 2, 4, 5, 7, 8, 9, 15, 16, 18, 19, 20, 25, 26, 28, 29, 31, 32, 33, 49, 51, 52, 55, 56, 57, 60, 61, 63, 68, 71, 86, 87, 92]]
[130, 4.24315, [0, 1, 2, 4, 5, 7, 8, 9, 15, 16, 18, 19, 20, 25, 26, 28, 29, 31, 32, 33, 49, 52, 53, 56, 58, 59, 61, 63, 64, 71, 79, 88, 112, 115]]
[130, 4.23473, [0, 1, 2, 4, 5, 7, 8, 9, 15, 16, 18, 19, 20, 25, 26, 28, 29, 31, 32, 33, 49, 52, 53, 56, 58, 61, 63, 64, 71, 79, 86, 88, 112, 115]]
[130, 4.23914, [0, 1, 2, 4, 5, 7, 8, 9, 15, 16, 18, 19, 20, 25, 26, 28, 29, 31, 32, 33, 49, 53, 56, 59, 60, 61, 63, 64, 71, 76, 78, 79, 92, 112]]
[130, 4.23534, [0, 1, 2, 4, 5, 7, 8, 9, 15, 16, 18, 19, 20, 25, 26, 28, 29, 31, 32, 33, 49, 53, 56, 59, 60, 61, 63, 64, 71, 76, 78, 79, 112, 115]]
[130, 4.2384, [0, 1, 2, 4, 5, 7, 8, 9, 15, 16, 18, 19, 20, 25, 26, 28, 31, 32, 33, 45, 49, 50, 52, 53, 54, 59, 60, 61, 63, 68, 71, 79, 112, 113]]
[130, 4.23522, [0, 1, 2, 4, 5, 7, 8, 9, 15, 16, 18, 19, 20, 25, 26, 28, 31, 32, 33, 45, 49, 52, 53, 54, 56, 59, 60, 61, 63, 68, 71, 79, 112, 113]]
[130, 4.26429, [0, 1, 2, 4, 5, 7, 8, 9, 15, 16, 18, 19, 20, 25, 26, 28, 31, 32, 33, 49, 50, 52, 53, 54, 58, 61, 63, 64, 71, 79, 86, 88, 102, 111, 112]]
[130, 4.23319, [0, 1, 2, 4, 5, 7, 8, 9, 15, 16, 18, 19, 21, 25, 26, 28, 30, 33, 36, 42, 43, 49, 51, 52, 56, 57, 58, 62, 64, 71, 87, 88, 103, 120]]
[130, 4.26737, [0, 1, 2, 4, 5, 7, 8, 9, 15, 16, 18, 19, 21, 25, 26, 28, 30, 33, 42, 43, 49, 51, 52, 53, 56, 57, 58, 62, 64, 71, 87, 88, 103, 111, 120]]
[130, 4.23608, [0, 1, 2, 4, 5, 7, 8, 9, 15, 16, 18, 20, 21, 26, 28, 30, 33, 35, 36, 43, 47, 48, 56, 57, 58, 62, 64, 75, 77, 79, 88, 90, 99, 116, 117]]
[130, 4.23383, [0, 1, 2, 4, 5, 7, 8, 9, 15, 17, 19, 20, 28, 29, 30, 33, 34, 35, 37, 40, 42, 44, 52, 56, 58, 59, 61, 62, 63, 68, 71, 78, 79, 112, 125]]
[130, 4.23773, [0, 1, 2, 4, 5, 7, 8, 9, 16, 17, 19, 21, 22, 27, 29, 30, 31, 35, 36, 42, 45, 47, 51, 56, 57, 58, 60, 61, 64, 71, 79, 80, 114, 119, 120]]
[130, 4.24708, [0, 1, 2, 4, 5, 7, 8, 13, 14, 15, 17, 18, 24, 25, 26, 28, 29, 31, 32, 49, 51, 52, 54, 55, 57, 61, 62, 63, 68, 71, 84, 86, 87, 88, 118]]
[130, 4.23294, [0, 1, 2, 4, 5, 7, 8, 13, 14, 15, 17, 18, 24, 25, 26, 28, 29, 31, 33, 46, 47, 48, 50, 51, 53, 54, 55, 60, 61, 62, 64, 85, 86, 87]]
[130, 4.23687, [0, 1, 2, 4, 5, 7, 8, 13, 14, 15, 17, 18, 24, 26, 27, 29, 31, 32, 36, 42, 48, 50, 51, 55, 57, 58, 62, 63, 64, 75, 77, 86, 105, 114, 119]]
[130, 4.2307, [0, 1, 2, 4, 5, 7, 8, 13, 14, 15, 17, 18, 24, 26, 27, 29, 31, 32, 36, 42, 51, 52, 53, 56, 57, 58, 60, 61, 63, 75, 86, 93, 108, 110, 119]]
[130, 4.23185, [0, 1, 2, 4, 5, 7, 8, 13, 14, 15, 17, 18, 24, 26, 27, 29, 31, 32, 36, 42, 51, 52, 53, 56, 57, 60, 61, 63, 68, 71, 86, 87, 93, 110, 119]]
[130, 4.23743, [0, 1, 2, 4, 5, 7, 11, 12, 13, 15, 16, 18, 20, 23, 26, 27, 30, 32, 35, 36, 40, 42, 43, 49, 53, 55, 64, 84, 102, 103, 104, 109, 111, 116, 119]]
[130, 4.2774, [0, 1, 2, 4, 5, 7, 11, 12, 13, 15, 16, 18, 20, 23, 26, 30, 32, 33, 35, 36, 40, 41, 42, 51, 53, 55, 58, 62, 63, 64, 71, 82, 90, 93, 121]]
[130, 4.26874, [0, 1, 2, 4, 5, 7, 11, 12, 13, 15, 16, 18, 20, 23, 26, 30, 32, 33, 35, 36, 40, 41, 42, 51, 53, 58, 62, 63, 64, 71, 79, 82, 90, 93, 121]]
[130, 4.2323, [0, 1, 2, 4, 5, 7, 11, 12, 13, 15, 16, 18, 20, 23, 26, 30, 32, 33, 35, 36, 40, 41, 42, 53, 55, 57, 71, 86, 87, 90, 93, 102, 108, 113, 116]]
[130, 4.24436, [0, 1, 2, 4, 5, 7, 11, 12, 14, 15, 16, 20, 22, 23, 25, 26, 27, 36, 41, 43, 44, 45, 50, 60, 62, 63, 68, 71, 86, 89, 94, 103, 107, 112, 114, 116]]

Search completed in 82 hours, 57 minutes, and 32.68 seconds.  Enter a string to quit.