Enter an integer k for which our Kempner sets are k-free: 4
Enter a positive integer modulus b: 111
Enter estimation parameters, or * for pre-computed parameters ([0.083, 1.0743, 1.4045]): *
Enter a threshold (e.g. 4.2) to determine printed output: 4.28
Enter a root for the search space (e.g. [0, 1, 2]) [or * for the root [0]]: *
Enter an upper bound for the size of allowable digit sets [or * to ignore]: 34
Enter a maximal number of deviations from a greedy search [or * to ignore]: *
Searching for k-free sets mod b...

[111, 4.28443, [0, 1, 2, 4, 5, 7, 8, 9, 14, 15, 16, 18, 25, 26, 29, 30, 31, 33, 39, 41, 42, 47, 48, 52, 53, 56, 61, 62, 66, 69, 100]]
[111, 4.28314, [0, 1, 2, 4, 5, 7, 8, 9, 14, 15, 17, 18, 23, 24, 29, 36, 37, 39, 45, 46, 47, 49, 52, 57, 61, 63, 65, 66, 71, 97, 99, 101]]
[111, 4.28267, [0, 1, 2, 4, 5, 7, 8, 9, 14, 15, 17, 18, 23, 24, 29, 36, 38, 39, 42, 46, 47, 49, 51, 57, 63, 65, 66, 67, 71, 97, 99, 101]]
[111, 4.29488, [0, 1, 2, 4, 5, 7, 8, 9, 14, 15, 17, 18, 23, 29, 33, 34, 36, 37, 39, 46, 47, 48, 52, 53, 56, 61, 62, 70, 73, 78, 81, 85]]
[111, 4.28139, [0, 1, 2, 4, 5, 7, 8, 9, 14, 15, 17, 18, 23, 29, 33, 34, 36, 37, 39, 46, 47, 48, 52, 56, 61, 62, 70, 73, 78, 81, 85, 92]]
[111, 4.28145, [0, 1, 2, 4, 5, 7, 8, 9, 14, 15, 17, 18, 23, 30, 33, 34, 35, 37, 38, 40, 41, 46, 47, 56, 60, 63, 72, 84, 85, 99, 100, 101]]
[111, 4.28127, [0, 1, 2, 4, 5, 7, 8, 9, 14, 15, 17, 18, 24, 26, 28, 29, 31, 32, 33, 39, 45, 65, 67, 69, 73, 79, 81, 83, 87, 92, 93, 95]]
[111, 4.28104, [0, 1, 2, 4, 5, 7, 8, 9, 14, 15, 17, 18, 24, 26, 28, 29, 31, 32, 33, 39, 45, 65, 67, 69, 73, 79, 81, 83, 88, 92, 93, 95]]
[111, 4.29867, [0, 1, 2, 4, 5, 7, 8, 9, 14, 15, 17, 18, 24, 29, 30, 32, 37, 38, 39, 42, 44, 49, 52, 53, 55, 63, 65, 67, 70, 73, 85, 106]]
[111, 4.29298, [0, 1, 2, 4, 5, 7, 8, 9, 14, 15, 17, 18, 24, 29, 30, 32, 37, 38, 39, 42, 44, 49, 52, 53, 63, 65, 67, 68, 70, 73, 85, 106]]
[111, 4.2873, [0, 1, 2, 4, 5, 7, 8, 9, 14, 15, 17, 18, 24, 29, 30, 32, 37, 38, 39, 42, 44, 49, 52, 55, 63, 65, 67, 70, 73, 83, 85, 106]]
[111, 4.28161, [0, 1, 2, 4, 5, 7, 8, 9, 14, 15, 17, 18, 24, 29, 30, 32, 37, 38, 39, 42, 44, 49, 52, 63, 65, 67, 68, 70, 73, 83, 85, 106]]
[111, 4.28424, [0, 1, 2, 4, 5, 7, 8, 9, 14, 15, 17, 18, 24, 29, 30, 32, 37, 38, 39, 44, 49, 52, 53, 55, 63, 65, 67, 68, 70, 73, 85, 106]]
[111, 4.28194, [0, 1, 2, 4, 5, 7, 8, 9, 14, 15, 17, 18, 24, 30, 32, 37, 38, 39, 41, 42, 44, 49, 52, 53, 55, 65, 67, 68, 70, 73, 85, 106]]
[111, 4.29543, [0, 1, 2, 4, 5, 7, 8, 9, 14, 16, 17, 18, 22, 28, 29, 31, 32, 35, 36, 37, 39, 45, 63, 66, 67, 69, 70, 71, 83, 92, 96, 100]]
[111, 4.29122, [0, 1, 2, 4, 5, 7, 8, 9, 14, 16, 17, 18, 22, 31, 34, 35, 36, 38, 41, 42, 43, 45, 49, 57, 61, 63, 66, 67, 69, 70, 71, 101]]
[111, 4.28977, [0, 1, 2, 4, 5, 7, 8, 9, 14, 16, 17, 18, 22, 31, 34, 35, 36, 38, 41, 42, 43, 47, 49, 57, 61, 63, 66, 67, 69, 70, 71, 101]]
[111, 4.28819, [0, 1, 2, 4, 5, 7, 8, 9, 14, 16, 17, 18, 22, 31, 34, 35, 36, 38, 41, 42, 45, 47, 49, 57, 61, 63, 66, 67, 69, 70, 71, 101]]
[111, 4.28075, [0, 1, 2, 4, 5, 7, 8, 9, 14, 16, 17, 18, 22, 31, 34, 35, 36, 38, 41, 42, 45, 47, 49, 57, 61, 63, 66, 67, 69, 71, 99, 101]]
[111, 4.28303, [0, 1, 2, 4, 5, 7, 8, 9, 14, 16, 17, 18, 22, 32, 33, 35, 36, 37, 40, 41, 42, 51, 53, 55, 59, 61, 65, 67, 69, 81, 91, 99]]
[111, 4.29287, [0, 1, 2, 4, 5, 7, 8, 9, 14, 16, 17, 18, 26, 28, 29, 30, 33, 34, 36, 37, 45, 47, 59, 63, 65, 67, 70, 73, 75, 77, 81, 105]]
[111, 4.31993, [0, 1, 2, 4, 5, 7, 8, 9, 14, 16, 17, 18, 26, 28, 29, 30, 33, 34, 37, 39, 45, 46, 47, 54, 59, 63, 65, 69, 70, 71, 73, 81]]
[111, 4.30043, [0, 1, 2, 4, 5, 7, 8, 9, 14, 16, 17, 18, 26, 28, 29, 30, 33, 34, 37, 39, 45, 46, 52, 54, 56, 63, 68, 69, 81, 88, 93, 95]]
[111, 4.29917, [0, 1, 2, 4, 5, 7, 8, 9, 14, 16, 17, 18, 26, 28, 29, 30, 33, 34, 37, 39, 45, 47, 57, 59, 63, 65, 70, 71, 73, 75, 79, 91]]
[111, 4.29098, [0, 1, 2, 4, 5, 7, 8, 9, 14, 16, 17, 18, 26, 28, 29, 30, 33, 34, 37, 39, 45, 47, 57, 59, 63, 65, 70, 73, 75, 79, 91, 105]]
[111, 4.29045, [0, 1, 2, 4, 5, 7, 8, 9, 14, 16, 17, 18, 26, 28, 29, 30, 33, 34, 37, 39, 45, 47, 59, 63, 65, 70, 71, 73, 75, 79, 81, 91]]
[111, 4.28226, [0, 1, 2, 4, 5, 7, 8, 9, 14, 16, 17, 18, 26, 28, 29, 30, 33, 34, 37, 39, 45, 47, 59, 63, 65, 70, 73, 75, 79, 81, 91, 105]]
[111, 4.28768, [0, 1, 2, 4, 5, 7, 8, 9, 14, 16, 17, 18, 26, 28, 29, 30, 33, 37, 39, 45, 46, 47, 57, 59, 63, 65, 70, 71, 73, 75, 79, 91]]
[111, 4.30782, [0, 1, 2, 4, 5, 7, 8, 9, 14, 16, 17, 18, 26, 28, 29, 31, 32, 33, 36, 37, 39, 51, 53, 55, 59, 61, 65, 69, 70, 81, 100, 105]]
[111, 4.29853, [0, 1, 2, 4, 5, 7, 8, 9, 14, 16, 17, 18, 26, 28, 29, 31, 32, 33, 36, 37, 39, 51, 53, 55, 59, 65, 69, 70, 81, 91, 100, 105]]
[111, 4.28418, [0, 1, 2, 4, 5, 7, 8, 9, 14, 16, 17, 18, 26, 29, 30, 31, 33, 34, 36, 37, 45, 47, 55, 63, 67, 70, 73, 75, 77, 81, 83, 105]]
[111, 4.28689, [0, 1, 2, 4, 5, 7, 8, 9, 14, 16, 17, 18, 26, 29, 32, 33, 34, 36, 37, 39, 43, 45, 55, 59, 63, 65, 69, 70, 71, 73, 83, 105]]
[111, 4.28179, [0, 1, 2, 4, 5, 7, 8, 9, 14, 16, 17, 18, 26, 29, 32, 33, 34, 36, 37, 39, 43, 45, 55, 59, 63, 65, 69, 71, 73, 83, 88, 105]]
[111, 4.29458, [0, 1, 2, 4, 5, 7, 8, 9, 14, 17, 18, 22, 23, 24, 29, 30, 31, 37, 42, 45, 46, 48, 49, 50, 57, 60, 64, 66, 70, 76, 86, 101]]
[111, 4.28344, [0, 1, 2, 4, 5, 7, 8, 9, 14, 17, 18, 23, 26, 28, 29, 30, 34, 36, 37, 39, 45, 46, 47, 57, 59, 61, 65, 70, 71, 73, 78, 96]]
[111, 4.28109, [0, 1, 2, 4, 5, 7, 8, 9, 14, 17, 18, 23, 26, 28, 29, 30, 34, 36, 37, 39, 45, 46, 47, 57, 59, 61, 65, 70, 71, 78, 81, 96]]
[111, 4.29235, [0, 1, 2, 4, 5, 7, 8, 9, 14, 17, 22, 23, 26, 29, 31, 33, 34, 36, 37, 42, 47, 54, 55, 59, 65, 67, 69, 75, 76, 78, 81, 82, 102]]
[111, 4.29129, [0, 1, 2, 4, 5, 7, 8, 9, 14, 17, 22, 23, 26, 29, 31, 33, 34, 36, 37, 42, 47, 54, 55, 59, 65, 69, 71, 75, 76, 78, 81, 82, 100]]
[111, 4.28356, [0, 1, 2, 4, 5, 7, 8, 9, 14, 17, 22, 23, 26, 29, 31, 33, 34, 36, 37, 42, 47, 54, 55, 59, 65, 69, 75, 76, 78, 81, 82, 100, 102]]
[111, 4.29316, [0, 1, 2, 4, 5, 7, 8, 9, 14, 18, 23, 25, 26, 28, 29, 30, 34, 35, 37, 39, 47, 53, 61, 63, 65, 70, 71, 73, 75, 78, 79, 81, 85]]
[111, 4.28309, [0, 1, 2, 4, 5, 7, 8, 9, 15, 16, 17, 19, 20, 26, 27, 28, 30, 31, 33, 34, 39, 48, 53, 55, 59, 61, 65, 69, 78, 81, 101]]
[111, 4.30113, [0, 1, 2, 4, 5, 7, 8, 9, 15, 16, 17, 19, 20, 26, 27, 28, 30, 31, 34, 36, 54, 55, 62, 64, 68, 69, 70, 72, 86, 88, 89, 98]]
[111, 4.28476, [0, 1, 2, 4, 5, 7, 8, 9, 15, 16, 17, 19, 20, 26, 27, 28, 32, 33, 34, 36, 39, 43, 54, 55, 57, 63, 67, 68, 69, 71, 89]]
[111, 4.28435, [0, 1, 2, 4, 5, 7, 8, 9, 15, 16, 17, 19, 20, 26, 27, 28, 32, 33, 34, 36, 39, 43, 54, 55, 57, 64, 67, 68, 69, 71, 89]]
[111, 4.29418, [0, 1, 2, 4, 5, 7, 8, 9, 15, 16, 17, 19, 27, 28, 29, 31, 32, 34, 35, 36, 42, 45, 56, 62, 64, 66, 71, 73, 74, 75, 78, 88]]
[111, 4.28807, [0, 1, 2, 4, 5, 7, 8, 9, 15, 16, 17, 19, 27, 28, 29, 31, 32, 34, 35, 36, 42, 45, 56, 62, 64, 66, 71, 73, 75, 78, 88, 99]]
[111, 4.28036, [0, 1, 2, 4, 5, 7, 8, 9, 15, 16, 17, 19, 27, 28, 29, 31, 32, 34, 35, 36, 42, 45, 57, 64, 66, 71, 73, 74, 75, 88, 89, 99]]
[111, 4.28088, [0, 1, 2, 4, 5, 7, 8, 9, 15, 16, 17, 19, 27, 28, 29, 31, 32, 34, 35, 36, 42, 45, 62, 64, 66, 71, 73, 74, 75, 78, 88, 99]]
[111, 4.29268, [0, 1, 2, 4, 5, 7, 8, 9, 15, 16, 18, 19, 20, 25, 26, 28, 29, 31, 32, 33, 36, 49, 51, 56, 61, 63, 65, 71, 75, 79, 85]]
[111, 4.29081, [0, 1, 2, 4, 5, 7, 8, 9, 15, 16, 18, 19, 20, 25, 26, 28, 29, 31, 32, 33, 36, 49, 51, 56, 61, 63, 65, 75, 77, 79, 85]]
[111, 4.28921, [0, 1, 2, 4, 5, 7, 8, 9, 15, 16, 18, 19, 20, 25, 26, 28, 29, 31, 32, 33, 36, 49, 51, 56, 61, 63, 65, 75, 77, 79, 92]]
[111, 4.28845, [0, 1, 2, 4, 5, 7, 8, 9, 15, 16, 18, 19, 20, 25, 26, 28, 29, 31, 32, 33, 36, 49, 51, 56, 61, 63, 67, 75, 77, 79, 92]]
[111, 4.28765, [0, 1, 2, 4, 5, 7, 8, 9, 15, 16, 18, 19, 20, 25, 26, 28, 29, 31, 32, 33, 36, 49, 51, 56, 61, 65, 67, 75, 77, 79, 92]]
[111, 4.28681, [0, 1, 2, 4, 5, 7, 8, 9, 15, 16, 18, 19, 20, 25, 26, 28, 29, 31, 32, 33, 36, 49, 51, 56, 63, 65, 67, 75, 77, 79, 92]]
[111, 4.28073, [0, 1, 2, 4, 5, 7, 8, 9, 15, 16, 18, 19, 20, 25, 26, 28, 29, 31, 32, 33, 36, 50, 58, 60, 62, 68, 70, 72, 76, 78, 90]]
[111, 4.2846, [0, 1, 2, 4, 5, 7, 8, 9, 15, 16, 18, 19, 21, 29, 31, 34, 36, 37, 38, 41, 42, 48, 52, 56, 58, 62, 64, 66, 71, 73, 99, 101]]
[111, 4.28199, [0, 1, 2, 4, 5, 7, 8, 9, 15, 17, 18, 19, 23, 24, 26, 29, 30, 33, 44, 46, 50, 52, 54, 60, 63, 66, 70, 73, 76, 82, 84, 106]]
[111, 4.29512, [0, 1, 2, 4, 5, 7, 8, 9, 15, 17, 18, 19, 23, 24, 26, 32, 33, 34, 36, 41, 43, 45, 52, 57, 65, 70, 71, 73, 75, 83, 87, 91]]
[111, 4.30184, [0, 1, 2, 4, 5, 7, 8, 9, 15, 17, 18, 19, 23, 24, 26, 32, 33, 34, 39, 41, 44, 45, 52, 57, 60, 63, 70, 71, 73, 75, 79, 91]]
[111, 4.28385, [0, 1, 2, 4, 5, 7, 8, 9, 15, 17, 18, 19, 23, 24, 28, 32, 34, 35, 37, 39, 42, 43, 45, 57, 65, 73, 75, 83, 85, 89, 91, 103]]
[111, 4.28221, [0, 1, 2, 4, 5, 7, 8, 9, 15, 17, 18, 19, 23, 24, 28, 32, 34, 35, 37, 39, 42, 43, 45, 57, 65, 73, 75, 83, 85, 89, 99, 103]]
[111, 4.2803, [0, 1, 2, 4, 5, 7, 8, 9, 15, 17, 18, 19, 23, 24, 28, 32, 34, 35, 37, 39, 42, 43, 45, 57, 65, 73, 75, 85, 89, 91, 99, 103]]
[111, 4.2885, [0, 1, 2, 4, 5, 7, 8, 9, 15, 17, 18, 19, 23, 24, 28, 32, 34, 35, 37, 39, 42, 45, 57, 59, 65, 70, 71, 73, 75, 78, 85, 91]]
[111, 4.28496, [0, 1, 2, 4, 5, 7, 8, 9, 15, 17, 18, 19, 23, 24, 28, 32, 34, 35, 37, 39, 42, 45, 57, 59, 65, 70, 73, 75, 78, 83, 85, 91]]
[111, 4.28918, [0, 1, 2, 4, 5, 7, 8, 9, 15, 17, 18, 19, 24, 28, 32, 34, 35, 37, 39, 40, 42, 44, 45, 57, 61, 63, 66, 67, 69, 70, 71, 85]]
[111, 4.28323, [0, 1, 2, 4, 5, 7, 8, 9, 15, 17, 18, 20, 21, 23, 28, 32, 34, 36, 37, 39, 43, 45, 48, 57, 61, 69, 73, 85, 89, 92, 96, 103]]
[111, 4.28601, [0, 1, 2, 4, 5, 7, 8, 9, 15, 17, 18, 20, 23, 24, 30, 32, 33, 34, 37, 39, 41, 52, 53, 61, 65, 67, 70, 71, 73, 75, 85, 87]]
[111, 4.28855, [0, 1, 2, 4, 5, 7, 8, 9, 15, 17, 18, 20, 24, 26, 28, 31, 33, 34, 36, 39, 43, 45, 47, 53, 65, 69, 71, 73, 83, 84, 85, 87]]
[111, 4.30204, [0, 1, 2, 4, 5, 7, 8, 9, 15, 17, 19, 20, 24, 26, 27, 29, 30, 31, 36, 44, 46, 49, 50, 51, 57, 61, 63, 67, 75, 77, 79, 103]]
[111, 4.28074, [0, 1, 2, 4, 5, 7, 8, 9, 15, 17, 19, 20, 24, 26, 27, 29, 30, 31, 36, 46, 49, 50, 51, 57, 61, 63, 67, 75, 77, 79, 101, 103]]
[111, 4.30739, [0, 1, 2, 4, 5, 7, 8, 9, 15, 17, 20, 21, 23, 24, 28, 29, 30, 33, 34, 36, 37, 50, 54, 55, 62, 64, 66, 70, 72, 76, 84, 88]]
[111, 4.29969, [0, 1, 2, 4, 5, 7, 8, 9, 15, 17, 20, 21, 23, 24, 28, 29, 30, 33, 34, 36, 37, 50, 54, 55, 64, 66, 70, 72, 76, 84, 86, 88]]
[111, 4.28049, [0, 1, 2, 4, 5, 7, 8, 9, 15, 18, 19, 20, 23, 24, 26, 32, 35, 36, 39, 40, 41, 47, 49, 57, 64, 67, 69, 73, 81, 83, 84, 86]]
[111, 4.28574, [0, 1, 2, 4, 5, 7, 8, 9, 15, 18, 19, 21, 23, 26, 30, 32, 33, 35, 36, 38, 42, 43, 50, 56, 58, 64, 67, 68, 70, 72, 88, 97]]
[111, 4.28638, [0, 1, 2, 4, 5, 7, 8, 9, 15, 19, 21, 23, 24, 26, 30, 32, 33, 36, 44, 46, 49, 50, 52, 54, 63, 70, 72, 73, 76, 82, 84, 86, 106]]
[111, 4.28222, [0, 1, 2, 4, 5, 7, 8, 9, 15, 19, 21, 23, 24, 26, 30, 32, 33, 36, 44, 46, 49, 50, 54, 60, 63, 70, 72, 73, 76, 82, 84, 86, 106]]
[111, 4.28872, [0, 1, 2, 4, 5, 7, 8, 9, 16, 17, 18, 20, 21, 26, 28, 29, 30, 33, 34, 36, 37, 55, 63, 65, 68, 69, 70, 72, 76, 86, 88, 98]]
[111, 4.28159, [0, 1, 2, 4, 5, 7, 8, 9, 16, 17, 19, 20, 21, 26, 27, 29, 33, 34, 43, 44, 48, 52, 54, 55, 57, 63, 65, 68, 72, 74, 82, 98]]
[111, 4.28391, [0, 1, 2, 4, 5, 7, 8, 9, 16, 17, 19, 20, 21, 26, 28, 29, 30, 33, 34, 36, 50, 54, 55, 63, 68, 69, 70, 72, 76, 78, 86, 88]]
[111, 4.28177, [0, 1, 2, 4, 5, 7, 8, 9, 16, 17, 19, 20, 21, 26, 28, 29, 32, 33, 34, 36, 37, 54, 58, 62, 64, 73, 75, 77, 78, 84, 93, 97]]
[111, 4.29542, [0, 1, 2, 4, 5, 7, 8, 9, 16, 17, 20, 22, 26, 27, 29, 33, 34, 40, 42, 43, 44, 48, 54, 56, 63, 65, 67, 72, 74, 75, 82, 98, 102]]
[111, 4.29071, [0, 1, 2, 4, 5, 7, 8, 9, 16, 18, 19, 21, 22, 26, 28, 32, 35, 36, 37, 39, 43, 44, 45, 57, 59, 61, 65, 67, 71, 72, 73, 83]]
[111, 4.29654, [0, 1, 2, 4, 5, 7, 8, 9, 16, 18, 20, 21, 26, 28, 29, 30, 34, 35, 36, 39, 41, 43, 64, 66, 67, 68, 71, 72, 82, 88, 90, 96, 105]]
[111, 4.2953, [0, 1, 2, 4, 5, 7, 8, 9, 17, 18, 19, 21, 22, 24, 26, 32, 33, 34, 36, 37, 41, 43, 44, 57, 59, 63, 65, 71, 73, 75, 83, 99]]
[111, 4.28424, [0, 1, 2, 4, 5, 7, 8, 9, 18, 19, 20, 22, 23, 26, 28, 31, 32, 34, 35, 39, 41, 45, 51, 53, 54, 63, 65, 66, 69, 70, 71, 73]]
[111, 4.28144, [0, 1, 2, 4, 5, 7, 8, 9, 18, 19, 20, 22, 23, 26, 28, 31, 32, 34, 35, 39, 41, 45, 51, 53, 54, 63, 65, 66, 69, 71, 73, 79]]
[111, 4.28096, [0, 1, 2, 4, 5, 7, 8, 9, 18, 19, 20, 22, 23, 26, 28, 31, 32, 34, 35, 39, 41, 45, 53, 54, 57, 63, 65, 66, 69, 70, 71, 73]]
[111, 4.29404, [0, 1, 2, 4, 5, 7, 8, 13, 14, 16, 17, 18, 22, 25, 27, 28, 29, 33, 36, 39, 46, 51, 52, 53, 55, 61, 62, 68, 78, 80, 81, 102]]
[111, 4.28765, [0, 1, 2, 4, 5, 7, 8, 13, 14, 16, 17, 18, 22, 25, 27, 28, 29, 33, 36, 39, 46, 51, 52, 53, 61, 62, 68, 70, 78, 80, 81, 102]]
[111, 4.2885, [0, 1, 2, 4, 5, 7, 8, 13, 14, 16, 17, 18, 22, 25, 27, 29, 33, 35, 39, 46, 47, 48, 50, 51, 53, 54, 55, 62, 68, 78, 97, 102]]
[111, 4.28578, [0, 1, 2, 4, 5, 7, 8, 13, 15, 16, 17, 20, 21, 23, 28, 34, 35, 37, 38, 39, 43, 44, 45, 48, 54, 57, 59, 61, 69, 72, 96, 97]]
[111, 4.33531, [0, 1, 2, 4, 5, 7, 11, 12, 13, 15, 16, 18, 20, 23, 26, 27, 30, 32, 35, 36, 40, 41, 42, 49, 51, 53, 63, 65, 67, 73, 75, 92]]
[111, 4.3218, [0, 1, 2, 4, 5, 7, 11, 12, 13, 15, 16, 18, 20, 23, 26, 27, 30, 32, 35, 36, 40, 41, 42, 49, 53, 63, 65, 67, 73, 75, 87, 92]]
[111, 4.31369, [0, 1, 2, 4, 5, 7, 11, 12, 13, 15, 16, 18, 20, 23, 26, 27, 30, 32, 35, 36, 40, 41, 42, 49, 53, 63, 65, 73, 75, 87, 92, 97]]
[111, 4.31031, [0, 1, 2, 4, 5, 7, 11, 12, 13, 15, 16, 18, 20, 23, 26, 27, 30, 32, 35, 36, 40, 41, 42, 49, 53, 63, 65, 75, 85, 87, 92, 97]]
[111, 4.31152, [0, 1, 2, 4, 5, 7, 11, 12, 13, 15, 16, 18, 20, 23, 26, 27, 30, 32, 35, 36, 40, 43, 49, 53, 55, 57, 67, 69, 73, 81, 87, 89]]
[111, 4.30453, [0, 1, 2, 4, 5, 7, 11, 12, 13, 15, 16, 18, 20, 23, 26, 27, 30, 32, 35, 36, 40, 43, 49, 53, 55, 57, 69, 73, 77, 87, 89, 97]]
[111, 4.29652, [0, 1, 2, 4, 5, 7, 11, 12, 13, 15, 16, 18, 20, 23, 26, 27, 30, 32, 35, 36, 40, 43, 49, 53, 57, 69, 73, 75, 77, 87, 89, 97]]
[111, 4.30163, [0, 1, 2, 4, 5, 7, 11, 12, 13, 15, 16, 18, 20, 23, 26, 27, 30, 32, 35, 36, 40, 43, 49, 57, 61, 67, 69, 73, 75, 77, 83, 89]]
[111, 4.28268, [0, 1, 2, 4, 5, 7, 11, 12, 13, 15, 16, 18, 20, 23, 26, 27, 30, 32, 35, 36, 40, 43, 56, 61, 66, 68, 70, 74, 81, 88, 94, 103]]
[111, 4.28151, [0, 1, 2, 4, 5, 7, 11, 12, 13, 15, 16, 18, 20, 23, 26, 27, 30, 32, 35, 36, 40, 43, 56, 61, 66, 70, 74, 80, 81, 88, 90, 94]]
[111, 4.31313, [0, 1, 2, 4, 5, 7, 11, 12, 13, 15, 16, 18, 20, 23, 26, 27, 30, 32, 35, 36, 41, 42, 43, 49, 53, 63, 65, 67, 75, 87, 92, 97]]
[111, 4.31316, [0, 1, 2, 4, 5, 7, 11, 12, 13, 15, 16, 18, 20, 23, 26, 27, 30, 32, 35, 36, 41, 42, 43, 49, 53, 65, 67, 73, 75, 81, 87, 92]]
[111, 4.30948, [0, 1, 2, 4, 5, 7, 11, 12, 13, 15, 16, 18, 20, 23, 26, 27, 30, 32, 35, 36, 41, 42, 43, 49, 53, 65, 67, 73, 75, 87, 92, 97]]
[111, 4.30465, [0, 1, 2, 4, 5, 7, 11, 12, 13, 15, 16, 18, 20, 23, 26, 27, 30, 32, 35, 36, 41, 42, 43, 49, 63, 65, 67, 73, 75, 87, 92, 97]]
[111, 4.29785, [0, 1, 2, 4, 5, 7, 11, 12, 13, 15, 16, 18, 20, 23, 26, 27, 30, 32, 35, 36, 41, 42, 49, 53, 63, 65, 67, 73, 75, 87, 92, 97]]
[111, 4.29239, [0, 1, 2, 4, 5, 7, 11, 12, 13, 15, 16, 18, 20, 23, 26, 27, 30, 32, 35, 36, 41, 42, 49, 53, 63, 65, 73, 75, 85, 87, 92, 97]]
[111, 4.28501, [0, 1, 2, 4, 5, 7, 11, 12, 13, 15, 16, 18, 20, 23, 26, 27, 30, 32, 36, 40, 41, 43, 53, 57, 61, 67, 69, 71, 81, 87, 89, 103]]
[111, 4.28069, [0, 1, 2, 4, 5, 7, 11, 12, 13, 15, 16, 18, 20, 23, 26, 27, 30, 32, 36, 40, 43, 49, 53, 55, 57, 69, 73, 75, 77, 87, 89, 97]]
[111, 4.29223, [0, 1, 2, 4, 5, 7, 11, 12, 13, 15, 16, 18, 20, 23, 26, 30, 32, 35, 36, 40, 42, 43, 49, 53, 55, 57, 67, 69, 73, 81, 87, 89]]
[111, 4.30882, [0, 1, 2, 4, 5, 7, 11, 12, 13, 15, 16, 18, 22, 23, 24, 26, 29, 38, 41, 42, 44, 45, 46, 49, 52, 54, 57, 60, 72, 74, 76, 94]]
[111, 4.28129, [0, 1, 2, 4, 5, 7, 11, 12, 14, 15, 16, 20, 22, 23, 25, 26, 41, 42, 43, 47, 48, 49, 53, 54, 55, 57, 67, 75, 81, 97, 99, 102, 105]]

Search completed in 22 hours, 43 minutes, and 16.631 seconds.  Enter a string to quit.