Enter an integer k for which our Kempner sets are k-free: 4
Enter a positive integer modulus b: 105
Enter estimation parameters, or * for pre-computed parameters ([0.0846, 1.0744, 1.4108]): *
Enter a threshold (e.g. 4.2) to determine printed output: 4.27
Enter a root for the search space (e.g. [0, 1, 2]) [or * for the root [0]]: *
Enter an upper bound for the size of allowable digit sets [or * to ignore]: 34
Enter a maximal number of deviations from a greedy search [or * to ignore]: *
Searching for k-free sets mod b...

[105, 4.27797, [0, 1, 2, 4, 5, 7, 8, 9, 14, 15, 16, 18, 25, 26, 29, 30, 31, 36, 39, 50, 56, 60, 66, 70, 72, 77, 79, 84, 86, 88, 94]]
[105, 4.31957, [0, 1, 2, 4, 5, 7, 8, 9, 14, 15, 16, 18, 25, 29, 30, 31, 33, 38, 39, 41, 42, 50, 52, 56, 60, 62, 65, 66, 84, 88, 94]]
[105, 4.27246, [0, 1, 2, 4, 5, 7, 8, 9, 14, 15, 16, 18, 25, 29, 30, 31, 36, 37, 39, 41, 42, 49, 50, 52, 60, 62, 64, 65, 67, 70]]
[105, 4.27155, [0, 1, 2, 4, 5, 7, 8, 9, 14, 15, 16, 18, 25, 29, 30, 31, 37, 38, 39, 41, 42, 48, 49, 50, 52, 62, 64, 66, 70, 83]]
[105, 4.27102, [0, 1, 2, 4, 5, 7, 8, 9, 14, 15, 16, 18, 25, 29, 30, 36, 37, 38, 42, 49, 52, 60, 62, 64, 65, 68, 70, 78, 80, 81, 89]]
[105, 4.28983, [0, 1, 2, 4, 5, 7, 8, 9, 14, 15, 16, 18, 25, 30, 33, 36, 37, 38, 41, 43, 46, 50, 53, 60, 64, 65, 68, 70, 79, 84, 91]]
[105, 4.28172, [0, 1, 2, 4, 5, 7, 8, 9, 14, 15, 16, 18, 26, 28, 29, 30, 33, 34, 35, 39, 46, 47, 49, 53, 57, 63, 65, 67, 71, 82]]
[105, 4.27145, [0, 1, 2, 4, 5, 7, 8, 9, 14, 15, 16, 18, 26, 28, 29, 30, 34, 35, 36, 39, 47, 48, 49, 58, 62, 63, 64, 67, 72, 83]]
[105, 4.30515, [0, 1, 2, 4, 5, 7, 8, 9, 14, 15, 16, 18, 26, 28, 29, 30, 34, 35, 39, 48, 49, 54, 58, 60, 63, 64, 67, 72, 78, 83, 88]]
[105, 4.29847, [0, 1, 2, 4, 5, 7, 8, 9, 14, 15, 16, 18, 26, 28, 32, 34, 36, 39, 43, 44, 45, 51, 55, 59, 61, 65, 66, 68, 70, 80, 92]]
[105, 4.30647, [0, 1, 2, 4, 5, 7, 8, 9, 14, 15, 16, 18, 30, 31, 33, 35, 36, 38, 40, 41, 43, 47, 49, 50, 61, 64, 65, 66, 68, 79, 86]]
[105, 4.30464, [0, 1, 2, 4, 5, 7, 8, 9, 14, 15, 16, 18, 30, 31, 33, 35, 36, 38, 41, 42, 43, 47, 49, 50, 61, 64, 65, 66, 68, 79, 86]]
[105, 4.27635, [0, 1, 2, 4, 5, 7, 8, 9, 14, 15, 17, 18, 23, 24, 26, 28, 29, 36, 44, 46, 47, 49, 53, 55, 57, 63, 67, 73, 75, 100]]
[105, 4.27503, [0, 1, 2, 4, 5, 7, 8, 9, 14, 15, 17, 18, 23, 24, 26, 28, 29, 36, 46, 47, 49, 50, 52, 59, 61, 65, 67, 72, 73, 75]]
[105, 4.27185, [0, 1, 2, 4, 5, 7, 8, 9, 14, 15, 17, 18, 23, 24, 26, 29, 30, 39, 42, 44, 46, 49, 50, 52, 58, 67, 70, 75, 80, 100]]
[105, 4.3321, [0, 1, 2, 4, 5, 7, 8, 9, 14, 15, 17, 18, 23, 24, 26, 29, 30, 42, 44, 46, 47, 49, 53, 55, 57, 63, 67, 73, 74, 75, 100]]
[105, 4.271, [0, 1, 2, 4, 5, 7, 8, 9, 14, 15, 17, 18, 23, 24, 26, 29, 30, 42, 44, 46, 47, 49, 53, 55, 57, 67, 71, 72, 73, 75]]
[105, 4.27068, [0, 1, 2, 4, 5, 7, 8, 9, 14, 15, 17, 18, 23, 24, 26, 29, 30, 42, 44, 46, 47, 49, 53, 55, 57, 67, 71, 72, 74, 75]]
[105, 4.27035, [0, 1, 2, 4, 5, 7, 8, 9, 14, 15, 17, 18, 23, 24, 26, 29, 30, 42, 44, 46, 47, 49, 53, 55, 57, 67, 71, 73, 74, 75]]
[105, 4.27883, [0, 1, 2, 4, 5, 7, 8, 9, 14, 15, 17, 18, 23, 24, 28, 35, 36, 37, 39, 40, 43, 44, 45, 49, 58, 59, 63, 68, 88, 92]]
[105, 4.28383, [0, 1, 2, 4, 5, 7, 8, 9, 14, 15, 17, 18, 23, 26, 28, 29, 30, 34, 36, 39, 46, 47, 57, 59, 61, 65, 67, 70, 72, 75]]
[105, 4.28043, [0, 1, 2, 4, 5, 7, 8, 9, 14, 15, 17, 18, 23, 26, 28, 29, 30, 34, 36, 39, 46, 47, 57, 59, 61, 65, 67, 72, 75, 81]]
[105, 4.29287, [0, 1, 2, 4, 5, 7, 8, 9, 14, 15, 17, 18, 23, 26, 28, 29, 30, 34, 36, 39, 47, 48, 49, 52, 58, 63, 64, 67, 72, 83]]
[105, 4.28405, [0, 1, 2, 4, 5, 7, 8, 9, 14, 15, 17, 18, 23, 26, 28, 29, 30, 34, 36, 39, 47, 48, 49, 52, 58, 63, 64, 72, 83, 100]]
[105, 4.28761, [0, 1, 2, 4, 5, 7, 8, 9, 14, 15, 17, 18, 23, 26, 28, 29, 30, 34, 36, 39, 47, 48, 49, 53, 63, 64, 65, 67, 78, 82]]
[105, 4.27937, [0, 1, 2, 4, 5, 7, 8, 9, 14, 15, 17, 18, 23, 26, 28, 29, 30, 34, 36, 39, 47, 48, 49, 63, 64, 65, 67, 72, 78, 82]]
[105, 4.27868, [0, 1, 2, 4, 5, 7, 8, 9, 14, 15, 17, 18, 23, 26, 28, 29, 30, 34, 36, 39, 47, 48, 52, 58, 63, 64, 67, 72, 83, 84]]
[105, 4.27343, [0, 1, 2, 4, 5, 7, 8, 9, 14, 15, 17, 18, 23, 26, 28, 29, 30, 34, 36, 39, 47, 48, 53, 63, 64, 65, 67, 78, 82, 84]]
[105, 4.28025, [0, 1, 2, 4, 5, 7, 8, 9, 14, 15, 17, 18, 23, 26, 28, 29, 30, 34, 36, 39, 48, 49, 53, 60, 63, 64, 65, 67, 78, 82]]
[105, 4.27259, [0, 1, 2, 4, 5, 7, 8, 9, 14, 15, 17, 18, 23, 26, 28, 29, 30, 34, 39, 46, 47, 49, 54, 57, 61, 63, 67, 71, 72, 86]]
[105, 4.27865, [0, 1, 2, 4, 5, 7, 8, 9, 14, 15, 17, 18, 23, 26, 28, 29, 30, 34, 39, 47, 48, 49, 52, 54, 58, 63, 64, 67, 72, 83]]
[105, 4.27474, [0, 1, 2, 4, 5, 7, 8, 9, 14, 15, 17, 18, 23, 26, 28, 29, 30, 34, 39, 47, 48, 49, 52, 54, 58, 63, 67, 72, 75, 83]]
[105, 4.27213, [0, 1, 2, 4, 5, 7, 8, 9, 14, 15, 17, 18, 23, 26, 28, 29, 30, 34, 39, 48, 49, 52, 54, 58, 60, 62, 63, 67, 72, 83]]
[105, 4.27129, [0, 1, 2, 4, 5, 7, 8, 9, 14, 15, 17, 18, 23, 26, 28, 29, 30, 34, 39, 48, 49, 52, 54, 58, 60, 63, 64, 67, 72, 83]]
[105, 4.2704, [0, 1, 2, 4, 5, 7, 8, 9, 14, 15, 17, 18, 23, 26, 28, 29, 30, 34, 39, 48, 49, 52, 54, 58, 62, 63, 64, 67, 72, 83]]
[105, 4.27628, [0, 1, 2, 4, 5, 7, 8, 9, 14, 15, 17, 18, 23, 26, 28, 29, 30, 36, 39, 44, 58, 63, 67, 75, 77, 82, 84, 85, 88, 89, 100]]
[105, 4.2716, [0, 1, 2, 4, 5, 7, 8, 9, 14, 15, 17, 18, 23, 26, 28, 29, 30, 36, 44, 46, 47, 49, 53, 55, 57, 63, 67, 72, 73, 75]]
[105, 4.27079, [0, 1, 2, 4, 5, 7, 8, 9, 14, 15, 17, 18, 23, 26, 29, 30, 36, 39, 42, 44, 46, 47, 49, 50, 52, 64, 67, 70, 72, 75]]
[105, 4.27478, [0, 1, 2, 4, 5, 7, 8, 9, 14, 15, 17, 18, 24, 26, 28, 29, 31, 33, 36, 45, 46, 47, 53, 55, 57, 65, 67, 72, 73, 100]]
[105, 4.27628, [0, 1, 2, 4, 5, 7, 8, 9, 14, 15, 17, 18, 24, 26, 28, 31, 33, 36, 43, 45, 46, 47, 50, 51, 52, 61, 65, 67, 72, 73]]
[105, 4.2757, [0, 1, 2, 4, 5, 7, 8, 9, 14, 15, 17, 18, 24, 26, 28, 31, 33, 36, 43, 45, 46, 47, 50, 51, 53, 61, 65, 67, 72, 73]]
[105, 4.32013, [0, 1, 2, 4, 5, 7, 8, 9, 14, 15, 17, 18, 24, 28, 29, 30, 32, 35, 37, 44, 48, 49, 54, 58, 60, 62, 63, 74, 78, 82, 100]]
[105, 4.29112, [0, 1, 2, 4, 5, 7, 8, 9, 14, 15, 17, 23, 26, 27, 29, 30, 34, 39, 42, 47, 48, 49, 52, 54, 58, 63, 64, 72, 75, 83, 100]]
[105, 4.27688, [0, 1, 2, 4, 5, 7, 8, 9, 14, 15, 17, 24, 28, 31, 33, 35, 36, 43, 45, 46, 47, 50, 51, 52, 54, 61, 64, 65, 67, 72, 73]]
[105, 4.28781, [0, 1, 2, 4, 5, 7, 8, 9, 14, 15, 18, 23, 24, 26, 28, 29, 35, 36, 46, 47, 49, 50, 53, 58, 63, 64, 67, 73, 75, 81, 100]]
[105, 4.28718, [0, 1, 2, 4, 5, 7, 8, 9, 14, 15, 18, 23, 24, 26, 28, 29, 35, 36, 46, 47, 49, 50, 53, 61, 63, 64, 65, 73, 75, 81, 100]]
[105, 4.2847, [0, 1, 2, 4, 5, 7, 8, 9, 14, 15, 18, 23, 24, 26, 28, 29, 35, 36, 46, 47, 49, 50, 53, 63, 64, 65, 67, 73, 75, 81, 100]]
[105, 4.27666, [0, 1, 2, 4, 5, 7, 8, 9, 14, 15, 18, 23, 24, 26, 28, 29, 35, 36, 46, 47, 49, 50, 61, 63, 64, 65, 73, 75, 79, 81, 100]]
[105, 4.32468, [0, 1, 2, 4, 5, 7, 8, 9, 14, 15, 18, 23, 25, 26, 28, 29, 30, 34, 39, 47, 48, 49, 52, 54, 58, 62, 63, 64, 67, 72, 75]]
[105, 4.31386, [0, 1, 2, 4, 5, 7, 8, 9, 14, 15, 18, 23, 25, 26, 28, 29, 30, 34, 39, 47, 48, 49, 54, 58, 62, 63, 64, 67, 72, 75, 78]]
[105, 4.27447, [0, 1, 2, 4, 5, 7, 8, 9, 14, 15, 18, 23, 25, 26, 29, 30, 34, 39, 46, 47, 49, 51, 54, 57, 61, 70, 71, 75, 77, 86, 97]]
[105, 4.30604, [0, 1, 2, 4, 5, 7, 8, 9, 14, 15, 18, 23, 25, 28, 29, 30, 34, 37, 39, 47, 48, 49, 52, 54, 58, 62, 63, 64, 67, 75, 78]]
[105, 4.28499, [0, 1, 2, 4, 5, 7, 8, 9, 14, 15, 18, 23, 25, 28, 29, 30, 34, 39, 47, 48, 49, 52, 54, 58, 62, 63, 64, 67, 72, 75, 78]]
[105, 4.29584, [0, 1, 2, 4, 5, 7, 8, 9, 14, 15, 18, 23, 26, 28, 29, 30, 34, 35, 39, 47, 48, 49, 54, 58, 62, 63, 64, 67, 72, 75, 83]]
[105, 4.28691, [0, 1, 2, 4, 5, 7, 8, 9, 14, 15, 18, 23, 26, 28, 29, 30, 34, 35, 39, 47, 48, 49, 54, 58, 62, 63, 64, 72, 75, 83, 100]]
[105, 4.2814, [0, 1, 2, 4, 5, 7, 8, 9, 14, 15, 18, 23, 26, 28, 29, 30, 34, 39, 47, 48, 49, 52, 54, 58, 62, 63, 64, 67, 72, 75, 83]]
[105, 4.27248, [0, 1, 2, 4, 5, 7, 8, 9, 14, 15, 18, 23, 26, 28, 29, 30, 34, 39, 47, 48, 49, 52, 54, 58, 62, 63, 64, 72, 75, 83, 100]]
[105, 4.29787, [0, 1, 2, 4, 5, 7, 8, 9, 14, 15, 18, 23, 26, 28, 29, 30, 35, 36, 39, 46, 47, 49, 50, 53, 58, 63, 64, 67, 72, 75, 100]]
[105, 4.27859, [0, 1, 2, 4, 5, 7, 8, 9, 14, 15, 18, 23, 26, 28, 29, 30, 35, 36, 46, 47, 49, 50, 53, 58, 63, 64, 67, 72, 73, 75, 100]]
[105, 4.27287, [0, 1, 2, 4, 5, 7, 8, 9, 14, 15, 18, 23, 26, 28, 29, 30, 35, 36, 46, 47, 49, 50, 53, 58, 63, 67, 72, 73, 75, 81, 100]]
[105, 4.2727, [0, 1, 2, 4, 5, 7, 8, 9, 14, 15, 18, 23, 26, 29, 30, 33, 34, 35, 39, 46, 49, 51, 54, 57, 61, 67, 71, 75, 77, 86, 97]]
[105, 4.27068, [0, 1, 2, 4, 5, 7, 8, 9, 14, 15, 18, 23, 26, 29, 30, 33, 35, 36, 46, 47, 49, 50, 53, 58, 63, 64, 67, 72, 73, 75, 100]]
[105, 4.27548, [0, 1, 2, 4, 5, 7, 8, 9, 14, 15, 18, 24, 26, 28, 31, 33, 35, 43, 45, 46, 47, 50, 51, 53, 61, 65, 67, 71, 72, 73, 77]]
[105, 4.27587, [0, 1, 2, 4, 5, 7, 8, 9, 14, 15, 23, 26, 27, 29, 30, 33, 34, 35, 39, 42, 47, 48, 49, 52, 54, 62, 63, 64, 75, 83, 85]]
[105, 4.27212, [0, 1, 2, 4, 5, 7, 8, 9, 14, 16, 17, 18, 22, 28, 29, 30, 32, 35, 36, 37, 39, 45, 58, 59, 63, 66, 67, 69, 81, 85]]
[105, 4.28767, [0, 1, 2, 4, 5, 7, 8, 9, 14, 16, 17, 18, 22, 28, 29, 30, 32, 35, 36, 37, 39, 51, 53, 55, 59, 61, 65, 66, 67, 69]]
[105, 4.28612, [0, 1, 2, 4, 5, 7, 8, 9, 14, 16, 17, 18, 22, 28, 29, 31, 32, 35, 36, 37, 39, 51, 53, 55, 59, 61, 65, 66, 67, 69]]
[105, 4.27631, [0, 1, 2, 4, 5, 7, 8, 9, 14, 16, 17, 18, 22, 28, 29, 31, 32, 35, 36, 37, 39, 51, 55, 59, 61, 65, 66, 67, 69, 77]]
[105, 4.27237, [0, 1, 2, 4, 5, 7, 8, 9, 14, 16, 17, 18, 22, 28, 29, 32, 35, 36, 37, 39, 44, 45, 49, 58, 60, 63, 64, 67, 68, 78]]
[105, 4.28447, [0, 1, 2, 4, 5, 7, 8, 9, 14, 16, 17, 18, 22, 28, 30, 31, 32, 35, 36, 37, 39, 51, 53, 55, 59, 61, 65, 66, 67, 69]]
[105, 4.28032, [0, 1, 2, 4, 5, 7, 8, 9, 14, 16, 17, 18, 22, 29, 30, 31, 34, 35, 39, 47, 49, 57, 61, 63, 65, 71, 75, 82, 86, 90, 99]]
[105, 4.27737, [0, 1, 2, 4, 5, 7, 8, 9, 14, 16, 17, 18, 22, 29, 30, 31, 35, 36, 37, 39, 42, 47, 51, 53, 59, 61, 63, 66, 67, 69]]
[105, 4.27719, [0, 1, 2, 4, 5, 7, 8, 9, 14, 16, 17, 18, 22, 29, 31, 32, 34, 35, 37, 39, 42, 45, 49, 54, 58, 60, 63, 64, 67, 80]]
[105, 4.27424, [0, 1, 2, 4, 5, 7, 8, 9, 14, 16, 17, 18, 22, 29, 32, 33, 34, 37, 38, 39, 42, 43, 45, 54, 58, 60, 63, 66, 68, 80]]
[105, 4.27419, [0, 1, 2, 4, 5, 7, 8, 9, 14, 16, 17, 18, 22, 30, 31, 32, 34, 35, 37, 39, 42, 45, 49, 53, 58, 60, 63, 67, 69, 80]]
[105, 4.2837, [0, 1, 2, 4, 5, 7, 8, 9, 14, 16, 17, 18, 22, 30, 31, 32, 35, 36, 37, 39, 40, 42, 51, 53, 55, 59, 61, 65, 66, 67]]
[105, 4.27897, [0, 1, 2, 4, 5, 7, 8, 9, 14, 16, 17, 18, 22, 30, 32, 33, 35, 36, 37, 40, 41, 42, 51, 53, 55, 59, 61, 65, 66, 67]]
[105, 4.27114, [0, 1, 2, 4, 5, 7, 8, 9, 14, 16, 17, 18, 22, 30, 32, 33, 35, 36, 37, 40, 41, 42, 51, 53, 57, 59, 61, 67, 68, 84]]
[105, 4.27404, [0, 1, 2, 4, 5, 7, 8, 9, 14, 16, 17, 18, 22, 30, 32, 33, 35, 36, 37, 40, 41, 42, 51, 53, 59, 61, 63, 66, 67, 68]]
[105, 4.28284, [0, 1, 2, 4, 5, 7, 8, 9, 14, 16, 17, 18, 22, 31, 33, 34, 37, 38, 41, 42, 43, 47, 54, 56, 67, 69, 79, 83, 84, 86, 89]]
[105, 4.28527, [0, 1, 2, 4, 5, 7, 8, 9, 14, 16, 17, 18, 22, 31, 33, 36, 38, 40, 41, 45, 47, 48, 51, 55, 56, 66, 67, 70, 84, 89, 95]]
[105, 4.2735, [0, 1, 2, 4, 5, 7, 8, 9, 14, 16, 17, 18, 22, 31, 33, 36, 38, 40, 41, 45, 47, 48, 51, 56, 66, 67, 70, 84, 88, 89, 95]]
[105, 4.27284, [0, 1, 2, 4, 5, 7, 8, 9, 14, 16, 17, 18, 22, 31, 33, 36, 38, 40, 41, 45, 48, 51, 53, 55, 66, 67, 70, 78, 84, 89, 95]]
[105, 4.27225, [0, 1, 2, 4, 5, 7, 8, 9, 14, 16, 17, 18, 26, 28, 29, 31, 32, 33, 37, 39, 43, 45, 52, 54, 56, 61, 66, 67, 69, 86]]
[105, 4.29578, [0, 1, 2, 4, 5, 7, 8, 9, 14, 16, 17, 18, 26, 28, 29, 31, 32, 34, 36, 39, 52, 56, 61, 64, 66, 67, 68, 72, 82, 86, 93]]
[105, 4.28001, [0, 1, 2, 4, 5, 7, 8, 9, 14, 16, 17, 18, 26, 28, 29, 31, 32, 34, 36, 39, 61, 63, 64, 66, 67, 68, 72, 82, 84, 86, 93]]
[105, 4.27885, [0, 1, 2, 4, 5, 7, 8, 9, 14, 16, 17, 18, 26, 28, 29, 32, 33, 34, 36, 37, 39, 43, 45, 55, 57, 61, 63, 67, 68, 99]]
[105, 4.27345, [0, 1, 2, 4, 5, 7, 8, 9, 14, 16, 17, 18, 26, 28, 29, 32, 33, 34, 36, 37, 39, 43, 45, 55, 57, 61, 63, 67, 86, 99]]
[105, 4.27133, [0, 1, 2, 4, 5, 7, 8, 9, 14, 16, 17, 18, 26, 28, 29, 32, 33, 34, 36, 37, 39, 43, 45, 55, 63, 66, 67, 68, 80, 85]]
[105, 4.27429, [0, 1, 2, 4, 5, 7, 8, 9, 14, 16, 17, 18, 26, 28, 29, 32, 33, 34, 36, 37, 39, 43, 52, 56, 58, 62, 64, 66, 67, 93]]
[105, 4.27267, [0, 1, 2, 4, 5, 7, 8, 9, 14, 16, 17, 18, 26, 29, 30, 31, 33, 34, 37, 39, 45, 47, 48, 52, 54, 56, 61, 66, 69, 86]]
[105, 4.29004, [0, 1, 2, 4, 5, 7, 8, 9, 14, 16, 17, 18, 28, 29, 31, 32, 33, 37, 39, 43, 45, 52, 54, 56, 61, 66, 67, 69, 86, 88, 93]]
[105, 4.27294, [0, 1, 2, 4, 5, 7, 8, 9, 14, 16, 17, 18, 28, 29, 32, 35, 36, 39, 43, 44, 49, 51, 55, 62, 63, 66, 67, 68, 72, 80, 99]]
[105, 4.27045, [0, 1, 2, 4, 5, 7, 8, 9, 14, 16, 17, 18, 28, 29, 32, 35, 36, 39, 43, 44, 49, 51, 60, 62, 63, 66, 67, 68, 72, 80, 99]]
[105, 4.27233, [0, 1, 2, 4, 5, 7, 8, 9, 14, 16, 17, 18, 29, 31, 32, 33, 37, 39, 42, 43, 45, 52, 54, 56, 61, 66, 67, 69, 86, 88, 93]]
[105, 4.28545, [0, 1, 2, 4, 5, 7, 8, 9, 14, 16, 17, 18, 29, 32, 34, 35, 37, 39, 42, 43, 45, 49, 54, 58, 60, 63, 64, 66, 67, 68, 80]]
[105, 4.27335, [0, 1, 2, 4, 5, 7, 8, 9, 14, 16, 17, 18, 32, 34, 35, 37, 38, 39, 42, 43, 45, 49, 54, 58, 60, 63, 64, 66, 67, 68, 80]]
[105, 4.27347, [0, 1, 2, 4, 5, 7, 8, 9, 14, 16, 17, 27, 28, 29, 31, 32, 34, 35, 36, 43, 44, 45, 49, 53, 55, 66, 73, 85, 87, 90, 95]]
[105, 4.28766, [0, 1, 2, 4, 5, 7, 8, 9, 14, 16, 18, 22, 25, 28, 29, 30, 32, 33, 35, 43, 47, 53, 57, 65, 67, 68, 69, 73, 75, 79, 99]]
[105, 4.29769, [0, 1, 2, 4, 5, 7, 8, 9, 14, 17, 18, 22, 23, 24, 28, 35, 36, 39, 40, 43, 44, 45, 49, 51, 53, 60, 63, 72, 92, 94, 95]]
[105, 4.2848, [0, 1, 2, 4, 5, 7, 8, 9, 14, 17, 18, 22, 23, 24, 28, 35, 36, 39, 40, 43, 44, 45, 49, 51, 60, 63, 72, 88, 92, 94, 95]]
[105, 4.29039, [0, 1, 2, 4, 5, 7, 8, 9, 14, 17, 18, 22, 23, 24, 35, 36, 37, 39, 40, 42, 43, 44, 49, 57, 60, 63, 67, 68, 69, 80, 88]]
[105, 4.28332, [0, 1, 2, 4, 5, 7, 8, 9, 14, 17, 18, 22, 24, 29, 30, 31, 35, 37, 42, 46, 47, 50, 51, 53, 59, 61, 66, 67, 69, 81, 100]]
[105, 4.27161, [0, 1, 2, 4, 5, 7, 8, 9, 14, 17, 18, 22, 24, 29, 30, 31, 35, 37, 42, 46, 47, 50, 53, 59, 61, 66, 67, 69, 79, 81, 100]]
[105, 4.30742, [0, 1, 2, 4, 5, 7, 8, 9, 14, 18, 22, 23, 24, 28, 29, 35, 36, 39, 45, 46, 47, 49, 53, 61, 63, 64, 65, 72, 75, 79, 81, 100]]
[105, 4.28281, [0, 1, 2, 4, 5, 7, 8, 9, 14, 18, 22, 24, 25, 28, 29, 30, 32, 33, 35, 43, 44, 45, 49, 57, 60, 63, 67, 68, 72, 80, 100]]
[105, 4.294, [0, 1, 2, 4, 5, 7, 8, 9, 15, 16, 17, 19, 20, 26, 27, 28, 30, 31, 33, 34, 39, 53, 55, 57, 63, 65, 69, 71, 77, 78]]
[105, 4.28663, [0, 1, 2, 4, 5, 7, 8, 9, 15, 16, 17, 19, 20, 26, 27, 28, 30, 31, 33, 34, 39, 53, 55, 57, 65, 69, 71, 77, 78, 86]]
[105, 4.28384, [0, 1, 2, 4, 5, 7, 8, 9, 15, 16, 17, 19, 20, 26, 27, 28, 30, 31, 33, 34, 39, 53, 60, 62, 63, 65, 67, 71, 84, 95]]
[105, 4.2775, [0, 1, 2, 4, 5, 7, 8, 9, 15, 16, 17, 19, 20, 26, 27, 28, 30, 31, 33, 34, 39, 53, 60, 62, 65, 67, 71, 82, 84, 95]]
[105, 4.28743, [0, 1, 2, 4, 5, 7, 8, 9, 15, 16, 17, 19, 20, 26, 27, 28, 30, 31, 33, 34, 39, 54, 60, 62, 63, 65, 67, 71, 79, 83]]
[105, 4.28463, [0, 1, 2, 4, 5, 7, 8, 9, 15, 16, 17, 19, 20, 26, 27, 28, 30, 31, 33, 34, 39, 54, 60, 62, 63, 65, 67, 71, 79, 95]]
[105, 4.28105, [0, 1, 2, 4, 5, 7, 8, 9, 15, 16, 17, 19, 20, 26, 27, 28, 30, 31, 33, 34, 39, 54, 60, 62, 63, 65, 67, 79, 83, 95]]
[105, 4.28669, [0, 1, 2, 4, 5, 7, 8, 9, 15, 16, 17, 19, 20, 26, 27, 28, 30, 31, 33, 34, 39, 54, 60, 62, 63, 65, 69, 71, 79, 83]]
[105, 4.28389, [0, 1, 2, 4, 5, 7, 8, 9, 15, 16, 17, 19, 20, 26, 27, 28, 30, 31, 33, 34, 39, 54, 60, 62, 63, 65, 69, 71, 79, 95]]
[105, 4.28031, [0, 1, 2, 4, 5, 7, 8, 9, 15, 16, 17, 19, 20, 26, 27, 28, 30, 31, 33, 34, 39, 54, 60, 62, 63, 65, 69, 79, 83, 95]]
[105, 4.28592, [0, 1, 2, 4, 5, 7, 8, 9, 15, 16, 17, 19, 20, 26, 27, 28, 30, 31, 33, 34, 39, 54, 60, 62, 63, 67, 69, 71, 79, 83]]
[105, 4.28312, [0, 1, 2, 4, 5, 7, 8, 9, 15, 16, 17, 19, 20, 26, 27, 28, 30, 31, 33, 34, 39, 54, 60, 62, 63, 67, 69, 71, 79, 95]]
[105, 4.27954, [0, 1, 2, 4, 5, 7, 8, 9, 15, 16, 17, 19, 20, 26, 27, 28, 30, 31, 33, 34, 39, 54, 60, 62, 63, 67, 69, 79, 83, 95]]
[105, 4.27872, [0, 1, 2, 4, 5, 7, 8, 9, 15, 16, 17, 19, 20, 26, 27, 28, 30, 31, 33, 34, 39, 54, 60, 62, 65, 67, 69, 79, 83, 95]]
[105, 4.27869, [0, 1, 2, 4, 5, 7, 8, 9, 15, 16, 17, 19, 20, 26, 27, 28, 30, 31, 33, 34, 39, 54, 61, 63, 65, 69, 71, 75, 79, 95]]
[105, 4.27541, [0, 1, 2, 4, 5, 7, 8, 9, 15, 16, 17, 19, 20, 26, 27, 28, 30, 31, 33, 34, 39, 54, 62, 63, 65, 67, 75, 79, 83, 95]]
[105, 4.27825, [0, 1, 2, 4, 5, 7, 8, 9, 15, 16, 17, 19, 20, 26, 27, 28, 30, 31, 33, 34, 39, 54, 62, 63, 65, 69, 71, 75, 79, 95]]
[105, 4.27467, [0, 1, 2, 4, 5, 7, 8, 9, 15, 16, 17, 19, 20, 26, 27, 28, 30, 31, 33, 34, 39, 54, 62, 63, 65, 69, 75, 79, 83, 95]]
[105, 4.2739, [0, 1, 2, 4, 5, 7, 8, 9, 15, 16, 17, 19, 20, 26, 27, 28, 30, 31, 33, 34, 39, 54, 62, 63, 67, 69, 75, 79, 83, 95]]
[105, 4.27308, [0, 1, 2, 4, 5, 7, 8, 9, 15, 16, 17, 19, 20, 26, 27, 28, 30, 31, 33, 34, 39, 54, 62, 65, 67, 69, 75, 79, 83, 95]]
[105, 4.27344, [0, 1, 2, 4, 5, 7, 8, 9, 15, 16, 17, 19, 20, 26, 27, 28, 30, 31, 33, 34, 39, 60, 62, 63, 65, 67, 71, 79, 84, 95]]
[105, 4.27309, [0, 1, 2, 4, 5, 7, 8, 9, 15, 16, 17, 19, 20, 26, 27, 28, 32, 33, 34, 39, 43, 54, 57, 61, 63, 67, 69, 71, 77, 79]]
[105, 4.31221, [0, 1, 2, 4, 5, 7, 8, 9, 15, 16, 17, 19, 20, 26, 27, 28, 32, 33, 34, 39, 53, 57, 60, 63, 65, 67, 71, 83, 84, 91, 93]]
[105, 4.31043, [0, 1, 2, 4, 5, 7, 8, 9, 15, 16, 17, 19, 20, 26, 27, 28, 32, 33, 34, 39, 53, 57, 60, 63, 67, 69, 71, 83, 85, 91, 93]]
[105, 4.27593, [0, 1, 2, 4, 5, 7, 8, 9, 15, 16, 17, 19, 20, 26, 27, 28, 32, 33, 36, 42, 43, 50, 51, 54, 56, 61, 72, 75, 79, 95]]
[105, 4.27182, [0, 1, 2, 4, 5, 7, 8, 9, 15, 16, 17, 19, 20, 26, 27, 28, 32, 34, 39, 42, 43, 45, 46, 52, 54, 56, 86, 90, 91, 95]]
[105, 4.29932, [0, 1, 2, 4, 5, 7, 8, 9, 15, 16, 17, 19, 20, 26, 27, 29, 30, 31, 34, 36, 40, 47, 54, 56, 58, 64, 66, 70, 72, 74]]
[105, 4.27491, [0, 1, 2, 4, 5, 7, 8, 9, 15, 16, 17, 19, 20, 26, 27, 29, 30, 31, 34, 36, 40, 58, 62, 63, 64, 68, 70, 72, 78, 83]]
[105, 4.28026, [0, 1, 2, 4, 5, 7, 8, 9, 15, 16, 17, 19, 20, 26, 27, 29, 31, 32, 34, 36, 40, 54, 56, 58, 64, 66, 70, 72, 74, 86]]
[105, 4.27143, [0, 1, 2, 4, 5, 7, 8, 9, 15, 16, 17, 19, 20, 26, 27, 29, 31, 32, 34, 36, 40, 56, 58, 64, 66, 68, 72, 74, 78, 86]]
[105, 4.2719, [0, 1, 2, 4, 5, 7, 8, 9, 15, 16, 17, 19, 20, 26, 27, 29, 31, 32, 34, 36, 40, 58, 62, 63, 64, 68, 70, 72, 78, 83]]
[105, 4.27695, [0, 1, 2, 4, 5, 7, 8, 9, 15, 16, 17, 19, 20, 26, 27, 32, 39, 40, 41, 46, 52, 54, 56, 62, 64, 69, 72, 86, 90, 91, 95]]
[105, 4.27657, [0, 1, 2, 4, 5, 7, 8, 9, 15, 16, 17, 19, 20, 27, 28, 29, 31, 32, 34, 35, 36, 45, 61, 64, 65, 66, 69, 82, 84, 86]]
[105, 4.27737, [0, 1, 2, 4, 5, 7, 8, 9, 15, 16, 17, 19, 20, 27, 28, 29, 31, 32, 34, 35, 36, 45, 61, 64, 66, 67, 69, 80, 82, 84]]
[105, 4.27633, [0, 1, 2, 4, 5, 7, 8, 9, 15, 16, 17, 19, 20, 27, 28, 29, 31, 32, 34, 35, 36, 45, 61, 64, 66, 67, 72, 80, 82, 84]]
[105, 4.27693, [0, 1, 2, 4, 5, 7, 8, 9, 15, 16, 17, 19, 20, 27, 28, 29, 31, 32, 34, 35, 36, 45, 62, 64, 66, 67, 69, 80, 82, 84]]
[105, 4.27589, [0, 1, 2, 4, 5, 7, 8, 9, 15, 16, 17, 19, 20, 27, 28, 29, 31, 32, 34, 35, 36, 45, 62, 64, 66, 67, 72, 80, 82, 84]]
[105, 4.27869, [0, 1, 2, 4, 5, 7, 8, 9, 15, 16, 17, 19, 20, 27, 28, 29, 31, 32, 34, 35, 36, 54, 56, 61, 64, 66, 68, 72, 82, 86]]
[105, 4.28171, [0, 1, 2, 4, 5, 7, 8, 9, 15, 16, 17, 19, 20, 27, 28, 29, 32, 34, 35, 36, 42, 46, 54, 56, 58, 62, 64, 72, 74, 91]]
[105, 4.27489, [0, 1, 2, 4, 5, 7, 8, 9, 15, 16, 17, 19, 20, 27, 28, 29, 32, 34, 35, 42, 45, 46, 52, 54, 56, 64, 66, 72, 74, 91]]
[105, 4.27414, [0, 1, 2, 4, 5, 7, 8, 9, 15, 16, 17, 19, 20, 27, 29, 30, 32, 34, 35, 40, 42, 46, 54, 56, 58, 62, 64, 72, 74, 91]]
[105, 4.27173, [0, 1, 2, 4, 5, 7, 8, 9, 15, 16, 17, 19, 20, 27, 29, 30, 32, 35, 36, 40, 42, 46, 54, 56, 58, 62, 64, 72, 74, 91]]
[105, 4.30296, [0, 1, 2, 4, 5, 7, 8, 9, 15, 16, 17, 19, 20, 27, 29, 30, 34, 35, 36, 40, 46, 54, 62, 64, 66, 67, 72, 74, 82, 87, 91]]
[105, 4.27348, [0, 1, 2, 4, 5, 7, 8, 9, 15, 16, 17, 19, 20, 27, 29, 30, 34, 36, 40, 46, 54, 62, 64, 66, 67, 72, 74, 82, 87, 91, 95]]
[105, 4.28733, [0, 1, 2, 4, 5, 7, 8, 9, 15, 16, 17, 19, 20, 27, 33, 35, 36, 40, 41, 42, 44, 45, 51, 55, 57, 59, 87, 89, 91, 92, 94]]
[105, 4.2722, [0, 1, 2, 4, 5, 7, 8, 9, 15, 16, 17, 19, 20, 27, 35, 36, 40, 41, 42, 44, 45, 49, 51, 55, 57, 59, 87, 89, 91, 92, 94]]
[105, 4.28608, [0, 1, 2, 4, 5, 7, 8, 9, 15, 16, 17, 19, 20, 28, 29, 30, 32, 33, 36, 37, 38, 42, 54, 58, 60, 63, 64, 68, 70, 78]]
[105, 4.27643, [0, 1, 2, 4, 5, 7, 8, 9, 15, 16, 17, 19, 20, 28, 30, 31, 33, 34, 35, 38, 39, 48, 52, 54, 60, 64, 65, 67, 69, 83]]
[105, 4.27482, [0, 1, 2, 4, 5, 7, 8, 9, 15, 16, 17, 19, 20, 29, 31, 32, 33, 36, 37, 38, 40, 45, 50, 51, 54, 61, 64, 66, 70, 87]]
[105, 4.2739, [0, 1, 2, 4, 5, 7, 8, 9, 15, 16, 17, 19, 20, 34, 35, 37, 38, 40, 41, 45, 47, 48, 52, 54, 58, 64, 67, 69, 84, 90, 92]]
[105, 4.27492, [0, 1, 2, 4, 5, 7, 8, 9, 15, 16, 17, 19, 26, 28, 29, 31, 32, 33, 36, 38, 42, 45, 50, 51, 54, 61, 65, 66, 68, 70]]
[105, 4.2725, [0, 1, 2, 4, 5, 7, 8, 9, 15, 16, 17, 19, 26, 28, 29, 31, 32, 33, 36, 38, 42, 50, 51, 52, 54, 61, 64, 65, 66, 68]]
[105, 4.27178, [0, 1, 2, 4, 5, 7, 8, 9, 15, 16, 17, 19, 26, 28, 29, 31, 32, 33, 36, 38, 42, 50, 51, 52, 54, 61, 64, 65, 66, 70]]
[105, 4.27103, [0, 1, 2, 4, 5, 7, 8, 9, 15, 16, 17, 19, 26, 28, 29, 31, 32, 33, 36, 38, 42, 50, 51, 52, 54, 61, 64, 65, 68, 70]]
[105, 4.27426, [0, 1, 2, 4, 5, 7, 8, 9, 15, 16, 17, 19, 26, 28, 29, 31, 32, 34, 38, 42, 54, 60, 62, 63, 65, 66, 70, 71, 85, 95, 96]]
[105, 4.27918, [0, 1, 2, 4, 5, 7, 8, 9, 15, 16, 17, 20, 21, 26, 28, 29, 32, 34, 39, 45, 57, 61, 63, 67, 69, 71, 72, 79, 86, 91, 95]]
[105, 4.31974, [0, 1, 2, 4, 5, 7, 8, 9, 15, 16, 18, 19, 20, 25, 26, 28, 29, 31, 32, 33, 36, 45, 50, 51, 56, 61, 68, 70, 72, 79]]
[105, 4.32593, [0, 1, 2, 4, 5, 7, 8, 9, 15, 16, 18, 19, 20, 25, 26, 28, 29, 31, 32, 33, 36, 45, 50, 51, 59, 61, 63, 66, 68, 70]]
[105, 4.38814, [0, 1, 2, 4, 5, 7, 8, 9, 15, 16, 18, 19, 20, 25, 26, 28, 29, 31, 32, 33, 36, 45, 50, 51, 59, 61, 63, 68, 70, 72, 79]]
[105, 4.32162, [0, 1, 2, 4, 5, 7, 8, 9, 15, 16, 18, 19, 20, 25, 26, 28, 29, 31, 32, 33, 36, 45, 50, 51, 59, 61, 63, 68, 70, 79]]
[105, 4.32094, [0, 1, 2, 4, 5, 7, 8, 9, 15, 16, 18, 19, 20, 25, 26, 28, 29, 31, 32, 33, 36, 45, 50, 51, 59, 61, 63, 68, 72, 79]]
[105, 4.32022, [0, 1, 2, 4, 5, 7, 8, 9, 15, 16, 18, 19, 20, 25, 26, 28, 29, 31, 32, 33, 36, 45, 50, 51, 59, 61, 63, 70, 72, 79]]
[105, 4.31826, [0, 1, 2, 4, 5, 7, 8, 9, 15, 16, 18, 19, 20, 25, 26, 28, 29, 31, 32, 33, 36, 45, 50, 51, 59, 61, 68, 70, 72, 79]]
[105, 4.3174, [0, 1, 2, 4, 5, 7, 8, 9, 15, 16, 18, 19, 20, 25, 26, 28, 29, 31, 32, 33, 36, 45, 50, 51, 59, 63, 68, 70, 72, 79]]
[105, 4.31648, [0, 1, 2, 4, 5, 7, 8, 9, 15, 16, 18, 19, 20, 25, 26, 28, 29, 31, 32, 33, 36, 45, 50, 51, 61, 63, 68, 70, 72, 79]]
[105, 4.30875, [0, 1, 2, 4, 5, 7, 8, 9, 15, 16, 18, 19, 20, 25, 26, 28, 29, 31, 32, 33, 36, 45, 50, 51, 63, 68, 70, 72, 79, 84]]
[105, 4.3122, [0, 1, 2, 4, 5, 7, 8, 9, 15, 16, 18, 19, 20, 25, 26, 28, 29, 31, 32, 33, 36, 45, 50, 59, 61, 63, 68, 70, 72, 79]]
[105, 4.31433, [0, 1, 2, 4, 5, 7, 8, 9, 15, 16, 18, 19, 20, 25, 26, 28, 29, 31, 32, 33, 36, 45, 51, 57, 59, 61, 68, 70, 72, 79]]
[105, 4.31158, [0, 1, 2, 4, 5, 7, 8, 9, 15, 16, 18, 19, 20, 25, 26, 28, 29, 31, 32, 33, 36, 45, 51, 59, 61, 63, 68, 70, 72, 79]]
[105, 4.30247, [0, 1, 2, 4, 5, 7, 8, 9, 15, 16, 18, 19, 20, 25, 26, 28, 29, 31, 32, 33, 36, 45, 57, 59, 61, 68, 70, 72, 79, 80]]
[105, 4.29945, [0, 1, 2, 4, 5, 7, 8, 9, 15, 16, 18, 19, 20, 25, 26, 28, 29, 31, 32, 33, 36, 45, 59, 61, 63, 68, 70, 72, 79, 81]]
[105, 4.30811, [0, 1, 2, 4, 5, 7, 8, 9, 15, 16, 18, 19, 20, 25, 26, 28, 29, 31, 32, 33, 36, 50, 51, 59, 61, 63, 68, 70, 72, 79]]
[105, 4.30514, [0, 1, 2, 4, 5, 7, 8, 9, 15, 16, 18, 19, 20, 25, 26, 28, 29, 31, 32, 33, 36, 50, 51, 59, 61, 63, 70, 72, 77, 79]]
[105, 4.29992, [0, 1, 2, 4, 5, 7, 8, 9, 15, 16, 18, 19, 20, 25, 26, 28, 29, 31, 32, 33, 36, 50, 51, 60, 63, 68, 70, 72, 79, 84]]
[105, 4.29972, [0, 1, 2, 4, 5, 7, 8, 9, 15, 16, 18, 19, 20, 25, 26, 28, 29, 31, 32, 33, 45, 50, 51, 59, 61, 63, 68, 70, 72, 79]]
[105, 4.27106, [0, 1, 2, 4, 5, 7, 8, 9, 15, 16, 18, 19, 20, 25, 26, 28, 29, 31, 32, 33, 54, 56, 58, 66, 68, 71, 73, 74, 78, 86]]
[105, 4.29796, [0, 1, 2, 4, 5, 7, 8, 9, 15, 16, 18, 19, 20, 25, 26, 28, 29, 31, 32, 36, 45, 47, 51, 57, 59, 61, 69, 70, 79, 80]]
[105, 4.29601, [0, 1, 2, 4, 5, 7, 8, 9, 15, 16, 18, 19, 20, 25, 26, 28, 29, 31, 32, 36, 45, 50, 51, 59, 61, 63, 68, 70, 72, 79]]
[105, 4.28628, [0, 1, 2, 4, 5, 7, 8, 9, 15, 16, 18, 19, 20, 25, 26, 28, 29, 31, 32, 36, 45, 51, 57, 59, 61, 68, 70, 72, 79, 80]]
[105, 4.27749, [0, 1, 2, 4, 5, 7, 8, 9, 15, 16, 18, 19, 20, 25, 26, 28, 29, 31, 32, 45, 47, 51, 57, 59, 61, 67, 69, 71, 79, 80]]
[105, 4.29463, [0, 1, 2, 4, 5, 7, 8, 9, 15, 16, 18, 19, 20, 25, 26, 28, 29, 31, 33, 36, 45, 50, 51, 59, 61, 63, 68, 70, 72, 79]]
[105, 4.29316, [0, 1, 2, 4, 5, 7, 8, 9, 15, 16, 18, 19, 20, 25, 26, 28, 29, 32, 33, 36, 45, 50, 51, 59, 61, 63, 68, 70, 72, 79]]
[105, 4.28996, [0, 1, 2, 4, 5, 7, 8, 9, 15, 16, 18, 19, 20, 25, 26, 28, 31, 32, 33, 36, 45, 50, 51, 59, 61, 63, 68, 70, 72, 79]]
[105, 4.28223, [0, 1, 2, 4, 5, 7, 8, 9, 15, 16, 18, 19, 20, 25, 26, 28, 31, 32, 33, 36, 45, 50, 51, 59, 63, 68, 70, 72, 79, 84]]
[105, 4.2882, [0, 1, 2, 4, 5, 7, 8, 9, 15, 16, 18, 19, 20, 25, 26, 29, 31, 32, 33, 36, 45, 50, 51, 59, 61, 63, 68, 70, 72, 79]]
[105, 4.29592, [0, 1, 2, 4, 5, 7, 8, 9, 15, 16, 18, 19, 20, 25, 26, 29, 31, 33, 36, 38, 45, 49, 50, 51, 59, 61, 63, 66, 68, 70]]
[105, 4.2751, [0, 1, 2, 4, 5, 7, 8, 9, 15, 16, 18, 19, 20, 25, 26, 31, 36, 38, 39, 40, 45, 49, 50, 51, 59, 61, 63, 66, 68, 70]]
[105, 4.28431, [0, 1, 2, 4, 5, 7, 8, 9, 15, 16, 18, 19, 20, 25, 28, 29, 31, 32, 33, 36, 45, 50, 51, 59, 61, 63, 68, 70, 72, 79]]
[105, 4.27156, [0, 1, 2, 4, 5, 7, 8, 9, 15, 16, 18, 19, 20, 25, 28, 29, 31, 32, 33, 36, 45, 51, 59, 61, 63, 68, 70, 72, 79, 81]]
[105, 4.27065, [0, 1, 2, 4, 5, 7, 8, 9, 15, 16, 18, 19, 20, 25, 28, 29, 31, 32, 33, 45, 50, 51, 53, 59, 61, 63, 68, 70, 72, 79]]
[105, 4.28561, [0, 1, 2, 4, 5, 7, 8, 9, 15, 16, 18, 19, 20, 25, 31, 33, 36, 38, 39, 40, 45, 49, 50, 59, 66, 68, 84, 88, 92, 94, 95]]
[105, 4.28214, [0, 1, 2, 4, 5, 7, 8, 9, 15, 16, 18, 19, 20, 26, 28, 29, 31, 32, 33, 36, 45, 50, 51, 59, 61, 63, 68, 70, 72, 79]]
[105, 4.2735, [0, 1, 2, 4, 5, 7, 8, 9, 15, 16, 18, 19, 20, 26, 28, 29, 31, 32, 33, 36, 45, 50, 51, 61, 63, 68, 70, 72, 79, 84]]
[105, 4.28279, [0, 1, 2, 4, 5, 7, 8, 9, 15, 16, 18, 19, 20, 26, 28, 29, 31, 32, 34, 36, 45, 47, 51, 57, 59, 61, 69, 70, 79, 80]]
[105, 4.27111, [0, 1, 2, 4, 5, 7, 8, 9, 15, 16, 18, 19, 20, 26, 28, 29, 31, 32, 34, 36, 45, 51, 57, 59, 61, 68, 70, 72, 79, 80]]
[105, 4.27527, [0, 1, 2, 4, 5, 7, 8, 9, 15, 16, 18, 19, 20, 26, 28, 30, 31, 33, 34, 35, 39, 53, 55, 57, 63, 65, 69, 71, 77, 86]]
[105, 4.27293, [0, 1, 2, 4, 5, 7, 8, 9, 15, 16, 18, 19, 20, 26, 28, 30, 31, 33, 34, 35, 39, 53, 55, 62, 63, 67, 69, 71, 77, 83]]
[105, 4.27726, [0, 1, 2, 4, 5, 7, 8, 9, 15, 16, 18, 19, 20, 26, 28, 31, 32, 34, 35, 39, 61, 64, 66, 68, 72, 80, 81, 82, 84, 90, 92]]
[105, 4.29031, [0, 1, 2, 4, 5, 7, 8, 9, 15, 16, 18, 19, 20, 26, 28, 31, 33, 34, 35, 48, 54, 56, 58, 69, 71, 74, 75, 76, 78, 79, 86]]
[105, 4.27313, [0, 1, 2, 4, 5, 7, 8, 9, 15, 16, 18, 19, 20, 28, 29, 30, 32, 33, 35, 36, 37, 42, 51, 57, 61, 65, 68, 75, 84, 98]]
[105, 4.28904, [0, 1, 2, 4, 5, 7, 8, 9, 15, 16, 18, 19, 20, 28, 29, 30, 32, 33, 35, 36, 42, 61, 68, 72, 75, 78, 79, 80, 84, 86, 98]]
[105, 4.2705, [0, 1, 2, 4, 5, 7, 8, 9, 15, 16, 18, 19, 20, 28, 29, 31, 32, 34, 35, 36, 45, 47, 51, 57, 59, 61, 65, 68, 79, 81]]
[105, 4.27668, [0, 1, 2, 4, 5, 7, 8, 9, 15, 16, 18, 19, 20, 34, 35, 37, 38, 40, 41, 42, 45, 47, 48, 54, 58, 64, 67, 69, 84, 90, 92]]
[105, 4.27496, [0, 1, 2, 4, 5, 7, 8, 9, 15, 16, 18, 19, 20, 34, 35, 37, 38, 40, 41, 42, 45, 47, 48, 54, 58, 64, 67, 69, 84, 92, 98]]
[105, 4.29725, [0, 1, 2, 4, 5, 7, 8, 9, 15, 16, 18, 19, 21, 25, 26, 28, 32, 33, 43, 44, 53, 55, 57, 68, 72, 73, 74, 76, 77, 83, 86]]
[105, 4.29584, [0, 1, 2, 4, 5, 7, 8, 9, 15, 16, 18, 19, 21, 25, 26, 28, 32, 33, 43, 44, 53, 55, 57, 68, 72, 73, 74, 76, 77, 83, 92]]
[105, 4.29333, [0, 1, 2, 4, 5, 7, 8, 9, 15, 16, 18, 19, 21, 25, 26, 28, 32, 33, 43, 44, 53, 55, 57, 68, 72, 73, 74, 77, 83, 85, 92]]
[105, 4.28456, [0, 1, 2, 4, 5, 7, 8, 9, 15, 16, 18, 19, 21, 25, 26, 28, 32, 33, 43, 44, 53, 57, 68, 72, 73, 74, 76, 77, 83, 86, 92]]
[105, 4.28019, [0, 1, 2, 4, 5, 7, 8, 9, 15, 16, 18, 19, 21, 25, 28, 29, 30, 32, 36, 37, 42, 50, 52, 56, 61, 64, 65, 66, 68, 98]]
[105, 4.28174, [0, 1, 2, 4, 5, 7, 8, 9, 15, 16, 18, 19, 21, 25, 28, 29, 30, 32, 36, 37, 47, 50, 51, 52, 56, 60, 65, 68, 70, 98]]
[105, 4.28129, [0, 1, 2, 4, 5, 7, 8, 9, 15, 16, 18, 19, 21, 25, 28, 29, 30, 32, 36, 37, 47, 50, 51, 52, 56, 61, 65, 68, 70, 98]]
[105, 4.27482, [0, 1, 2, 4, 5, 7, 8, 9, 15, 16, 18, 19, 21, 25, 28, 29, 30, 32, 36, 37, 47, 50, 52, 56, 61, 64, 65, 68, 70, 98]]
[105, 4.3008, [0, 1, 2, 4, 5, 7, 8, 9, 15, 16, 18, 19, 21, 25, 28, 29, 31, 32, 36, 47, 51, 57, 59, 61, 65, 68, 70, 75, 81, 93, 98]]
[105, 4.27415, [0, 1, 2, 4, 5, 7, 8, 9, 15, 16, 18, 19, 21, 25, 28, 30, 32, 33, 36, 37, 42, 50, 52, 56, 61, 64, 65, 66, 68, 98]]
[105, 4.2719, [0, 1, 2, 4, 5, 7, 8, 9, 15, 16, 18, 19, 21, 25, 29, 30, 31, 36, 38, 42, 47, 49, 50, 52, 60, 62, 65, 66, 68, 70]]
[105, 4.2745, [0, 1, 2, 4, 5, 7, 8, 9, 15, 16, 18, 19, 21, 26, 28, 29, 30, 33, 35, 36, 60, 72, 73, 74, 78, 79, 80, 82, 88, 91, 95]]
[105, 4.29526, [0, 1, 2, 4, 5, 7, 8, 9, 15, 16, 18, 19, 21, 26, 28, 29, 30, 33, 35, 48, 53, 58, 62, 64, 67, 72, 74, 78, 82, 84, 85]]
[105, 4.28616, [0, 1, 2, 4, 5, 7, 8, 9, 15, 16, 18, 19, 21, 26, 28, 29, 30, 33, 35, 48, 53, 58, 62, 67, 72, 74, 78, 82, 84, 85, 95]]
[105, 4.27062, [0, 1, 2, 4, 5, 7, 8, 9, 15, 16, 18, 19, 21, 26, 28, 29, 32, 33, 34, 36, 44, 51, 55, 57, 61, 63, 67, 72, 77, 83]]
[105, 4.27609, [0, 1, 2, 4, 5, 7, 8, 9, 15, 16, 18, 19, 21, 26, 28, 29, 33, 34, 35, 48, 53, 62, 67, 69, 71, 74, 78, 82, 84, 85, 95]]
[105, 4.27312, [0, 1, 2, 4, 5, 7, 8, 9, 15, 16, 18, 19, 21, 26, 28, 32, 33, 35, 36, 39, 43, 44, 51, 55, 57, 61, 63, 65, 68, 92]]
[105, 4.32178, [0, 1, 2, 4, 5, 7, 8, 9, 15, 16, 18, 19, 21, 26, 28, 32, 34, 36, 39, 43, 44, 45, 51, 55, 59, 61, 65, 68, 70, 80, 92]]
[105, 4.27817, [0, 1, 2, 4, 5, 7, 8, 9, 15, 16, 18, 19, 21, 26, 29, 30, 32, 33, 36, 38, 42, 49, 50, 52, 59, 61, 65, 68, 70, 80]]
[105, 4.27554, [0, 1, 2, 4, 5, 7, 8, 9, 15, 16, 18, 19, 21, 28, 29, 30, 32, 33, 36, 37, 42, 50, 51, 52, 59, 61, 65, 68, 70, 75]]
[105, 4.27672, [0, 1, 2, 4, 5, 7, 8, 9, 15, 16, 18, 19, 21, 28, 30, 31, 32, 35, 36, 37, 39, 47, 50, 56, 60, 62, 64, 65, 67, 69]]
[105, 4.27033, [0, 1, 2, 4, 5, 7, 8, 9, 15, 16, 18, 19, 25, 26, 28, 29, 31, 32, 33, 36, 42, 50, 51, 61, 63, 65, 66, 68, 70, 79]]
[105, 4.27049, [0, 1, 2, 4, 5, 7, 8, 9, 15, 16, 18, 19, 25, 26, 28, 29, 31, 32, 33, 36, 45, 50, 51, 59, 61, 63, 66, 68, 70, 79]]
[105, 4.27248, [0, 1, 2, 4, 5, 7, 8, 9, 15, 16, 18, 19, 25, 26, 29, 30, 31, 33, 36, 38, 42, 49, 50, 51, 61, 63, 65, 66, 68, 70]]
[105, 4.2727, [0, 1, 2, 4, 5, 7, 8, 9, 15, 16, 18, 20, 21, 26, 29, 30, 32, 36, 39, 41, 42, 47, 49, 50, 53, 60, 62, 64, 67, 91]]
[105, 4.2936, [0, 1, 2, 4, 5, 7, 8, 9, 15, 16, 18, 20, 26, 28, 29, 31, 32, 34, 36, 39, 45, 51, 59, 61, 63, 68, 70, 72, 78, 79, 80]]
[105, 4.30635, [0, 1, 2, 4, 5, 7, 8, 9, 15, 16, 18, 21, 25, 29, 30, 31, 36, 37, 39, 41, 42, 47, 50, 56, 60, 62, 64, 65, 67, 69, 70]]
[105, 4.29866, [0, 1, 2, 4, 5, 7, 8, 9, 15, 16, 18, 21, 25, 29, 30, 31, 36, 37, 39, 41, 47, 49, 50, 52, 60, 62, 64, 65, 67, 70, 84]]
[105, 4.29496, [0, 1, 2, 4, 5, 7, 8, 9, 15, 16, 18, 21, 25, 30, 31, 32, 36, 37, 38, 41, 47, 49, 50, 52, 60, 62, 64, 65, 67, 70, 84]]
[105, 4.28142, [0, 1, 2, 4, 5, 7, 8, 9, 15, 16, 18, 21, 25, 30, 32, 36, 37, 38, 41, 43, 47, 49, 50, 52, 60, 62, 64, 65, 67, 70, 84]]
[105, 4.27643, [0, 1, 2, 4, 5, 7, 8, 9, 15, 16, 19, 20, 21, 26, 28, 30, 34, 35, 36, 39, 43, 57, 61, 65, 77, 79, 81, 86, 89, 91, 92]]
[105, 4.29098, [0, 1, 2, 4, 5, 7, 8, 9, 15, 16, 19, 20, 21, 26, 30, 34, 35, 36, 39, 40, 42, 43, 55, 57, 61, 65, 79, 81, 86, 89, 91]]
[105, 4.27325, [0, 1, 2, 4, 5, 7, 8, 9, 15, 16, 19, 20, 21, 26, 30, 34, 35, 36, 39, 40, 43, 55, 57, 61, 65, 77, 79, 81, 86, 89, 91]]
[105, 4.27573, [0, 1, 2, 4, 5, 7, 8, 9, 15, 16, 19, 27, 28, 29, 31, 32, 34, 35, 36, 42, 47, 50, 51, 54, 56, 61, 64, 65, 69, 75, 82]]
[105, 4.29954, [0, 1, 2, 4, 5, 7, 8, 9, 15, 17, 18, 19, 23, 24, 26, 28, 36, 39, 42, 43, 47, 49, 52, 58, 59, 67, 72, 75, 80, 84, 88]]
[105, 4.29075, [0, 1, 2, 4, 5, 7, 8, 9, 15, 17, 18, 19, 23, 24, 26, 28, 36, 42, 43, 47, 49, 50, 52, 58, 59, 67, 72, 75, 80, 84, 88]]
[105, 4.31664, [0, 1, 2, 4, 5, 7, 8, 9, 15, 17, 18, 19, 23, 24, 26, 32, 36, 39, 42, 43, 44, 49, 50, 52, 58, 59, 67, 68, 70, 72, 80]]
[105, 4.3114, [0, 1, 2, 4, 5, 7, 8, 9, 15, 17, 18, 19, 23, 24, 26, 32, 36, 39, 42, 43, 44, 49, 50, 52, 58, 59, 67, 68, 72, 80, 88]]
[105, 4.29386, [0, 1, 2, 4, 5, 7, 8, 9, 15, 17, 18, 19, 23, 24, 26, 36, 39, 42, 43, 44, 47, 49, 50, 52, 58, 59, 67, 72, 75, 80, 88]]
[105, 4.27585, [0, 1, 2, 4, 5, 7, 8, 9, 15, 17, 18, 19, 23, 24, 26, 36, 39, 42, 43, 47, 49, 50, 52, 58, 59, 67, 72, 75, 80, 84, 88]]
[105, 4.27041, [0, 1, 2, 4, 5, 7, 8, 9, 15, 17, 18, 19, 23, 24, 28, 30, 34, 35, 37, 39, 40, 47, 48, 53, 60, 63, 64, 65, 69, 82]]
[105, 4.31402, [0, 1, 2, 4, 5, 7, 8, 9, 15, 17, 18, 19, 23, 24, 28, 32, 34, 35, 37, 39, 43, 44, 45, 53, 59, 63, 69, 77, 90, 93, 97]]
[105, 4.31567, [0, 1, 2, 4, 5, 7, 8, 9, 15, 17, 18, 19, 23, 24, 28, 32, 34, 35, 37, 39, 43, 45, 48, 53, 63, 64, 65, 69, 82, 90, 97]]
[105, 4.30672, [0, 1, 2, 4, 5, 7, 8, 9, 15, 17, 18, 19, 23, 24, 28, 32, 34, 35, 37, 39, 43, 48, 53, 60, 63, 64, 65, 69, 82, 90, 97]]
[105, 4.27898, [0, 1, 2, 4, 5, 7, 8, 9, 15, 17, 18, 19, 23, 24, 28, 34, 35, 37, 39, 43, 44, 45, 53, 57, 59, 80, 85, 87, 92, 93, 97]]
[105, 4.30128, [0, 1, 2, 4, 5, 7, 8, 9, 15, 17, 18, 19, 23, 26, 28, 29, 30, 36, 46, 47, 49, 50, 52, 59, 61, 65, 67, 72, 73, 75, 80]]
[105, 4.28301, [0, 1, 2, 4, 5, 7, 8, 9, 15, 17, 18, 19, 23, 26, 28, 29, 30, 42, 44, 48, 49, 50, 52, 58, 59, 67, 73, 75, 80, 89, 100]]
[105, 4.27473, [0, 1, 2, 4, 5, 7, 8, 9, 15, 17, 18, 19, 23, 28, 32, 35, 37, 39, 40, 43, 44, 48, 54, 58, 60, 63, 64, 69, 82, 90, 97]]
[105, 4.27852, [0, 1, 2, 4, 5, 7, 8, 9, 15, 17, 18, 19, 24, 26, 28, 29, 32, 33, 44, 45, 55, 57, 59, 65, 67, 68, 70, 72, 73, 77, 100]]
[105, 4.29492, [0, 1, 2, 4, 5, 7, 8, 9, 15, 17, 18, 19, 24, 28, 29, 30, 32, 35, 37, 44, 48, 49, 54, 58, 60, 62, 63, 74, 78, 82, 100]]
[105, 4.281, [0, 1, 2, 4, 5, 7, 8, 9, 15, 17, 18, 19, 26, 28, 29, 31, 32, 36, 42, 45, 50, 51, 52, 61, 65, 66, 67, 70, 72, 80, 84]]
[105, 4.29748, [0, 1, 2, 4, 5, 7, 8, 9, 15, 17, 18, 20, 21, 23, 28, 29, 30, 36, 42, 46, 50, 53, 58, 62, 64, 67, 70, 72, 74, 81, 100]]
[105, 4.30539, [0, 1, 2, 4, 5, 7, 8, 9, 15, 17, 18, 20, 21, 26, 29, 30, 36, 39, 42, 44, 46, 47, 49, 50, 60, 64, 66, 67, 70, 72, 100]]
[105, 4.29214, [0, 1, 2, 4, 5, 7, 8, 9, 15, 17, 18, 20, 21, 26, 29, 30, 39, 42, 44, 46, 47, 49, 50, 52, 60, 64, 66, 67, 70, 72, 100]]
[105, 4.27283, [0, 1, 2, 4, 5, 7, 8, 9, 15, 17, 18, 20, 23, 24, 28, 29, 30, 42, 47, 49, 50, 52, 58, 60, 64, 67, 72, 73, 84, 88, 100]]
[105, 4.28078, [0, 1, 2, 4, 5, 7, 8, 9, 15, 17, 18, 20, 23, 24, 29, 33, 34, 36, 37, 38, 45, 48, 55, 64, 66, 78, 80, 82, 83, 86, 97]]
[105, 4.28407, [0, 1, 2, 4, 5, 7, 8, 9, 15, 17, 18, 21, 23, 26, 28, 29, 30, 36, 39, 47, 49, 52, 58, 60, 63, 64, 67, 72, 82, 88, 100]]
[105, 4.27712, [0, 1, 2, 4, 5, 7, 8, 9, 15, 17, 18, 21, 23, 26, 28, 29, 30, 36, 39, 47, 49, 52, 58, 60, 64, 67, 72, 82, 84, 88, 100]]
[105, 4.27203, [0, 1, 2, 4, 5, 7, 8, 9, 15, 17, 18, 23, 26, 28, 29, 30, 34, 36, 39, 47, 48, 49, 53, 60, 63, 64, 65, 67, 78, 82, 84]]
[105, 4.28839, [0, 1, 2, 4, 5, 7, 8, 9, 15, 17, 19, 20, 24, 26, 27, 28, 31, 33, 34, 39, 44, 55, 57, 67, 69, 71, 75, 77, 85, 91, 97]]
[105, 4.27629, [0, 1, 2, 4, 5, 7, 8, 9, 15, 17, 19, 20, 24, 26, 27, 28, 34, 38, 39, 40, 43, 44, 45, 47, 48, 55, 59, 65, 69, 71]]
[105, 4.2734, [0, 1, 2, 4, 5, 7, 8, 9, 15, 17, 20, 21, 23, 24, 29, 30, 32, 33, 34, 37, 38, 40, 52, 54, 58, 62, 63, 64, 68, 78]]
[105, 4.30818, [0, 1, 2, 4, 5, 7, 8, 9, 15, 17, 20, 21, 23, 24, 29, 30, 32, 33, 36, 37, 38, 54, 58, 60, 63, 64, 66, 70, 77, 78, 80]]
[105, 4.27748, [0, 1, 2, 4, 5, 7, 8, 9, 15, 17, 20, 21, 23, 24, 29, 30, 32, 33, 36, 37, 38, 58, 64, 66, 70, 77, 78, 80, 82, 91, 97]]
[105, 4.29427, [0, 1, 2, 4, 5, 7, 8, 9, 15, 18, 19, 20, 23, 24, 25, 28, 29, 42, 44, 45, 47, 49, 50, 52, 54, 68, 72, 74, 88, 93, 97]]
[105, 4.30474, [0, 1, 2, 4, 5, 7, 8, 9, 15, 18, 19, 20, 23, 24, 25, 32, 33, 37, 38, 43, 49, 50, 52, 54, 58, 60, 67, 68, 70, 77, 92]]
[105, 4.29903, [0, 1, 2, 4, 5, 7, 8, 9, 15, 18, 19, 20, 23, 24, 25, 32, 33, 37, 38, 43, 49, 50, 52, 54, 58, 60, 67, 68, 77, 90, 92]]
[105, 4.28555, [0, 1, 2, 4, 5, 7, 8, 9, 15, 18, 19, 20, 23, 24, 26, 28, 34, 35, 36, 39, 45, 47, 57, 61, 65, 72, 79, 82, 92, 97, 100]]
[105, 4.27906, [0, 1, 2, 4, 5, 7, 8, 9, 15, 18, 19, 20, 23, 24, 26, 28, 34, 35, 36, 39, 46, 47, 61, 65, 72, 75, 77, 79, 92, 97, 100]]
[105, 4.27233, [0, 1, 2, 4, 5, 7, 8, 9, 15, 18, 19, 20, 23, 24, 26, 28, 34, 35, 36, 39, 47, 57, 61, 65, 72, 75, 77, 79, 92, 97, 100]]
[105, 4.28416, [0, 1, 2, 4, 5, 7, 8, 9, 15, 18, 19, 20, 23, 24, 26, 30, 32, 33, 35, 39, 49, 53, 57, 67, 69, 71, 75, 77, 85, 92, 97]]
[105, 4.29325, [0, 1, 2, 4, 5, 7, 8, 9, 15, 18, 19, 20, 23, 24, 28, 30, 34, 35, 37, 39, 42, 43, 53, 57, 60, 69, 79, 80, 82, 97, 98]]
[105, 4.29016, [0, 1, 2, 4, 5, 7, 8, 9, 15, 18, 19, 20, 23, 24, 28, 30, 34, 35, 37, 39, 42, 47, 53, 57, 60, 69, 79, 80, 82, 97, 98]]
[105, 4.29297, [0, 1, 2, 4, 5, 7, 8, 9, 15, 18, 19, 20, 23, 24, 28, 30, 34, 35, 37, 39, 42, 47, 53, 60, 62, 64, 69, 80, 82, 97, 98]]
[105, 4.28649, [0, 1, 2, 4, 5, 7, 8, 9, 15, 18, 19, 20, 23, 24, 28, 30, 34, 35, 37, 42, 43, 47, 53, 57, 60, 69, 79, 80, 82, 97, 98]]
[105, 4.28207, [0, 1, 2, 4, 5, 7, 8, 9, 15, 18, 19, 20, 23, 24, 28, 30, 34, 37, 39, 42, 43, 47, 53, 57, 60, 69, 79, 80, 82, 97, 98]]
[105, 4.27342, [0, 1, 2, 4, 5, 7, 8, 9, 15, 18, 19, 20, 23, 24, 29, 30, 32, 33, 35, 37, 48, 53, 62, 64, 74, 75, 78, 82, 85, 97, 98]]
[105, 4.29514, [0, 1, 2, 4, 5, 7, 8, 9, 15, 18, 19, 20, 23, 24, 30, 32, 33, 37, 38, 43, 49, 50, 52, 54, 58, 60, 67, 68, 70, 77, 92]]
[105, 4.29083, [0, 1, 2, 4, 5, 7, 8, 9, 15, 18, 19, 20, 23, 24, 30, 32, 33, 37, 38, 43, 49, 50, 52, 54, 58, 60, 67, 68, 70, 92, 94]]
[105, 4.28838, [0, 1, 2, 4, 5, 7, 8, 9, 15, 18, 19, 20, 23, 24, 30, 32, 33, 37, 38, 43, 49, 52, 54, 58, 60, 63, 67, 68, 70, 77, 92]]
[105, 4.27749, [0, 1, 2, 4, 5, 7, 8, 9, 15, 18, 19, 20, 23, 24, 30, 32, 33, 38, 43, 49, 50, 52, 54, 58, 60, 63, 67, 68, 70, 77, 92]]
[105, 4.29261, [0, 1, 2, 4, 5, 7, 8, 9, 15, 18, 19, 20, 23, 24, 30, 32, 34, 35, 37, 39, 42, 43, 53, 57, 60, 67, 69, 79, 80, 92, 98]]
[105, 4.27992, [0, 1, 2, 4, 5, 7, 8, 9, 15, 18, 19, 20, 23, 24, 30, 32, 34, 35, 37, 39, 43, 53, 57, 60, 65, 67, 69, 77, 79, 92, 98]]
[105, 4.27563, [0, 1, 2, 4, 5, 7, 8, 9, 15, 18, 19, 20, 23, 24, 30, 32, 35, 37, 39, 40, 43, 49, 53, 57, 65, 67, 69, 77, 92, 94, 98]]
[105, 4.27425, [0, 1, 2, 4, 5, 7, 8, 9, 15, 18, 19, 20, 23, 28, 29, 30, 32, 36, 37, 47, 48, 50, 60, 63, 64, 67, 69, 70, 74, 84, 89]]
[105, 4.27503, [0, 1, 2, 4, 5, 7, 8, 9, 15, 18, 19, 20, 24, 25, 26, 28, 29, 31, 33, 36, 45, 49, 50, 51, 59, 61, 63, 66, 67, 95]]
[105, 4.28145, [0, 1, 2, 4, 5, 7, 8, 9, 15, 18, 19, 20, 24, 25, 28, 31, 33, 36, 39, 40, 45, 49, 50, 59, 63, 66, 68, 83, 84, 92, 95]]
[105, 4.27497, [0, 1, 2, 4, 5, 7, 8, 9, 15, 18, 19, 21, 23, 26, 30, 33, 36, 38, 43, 44, 49, 50, 52, 58, 59, 63, 66, 67, 68, 70, 94]]
[105, 4.28114, [0, 1, 2, 4, 5, 7, 8, 9, 15, 18, 19, 23, 24, 25, 30, 32, 33, 37, 38, 43, 49, 50, 52, 54, 58, 60, 67, 68, 70, 77, 92]]
[105, 4.33618, [0, 1, 2, 4, 5, 7, 8, 9, 15, 18, 19, 23, 25, 30, 32, 33, 36, 37, 38, 42, 43, 49, 50, 52, 58, 60, 63, 67, 68, 70, 89, 92]]
[105, 4.27432, [0, 1, 2, 4, 5, 7, 8, 9, 15, 18, 19, 23, 25, 30, 32, 33, 36, 37, 38, 42, 43, 49, 50, 52, 58, 60, 63, 67, 68, 70, 92]]
[105, 4.27121, [0, 1, 2, 4, 5, 7, 8, 9, 15, 18, 19, 23, 25, 30, 32, 33, 36, 37, 38, 42, 43, 49, 50, 52, 60, 63, 65, 67, 68, 70, 92]]
[105, 4.27446, [0, 1, 2, 4, 5, 7, 8, 9, 15, 18, 20, 23, 24, 30, 32, 33, 34, 37, 38, 43, 47, 49, 52, 54, 58, 60, 63, 64, 67, 68, 80]]
[105, 4.28658, [0, 1, 2, 4, 5, 7, 8, 9, 15, 18, 21, 23, 25, 26, 28, 29, 30, 34, 36, 44, 46, 49, 55, 59, 61, 63, 66, 68, 72, 76, 78]]
[105, 4.29767, [0, 1, 2, 4, 5, 7, 8, 9, 15, 19, 21, 23, 24, 26, 30, 33, 35, 36, 43, 44, 50, 52, 56, 61, 66, 67, 68, 73, 76, 92, 93, 94]]
[105, 4.29434, [0, 1, 2, 4, 5, 7, 8, 9, 15, 19, 21, 23, 24, 26, 30, 33, 35, 36, 43, 44, 50, 52, 61, 63, 66, 67, 68, 73, 76, 92, 93, 94]]
[105, 4.28979, [0, 1, 2, 4, 5, 7, 8, 9, 16, 17, 18, 20, 21, 26, 28, 29, 32, 33, 34, 36, 37, 39, 43, 55, 57, 61, 63, 67, 68, 86]]
[105, 4.29119, [0, 1, 2, 4, 5, 7, 8, 9, 16, 17, 18, 20, 21, 26, 28, 29, 32, 33, 34, 36, 37, 39, 43, 55, 59, 61, 65, 66, 67, 77]]
[105, 4.28615, [0, 1, 2, 4, 5, 7, 8, 9, 16, 17, 18, 20, 21, 26, 28, 29, 32, 33, 34, 36, 37, 39, 43, 55, 62, 63, 66, 67, 68, 83]]
[105, 4.27861, [0, 1, 2, 4, 5, 7, 8, 9, 16, 17, 18, 20, 21, 26, 28, 29, 32, 33, 34, 36, 37, 39, 43, 55, 63, 66, 67, 68, 83, 85]]
[105, 4.27564, [0, 1, 2, 4, 5, 7, 8, 9, 16, 17, 18, 20, 21, 26, 28, 29, 32, 33, 34, 36, 37, 39, 43, 55, 63, 66, 67, 77, 83, 85]]
[105, 4.27033, [0, 1, 2, 4, 5, 7, 8, 9, 16, 17, 18, 20, 21, 26, 28, 29, 32, 33, 34, 37, 39, 43, 55, 59, 61, 65, 66, 67, 69, 77]]
[105, 4.27126, [0, 1, 2, 4, 5, 7, 8, 9, 16, 17, 18, 20, 21, 26, 28, 29, 32, 33, 36, 37, 42, 43, 51, 57, 59, 61, 65, 68, 70, 75]]
[105, 4.28747, [0, 1, 2, 4, 5, 7, 8, 9, 16, 17, 18, 20, 21, 26, 28, 29, 32, 34, 36, 39, 49, 53, 60, 62, 67, 68, 72, 82, 83, 84, 99]]
[105, 4.27157, [0, 1, 2, 4, 5, 7, 8, 9, 16, 17, 18, 20, 21, 28, 29, 31, 32, 34, 35, 36, 39, 60, 62, 66, 72, 80, 82, 84, 90, 94, 99]]
[105, 4.27464, [0, 1, 2, 4, 5, 7, 8, 9, 16, 17, 19, 20, 21, 26, 27, 32, 34, 39, 40, 43, 45, 55, 57, 61, 65, 70, 71, 77, 79, 81, 86]]
[105, 4.27935, [0, 1, 2, 4, 5, 7, 8, 9, 16, 17, 19, 20, 21, 26, 30, 32, 37, 39, 40, 42, 45, 46, 49, 51, 62, 65, 67, 71, 91, 95, 99]]
[105, 4.2737, [0, 1, 2, 4, 5, 7, 8, 9, 16, 17, 19, 20, 21, 26, 30, 32, 37, 39, 42, 45, 46, 49, 50, 51, 60, 62, 67, 71, 91, 95, 99]]
[105, 4.2708, [0, 1, 2, 4, 5, 7, 8, 9, 16, 17, 19, 20, 22, 26, 28, 29, 30, 33, 36, 37, 38, 45, 51, 54, 60, 62, 65, 66, 68, 78]]
[105, 4.27686, [0, 1, 2, 4, 5, 7, 8, 9, 16, 17, 19, 20, 22, 26, 28, 30, 31, 33, 36, 37, 38, 45, 48, 51, 60, 62, 63, 65, 66, 67]]
[105, 4.2712, [0, 1, 2, 4, 5, 7, 8, 9, 16, 17, 19, 20, 22, 26, 28, 30, 31, 33, 36, 37, 38, 45, 48, 51, 60, 62, 63, 65, 67, 84]]
[105, 4.32699, [0, 1, 2, 4, 5, 7, 8, 9, 16, 17, 19, 20, 22, 26, 28, 30, 31, 37, 38, 39, 45, 48, 49, 51, 53, 60, 62, 63, 65, 67, 84]]
[105, 4.29934, [0, 1, 2, 4, 5, 7, 8, 9, 16, 17, 19, 20, 22, 26, 28, 31, 32, 36, 37, 39, 45, 51, 54, 60, 62, 65, 66, 67, 69, 75, 96]]
[105, 4.29104, [0, 1, 2, 4, 5, 7, 8, 9, 16, 17, 19, 20, 22, 26, 28, 31, 32, 36, 37, 39, 45, 51, 54, 60, 62, 65, 67, 69, 75, 95, 96]]
[105, 4.27217, [0, 1, 2, 4, 5, 7, 8, 9, 16, 17, 19, 20, 22, 26, 28, 31, 32, 36, 39, 45, 51, 54, 60, 62, 65, 66, 67, 69, 75, 95, 96]]
[105, 4.32042, [0, 1, 2, 4, 5, 7, 8, 9, 16, 17, 19, 20, 22, 26, 28, 31, 33, 37, 38, 39, 41, 48, 51, 53, 60, 62, 63, 64, 67, 69, 71]]
[105, 4.31583, [0, 1, 2, 4, 5, 7, 8, 9, 16, 17, 19, 20, 22, 26, 28, 31, 33, 37, 38, 39, 41, 48, 51, 53, 60, 62, 63, 64, 67, 71, 84]]
[105, 4.3119, [0, 1, 2, 4, 5, 7, 8, 9, 16, 17, 19, 20, 22, 26, 28, 31, 33, 37, 38, 39, 41, 48, 51, 53, 60, 62, 64, 65, 69, 71, 94]]
[105, 4.29793, [0, 1, 2, 4, 5, 7, 8, 9, 16, 17, 19, 20, 22, 26, 28, 31, 33, 37, 38, 41, 48, 51, 53, 60, 62, 63, 64, 67, 69, 71, 84]]
[105, 4.30225, [0, 1, 2, 4, 5, 7, 8, 9, 16, 17, 19, 20, 22, 26, 29, 30, 32, 37, 40, 42, 45, 46, 49, 51, 57, 59, 65, 67, 71, 95, 99]]
[105, 4.29361, [0, 1, 2, 4, 5, 7, 8, 9, 16, 17, 19, 20, 22, 26, 29, 30, 32, 37, 40, 42, 45, 49, 51, 57, 59, 61, 65, 67, 71, 95, 99]]
[105, 4.27904, [0, 1, 2, 4, 5, 7, 8, 9, 16, 17, 19, 20, 22, 26, 29, 30, 32, 37, 42, 45, 46, 49, 51, 57, 59, 65, 67, 71, 91, 95, 99]]
[105, 4.28242, [0, 1, 2, 4, 5, 7, 8, 9, 16, 17, 19, 20, 22, 26, 30, 31, 32, 37, 39, 45, 49, 51, 53, 60, 62, 63, 65, 67, 71, 84, 99]]
[105, 4.277, [0, 1, 2, 4, 5, 7, 8, 9, 16, 17, 19, 20, 22, 26, 30, 31, 32, 37, 39, 45, 49, 51, 53, 60, 63, 65, 67, 71, 77, 84, 99]]
[105, 4.28803, [0, 1, 2, 4, 5, 7, 8, 9, 16, 17, 19, 20, 22, 28, 30, 31, 32, 37, 38, 39, 45, 51, 53, 60, 62, 64, 65, 67, 71, 84, 95]]
[105, 4.27322, [0, 1, 2, 4, 5, 7, 8, 9, 16, 17, 19, 20, 22, 28, 30, 32, 37, 38, 39, 42, 45, 51, 53, 60, 63, 64, 65, 67, 71, 91, 95]]
[105, 4.27893, [0, 1, 2, 4, 5, 7, 8, 9, 16, 17, 19, 21, 22, 27, 29, 30, 31, 34, 35, 36, 45, 52, 60, 62, 66, 69, 76, 80, 84, 92, 95]]
[105, 4.28609, [0, 1, 2, 4, 5, 7, 8, 9, 16, 18, 20, 21, 25, 28, 30, 31, 32, 36, 41, 43, 47, 49, 50, 53, 60, 62, 63, 64, 67, 68, 69]]
[105, 4.30231, [0, 1, 2, 4, 5, 7, 8, 9, 16, 19, 20, 21, 26, 27, 29, 30, 33, 34, 35, 37, 42, 48, 51, 52, 54, 56, 61, 64, 68, 69, 92]]
[105, 4.2934, [0, 1, 2, 4, 5, 7, 8, 9, 16, 19, 20, 21, 26, 27, 29, 30, 33, 34, 35, 37, 42, 51, 52, 54, 56, 61, 64, 65, 68, 69, 92]]
[105, 4.29295, [0, 1, 2, 4, 5, 7, 8, 9, 16, 19, 20, 21, 26, 27, 29, 30, 33, 34, 35, 37, 42, 51, 52, 54, 56, 62, 64, 65, 68, 69, 92]]
[105, 4.27357, [0, 1, 2, 4, 5, 7, 8, 9, 16, 19, 20, 21, 27, 29, 30, 33, 34, 35, 37, 40, 42, 51, 52, 54, 56, 61, 64, 65, 68, 69, 92]]
[105, 4.295, [0, 1, 2, 4, 5, 7, 8, 9, 16, 20, 21, 22, 25, 26, 27, 29, 30, 32, 36, 39, 42, 47, 49, 51, 54, 61, 64, 65, 75, 91, 95]]
[105, 4.28848, [0, 1, 2, 4, 5, 7, 8, 9, 16, 20, 21, 22, 25, 26, 28, 29, 30, 36, 37, 39, 41, 47, 51, 54, 60, 63, 64, 65, 69, 70, 96]]
[105, 4.28289, [0, 1, 2, 4, 5, 7, 8, 9, 16, 20, 21, 22, 25, 26, 28, 29, 30, 36, 37, 39, 41, 47, 51, 54, 60, 63, 64, 65, 70, 88, 96]]
[105, 4.28282, [0, 1, 2, 4, 5, 7, 8, 9, 16, 20, 21, 22, 25, 26, 29, 30, 32, 36, 37, 39, 41, 47, 51, 54, 60, 62, 63, 65, 69, 70, 96]]
[105, 4.29109, [0, 1, 2, 4, 5, 7, 8, 9, 16, 20, 21, 22, 26, 29, 30, 32, 37, 39, 41, 46, 47, 49, 51, 60, 62, 63, 65, 67, 71, 91, 95, 99]]
[105, 4.27218, [0, 1, 2, 4, 5, 7, 8, 9, 16, 20, 21, 25, 27, 28, 30, 31, 32, 36, 37, 39, 41, 47, 50, 54, 56, 60, 62, 64, 69, 70, 79]]
[105, 4.278, [0, 1, 2, 4, 5, 7, 8, 9, 16, 20, 21, 26, 27, 28, 30, 33, 34, 37, 42, 43, 51, 52, 54, 56, 62, 64, 65, 68, 88, 90, 92, 96]]
[105, 4.28713, [0, 1, 2, 4, 5, 7, 8, 9, 17, 18, 19, 21, 22, 24, 28, 29, 30, 32, 37, 44, 48, 49, 54, 58, 60, 62, 63, 78, 82, 99, 100]]
[105, 4.27706, [0, 1, 2, 4, 5, 7, 8, 9, 17, 18, 19, 21, 22, 24, 28, 29, 30, 32, 37, 44, 49, 54, 58, 60, 62, 63, 68, 78, 82, 99, 100]]
[105, 4.27788, [0, 1, 2, 4, 5, 7, 8, 9, 17, 18, 19, 22, 23, 24, 29, 30, 32, 33, 37, 38, 42, 48, 50, 60, 64, 68, 70, 84, 89, 93, 94]]
[105, 4.27769, [0, 1, 2, 4, 5, 7, 8, 9, 17, 18, 19, 22, 24, 28, 29, 30, 32, 33, 35, 42, 44, 45, 53, 57, 59, 63, 67, 68, 73, 99, 100]]
[105, 4.27722, [0, 1, 2, 4, 5, 7, 8, 9, 17, 18, 19, 22, 24, 28, 29, 30, 32, 33, 35, 42, 44, 45, 53, 57, 60, 63, 67, 68, 73, 99, 100]]
[105, 4.32332, [0, 1, 2, 4, 5, 7, 8, 9, 17, 18, 20, 21, 22, 26, 28, 29, 31, 32, 33, 37, 39, 43, 51, 55, 61, 63, 65, 66, 69, 71, 77]]
[105, 4.30082, [0, 1, 2, 4, 5, 7, 8, 9, 17, 18, 20, 21, 22, 26, 28, 29, 31, 32, 33, 37, 39, 48, 51, 55, 67, 69, 71, 75, 77, 83, 85]]
[105, 4.2818, [0, 1, 2, 4, 5, 7, 8, 9, 17, 19, 20, 22, 28, 31, 32, 37, 38, 39, 41, 45, 48, 51, 53, 60, 62, 63, 64, 67, 70, 71, 84, 99]]
[105, 4.27445, [0, 1, 2, 4, 5, 7, 8, 9, 20, 21, 22, 25, 26, 27, 29, 30, 32, 40, 42, 45, 46, 47, 51, 55, 56, 66, 69, 71, 74, 95, 97, 99]]
[105, 4.27606, [0, 1, 2, 4, 5, 7, 8, 9, 20, 21, 22, 25, 26, 27, 29, 30, 32, 40, 42, 45, 46, 47, 51, 55, 57, 61, 69, 71, 74, 95, 97, 99]]
[105, 4.272, [0, 1, 2, 4, 5, 7, 8, 9, 20, 21, 22, 25, 26, 27, 29, 30, 32, 40, 42, 45, 46, 47, 51, 55, 61, 66, 69, 71, 74, 95, 97, 99]]
[105, 4.28144, [0, 1, 2, 4, 5, 7, 8, 13, 14, 15, 17, 18, 25, 27, 28, 29, 32, 33, 34, 36, 44, 60, 62, 64, 65, 67, 70, 72, 78, 82, 84]]
[105, 4.27313, [0, 1, 2, 4, 5, 7, 8, 13, 14, 15, 17, 23, 25, 26, 28, 29, 30, 33, 34, 36, 40, 44, 50, 64, 70, 72, 77, 82, 84, 93, 97]]
[105, 4.27168, [0, 1, 2, 4, 5, 7, 8, 13, 14, 16, 17, 18, 27, 28, 29, 31, 34, 35, 36, 47, 48, 49, 53, 55, 59, 61, 63, 66, 69, 73, 96]]
[105, 4.27409, [0, 1, 2, 4, 5, 7, 8, 13, 15, 16, 17, 20, 25, 26, 28, 29, 31, 32, 33, 36, 42, 50, 58, 62, 64, 68, 70, 72, 79, 81, 102]]
[105, 4.27828, [0, 1, 2, 4, 5, 7, 8, 13, 15, 16, 18, 21, 25, 26, 27, 30, 32, 36, 41, 42, 43, 49, 50, 53, 58, 62, 64, 65, 68, 70, 72]]
[105, 4.27329, [0, 1, 2, 4, 5, 7, 8, 13, 15, 16, 18, 21, 25, 26, 30, 32, 33, 36, 38, 41, 42, 43, 50, 53, 58, 60, 64, 65, 68, 70, 91]]
[105, 4.27452, [0, 1, 2, 4, 5, 7, 8, 14, 15, 16, 18, 19, 23, 26, 28, 29, 30, 35, 36, 39, 47, 48, 50, 58, 62, 63, 64, 67, 72, 82, 100]]
[105, 4.30758, [0, 1, 2, 4, 5, 7, 8, 14, 15, 16, 18, 19, 23, 26, 28, 29, 30, 35, 36, 47, 48, 49, 58, 63, 67, 72, 73, 75, 81, 83, 85, 100]]
[105, 4.27079, [0, 1, 2, 4, 5, 7, 8, 14, 15, 17, 18, 19, 23, 25, 26, 28, 29, 30, 34, 36, 39, 60, 63, 64, 65, 67, 72, 78, 82, 84, 93]]
[105, 4.28368, [0, 1, 2, 4, 5, 7, 8, 14, 15, 17, 18, 19, 23, 25, 26, 28, 34, 39, 40, 43, 44, 45, 47, 48, 53, 57, 59, 63, 69, 85, 97]]
[105, 4.28271, [0, 1, 2, 4, 5, 7, 8, 14, 15, 17, 18, 19, 23, 25, 26, 28, 34, 39, 40, 43, 44, 45, 47, 48, 53, 57, 59, 63, 69, 85, 102]]
[105, 4.27893, [0, 1, 2, 4, 5, 7, 9, 12, 14, 15, 16, 20, 22, 25, 26, 27, 29, 33, 39, 41, 42, 44, 47, 52, 84, 85, 86, 90, 91, 94, 96]]
[105, 4.27049, [0, 1, 2, 4, 5, 7, 9, 12, 14, 15, 16, 20, 22, 25, 26, 27, 29, 33, 41, 42, 44, 47, 52, 56, 72, 84, 86, 90, 91, 94, 96]]
[105, 4.29472, [0, 1, 2, 4, 5, 7, 9, 12, 14, 15, 16, 20, 22, 25, 26, 27, 29, 33, 41, 42, 44, 50, 51, 52, 56, 64, 70, 72, 89, 94, 96]]
[105, 4.29049, [0, 1, 2, 4, 5, 7, 9, 12, 14, 15, 16, 20, 22, 25, 26, 27, 29, 33, 41, 42, 44, 50, 51, 52, 56, 64, 72, 84, 89, 94, 96]]
[105, 4.28449, [0, 1, 2, 4, 5, 7, 9, 12, 14, 15, 16, 20, 22, 25, 26, 27, 29, 33, 41, 42, 44, 50, 51, 52, 64, 70, 72, 84, 89, 94, 96]]
[105, 4.27596, [0, 1, 2, 4, 5, 7, 9, 12, 14, 15, 16, 20, 22, 25, 26, 27, 29, 33, 41, 42, 44, 50, 52, 56, 64, 72, 84, 89, 90, 94, 96]]
[105, 4.27505, [0, 1, 2, 4, 5, 7, 9, 12, 14, 15, 16, 20, 22, 25, 26, 27, 29, 33, 41, 44, 50, 51, 52, 56, 64, 70, 72, 84, 89, 94, 96]]
[105, 4.28295, [0, 1, 2, 4, 5, 7, 9, 12, 14, 15, 16, 20, 22, 25, 26, 27, 31, 33, 41, 44, 47, 52, 54, 56, 62, 64, 70, 72, 84, 86, 94]]
[105, 4.27725, [0, 1, 2, 4, 5, 7, 9, 12, 14, 15, 16, 20, 22, 25, 26, 27, 31, 33, 41, 44, 47, 52, 54, 56, 62, 64, 72, 84, 86, 90, 94]]
[105, 4.2967, [0, 1, 2, 4, 5, 7, 9, 12, 14, 15, 16, 20, 22, 25, 26, 29, 31, 33, 40, 41, 44, 50, 51, 52, 56, 64, 70, 72, 77, 84, 89]]
[105, 4.29239, [0, 1, 2, 4, 5, 7, 9, 12, 14, 15, 16, 20, 22, 25, 26, 29, 31, 33, 40, 41, 44, 50, 51, 52, 56, 64, 70, 72, 84, 89, 94]]
[105, 4.27882, [0, 1, 2, 4, 5, 7, 9, 12, 14, 15, 16, 20, 22, 25, 26, 29, 31, 33, 40, 41, 44, 50, 52, 56, 64, 70, 72, 84, 86, 89, 94]]
[105, 4.27312, [0, 1, 2, 4, 5, 7, 9, 12, 14, 15, 16, 20, 22, 25, 26, 29, 31, 33, 40, 41, 44, 50, 52, 56, 64, 72, 84, 86, 89, 90, 94]]
[105, 4.2778, [0, 1, 2, 4, 5, 7, 9, 12, 14, 15, 16, 20, 22, 26, 27, 29, 34, 35, 42, 44, 46, 47, 51, 52, 56, 64, 72, 74, 75, 91, 96]]
[105, 4.28991, [0, 1, 2, 4, 5, 7, 9, 12, 14, 15, 16, 22, 24, 25, 26, 29, 30, 31, 33, 39, 47, 49, 50, 57, 61, 64, 65, 77, 79, 86, 101]]
[105, 4.28727, [0, 1, 2, 4, 5, 7, 9, 12, 14, 15, 16, 22, 24, 25, 26, 29, 30, 31, 33, 39, 47, 49, 50, 57, 61, 65, 71, 77, 79, 86, 101]]
[105, 4.27932, [0, 1, 2, 4, 5, 7, 9, 12, 14, 15, 16, 22, 24, 25, 26, 29, 30, 31, 33, 39, 47, 49, 50, 57, 64, 65, 77, 79, 86, 96, 101]]
[105, 4.27668, [0, 1, 2, 4, 5, 7, 9, 12, 14, 15, 16, 22, 24, 25, 26, 29, 30, 31, 33, 39, 47, 49, 50, 57, 65, 71, 77, 79, 86, 96, 101]]
[105, 4.28113, [0, 1, 2, 4, 5, 7, 9, 12, 14, 15, 16, 22, 24, 25, 26, 29, 30, 31, 33, 39, 49, 50, 57, 61, 63, 64, 65, 77, 79, 86, 101]]
[105, 4.27849, [0, 1, 2, 4, 5, 7, 9, 12, 14, 15, 16, 22, 24, 25, 26, 29, 30, 31, 33, 39, 49, 50, 57, 61, 63, 65, 71, 77, 79, 86, 101]]
[105, 4.27212, [0, 1, 2, 4, 5, 7, 9, 12, 14, 15, 16, 22, 24, 25, 26, 29, 30, 31, 39, 49, 50, 51, 57, 60, 61, 65, 67, 70, 71, 77, 101]]
[105, 4.27487, [0, 1, 2, 4, 5, 7, 9, 12, 14, 15, 16, 22, 24, 25, 29, 30, 31, 37, 39, 40, 42, 50, 51, 53, 57, 59, 61, 71, 82, 95, 101]]
[105, 4.27095, [0, 1, 2, 4, 5, 7, 9, 12, 14, 15, 16, 22, 25, 26, 28, 29, 30, 39, 46, 50, 57, 60, 64, 65, 70, 77, 79, 81, 84, 86, 96, 101]]
[105, 4.29412, [0, 1, 2, 4, 5, 7, 9, 14, 15, 17, 18, 20, 26, 29, 30, 31, 34, 35, 36, 39, 46, 47, 49, 57, 61, 64, 65, 67, 72, 75, 82, 86]]
[105, 4.27202, [0, 1, 2, 4, 5, 7, 9, 14, 15, 17, 18, 20, 26, 29, 30, 31, 34, 35, 39, 46, 47, 49, 57, 61, 64, 65, 67, 71, 72, 75, 82, 86]]
[105, 4.294, [0, 1, 2, 4, 5, 7, 11, 12, 13, 15, 16, 18, 20, 23, 26, 27, 30, 32, 33, 35, 40, 41, 42, 49, 51, 53, 58, 63, 65, 96]]
[105, 4.28838, [0, 1, 2, 4, 5, 7, 11, 12, 13, 15, 16, 18, 20, 23, 26, 27, 30, 32, 33, 35, 40, 41, 42, 49, 53, 58, 62, 63, 65, 96]]
[105, 4.27111, [0, 1, 2, 4, 5, 7, 11, 12, 13, 15, 16, 18, 20, 23, 26, 27, 30, 32, 33, 35, 40, 41, 42, 51, 53, 58, 63, 83, 96, 97]]
[105, 4.28233, [0, 1, 2, 4, 5, 7, 11, 12, 13, 15, 16, 18, 20, 23, 26, 27, 30, 32, 33, 35, 40, 42, 49, 51, 53, 58, 59, 63, 65, 96]]
[105, 4.27823, [0, 1, 2, 4, 5, 7, 11, 12, 13, 15, 16, 18, 20, 23, 26, 27, 30, 32, 33, 35, 40, 42, 49, 53, 55, 59, 62, 63, 65, 96]]
[105, 4.2767, [0, 1, 2, 4, 5, 7, 11, 12, 13, 15, 16, 18, 20, 23, 26, 27, 30, 32, 33, 35, 40, 42, 49, 53, 58, 59, 62, 63, 65, 96]]
[105, 4.28807, [0, 1, 2, 4, 5, 7, 11, 12, 13, 15, 16, 18, 20, 23, 26, 27, 30, 32, 33, 35, 41, 53, 58, 67, 71, 77, 78, 83, 85, 87, 91]]
[105, 4.28667, [0, 1, 2, 4, 5, 7, 11, 12, 13, 15, 16, 18, 20, 23, 26, 27, 30, 32, 33, 35, 41, 53, 61, 67, 71, 77, 78, 83, 85, 87, 91]]
[105, 4.29029, [0, 1, 2, 4, 5, 7, 11, 12, 13, 15, 16, 18, 20, 23, 26, 27, 30, 32, 35, 36, 40, 41, 42, 49, 51, 53, 58, 63, 65, 96]]
[105, 4.27318, [0, 1, 2, 4, 5, 7, 11, 12, 13, 15, 16, 18, 20, 23, 26, 27, 30, 32, 35, 36, 40, 41, 42, 51, 53, 58, 63, 65, 96, 97]]
[105, 4.27862, [0, 1, 2, 4, 5, 7, 11, 12, 13, 15, 16, 18, 20, 23, 26, 27, 30, 32, 35, 36, 40, 42, 49, 51, 53, 58, 59, 63, 65, 96]]
[105, 4.29124, [0, 1, 2, 4, 5, 7, 11, 12, 13, 15, 16, 18, 20, 23, 26, 27, 30, 32, 35, 36, 40, 42, 55, 62, 72, 81, 82, 83, 88, 91, 96]]
[105, 4.27497, [0, 1, 2, 4, 5, 7, 11, 12, 13, 15, 16, 18, 20, 23, 26, 27, 30, 32, 35, 36, 40, 43, 49, 53, 55, 57, 65, 67, 69, 77]]
[105, 4.27601, [0, 1, 2, 4, 5, 7, 11, 12, 13, 15, 16, 18, 20, 23, 26, 27, 30, 32, 35, 41, 43, 53, 61, 67, 71, 77, 78, 83, 85, 87, 91]]
[105, 4.27176, [0, 1, 2, 4, 5, 7, 11, 12, 13, 15, 16, 18, 20, 23, 26, 27, 30, 32, 36, 40, 42, 43, 47, 49, 53, 55, 63, 65, 69, 91]]
[105, 4.3076, [0, 1, 2, 4, 5, 7, 11, 12, 13, 15, 16, 18, 20, 23, 26, 27, 30, 32, 36, 40, 42, 43, 47, 55, 62, 63, 65, 81, 88, 91, 96]]
[105, 4.29725, [0, 1, 2, 4, 5, 7, 11, 12, 13, 15, 16, 18, 20, 23, 26, 27, 30, 32, 36, 40, 42, 43, 47, 55, 63, 65, 81, 88, 91, 96, 97]]
[105, 4.29652, [0, 1, 2, 4, 5, 7, 11, 12, 13, 15, 16, 18, 20, 23, 26, 27, 30, 36, 40, 43, 47, 48, 49, 53, 55, 63, 65, 69, 81, 91, 96]]
[105, 4.29327, [0, 1, 2, 4, 5, 7, 11, 12, 13, 15, 16, 18, 20, 23, 26, 27, 30, 40, 42, 43, 47, 48, 49, 53, 55, 62, 63, 65, 81, 91, 96]]
[105, 4.28589, [0, 1, 2, 4, 5, 7, 11, 12, 13, 15, 16, 18, 20, 23, 26, 27, 32, 33, 35, 36, 40, 41, 42, 49, 51, 53, 58, 63, 65, 96]]
[105, 4.27422, [0, 1, 2, 4, 5, 7, 11, 12, 13, 15, 16, 18, 20, 23, 26, 27, 32, 33, 35, 36, 40, 42, 49, 51, 53, 58, 59, 63, 65, 96]]
[105, 4.2943, [0, 1, 2, 4, 5, 7, 11, 12, 13, 15, 16, 18, 20, 23, 26, 27, 32, 33, 36, 42, 44, 50, 58, 60, 62, 68, 70, 72, 76, 78, 82]]
[105, 4.2806, [0, 1, 2, 4, 5, 7, 11, 12, 13, 15, 16, 18, 20, 23, 26, 30, 32, 33, 35, 36, 40, 41, 42, 49, 51, 53, 58, 63, 65, 96]]
[105, 4.27323, [0, 1, 2, 4, 5, 7, 11, 12, 13, 15, 16, 18, 20, 23, 26, 30, 32, 33, 35, 36, 40, 41, 42, 51, 53, 55, 63, 65, 67, 96]]
[105, 4.27171, [0, 1, 2, 4, 5, 7, 11, 12, 13, 15, 16, 18, 20, 23, 26, 30, 32, 33, 35, 36, 40, 41, 42, 51, 53, 58, 63, 65, 67, 96]]
[105, 4.27743, [0, 1, 2, 4, 5, 7, 11, 12, 13, 15, 16, 18, 20, 23, 26, 30, 32, 33, 35, 36, 40, 42, 49, 51, 53, 57, 59, 63, 65, 67]]
[105, 4.27508, [0, 1, 2, 4, 5, 7, 11, 12, 13, 15, 16, 18, 20, 23, 26, 30, 32, 36, 40, 42, 43, 47, 55, 59, 62, 63, 65, 81, 91, 96, 97]]
[105, 4.2709, [0, 1, 2, 4, 5, 7, 11, 12, 13, 15, 16, 18, 20, 23, 26, 30, 32, 36, 40, 42, 43, 47, 55, 59, 62, 63, 65, 91, 96, 97, 99]]
[105, 4.27218, [0, 1, 2, 4, 5, 7, 11, 12, 13, 15, 16, 18, 20, 26, 27, 32, 33, 35, 41, 43, 61, 67, 71, 77, 78, 80, 83, 85, 87, 88, 90, 91]]
[105, 4.28025, [0, 1, 2, 4, 5, 7, 11, 12, 13, 15, 16, 18, 20, 26, 27, 32, 33, 36, 41, 42, 43, 49, 50, 53, 58, 62, 68, 70, 72, 76, 96]]
[105, 4.27199, [0, 1, 2, 4, 5, 7, 11, 12, 13, 15, 16, 18, 20, 26, 27, 32, 33, 36, 42, 43, 44, 49, 50, 53, 58, 62, 68, 72, 76, 90, 96]]
[105, 4.28138, [0, 1, 2, 4, 5, 7, 11, 12, 13, 15, 16, 18, 22, 23, 24, 26, 27, 29, 41, 42, 44, 45, 46, 49, 51, 52, 54, 70, 72, 74]]
[105, 4.27165, [0, 1, 2, 4, 5, 7, 11, 12, 13, 15, 16, 18, 22, 23, 24, 26, 27, 29, 41, 42, 44, 45, 46, 49, 52, 54, 70, 72, 73, 74]]
[105, 4.27105, [0, 1, 2, 4, 5, 7, 11, 12, 13, 15, 16, 18, 22, 23, 24, 26, 27, 29, 41, 42, 44, 45, 46, 51, 52, 54, 70, 71, 72, 74]]
[105, 4.33006, [0, 1, 2, 4, 5, 7, 11, 12, 13, 15, 16, 18, 22, 23, 24, 26, 29, 38, 41, 42, 44, 45, 48, 49, 50, 54, 57, 63, 71, 73, 76]]
[105, 4.31299, [0, 1, 2, 4, 5, 7, 11, 12, 13, 15, 16, 18, 22, 23, 24, 26, 29, 38, 41, 42, 44, 45, 48, 49, 54, 57, 63, 71, 73, 76, 99]]
[105, 4.29007, [0, 1, 2, 4, 5, 7, 11, 12, 13, 15, 16, 18, 22, 23, 24, 27, 29, 42, 44, 45, 46, 50, 51, 52, 56, 58, 70, 71, 72, 74, 98]]
[105, 4.2734, [0, 1, 2, 4, 5, 7, 11, 12, 13, 15, 16, 18, 22, 23, 27, 29, 30, 35, 42, 46, 48, 50, 51, 56, 58, 60, 65, 68, 88, 96, 98]]
[105, 4.2784, [0, 1, 2, 4, 5, 7, 11, 12, 13, 15, 16, 18, 23, 24, 26, 29, 33, 38, 41, 45, 46, 47, 49, 50, 52, 54, 71, 73, 80, 91, 94]]
[105, 4.27505, [0, 1, 2, 4, 5, 7, 11, 12, 13, 15, 16, 18, 26, 27, 28, 31, 32, 33, 35, 36, 42, 43, 50, 53, 62, 65, 68, 72, 78, 90, 96]]
[105, 4.27804, [0, 1, 2, 4, 5, 7, 11, 12, 13, 15, 16, 18, 26, 27, 28, 31, 32, 33, 35, 36, 42, 43, 50, 56, 61, 62, 65, 72, 78, 88, 90]]
[105, 4.28746, [0, 1, 2, 4, 5, 7, 11, 12, 13, 15, 16, 20, 22, 23, 25, 26, 27, 41, 42, 43, 46, 51, 52, 54, 58, 60, 68, 70, 72, 73, 96]]
[105, 4.29667, [0, 1, 2, 4, 5, 7, 11, 12, 13, 15, 16, 20, 22, 23, 25, 26, 27, 42, 43, 44, 46, 47, 51, 52, 54, 56, 60, 70, 72, 73, 96]]
[105, 4.287, [0, 1, 2, 4, 5, 7, 11, 12, 13, 15, 16, 20, 22, 23, 26, 27, 30, 35, 41, 42, 46, 48, 51, 52, 58, 60, 65, 68, 73, 88, 96]]
[105, 4.27098, [0, 1, 2, 4, 5, 7, 11, 12, 13, 15, 16, 20, 22, 23, 26, 27, 30, 35, 42, 46, 48, 51, 52, 56, 58, 65, 68, 73, 75, 88, 96]]
[105, 4.273, [0, 1, 2, 4, 5, 7, 11, 12, 13, 15, 16, 20, 23, 25, 26, 27, 32, 33, 36, 42, 44, 50, 53, 58, 62, 68, 70, 72, 76, 78, 96]]
[105, 4.29192, [0, 1, 2, 4, 5, 7, 11, 12, 13, 15, 16, 21, 22, 23, 25, 28, 30, 36, 42, 43, 46, 47, 50, 51, 52, 56, 60, 65, 68, 92, 98]]
[105, 4.27649, [0, 1, 2, 4, 5, 7, 11, 12, 13, 15, 16, 21, 22, 23, 25, 28, 30, 36, 43, 46, 47, 50, 51, 52, 56, 60, 65, 68, 70, 92, 98]]
[105, 4.28823, [0, 1, 2, 4, 5, 7, 11, 12, 13, 15, 16, 21, 22, 25, 27, 28, 30, 36, 42, 43, 46, 47, 50, 51, 52, 56, 60, 65, 68, 72, 98]]
[105, 4.28584, [0, 1, 2, 4, 5, 7, 11, 12, 13, 15, 16, 21, 22, 25, 27, 28, 30, 36, 42, 43, 46, 47, 51, 52, 54, 56, 60, 65, 68, 72, 98]]
[105, 4.27387, [0, 1, 2, 4, 5, 7, 11, 12, 13, 15, 16, 21, 22, 25, 27, 28, 30, 36, 43, 46, 47, 50, 51, 52, 54, 60, 65, 68, 70, 72, 98]]
[105, 4.2728, [0, 1, 2, 4, 5, 7, 11, 12, 13, 15, 16, 21, 22, 25, 27, 28, 30, 36, 43, 46, 47, 50, 51, 52, 56, 60, 65, 68, 70, 72, 98]]
[105, 4.27165, [0, 1, 2, 4, 5, 7, 11, 12, 13, 15, 16, 21, 22, 25, 27, 28, 30, 36, 43, 46, 47, 50, 51, 54, 56, 60, 65, 68, 70, 72, 98]]
[105, 4.28618, [0, 1, 2, 4, 5, 7, 11, 12, 13, 15, 16, 22, 23, 25, 26, 27, 30, 36, 41, 42, 43, 50, 51, 52, 54, 58, 60, 65, 68, 70, 96]]
[105, 4.28361, [0, 1, 2, 4, 5, 7, 11, 12, 13, 15, 16, 22, 23, 25, 26, 27, 30, 36, 41, 42, 43, 50, 51, 52, 54, 58, 60, 68, 70, 72, 96]]
[105, 4.27613, [0, 1, 2, 4, 5, 7, 11, 12, 13, 15, 16, 22, 23, 25, 27, 28, 30, 36, 42, 43, 46, 47, 50, 51, 52, 56, 60, 65, 68, 96, 98]]
[105, 4.27356, [0, 1, 2, 4, 5, 7, 11, 12, 13, 15, 16, 22, 23, 25, 27, 28, 30, 36, 42, 43, 46, 47, 50, 51, 52, 56, 60, 68, 72, 96, 98]]
[105, 4.27375, [0, 1, 2, 4, 5, 7, 11, 12, 13, 15, 16, 22, 23, 25, 27, 28, 30, 36, 42, 43, 46, 47, 51, 52, 54, 56, 60, 65, 68, 96, 98]]
[105, 4.27118, [0, 1, 2, 4, 5, 7, 11, 12, 13, 15, 16, 22, 23, 25, 27, 28, 30, 36, 42, 43, 46, 47, 51, 52, 54, 56, 60, 68, 72, 96, 98]]
[105, 4.33766, [0, 1, 2, 4, 5, 7, 11, 12, 13, 15, 16, 22, 23, 25, 27, 28, 30, 36, 43, 46, 47, 48, 50, 51, 54, 56, 60, 65, 68, 70, 96, 98]]
[105, 4.27734, [0, 1, 2, 4, 5, 7, 11, 12, 13, 15, 16, 22, 23, 25, 27, 28, 30, 36, 43, 46, 47, 48, 50, 51, 54, 56, 60, 65, 68, 70, 98]]
[105, 4.29199, [0, 1, 2, 4, 5, 7, 11, 12, 13, 15, 21, 22, 25, 26, 27, 34, 36, 38, 41, 43, 44, 46, 49, 53, 62, 63, 65, 68, 69, 70, 76, 95]]
[105, 4.2843, [0, 1, 2, 4, 5, 7, 11, 12, 13, 15, 21, 22, 25, 26, 27, 34, 36, 38, 41, 43, 44, 46, 49, 53, 62, 63, 65, 68, 69, 76, 95, 99]]
[105, 4.27866, [0, 1, 2, 4, 5, 7, 11, 12, 13, 15, 21, 22, 25, 26, 27, 34, 36, 38, 43, 44, 46, 47, 49, 53, 62, 63, 65, 69, 70, 76, 95, 99]]
[105, 4.31586, [0, 1, 2, 4, 5, 7, 11, 12, 14, 15, 16, 20, 22, 30, 34, 35, 36, 39, 40, 42, 46, 47, 49, 51, 54, 57, 59, 63, 65, 67, 72, 89]]
[105, 4.27642, [0, 1, 2, 4, 5, 7, 11, 12, 14, 15, 16, 22, 23, 25, 26, 27, 30, 36, 41, 42, 43, 50, 51, 52, 54, 58, 60, 68, 70, 72, 96]]
[105, 4.2712, [0, 1, 2, 4, 5, 7, 11, 12, 14, 15, 16, 22, 23, 25, 26, 27, 30, 36, 41, 42, 43, 50, 51, 52, 54, 58, 60, 68, 72, 88, 96]]
[105, 4.30965, [0, 1, 2, 4, 5, 8, 9, 10, 14, 17, 21, 22, 23, 26, 27, 28, 31, 33, 34, 44, 48, 50, 53, 59, 60, 67, 69, 71, 77, 81, 85, 97]]
[105, 4.30023, [0, 1, 2, 4, 5, 8, 9, 10, 14, 17, 21, 22, 23, 26, 27, 28, 31, 33, 34, 44, 48, 50, 59, 60, 67, 69, 71, 75, 77, 81, 85, 97]]
[105, 4.28858, [0, 1, 2, 4, 5, 8, 9, 10, 14, 17, 21, 22, 23, 26, 27, 28, 31, 33, 34, 44, 48, 50, 60, 67, 69, 71, 75, 77, 81, 85, 96, 97]]
[105, 4.31274, [0, 1, 2, 4, 5, 8, 9, 10, 14, 17, 21, 23, 26, 27, 28, 31, 33, 34, 44, 48, 50, 59, 60, 67, 69, 71, 72, 75, 77, 81, 85, 96, 97]]

Search completed in 71 hours, 53 minutes, and 28.512 seconds.  Enter a string to quit.