Enter an integer k for which our Kempner sets are k-free: 4
Enter a positive integer modulus b: 118
Enter estimation parameters, or * for pre-computed parameters ([0.0795, 1.0766, 1.3787]): *
Enter a threshold (e.g. 4.2) to determine printed output: 4.18
Enter a root for the search space (e.g. [0, 1, 2]) [or * for the root [0]]: *
Enter an upper bound for the size of allowable digit sets [or * to ignore]: 35
Enter a maximal number of deviations from a greedy search [or * to ignore]: *
Searching for k-free sets mod b...

[118, 4.18393, [0, 1, 2, 4, 5, 7, 8, 9, 14, 15, 16, 18, 25, 26, 30, 32, 33, 41, 42, 43, 47, 52, 53, 58, 65, 70, 72, 93, 94, 95, 99, 105]]
[118, 4.1845, [0, 1, 2, 4, 5, 7, 8, 9, 14, 15, 16, 18, 25, 26, 31, 32, 33, 42, 43, 47, 49, 54, 55, 56, 69, 71, 72, 76, 83, 88, 89, 100]]
[118, 4.1877, [0, 1, 2, 4, 5, 7, 8, 9, 14, 15, 16, 18, 25, 30, 32, 37, 38, 40, 42, 43, 49, 50, 52, 53, 57, 58, 65, 70, 83, 87, 94, 105]]
[118, 4.21774, [0, 1, 2, 4, 5, 7, 8, 9, 14, 15, 16, 18, 26, 32, 34, 35, 36, 39, 40, 41, 43, 49, 55, 58, 65, 72, 86, 87, 88, 92, 97, 105, 107]]
[118, 4.20431, [0, 1, 2, 4, 5, 7, 8, 9, 14, 15, 16, 18, 26, 32, 34, 35, 36, 39, 40, 41, 43, 55, 58, 65, 72, 83, 86, 87, 88, 92, 97, 105, 107]]
[118, 4.18634, [0, 1, 2, 4, 5, 7, 8, 9, 14, 15, 16, 18, 26, 32, 34, 35, 36, 39, 40, 41, 55, 58, 65, 72, 83, 84, 86, 87, 88, 92, 97, 105, 107]]
[118, 4.19834, [0, 1, 2, 4, 5, 7, 8, 9, 14, 15, 16, 18, 26, 32, 34, 35, 36, 39, 40, 43, 49, 55, 58, 65, 72, 83, 86, 87, 88, 92, 97, 105, 107]]
[118, 4.21083, [0, 1, 2, 4, 5, 7, 8, 9, 14, 15, 17, 18, 23, 24, 26, 28, 29, 46, 48, 49, 50, 53, 55, 56, 57, 62, 65, 75, 78, 80, 102, 113]]
[118, 4.19501, [0, 1, 2, 4, 5, 7, 8, 9, 14, 15, 17, 18, 23, 24, 26, 29, 30, 39, 42, 44, 46, 47, 49, 50, 51, 56, 57, 58, 79, 100, 104]]
[118, 4.19141, [0, 1, 2, 4, 5, 7, 8, 9, 14, 15, 17, 18, 23, 24, 26, 29, 30, 39, 42, 44, 46, 49, 50, 51, 53, 56, 57, 58, 79, 100, 104]]
[118, 4.23391, [0, 1, 2, 4, 5, 7, 8, 9, 14, 15, 17, 18, 23, 24, 26, 29, 33, 36, 45, 47, 48, 50, 51, 52, 55, 56, 58, 65, 81, 84, 98, 99]]
[118, 4.18196, [0, 1, 2, 4, 5, 7, 8, 9, 14, 15, 17, 18, 23, 24, 26, 29, 33, 36, 45, 47, 48, 50, 51, 52, 55, 56, 58, 65, 81, 84, 99]]
[118, 4.22036, [0, 1, 2, 4, 5, 7, 8, 9, 14, 15, 17, 18, 23, 24, 26, 29, 33, 36, 45, 48, 50, 51, 52, 55, 56, 58, 65, 79, 81, 84, 98, 99]]
[118, 4.21087, [0, 1, 2, 4, 5, 7, 8, 9, 14, 15, 17, 18, 23, 24, 26, 29, 33, 45, 47, 48, 50, 51, 52, 55, 56, 58, 65, 79, 81, 84, 98, 99]]
[118, 4.18895, [0, 1, 2, 4, 5, 7, 8, 9, 14, 15, 17, 18, 23, 24, 28, 29, 30, 39, 46, 48, 49, 52, 53, 58, 65, 75, 80, 85, 93, 96, 110, 113]]
[118, 4.18301, [0, 1, 2, 4, 5, 7, 8, 9, 14, 15, 17, 18, 23, 24, 28, 29, 30, 39, 46, 48, 49, 52, 53, 58, 65, 80, 85, 93, 96, 101, 110, 113]]
[118, 4.20036, [0, 1, 2, 4, 5, 7, 8, 9, 14, 15, 17, 18, 23, 24, 29, 33, 36, 37, 45, 47, 48, 50, 52, 55, 56, 58, 65, 81, 84, 98, 102, 108]]
[118, 4.19145, [0, 1, 2, 4, 5, 7, 8, 9, 14, 15, 17, 18, 23, 24, 29, 33, 36, 37, 45, 47, 48, 50, 52, 55, 56, 58, 81, 84, 98, 99, 102, 108]]
[118, 4.19885, [0, 1, 2, 4, 5, 7, 8, 9, 14, 15, 17, 18, 23, 24, 29, 33, 36, 38, 45, 47, 48, 50, 51, 52, 55, 58, 65, 81, 98, 99, 102, 108]]
[118, 4.19864, [0, 1, 2, 4, 5, 7, 8, 9, 14, 15, 17, 18, 23, 24, 29, 33, 36, 38, 45, 48, 50, 51, 52, 55, 56, 58, 65, 79, 81, 98, 99, 108]]
[118, 4.19366, [0, 1, 2, 4, 5, 7, 8, 9, 14, 15, 17, 18, 23, 24, 29, 33, 36, 38, 45, 48, 50, 51, 52, 55, 56, 58, 65, 81, 98, 99, 102, 108]]
[118, 4.24188, [0, 1, 2, 4, 5, 7, 8, 9, 14, 15, 17, 18, 23, 24, 29, 33, 36, 45, 47, 48, 50, 51, 52, 55, 56, 58, 65, 81, 84, 98, 99, 102, 108]]
[118, 4.18997, [0, 1, 2, 4, 5, 7, 8, 9, 14, 15, 17, 18, 23, 24, 29, 33, 36, 45, 47, 48, 50, 51, 52, 55, 56, 58, 65, 81, 84, 98, 99, 108]]
[118, 4.18943, [0, 1, 2, 4, 5, 7, 8, 9, 14, 15, 17, 18, 23, 24, 29, 33, 36, 45, 47, 48, 50, 51, 52, 55, 56, 58, 65, 81, 84, 98, 102, 108]]
[118, 4.18925, [0, 1, 2, 4, 5, 7, 8, 9, 14, 15, 17, 18, 23, 24, 29, 33, 36, 45, 47, 48, 50, 51, 52, 55, 56, 58, 65, 81, 84, 99, 102, 108]]
[118, 4.18627, [0, 1, 2, 4, 5, 7, 8, 9, 14, 15, 17, 18, 23, 24, 29, 33, 36, 45, 47, 48, 50, 51, 52, 55, 56, 58, 65, 81, 98, 99, 102, 108]]
[118, 4.18552, [0, 1, 2, 4, 5, 7, 8, 9, 14, 15, 17, 18, 23, 24, 29, 33, 36, 45, 47, 48, 50, 51, 52, 55, 56, 58, 65, 84, 98, 99, 102, 108]]
[118, 4.18867, [0, 1, 2, 4, 5, 7, 8, 9, 14, 15, 17, 18, 23, 33, 34, 35, 37, 41, 42, 43, 46, 47, 48, 54, 57, 58, 65, 72, 75, 88, 98, 110]]
[118, 4.18584, [0, 1, 2, 4, 5, 7, 8, 9, 14, 15, 17, 18, 24, 28, 29, 30, 32, 33, 35, 39, 48, 51, 58, 71, 79, 80, 82, 84, 90, 96, 99, 113]]
[118, 4.18305, [0, 1, 2, 4, 5, 7, 8, 9, 14, 15, 17, 18, 24, 28, 29, 30, 32, 33, 35, 39, 48, 51, 58, 71, 79, 80, 82, 90, 96, 97, 99, 113]]
[118, 4.18665, [0, 1, 2, 4, 5, 7, 8, 9, 14, 15, 17, 18, 24, 29, 31, 33, 36, 37, 45, 47, 48, 50, 51, 52, 56, 57, 58, 84, 98, 99, 102, 108]]
[118, 4.18227, [0, 1, 2, 4, 5, 7, 8, 9, 14, 15, 17, 18, 30, 31, 33, 37, 38, 40, 41, 42, 46, 47, 48, 53, 56, 57, 58, 71, 72, 93, 98, 113]]
[118, 4.18266, [0, 1, 2, 4, 5, 7, 8, 9, 14, 15, 17, 23, 24, 27, 28, 29, 36, 38, 45, 48, 50, 51, 52, 55, 56, 62, 65, 78, 80, 81, 102, 113]]
[118, 4.1922, [0, 1, 2, 4, 5, 7, 8, 9, 14, 15, 17, 24, 28, 29, 31, 32, 35, 37, 39, 44, 45, 46, 49, 51, 52, 56, 62, 71, 72, 78, 101, 106]]
[118, 4.18401, [0, 1, 2, 4, 5, 7, 8, 9, 14, 15, 17, 24, 28, 29, 31, 32, 35, 37, 39, 44, 45, 46, 49, 51, 52, 56, 62, 71, 78, 101, 106, 109]]
[118, 4.18615, [0, 1, 2, 4, 5, 7, 8, 9, 14, 15, 18, 23, 24, 26, 28, 29, 35, 39, 45, 46, 48, 49, 51, 53, 56, 62, 65, 78, 80, 81, 101, 113]]
[118, 4.18691, [0, 1, 2, 4, 5, 7, 8, 9, 14, 16, 17, 18, 26, 28, 29, 31, 32, 33, 36, 37, 39, 43, 51, 53, 55, 56, 58, 65, 71, 86, 107]]
[118, 4.18518, [0, 1, 2, 4, 5, 7, 8, 9, 14, 16, 17, 18, 26, 28, 29, 31, 32, 33, 36, 37, 39, 43, 51, 53, 55, 56, 62, 65, 71, 86, 107]]
[118, 4.18168, [0, 1, 2, 4, 5, 7, 8, 9, 14, 16, 17, 18, 26, 28, 29, 31, 32, 33, 36, 37, 39, 43, 51, 53, 56, 62, 65, 71, 78, 82, 86]]
[118, 4.18134, [0, 1, 2, 4, 5, 7, 8, 9, 14, 16, 17, 18, 31, 32, 33, 36, 37, 38, 41, 42, 43, 50, 51, 53, 55, 56, 62, 65, 71, 83, 98, 107]]
[118, 4.18837, [0, 1, 2, 4, 5, 7, 8, 9, 14, 16, 17, 26, 27, 28, 30, 31, 33, 34, 41, 45, 47, 50, 53, 54, 55, 62, 65, 70, 71, 72, 83, 88]]
[118, 4.18378, [0, 1, 2, 4, 5, 7, 8, 9, 15, 16, 17, 19, 20, 26, 27, 29, 31, 32, 34, 40, 45, 52, 53, 54, 56, 62, 69, 71, 73, 84, 100]]
[118, 4.2043, [0, 1, 2, 4, 5, 7, 8, 9, 15, 16, 17, 19, 20, 26, 27, 29, 31, 32, 34, 45, 53, 54, 55, 57, 65, 70, 73, 84, 87, 92, 98, 108]]
[118, 4.18722, [0, 1, 2, 4, 5, 7, 8, 9, 15, 16, 17, 19, 20, 26, 27, 30, 31, 32, 34, 39, 40, 52, 53, 55, 56, 57, 62, 73, 81, 84, 108]]
[118, 4.19239, [0, 1, 2, 4, 5, 7, 8, 9, 15, 16, 17, 19, 20, 27, 28, 29, 31, 34, 35, 44, 45, 47, 48, 53, 54, 56, 57, 58, 65, 98, 102]]
[118, 4.18321, [0, 1, 2, 4, 5, 7, 8, 9, 15, 16, 17, 19, 20, 27, 28, 29, 31, 34, 35, 44, 45, 47, 48, 53, 56, 57, 58, 65, 80, 98, 100]]
[118, 4.18099, [0, 1, 2, 4, 5, 7, 8, 9, 15, 16, 17, 19, 20, 32, 33, 34, 37, 38, 39, 42, 43, 45, 50, 53, 54, 62, 73, 87, 94, 95, 106, 108]]
[118, 4.1829, [0, 1, 2, 4, 5, 7, 8, 9, 15, 16, 17, 19, 27, 32, 33, 34, 36, 39, 41, 43, 44, 46, 52, 54, 55, 56, 62, 71, 72, 73, 96, 97]]
[118, 4.22851, [0, 1, 2, 4, 5, 7, 8, 9, 15, 16, 18, 19, 20, 25, 26, 28, 29, 31, 32, 33, 36, 49, 50, 51, 55, 56, 57, 62, 65, 86, 89]]
[118, 4.22494, [0, 1, 2, 4, 5, 7, 8, 9, 15, 16, 18, 19, 20, 25, 26, 28, 29, 31, 32, 33, 36, 49, 50, 51, 55, 56, 57, 65, 72, 86, 89]]
[118, 4.21998, [0, 1, 2, 4, 5, 7, 8, 9, 15, 16, 18, 19, 20, 25, 26, 28, 29, 31, 32, 33, 36, 49, 50, 51, 55, 57, 62, 65, 80, 86, 89]]
[118, 4.21641, [0, 1, 2, 4, 5, 7, 8, 9, 15, 16, 18, 19, 20, 25, 26, 28, 29, 31, 32, 33, 36, 49, 50, 51, 55, 57, 65, 72, 80, 86, 89]]
[118, 4.18834, [0, 1, 2, 4, 5, 7, 8, 9, 15, 16, 18, 19, 20, 25, 26, 29, 31, 33, 38, 41, 45, 50, 51, 53, 54, 55, 58, 70, 72, 81, 108]]
[118, 4.19294, [0, 1, 2, 4, 5, 7, 8, 9, 15, 16, 18, 19, 20, 25, 26, 29, 31, 33, 38, 48, 51, 53, 54, 55, 62, 80, 82, 83, 89, 95, 106, 108]]
[118, 4.18182, [0, 1, 2, 4, 5, 7, 8, 9, 15, 16, 18, 19, 20, 25, 26, 29, 33, 38, 41, 42, 44, 45, 50, 52, 53, 54, 58, 72, 73, 91, 94]]
[118, 4.18931, [0, 1, 2, 4, 5, 7, 8, 9, 15, 16, 18, 19, 20, 25, 28, 33, 37, 39, 42, 43, 44, 48, 50, 51, 57, 65, 70, 86, 90, 104, 105, 108]]
[118, 4.2212, [0, 1, 2, 4, 5, 7, 8, 9, 15, 16, 18, 19, 20, 26, 28, 31, 32, 34, 35, 36, 39, 45, 47, 51, 62, 65, 80, 84, 88, 97, 101, 105]]
[118, 4.20712, [0, 1, 2, 4, 5, 7, 8, 9, 15, 16, 18, 19, 20, 26, 28, 31, 32, 34, 35, 36, 39, 45, 51, 62, 65, 80, 81, 84, 88, 97, 101, 105]]
[118, 4.20071, [0, 1, 2, 4, 5, 7, 8, 9, 15, 16, 18, 19, 20, 26, 28, 31, 32, 34, 35, 36, 45, 47, 51, 62, 65, 80, 81, 84, 88, 97, 101, 105]]
[118, 4.19234, [0, 1, 2, 4, 5, 7, 8, 9, 15, 16, 18, 19, 20, 26, 28, 32, 34, 35, 36, 39, 45, 47, 51, 55, 62, 80, 84, 88, 96, 97, 101, 105]]
[118, 4.19029, [0, 1, 2, 4, 5, 7, 8, 9, 15, 16, 18, 19, 21, 25, 26, 28, 30, 33, 36, 43, 48, 50, 51, 52, 55, 56, 62, 65, 73, 79, 88]]
[118, 4.21573, [0, 1, 2, 4, 5, 7, 8, 9, 15, 16, 18, 19, 21, 25, 26, 28, 30, 33, 39, 42, 43, 46, 49, 50, 51, 55, 56, 57, 62, 65, 79]]
[118, 4.21003, [0, 1, 2, 4, 5, 7, 8, 9, 15, 16, 18, 19, 21, 25, 26, 28, 30, 33, 39, 42, 43, 46, 49, 50, 53, 55, 56, 57, 62, 65, 100]]
[118, 4.20022, [0, 1, 2, 4, 5, 7, 8, 9, 15, 16, 18, 19, 21, 25, 26, 28, 30, 33, 39, 42, 43, 46, 49, 50, 55, 56, 57, 62, 65, 79, 100]]
[118, 4.18954, [0, 1, 2, 4, 5, 7, 8, 9, 15, 16, 18, 19, 21, 25, 26, 28, 30, 33, 39, 42, 43, 46, 49, 55, 56, 57, 62, 65, 76, 79, 100]]
[118, 4.21125, [0, 1, 2, 4, 5, 7, 8, 9, 15, 16, 18, 19, 21, 25, 26, 28, 30, 33, 39, 42, 43, 46, 50, 51, 52, 55, 56, 57, 62, 73, 79]]
[118, 4.19999, [0, 1, 2, 4, 5, 7, 8, 9, 15, 16, 18, 19, 21, 25, 26, 28, 30, 33, 39, 42, 43, 46, 50, 51, 53, 55, 56, 62, 71, 73, 104]]
[118, 4.19266, [0, 1, 2, 4, 5, 7, 8, 9, 15, 16, 18, 19, 21, 25, 26, 28, 30, 33, 39, 42, 43, 46, 50, 51, 53, 55, 56, 71, 73, 86, 104]]
[118, 4.20532, [0, 1, 2, 4, 5, 7, 8, 9, 15, 16, 18, 19, 21, 25, 26, 28, 30, 33, 39, 42, 43, 46, 50, 51, 55, 56, 57, 62, 65, 73, 79]]
[118, 4.19563, [0, 1, 2, 4, 5, 7, 8, 9, 15, 16, 18, 19, 21, 25, 26, 28, 30, 33, 39, 42, 43, 46, 50, 51, 55, 56, 57, 62, 73, 79, 104]]
[118, 4.1926, [0, 1, 2, 4, 5, 7, 8, 9, 15, 16, 18, 19, 21, 25, 26, 28, 30, 33, 39, 43, 46, 50, 51, 53, 54, 56, 57, 62, 65, 73, 108]]
[118, 4.18291, [0, 1, 2, 4, 5, 7, 8, 9, 15, 16, 18, 19, 21, 25, 26, 28, 30, 33, 39, 43, 46, 50, 51, 53, 54, 56, 57, 62, 73, 104, 108]]
[118, 4.18527, [0, 1, 2, 4, 5, 7, 8, 9, 15, 16, 18, 19, 21, 25, 26, 28, 30, 33, 39, 43, 46, 50, 51, 53, 54, 56, 57, 65, 73, 86, 108]]
[118, 4.19832, [0, 1, 2, 4, 5, 7, 8, 9, 15, 16, 18, 19, 21, 25, 26, 28, 30, 33, 42, 43, 46, 48, 50, 51, 55, 56, 57, 62, 65, 73, 79]]
[118, 4.18863, [0, 1, 2, 4, 5, 7, 8, 9, 15, 16, 18, 19, 21, 25, 26, 28, 30, 33, 42, 43, 46, 48, 50, 51, 55, 56, 57, 62, 73, 79, 104]]
[118, 4.19717, [0, 1, 2, 4, 5, 7, 8, 9, 15, 16, 18, 19, 21, 25, 26, 28, 30, 33, 42, 43, 46, 48, 51, 52, 55, 56, 57, 62, 65, 73, 79]]
[118, 4.19593, [0, 1, 2, 4, 5, 7, 8, 9, 15, 16, 18, 19, 21, 25, 26, 28, 30, 33, 42, 43, 46, 50, 51, 52, 55, 56, 57, 62, 65, 73, 79]]
[118, 4.19459, [0, 1, 2, 4, 5, 7, 8, 9, 15, 16, 18, 19, 21, 25, 26, 28, 30, 33, 42, 43, 48, 50, 51, 52, 55, 56, 57, 62, 65, 73, 79]]
[118, 4.19056, [0, 1, 2, 4, 5, 7, 8, 9, 15, 16, 18, 19, 21, 25, 26, 28, 30, 39, 42, 43, 46, 47, 49, 50, 53, 55, 57, 58, 65, 79, 100]]
[118, 4.18883, [0, 1, 2, 4, 5, 7, 8, 9, 15, 16, 18, 19, 21, 25, 26, 28, 30, 39, 42, 43, 46, 47, 49, 50, 53, 55, 57, 62, 65, 79, 100]]
[118, 4.1873, [0, 1, 2, 4, 5, 7, 8, 9, 15, 16, 18, 19, 21, 25, 26, 28, 30, 39, 42, 43, 46, 47, 49, 50, 55, 56, 57, 62, 65, 79, 100]]
[118, 4.18559, [0, 1, 2, 4, 5, 7, 8, 9, 15, 16, 18, 19, 21, 25, 26, 28, 30, 39, 42, 43, 46, 47, 49, 53, 55, 56, 57, 62, 65, 79, 100]]
[118, 4.1837, [0, 1, 2, 4, 5, 7, 8, 9, 15, 16, 18, 19, 21, 25, 26, 28, 30, 39, 42, 43, 46, 49, 50, 53, 55, 56, 57, 62, 65, 79, 100]]
[118, 4.18155, [0, 1, 2, 4, 5, 7, 8, 9, 15, 16, 18, 19, 21, 25, 26, 28, 30, 39, 43, 46, 47, 49, 50, 53, 54, 55, 57, 62, 65, 79, 97]]
[118, 4.18907, [0, 1, 2, 4, 5, 7, 8, 9, 15, 16, 18, 19, 21, 25, 26, 28, 33, 39, 42, 43, 44, 46, 49, 50, 51, 53, 56, 57, 58, 99, 106]]
[118, 4.18327, [0, 1, 2, 4, 5, 7, 8, 9, 15, 16, 18, 19, 21, 25, 26, 28, 33, 39, 42, 43, 44, 46, 50, 51, 53, 55, 56, 58, 71, 86, 104]]
[118, 4.22233, [0, 1, 2, 4, 5, 7, 8, 9, 15, 16, 18, 19, 21, 25, 26, 28, 33, 39, 42, 43, 44, 46, 50, 53, 56, 57, 58, 65, 86, 94, 99, 100]]
[118, 4.21077, [0, 1, 2, 4, 5, 7, 8, 9, 15, 16, 18, 19, 21, 25, 26, 28, 33, 39, 42, 43, 44, 46, 50, 53, 56, 58, 65, 86, 94, 95, 99, 100]]
[118, 4.18316, [0, 1, 2, 4, 5, 7, 8, 9, 15, 16, 18, 19, 21, 25, 26, 28, 33, 39, 42, 43, 44, 46, 51, 52, 54, 55, 57, 58, 70, 79, 104]]
[118, 4.19765, [0, 1, 2, 4, 5, 7, 8, 9, 15, 16, 18, 19, 21, 25, 26, 28, 33, 39, 42, 43, 46, 48, 49, 50, 53, 55, 56, 57, 62, 65, 76]]
[118, 4.18785, [0, 1, 2, 4, 5, 7, 8, 9, 15, 16, 18, 19, 21, 25, 26, 28, 33, 39, 42, 43, 46, 48, 49, 50, 55, 56, 57, 62, 65, 76, 79]]
[118, 4.18754, [0, 1, 2, 4, 5, 7, 8, 9, 15, 16, 18, 19, 21, 25, 26, 28, 33, 39, 42, 43, 46, 48, 50, 51, 55, 56, 57, 62, 65, 73, 79]]
[118, 4.18725, [0, 1, 2, 4, 5, 7, 8, 9, 15, 16, 18, 19, 21, 25, 26, 28, 33, 39, 42, 43, 46, 48, 50, 53, 55, 56, 57, 62, 65, 73, 76]]
[118, 4.18163, [0, 1, 2, 4, 5, 7, 8, 9, 15, 16, 18, 19, 21, 25, 26, 28, 33, 39, 42, 43, 46, 51, 53, 57, 58, 70, 93, 96, 99, 104, 106, 108]]
[118, 4.21217, [0, 1, 2, 4, 5, 7, 8, 9, 15, 16, 18, 19, 21, 25, 26, 38, 39, 40, 42, 43, 45, 47, 50, 52, 53, 54, 58, 71, 72, 73, 91, 100]]
[118, 4.18316, [0, 1, 2, 4, 5, 7, 8, 9, 15, 16, 18, 19, 21, 25, 30, 32, 33, 36, 37, 40, 42, 43, 49, 51, 52, 57, 58, 65, 70, 76, 105]]
[118, 4.18788, [0, 1, 2, 4, 5, 7, 8, 9, 15, 16, 18, 19, 21, 25, 33, 38, 39, 40, 42, 46, 48, 49, 51, 53, 54, 56, 58, 65, 76, 85, 100, 103]]
[118, 4.18172, [0, 1, 2, 4, 5, 7, 8, 9, 15, 16, 18, 19, 21, 25, 33, 38, 39, 40, 42, 46, 48, 49, 51, 53, 54, 56, 58, 65, 85, 100, 103, 104]]
[118, 4.18146, [0, 1, 2, 4, 5, 7, 8, 9, 15, 16, 18, 19, 21, 25, 33, 38, 39, 40, 42, 46, 48, 51, 53, 54, 56, 58, 65, 73, 76, 81, 85, 103]]
[118, 4.18854, [0, 1, 2, 4, 5, 7, 8, 9, 15, 16, 18, 19, 25, 33, 37, 38, 39, 42, 43, 45, 50, 52, 53, 54, 58, 70, 71, 73, 76, 91, 94, 100, 106]]
[118, 4.20947, [0, 1, 2, 4, 5, 7, 8, 9, 15, 16, 18, 20, 21, 25, 26, 28, 33, 39, 42, 43, 44, 51, 54, 55, 57, 65, 70, 72, 73, 86, 91, 93]]
[118, 4.18713, [0, 1, 2, 4, 5, 7, 8, 9, 15, 16, 18, 20, 21, 25, 26, 33, 38, 40, 42, 43, 50, 52, 53, 54, 57, 71, 72, 73, 76, 83, 91, 100]]
[118, 4.18548, [0, 1, 2, 4, 5, 7, 8, 9, 15, 16, 18, 20, 21, 25, 36, 37, 39, 40, 42, 46, 47, 48, 50, 51, 55, 56, 57, 62, 65, 102, 103, 104]]
[118, 4.18156, [0, 1, 2, 4, 5, 7, 8, 9, 15, 16, 18, 20, 21, 25, 36, 37, 39, 40, 42, 46, 47, 48, 50, 51, 55, 56, 57, 65, 73, 102, 103, 104]]
[118, 4.18484, [0, 1, 2, 4, 5, 7, 8, 9, 15, 16, 18, 20, 21, 25, 36, 37, 39, 40, 42, 46, 47, 49, 50, 51, 55, 56, 57, 62, 65, 102, 103, 104]]
[118, 4.19247, [0, 1, 2, 4, 5, 7, 8, 9, 15, 16, 18, 20, 25, 33, 37, 38, 42, 43, 45, 47, 50, 51, 53, 54, 57, 58, 70, 72, 73, 76, 91, 94, 100]]
[118, 4.19634, [0, 1, 2, 4, 5, 7, 8, 9, 15, 16, 18, 25, 26, 31, 33, 38, 39, 40, 42, 43, 45, 50, 53, 54, 57, 58, 70, 71, 73, 87, 91, 94, 100]]
[118, 4.1871, [0, 1, 2, 4, 5, 7, 8, 9, 15, 16, 19, 20, 21, 25, 26, 28, 32, 36, 39, 42, 47, 49, 50, 51, 54, 55, 57, 62, 65, 72, 83]]
[118, 4.18676, [0, 1, 2, 4, 5, 7, 8, 9, 15, 16, 19, 20, 21, 25, 26, 39, 40, 41, 43, 46, 47, 48, 52, 53, 54, 56, 62, 69, 73, 76, 108, 109]]
[118, 4.18663, [0, 1, 2, 4, 5, 7, 8, 9, 15, 16, 19, 20, 21, 25, 28, 33, 37, 39, 42, 43, 44, 48, 50, 51, 52, 57, 65, 86, 90, 104, 105, 108]]
[118, 4.18379, [0, 1, 2, 4, 5, 7, 8, 9, 15, 17, 18, 19, 23, 24, 26, 28, 29, 42, 46, 50, 52, 53, 55, 56, 57, 62, 65, 79, 81, 94, 104, 113]]
[118, 4.18402, [0, 1, 2, 4, 5, 7, 8, 9, 15, 17, 18, 19, 23, 24, 26, 28, 39, 42, 44, 45, 47, 49, 52, 53, 56, 58, 72, 75, 79, 100, 110, 113]]
[118, 4.19617, [0, 1, 2, 4, 5, 7, 8, 9, 15, 17, 18, 19, 23, 24, 26, 29, 33, 36, 45, 48, 50, 51, 52, 55, 56, 58, 65, 79, 81, 84, 98, 99]]
[118, 4.19019, [0, 1, 2, 4, 5, 7, 8, 9, 15, 17, 18, 19, 23, 24, 26, 29, 33, 36, 45, 48, 50, 51, 52, 55, 56, 58, 65, 81, 84, 98, 99, 108]]
[118, 4.18573, [0, 1, 2, 4, 5, 7, 8, 9, 15, 17, 18, 19, 23, 24, 26, 29, 33, 36, 45, 48, 50, 51, 52, 55, 56, 58, 65, 84, 98, 99, 102, 108]]
[118, 4.20344, [0, 1, 2, 4, 5, 7, 8, 9, 15, 17, 18, 19, 23, 24, 26, 33, 34, 36, 38, 39, 44, 45, 48, 52, 58, 69, 71, 73, 80, 88, 110, 113]]
[118, 4.18971, [0, 1, 2, 4, 5, 7, 8, 9, 15, 17, 18, 19, 23, 24, 26, 33, 36, 38, 39, 44, 45, 48, 50, 52, 58, 69, 71, 73, 80, 88, 110, 113]]
[118, 4.18971, [0, 1, 2, 4, 5, 7, 8, 9, 15, 17, 18, 19, 23, 24, 28, 29, 30, 32, 37, 42, 48, 49, 50, 52, 53, 56, 57, 58, 65, 79, 81]]
[118, 4.18256, [0, 1, 2, 4, 5, 7, 8, 9, 15, 17, 18, 19, 23, 24, 28, 29, 30, 32, 37, 42, 48, 49, 50, 52, 53, 57, 58, 65, 75, 79, 81]]
[118, 4.19474, [0, 1, 2, 4, 5, 7, 8, 9, 15, 17, 18, 19, 23, 24, 28, 29, 30, 32, 42, 48, 50, 53, 55, 56, 57, 62, 65, 75, 81, 86, 110, 113]]
[118, 4.19075, [0, 1, 2, 4, 5, 7, 8, 9, 15, 17, 18, 19, 23, 24, 29, 32, 33, 36, 38, 45, 48, 50, 51, 52, 55, 62, 65, 80, 81, 98, 102, 113]]
[118, 4.19481, [0, 1, 2, 4, 5, 7, 8, 9, 15, 17, 18, 19, 23, 28, 29, 30, 32, 37, 42, 48, 49, 50, 52, 53, 57, 58, 65, 72, 75, 81, 83, 90]]
[118, 4.18904, [0, 1, 2, 4, 5, 7, 8, 9, 15, 17, 18, 19, 23, 28, 29, 30, 32, 37, 42, 48, 49, 50, 52, 53, 57, 58, 65, 72, 75, 83, 90, 110]]
[118, 4.19277, [0, 1, 2, 4, 5, 7, 8, 9, 15, 17, 18, 19, 23, 28, 29, 30, 32, 37, 42, 48, 49, 50, 52, 53, 57, 58, 65, 75, 79, 81, 83, 90]]
[118, 4.19034, [0, 1, 2, 4, 5, 7, 8, 9, 15, 17, 18, 19, 23, 28, 29, 30, 32, 37, 42, 48, 49, 50, 52, 53, 57, 58, 72, 75, 79, 81, 83, 90]]
[118, 4.18741, [0, 1, 2, 4, 5, 7, 8, 9, 15, 17, 18, 19, 23, 28, 29, 30, 32, 37, 42, 48, 49, 50, 52, 53, 57, 65, 72, 75, 79, 81, 83, 90]]
[118, 4.20818, [0, 1, 2, 4, 5, 7, 8, 9, 15, 17, 18, 20, 21, 23, 28, 29, 30, 32, 42, 48, 49, 50, 52, 53, 57, 58, 65, 72, 75, 90, 110, 113]]
[118, 4.19967, [0, 1, 2, 4, 5, 7, 8, 9, 15, 17, 18, 20, 21, 23, 30, 32, 33, 35, 36, 40, 41, 42, 53, 56, 57, 75, 83, 85, 87, 90, 93, 104]]
[118, 4.20614, [0, 1, 2, 4, 5, 7, 8, 9, 15, 17, 18, 20, 21, 26, 28, 30, 31, 33, 34, 40, 48, 52, 54, 55, 58, 69, 72, 75, 81, 84, 91, 97]]
[118, 4.19715, [0, 1, 2, 4, 5, 7, 8, 9, 15, 17, 18, 20, 21, 28, 30, 31, 33, 35, 36, 40, 47, 48, 51, 53, 55, 58, 73, 78, 84, 91, 96, 97]]
[118, 4.18594, [0, 1, 2, 4, 5, 7, 8, 9, 15, 17, 18, 21, 23, 32, 33, 34, 37, 38, 39, 41, 42, 44, 48, 52, 54, 57, 58, 71, 72, 73, 94, 110]]
[118, 4.21552, [0, 1, 2, 4, 5, 7, 8, 9, 15, 17, 19, 20, 23, 28, 29, 30, 32, 33, 37, 40, 42, 48, 52, 53, 54, 57, 58, 69, 72, 75, 90, 93]]
[118, 4.20721, [0, 1, 2, 4, 5, 7, 8, 9, 15, 17, 19, 20, 23, 28, 30, 32, 33, 35, 37, 40, 42, 48, 52, 53, 54, 57, 58, 69, 72, 75, 90, 93]]
[118, 4.19296, [0, 1, 2, 4, 5, 7, 8, 9, 15, 17, 19, 20, 24, 26, 27, 29, 30, 31, 36, 48, 50, 51, 55, 56, 57, 62, 65, 75, 81, 84, 104, 108]]
[118, 4.18136, [0, 1, 2, 4, 5, 7, 8, 9, 15, 17, 19, 20, 24, 26, 27, 29, 31, 36, 47, 48, 50, 51, 55, 56, 57, 62, 65, 75, 80, 81, 84, 104]]
[118, 4.20841, [0, 1, 2, 4, 5, 7, 8, 9, 15, 17, 19, 20, 27, 28, 30, 32, 33, 35, 38, 39, 40, 42, 48, 53, 54, 55, 62, 65, 72, 73, 77, 110]]
[118, 4.19494, [0, 1, 2, 4, 5, 7, 8, 9, 15, 17, 19, 20, 28, 29, 30, 32, 33, 35, 37, 40, 42, 48, 52, 53, 54, 57, 58, 69, 72, 75, 90, 93]]
[118, 4.21796, [0, 1, 2, 4, 5, 7, 8, 9, 15, 17, 20, 21, 23, 24, 29, 30, 32, 34, 37, 40, 42, 46, 49, 54, 55, 57, 62, 65, 72, 75, 81, 102]]
[118, 4.215, [0, 1, 2, 4, 5, 7, 8, 9, 15, 17, 20, 21, 23, 24, 29, 30, 32, 34, 37, 40, 42, 46, 49, 54, 55, 57, 65, 70, 72, 75, 81, 102]]
[118, 4.19768, [0, 1, 2, 4, 5, 7, 8, 9, 15, 17, 20, 21, 23, 24, 29, 30, 32, 34, 37, 40, 42, 49, 54, 55, 57, 65, 70, 72, 75, 81, 92, 102]]
[118, 4.20716, [0, 1, 2, 4, 5, 7, 8, 9, 15, 17, 20, 21, 23, 24, 29, 32, 34, 36, 37, 40, 42, 46, 49, 54, 55, 57, 65, 70, 72, 75, 81, 102]]
[118, 4.18985, [0, 1, 2, 4, 5, 7, 8, 9, 15, 17, 20, 21, 23, 24, 29, 32, 34, 36, 37, 40, 42, 49, 54, 55, 57, 65, 70, 72, 75, 81, 92, 102]]
[118, 4.19242, [0, 1, 2, 4, 5, 7, 8, 9, 15, 18, 19, 20, 23, 24, 25, 28, 37, 39, 40, 42, 43, 44, 48, 50, 57, 69, 70, 73, 76, 105, 108, 111]]
[118, 4.19887, [0, 1, 2, 4, 5, 7, 8, 9, 15, 18, 19, 20, 23, 24, 28, 30, 34, 35, 39, 40, 42, 43, 44, 48, 51, 70, 71, 73, 90, 97, 111, 113]]
[118, 4.19137, [0, 1, 2, 4, 5, 7, 8, 9, 15, 18, 19, 20, 23, 25, 26, 28, 32, 40, 42, 48, 49, 50, 53, 54, 55, 57, 62, 65, 76, 83, 102, 105]]
[118, 4.19723, [0, 1, 2, 4, 5, 7, 8, 9, 15, 19, 20, 21, 23, 24, 28, 30, 33, 34, 36, 37, 40, 48, 54, 57, 58, 65, 70, 73, 75, 76, 84, 105]]
[118, 4.18992, [0, 1, 2, 4, 5, 7, 8, 9, 15, 19, 20, 21, 23, 24, 28, 30, 33, 34, 36, 37, 40, 48, 54, 58, 65, 70, 73, 75, 76, 77, 84, 105]]
[118, 4.18078, [0, 1, 2, 4, 5, 7, 8, 9, 15, 19, 20, 21, 23, 24, 28, 30, 33, 34, 36, 37, 40, 48, 54, 58, 65, 73, 75, 76, 77, 84, 105, 111]]
[118, 4.21152, [0, 1, 2, 4, 5, 7, 8, 9, 15, 19, 20, 21, 23, 24, 29, 30, 32, 33, 35, 36, 37, 40, 54, 57, 58, 69, 70, 72, 73, 75, 77, 102]]
[118, 4.20651, [0, 1, 2, 4, 5, 7, 8, 9, 15, 19, 20, 21, 23, 24, 29, 30, 32, 33, 35, 36, 37, 40, 54, 57, 58, 69, 70, 72, 75, 77, 93, 102]]
[118, 4.21894, [0, 1, 2, 4, 5, 7, 8, 9, 15, 19, 20, 21, 23, 24, 29, 30, 32, 33, 35, 36, 37, 48, 54, 56, 57, 58, 65, 70, 73, 75, 76, 77]]
[118, 4.21682, [0, 1, 2, 4, 5, 7, 8, 9, 15, 19, 20, 21, 23, 24, 29, 30, 32, 33, 35, 36, 37, 48, 54, 56, 57, 58, 65, 70, 73, 75, 77, 84]]
[118, 4.2175, [0, 1, 2, 4, 5, 7, 8, 9, 15, 19, 20, 21, 23, 24, 29, 30, 32, 33, 35, 36, 37, 48, 54, 56, 57, 58, 69, 70, 73, 75, 76, 77]]
[118, 4.21539, [0, 1, 2, 4, 5, 7, 8, 9, 15, 19, 20, 21, 23, 24, 29, 30, 32, 33, 35, 36, 37, 48, 54, 56, 57, 58, 69, 70, 73, 75, 77, 84]]
[118, 4.18519, [0, 1, 2, 4, 5, 7, 8, 9, 15, 19, 20, 21, 23, 24, 30, 32, 33, 35, 36, 37, 48, 54, 56, 57, 58, 65, 70, 73, 75, 76, 77, 84]]
[118, 4.18194, [0, 1, 2, 4, 5, 7, 8, 9, 15, 19, 20, 21, 23, 24, 30, 32, 33, 35, 36, 37, 48, 54, 56, 57, 58, 65, 70, 75, 76, 77, 84, 85]]
[118, 4.18375, [0, 1, 2, 4, 5, 7, 8, 9, 15, 19, 20, 21, 23, 24, 30, 32, 33, 35, 36, 37, 48, 54, 56, 57, 58, 69, 70, 73, 75, 76, 77, 84]]
[118, 4.20241, [0, 1, 2, 4, 5, 7, 8, 9, 15, 19, 20, 21, 23, 28, 29, 30, 32, 33, 35, 36, 37, 48, 54, 56, 58, 65, 70, 73, 75, 76, 77, 81]]
[118, 4.19916, [0, 1, 2, 4, 5, 7, 8, 9, 15, 19, 20, 21, 23, 28, 29, 30, 32, 33, 35, 36, 37, 48, 54, 56, 58, 65, 70, 75, 76, 77, 81, 85]]
[118, 4.19951, [0, 1, 2, 4, 5, 7, 8, 9, 15, 19, 20, 21, 23, 28, 29, 30, 32, 33, 35, 37, 40, 48, 52, 54, 57, 58, 69, 72, 73, 75, 90, 93]]
[118, 4.19618, [0, 1, 2, 4, 5, 7, 8, 9, 15, 19, 20, 21, 23, 28, 29, 30, 32, 33, 35, 37, 40, 48, 52, 54, 57, 58, 69, 73, 75, 84, 90, 93]]
[118, 4.19219, [0, 1, 2, 4, 5, 7, 8, 9, 15, 19, 20, 21, 23, 28, 29, 30, 32, 33, 35, 37, 40, 48, 52, 54, 58, 69, 72, 73, 75, 77, 90, 93]]
[118, 4.18887, [0, 1, 2, 4, 5, 7, 8, 9, 15, 19, 20, 21, 23, 28, 29, 30, 32, 33, 35, 37, 40, 48, 52, 54, 58, 69, 73, 75, 77, 84, 90, 93]]
[118, 4.19263, [0, 1, 2, 4, 5, 7, 8, 9, 15, 19, 20, 21, 23, 28, 29, 30, 32, 33, 37, 40, 42, 48, 52, 54, 57, 58, 69, 72, 73, 75, 90, 93]]
[118, 4.19581, [0, 1, 2, 4, 5, 7, 8, 9, 15, 19, 20, 21, 23, 28, 29, 30, 33, 34, 35, 37, 40, 48, 54, 56, 58, 65, 70, 73, 75, 76, 77, 81]]
[118, 4.19256, [0, 1, 2, 4, 5, 7, 8, 9, 15, 19, 20, 21, 23, 28, 29, 30, 33, 34, 35, 37, 40, 48, 54, 56, 58, 65, 70, 75, 76, 77, 81, 85]]
[118, 4.19122, [0, 1, 2, 4, 5, 7, 8, 9, 15, 19, 20, 21, 23, 28, 29, 30, 33, 34, 35, 37, 40, 48, 54, 56, 58, 69, 70, 73, 75, 76, 77, 95]]
[118, 4.18704, [0, 1, 2, 4, 5, 7, 8, 9, 15, 19, 20, 21, 23, 28, 29, 30, 33, 34, 36, 37, 40, 42, 54, 56, 57, 62, 69, 73, 75, 86, 102, 111]]
[118, 4.19468, [0, 1, 2, 4, 5, 7, 8, 9, 15, 19, 20, 21, 23, 28, 29, 30, 33, 34, 36, 37, 40, 48, 54, 56, 58, 65, 70, 73, 75, 76, 77, 81]]
[118, 4.19143, [0, 1, 2, 4, 5, 7, 8, 9, 15, 19, 20, 21, 23, 28, 29, 30, 33, 34, 36, 37, 40, 48, 54, 56, 58, 65, 70, 75, 76, 77, 81, 85]]
[118, 4.18999, [0, 1, 2, 4, 5, 7, 8, 9, 15, 19, 20, 21, 23, 28, 29, 30, 33, 34, 36, 37, 40, 48, 54, 56, 58, 69, 70, 75, 76, 77, 81, 85]]
[118, 4.19349, [0, 1, 2, 4, 5, 7, 8, 9, 15, 19, 20, 21, 23, 28, 29, 30, 33, 35, 36, 37, 40, 48, 54, 56, 58, 65, 70, 73, 75, 76, 77, 81]]
[118, 4.19024, [0, 1, 2, 4, 5, 7, 8, 9, 15, 19, 20, 21, 23, 28, 29, 30, 33, 35, 36, 37, 40, 48, 54, 56, 58, 65, 70, 75, 76, 77, 81, 85]]
[118, 4.20008, [0, 1, 2, 4, 5, 7, 8, 9, 15, 19, 20, 21, 23, 29, 30, 32, 33, 35, 36, 37, 40, 42, 54, 56, 57, 58, 65, 70, 73, 75, 76, 77]]
[118, 4.19864, [0, 1, 2, 4, 5, 7, 8, 9, 15, 19, 20, 21, 23, 29, 30, 32, 33, 35, 36, 37, 40, 42, 54, 56, 57, 58, 69, 70, 73, 75, 76, 77]]
[118, 4.19168, [0, 1, 2, 4, 5, 7, 8, 9, 15, 19, 20, 21, 23, 29, 30, 32, 33, 35, 36, 37, 40, 42, 54, 56, 58, 65, 70, 73, 75, 76, 77, 81]]
[118, 4.18843, [0, 1, 2, 4, 5, 7, 8, 9, 15, 19, 20, 21, 23, 29, 30, 32, 33, 35, 36, 37, 40, 42, 54, 56, 58, 65, 70, 75, 76, 77, 81, 85]]
[118, 4.24007, [0, 1, 2, 4, 5, 7, 8, 9, 15, 19, 20, 21, 23, 29, 30, 32, 33, 35, 36, 37, 40, 42, 54, 57, 58, 69, 70, 72, 73, 75, 77, 93, 102]]
[118, 4.18652, [0, 1, 2, 4, 5, 7, 8, 9, 15, 19, 20, 21, 23, 29, 30, 32, 33, 35, 36, 37, 40, 42, 54, 57, 58, 69, 70, 72, 73, 75, 77, 102]]
[118, 4.18268, [0, 1, 2, 4, 5, 7, 8, 9, 15, 19, 20, 21, 23, 29, 30, 32, 33, 35, 36, 37, 40, 42, 54, 57, 58, 69, 70, 72, 73, 75, 93, 102]]
[118, 4.18211, [0, 1, 2, 4, 5, 7, 8, 9, 15, 19, 20, 21, 23, 29, 30, 32, 33, 35, 36, 37, 40, 42, 54, 57, 58, 69, 70, 72, 73, 77, 93, 102]]
[118, 4.1815, [0, 1, 2, 4, 5, 7, 8, 9, 15, 19, 20, 21, 23, 29, 30, 32, 33, 35, 36, 37, 40, 42, 54, 57, 58, 69, 70, 72, 75, 77, 93, 102]]
[118, 4.18701, [0, 1, 2, 4, 5, 7, 8, 9, 15, 19, 20, 21, 23, 29, 30, 32, 33, 35, 36, 37, 40, 42, 54, 57, 58, 69, 70, 73, 75, 76, 77, 93]]
[118, 4.18119, [0, 1, 2, 4, 5, 7, 8, 9, 15, 19, 20, 21, 23, 29, 30, 32, 33, 35, 36, 37, 40, 42, 54, 57, 58, 69, 70, 73, 75, 77, 93, 102]]
[118, 4.18054, [0, 1, 2, 4, 5, 7, 8, 9, 15, 19, 20, 21, 23, 29, 30, 32, 33, 35, 36, 37, 40, 42, 54, 57, 58, 69, 72, 73, 75, 77, 93, 102]]
[118, 4.1838, [0, 1, 2, 4, 5, 7, 8, 9, 15, 19, 20, 21, 23, 29, 30, 32, 33, 35, 36, 37, 40, 48, 54, 57, 58, 69, 70, 72, 73, 75, 77, 93]]
[118, 4.1826, [0, 1, 2, 4, 5, 7, 8, 9, 15, 19, 20, 21, 23, 29, 30, 32, 33, 35, 36, 37, 40, 48, 54, 57, 58, 69, 70, 73, 75, 76, 77, 93]]
[118, 4.18048, [0, 1, 2, 4, 5, 7, 8, 9, 15, 19, 20, 21, 23, 29, 30, 32, 33, 35, 36, 37, 40, 48, 54, 57, 58, 69, 70, 73, 75, 77, 84, 93]]
[118, 4.18583, [0, 1, 2, 4, 5, 7, 8, 9, 15, 19, 20, 21, 23, 29, 30, 32, 33, 35, 37, 40, 42, 48, 52, 54, 57, 58, 69, 72, 73, 75, 77, 93]]
[118, 4.18263, [0, 1, 2, 4, 5, 7, 8, 9, 15, 19, 20, 21, 23, 29, 30, 32, 33, 35, 37, 40, 42, 48, 52, 54, 57, 58, 69, 72, 73, 75, 90, 93]]
[118, 4.18412, [0, 1, 2, 4, 5, 7, 8, 9, 15, 19, 20, 21, 23, 29, 30, 32, 34, 35, 37, 40, 42, 48, 52, 54, 57, 58, 69, 72, 73, 75, 81, 90]]
[118, 4.18353, [0, 1, 2, 4, 5, 7, 8, 9, 15, 19, 20, 21, 23, 29, 30, 33, 34, 35, 40, 42, 44, 48, 53, 54, 56, 57, 58, 69, 70, 73, 75, 100]]
[118, 4.22358, [0, 1, 2, 4, 5, 7, 8, 9, 15, 19, 20, 21, 23, 29, 30, 33, 34, 35, 40, 42, 44, 48, 53, 54, 56, 58, 69, 70, 71, 73, 95, 100, 110]]
[118, 4.20479, [0, 1, 2, 4, 5, 7, 8, 9, 15, 19, 20, 21, 23, 29, 30, 33, 34, 35, 40, 44, 48, 53, 54, 56, 58, 69, 70, 71, 73, 84, 95, 100, 110]]
[118, 4.18234, [0, 1, 2, 4, 5, 7, 8, 9, 15, 19, 21, 23, 24, 28, 29, 30, 33, 35, 36, 37, 40, 48, 52, 54, 58, 65, 70, 73, 75, 77, 81, 84]]
[118, 4.19165, [0, 1, 2, 4, 5, 7, 8, 9, 16, 17, 18, 20, 26, 29, 30, 31, 33, 34, 37, 45, 47, 48, 52, 54, 55, 57, 58, 65, 72, 73, 84, 108]]
[118, 4.18241, [0, 1, 2, 4, 5, 7, 8, 9, 16, 17, 19, 20, 21, 26, 27, 29, 34, 36, 40, 42, 43, 44, 54, 65, 70, 71, 72, 74, 77, 89, 92, 105]]
[118, 4.18379, [0, 1, 2, 4, 5, 7, 8, 9, 16, 17, 19, 20, 21, 26, 27, 30, 32, 39, 40, 42, 45, 53, 54, 55, 57, 65, 70, 74, 77, 92, 94, 108]]
[118, 4.18061, [0, 1, 2, 4, 5, 7, 8, 9, 16, 17, 19, 20, 21, 26, 28, 29, 36, 37, 38, 43, 48, 49, 51, 54, 62, 65, 72, 77, 83, 86, 89, 112]]
[118, 4.18307, [0, 1, 2, 4, 5, 7, 8, 9, 16, 17, 19, 20, 21, 26, 29, 36, 37, 40, 43, 48, 49, 51, 56, 65, 71, 74, 77, 82, 90, 92, 104, 109, 112]]
[118, 4.18737, [0, 1, 2, 4, 5, 7, 8, 9, 16, 17, 19, 20, 21, 26, 29, 36, 38, 43, 44, 45, 49, 51, 54, 70, 71, 72, 74, 77, 89, 91, 92, 101, 109]]
[118, 4.18173, [0, 1, 2, 4, 5, 7, 8, 9, 16, 17, 19, 20, 22, 26, 31, 32, 34, 39, 40, 41, 45, 53, 54, 55, 57, 62, 65, 70, 73, 74, 84, 108]]
[118, 4.18888, [0, 1, 2, 4, 5, 7, 8, 9, 16, 17, 19, 21, 22, 26, 28, 29, 32, 33, 43, 46, 50, 52, 53, 55, 56, 57, 62, 65, 73, 86, 94, 107]]
[118, 4.18176, [0, 1, 2, 4, 5, 7, 8, 9, 16, 17, 20, 21, 22, 26, 27, 28, 30, 41, 42, 45, 48, 50, 53, 54, 55, 57, 58, 65, 83, 103, 105, 108]]
[118, 4.18242, [0, 1, 2, 4, 5, 7, 8, 9, 16, 17, 20, 21, 22, 29, 31, 32, 34, 35, 36, 39, 40, 45, 53, 55, 57, 62, 70, 72, 73, 84, 96, 103]]
[118, 4.18294, [0, 1, 2, 4, 5, 7, 8, 9, 16, 18, 19, 21, 22, 26, 28, 29, 33, 35, 41, 43, 46, 50, 55, 56, 57, 62, 65, 73, 76, 79, 86, 107]]
[118, 4.20215, [0, 1, 2, 4, 5, 7, 8, 9, 16, 18, 19, 21, 25, 26, 28, 32, 33, 35, 36, 37, 41, 43, 44, 50, 51, 65, 71, 72, 73, 86, 89, 90]]
[118, 4.18281, [0, 1, 2, 4, 5, 7, 8, 9, 16, 18, 20, 21, 26, 28, 29, 32, 33, 34, 36, 37, 39, 43, 49, 51, 57, 62, 65, 78, 83, 86, 89, 105]]
[118, 4.20397, [0, 1, 2, 4, 5, 7, 8, 9, 16, 19, 20, 21, 25, 26, 27, 30, 36, 37, 39, 40, 42, 43, 49, 51, 54, 56, 57, 62, 65, 70, 77, 92]]
[118, 4.20402, [0, 1, 2, 4, 5, 7, 8, 9, 16, 20, 21, 22, 25, 26, 27, 29, 30, 32, 36, 39, 40, 42, 47, 51, 53, 54, 57, 65, 70, 78, 108, 111]]
[118, 4.19466, [0, 1, 2, 4, 5, 7, 8, 9, 16, 20, 21, 22, 25, 26, 27, 29, 30, 32, 36, 39, 40, 42, 47, 51, 54, 57, 65, 70, 77, 78, 108, 111]]
[118, 4.19535, [0, 1, 2, 4, 5, 7, 8, 9, 16, 20, 21, 22, 25, 26, 27, 29, 30, 32, 36, 39, 40, 42, 47, 53, 54, 57, 65, 70, 71, 78, 108, 111]]
[118, 4.1928, [0, 1, 2, 4, 5, 7, 8, 9, 16, 20, 21, 22, 25, 26, 27, 29, 30, 32, 36, 39, 40, 42, 47, 54, 57, 65, 70, 71, 76, 77, 78, 111]]
[118, 4.18599, [0, 1, 2, 4, 5, 7, 8, 9, 16, 20, 21, 22, 25, 26, 27, 29, 30, 32, 36, 39, 40, 42, 47, 54, 57, 65, 70, 71, 77, 78, 108, 111]]
[118, 4.18532, [0, 1, 2, 4, 5, 7, 8, 9, 16, 20, 21, 22, 25, 26, 27, 29, 30, 32, 36, 39, 40, 42, 47, 57, 65, 70, 71, 74, 76, 77, 78, 108]]
[118, 4.18353, [0, 1, 2, 4, 5, 7, 8, 9, 16, 20, 21, 22, 25, 26, 27, 29, 30, 32, 36, 39, 40, 42, 53, 54, 57, 65, 70, 71, 73, 78, 108, 111]]
[118, 4.18092, [0, 1, 2, 4, 5, 7, 8, 9, 16, 20, 21, 22, 26, 27, 28, 30, 33, 37, 41, 42, 43, 47, 48, 50, 51, 54, 56, 58, 65, 77, 103, 104]]
[118, 4.18378, [0, 1, 2, 4, 5, 7, 8, 9, 17, 18, 19, 21, 22, 24, 28, 33, 34, 39, 41, 42, 43, 46, 52, 53, 55, 65, 70, 71, 72, 74, 75, 110]]
[118, 4.20459, [0, 1, 2, 4, 5, 7, 8, 9, 19, 20, 21, 24, 25, 26, 28, 29, 37, 38, 40, 41, 43, 44, 49, 51, 52, 54, 65, 72, 77, 86, 89, 91, 112]]
[118, 4.19751, [0, 1, 2, 4, 5, 7, 8, 9, 19, 20, 21, 24, 25, 26, 28, 29, 37, 38, 40, 41, 43, 44, 49, 51, 52, 65, 71, 72, 77, 86, 89, 91, 112]]
[118, 4.19011, [0, 1, 2, 4, 5, 7, 8, 9, 19, 20, 21, 24, 25, 26, 28, 29, 37, 38, 41, 43, 44, 48, 49, 51, 52, 54, 65, 77, 86, 89, 91, 109, 112]]
[118, 4.18478, [0, 1, 2, 4, 5, 7, 8, 9, 19, 20, 21, 24, 25, 26, 28, 29, 38, 40, 41, 43, 44, 49, 51, 52, 54, 65, 71, 72, 77, 86, 89, 91, 112]]
[118, 4.18695, [0, 1, 2, 4, 5, 7, 8, 9, 19, 20, 21, 24, 25, 26, 28, 34, 35, 37, 38, 40, 41, 48, 51, 52, 54, 65, 73, 77, 86, 89, 90, 91, 112]]
[118, 4.1928, [0, 1, 2, 4, 5, 7, 8, 13, 14, 15, 17, 18, 24, 25, 26, 28, 29, 31, 33, 36, 45, 48, 50, 51, 52, 55, 56, 57, 62, 80, 81]]
[118, 4.1827, [0, 1, 2, 4, 5, 7, 8, 13, 14, 15, 17, 18, 24, 25, 26, 29, 31, 32, 33, 36, 45, 48, 50, 51, 52, 55, 56, 57, 62, 81, 98]]
[118, 4.1816, [0, 1, 2, 4, 5, 7, 8, 13, 14, 15, 17, 18, 24, 25, 26, 31, 32, 40, 41, 42, 49, 50, 51, 54, 55, 57, 62, 69, 71, 89, 104, 115]]
[118, 4.18344, [0, 1, 2, 4, 5, 7, 8, 13, 14, 15, 17, 18, 24, 25, 27, 28, 29, 33, 36, 48, 50, 51, 55, 56, 57, 62, 65, 80, 81, 89, 102, 108]]
[118, 4.18665, [0, 1, 2, 4, 5, 7, 8, 13, 14, 15, 17, 18, 24, 25, 27, 29, 33, 36, 38, 39, 44, 48, 53, 55, 56, 57, 65, 68, 82, 104, 108, 110]]
[118, 4.19069, [0, 1, 2, 4, 5, 7, 8, 13, 14, 15, 17, 18, 24, 25, 27, 29, 36, 38, 39, 42, 48, 49, 50, 53, 55, 56, 57, 62, 65, 102, 103, 104]]
[118, 4.1839, [0, 1, 2, 4, 5, 7, 8, 13, 14, 15, 17, 18, 24, 25, 27, 29, 36, 38, 39, 44, 48, 49, 53, 55, 56, 57, 62, 65, 68, 82, 104, 110]]
[118, 4.18397, [0, 1, 2, 4, 5, 7, 8, 13, 14, 15, 17, 18, 25, 26, 28, 29, 30, 34, 44, 46, 47, 49, 52, 53, 57, 58, 65, 71, 79, 80, 82, 110]]
[118, 4.22384, [0, 1, 2, 4, 5, 7, 8, 13, 14, 15, 17, 23, 25, 26, 27, 30, 33, 34, 42, 44, 46, 47, 53, 54, 55, 57, 58, 71, 77, 78, 96, 97, 104]]
[118, 4.21383, [0, 1, 2, 4, 5, 7, 8, 13, 14, 15, 17, 23, 25, 26, 27, 30, 33, 34, 42, 44, 46, 47, 54, 55, 57, 58, 71, 77, 78, 79, 96, 97, 104]]
[118, 4.18393, [0, 1, 2, 4, 5, 7, 8, 13, 14, 15, 17, 23, 25, 27, 30, 33, 34, 42, 44, 46, 47, 53, 54, 55, 57, 58, 71, 77, 78, 85, 96, 97, 104]]
[118, 4.18335, [0, 1, 2, 4, 5, 7, 8, 13, 14, 16, 17, 18, 22, 25, 27, 28, 29, 33, 35, 39, 44, 46, 47, 48, 51, 53, 57, 58, 78, 80, 82]]
[118, 4.19158, [0, 1, 2, 4, 5, 7, 8, 13, 14, 16, 17, 18, 22, 25, 27, 28, 30, 33, 35, 39, 46, 47, 54, 55, 57, 70, 71, 78, 85, 88, 97, 108]]
[118, 4.18311, [0, 1, 2, 4, 5, 7, 8, 13, 14, 16, 17, 18, 22, 25, 27, 29, 35, 39, 44, 46, 47, 49, 50, 51, 55, 57, 62, 70, 78, 80, 87, 104]]
[118, 4.19324, [0, 1, 2, 4, 5, 7, 8, 13, 14, 16, 17, 18, 22, 25, 28, 29, 33, 35, 39, 44, 46, 47, 48, 51, 53, 57, 58, 78, 80, 82, 93, 115]]
[118, 4.18382, [0, 1, 2, 4, 5, 7, 8, 13, 15, 16, 18, 20, 21, 26, 27, 30, 32, 35, 36, 40, 42, 43, 53, 55, 57, 58, 65, 68, 73, 83, 104, 107]]
[118, 4.18243, [0, 1, 2, 4, 5, 7, 8, 13, 15, 16, 18, 20, 21, 26, 27, 30, 32, 35, 36, 41, 42, 43, 53, 56, 57, 58, 65, 68, 73, 83, 104, 107]]
[118, 4.18233, [0, 1, 2, 4, 5, 7, 8, 13, 15, 16, 18, 20, 21, 26, 30, 32, 33, 35, 36, 41, 42, 43, 51, 55, 56, 57, 62, 65, 68, 73, 104, 107]]
[118, 4.18383, [0, 1, 2, 4, 5, 7, 8, 14, 15, 17, 18, 19, 24, 32, 35, 37, 39, 40, 42, 43, 44, 49, 51, 53, 68, 70, 72, 90, 92, 100, 106, 109, 113, 115]]
[118, 4.18303, [0, 1, 2, 4, 5, 7, 9, 12, 14, 15, 16, 20, 22, 30, 31, 33, 34, 36, 37, 41, 47, 49, 50, 51, 54, 55, 56, 58, 65, 70, 102, 107]]
[118, 4.19016, [0, 1, 2, 4, 5, 7, 9, 12, 14, 16, 20, 22, 25, 26, 27, 29, 35, 37, 39, 44, 46, 47, 49, 51, 55, 62, 70, 78, 82, 91, 93, 99, 104]]
[118, 4.21828, [0, 1, 2, 4, 5, 7, 11, 12, 13, 15, 16, 18, 20, 23, 26, 30, 32, 33, 35, 36, 40, 41, 42, 51, 53, 55, 62, 68, 78, 97, 104, 109]]
[118, 4.20362, [0, 1, 2, 4, 5, 7, 11, 12, 13, 15, 16, 18, 20, 23, 26, 30, 32, 33, 35, 36, 40, 41, 42, 51, 53, 62, 68, 78, 97, 104, 107, 109]]
[118, 4.18796, [0, 1, 2, 4, 5, 7, 11, 12, 13, 15, 16, 18, 20, 23, 26, 30, 32, 33, 35, 36, 40, 41, 42, 62, 65, 68, 69, 78, 104, 107, 109, 110]]
[118, 4.20047, [0, 1, 2, 4, 5, 7, 11, 12, 13, 15, 16, 18, 20, 23, 26, 30, 32, 33, 35, 36, 40, 41, 51, 53, 55, 62, 68, 78, 81, 97, 104, 109]]
[118, 4.19379, [0, 1, 2, 4, 5, 7, 11, 12, 13, 15, 16, 18, 20, 23, 26, 30, 32, 33, 35, 36, 40, 41, 51, 53, 55, 68, 78, 81, 83, 97, 104, 109]]
[118, 4.18496, [0, 1, 2, 4, 5, 7, 11, 12, 13, 15, 16, 18, 20, 23, 26, 30, 32, 33, 35, 36, 40, 42, 51, 53, 62, 68, 78, 81, 97, 104, 107, 109]]
[118, 4.18586, [0, 1, 2, 4, 5, 7, 11, 12, 13, 15, 16, 18, 20, 23, 26, 30, 32, 35, 36, 40, 41, 42, 51, 53, 55, 62, 68, 78, 97, 104, 107, 109]]
[118, 4.18217, [0, 1, 2, 4, 5, 7, 11, 12, 13, 15, 16, 18, 20, 23, 27, 32, 33, 35, 37, 40, 45, 49, 51, 56, 57, 58, 68, 73, 78, 84, 95, 105]]
[118, 4.19338, [0, 1, 2, 4, 5, 7, 11, 12, 13, 15, 16, 18, 24, 28, 29, 31, 32, 33, 37, 38, 39, 49, 52, 53, 55, 56, 57, 62, 68, 78, 80, 81]]
[118, 4.18376, [0, 1, 2, 4, 5, 7, 11, 12, 13, 15, 16, 18, 24, 28, 29, 31, 32, 33, 37, 38, 39, 49, 52, 53, 55, 57, 62, 68, 78, 80, 81, 84]]
[118, 4.18521, [0, 1, 2, 4, 5, 7, 11, 12, 13, 15, 16, 18, 24, 28, 29, 31, 32, 33, 37, 38, 39, 49, 52, 55, 56, 57, 62, 68, 73, 78, 80, 81]]
[118, 4.19636, [0, 1, 2, 4, 5, 7, 11, 12, 13, 16, 18, 20, 21, 23, 27, 30, 32, 33, 40, 41, 42, 45, 47, 51, 52, 56, 58, 65, 68, 69, 78, 84]]
[118, 4.20908, [0, 1, 2, 4, 5, 7, 11, 12, 14, 15, 16, 24, 25, 26, 28, 29, 31, 33, 39, 44, 45, 47, 49, 52, 56, 57, 58, 72, 77, 79, 80, 82, 109]]
[118, 4.18223, [0, 1, 2, 4, 5, 7, 11, 13, 15, 16, 18, 20, 21, 23, 27, 30, 32, 40, 41, 47, 51, 52, 53, 56, 57, 58, 65, 68, 71, 81, 84, 85, 104]]
[118, 4.21632, [0, 1, 2, 4, 5, 7, 11, 13, 15, 16, 18, 21, 22, 23, 27, 30, 32, 34, 35, 39, 41, 42, 43, 53, 57, 58, 65, 68, 73, 83, 85, 90, 96]]
[118, 4.21266, [0, 1, 2, 4, 5, 7, 11, 13, 15, 16, 18, 21, 22, 23, 27, 30, 32, 34, 35, 39, 41, 42, 43, 53, 57, 58, 65, 68, 73, 83, 85, 96, 110]]
[118, 4.19297, [0, 1, 2, 4, 5, 7, 11, 13, 15, 16, 18, 21, 22, 23, 27, 30, 32, 34, 35, 39, 42, 43, 53, 57, 58, 65, 68, 73, 78, 85, 90, 96, 110]]
[118, 4.19165, [0, 1, 2, 4, 5, 7, 11, 13, 15, 16, 18, 21, 22, 23, 27, 30, 32, 34, 35, 39, 42, 43, 53, 57, 58, 65, 68, 73, 83, 85, 90, 96, 110]]
[118, 4.19355, [0, 1, 2, 4, 5, 8, 9, 10, 14, 17, 21, 22, 23, 26, 27, 28, 30, 31, 33, 37, 41, 55, 58, 65, 66, 71, 74, 77, 79, 84, 94, 110, 112]]
[118, 4.1923, [0, 1, 2, 4, 5, 8, 9, 10, 14, 17, 21, 22, 23, 26, 27, 28, 30, 31, 33, 37, 41, 55, 58, 65, 66, 74, 75, 77, 79, 84, 94, 110, 112]]
[118, 4.18941, [0, 1, 2, 4, 5, 8, 9, 10, 14, 17, 21, 22, 23, 26, 27, 28, 30, 31, 33, 37, 41, 55, 58, 65, 66, 74, 75, 77, 84, 91, 94, 110, 112]]
[118, 4.18734, [0, 1, 2, 4, 5, 8, 9, 10, 14, 17, 21, 22, 23, 26, 27, 28, 30, 31, 33, 37, 41, 55, 58, 65, 72, 74, 75, 77, 84, 91, 94, 110, 112]]
[118, 4.18548, [0, 1, 2, 4, 5, 8, 9, 10, 14, 17, 21, 22, 23, 26, 27, 28, 30, 31, 33, 37, 41, 55, 65, 70, 72, 74, 75, 77, 79, 84, 94, 110, 112]]
[118, 4.18099, [0, 1, 2, 4, 5, 8, 9, 10, 14, 17, 21, 22, 23, 26, 27, 28, 30, 31, 33, 37, 41, 55, 65, 70, 72, 74, 75, 83, 84, 91, 94, 110, 112]]
[118, 4.18268, [0, 1, 2, 4, 5, 8, 9, 10, 14, 17, 21, 22, 23, 26, 27, 28, 30, 31, 37, 39, 41, 55, 58, 65, 66, 74, 75, 77, 84, 91, 94, 110, 112]]
[118, 4.18108, [0, 1, 2, 4, 5, 8, 9, 10, 14, 17, 21, 22, 23, 26, 27, 28, 30, 31, 37, 39, 41, 55, 58, 65, 66, 74, 75, 83, 84, 91, 94, 110, 112]]
[118, 4.18061, [0, 1, 2, 4, 5, 8, 9, 10, 14, 17, 21, 22, 23, 26, 27, 28, 30, 31, 37, 39, 41, 55, 58, 65, 72, 74, 75, 77, 84, 91, 94, 110, 112]]
[118, 4.1902, [0, 1, 2, 4, 5, 8, 9, 10, 14, 17, 21, 22, 23, 26, 28, 29, 31, 33, 37, 39, 40, 43, 55, 65, 66, 74, 75, 77, 83, 84, 91, 94, 112]]
[118, 4.18235, [0, 1, 2, 4, 5, 8, 9, 10, 14, 17, 21, 22, 23, 26, 28, 29, 31, 33, 37, 39, 40, 43, 55, 65, 74, 75, 77, 83, 84, 91, 94, 95, 112]]
[118, 4.18294, [0, 1, 2, 4, 5, 8, 9, 10, 14, 17, 21, 22, 23, 27, 29, 30, 31, 34, 37, 39, 42, 49, 55, 58, 65, 66, 74, 75, 79, 83, 91, 110, 112]]

Search completed in 67 hours, 41 minutes, and 53.847 seconds.  Enter a string to quit.