Enter an integer k for which our Kempner sets are k-free: 4
Enter a positive integer modulus b: 31
Enter estimation parameters, or * for pre-computed parameters ([0.1275, 1.1369, 1.511]): *
Enter a threshold (e.g. 4.2) to determine printed output: 3.85
Enter a root for the search space (e.g. [0, 1, 2]) [or * for the root [0]]: *
Enter an upper bound for the size of allowable digit sets [or * to ignore]: *
Enter a maximal number of deviations from a greedy search [or * to ignore]: *
Searching for k-free sets mod b...

[31, 3.95722, [0, 1, 2, 4, 5, 7, 8, 9, 14, 15, 17]]
[31, 3.94462, [0, 1, 2, 4, 5, 7, 8, 9, 14, 16, 18]]
[31, 3.92651, [0, 1, 2, 4, 5, 7, 8, 9, 14, 16, 22]]
[31, 3.92544, [0, 1, 2, 4, 5, 7, 8, 9, 15, 17, 19]]
[31, 3.91644, [0, 1, 2, 4, 5, 7, 8, 9, 15, 17, 21]]
[31, 3.90567, [0, 1, 2, 4, 5, 7, 8, 9, 15, 19, 21]]
[31, 3.8946, [0, 1, 2, 4, 5, 7, 8, 9, 15, 19, 24]]
[31, 3.90816, [0, 1, 2, 4, 5, 7, 8, 9, 16, 18, 20]]
[31, 3.89007, [0, 1, 2, 4, 5, 7, 8, 9, 16, 20, 22]]
[31, 3.88576, [0, 1, 2, 4, 5, 7, 8, 9, 16, 21, 22]]
[31, 3.87547, [0, 1, 2, 4, 5, 7, 8, 9, 16, 21, 25]]
[31, 3.89249, [0, 1, 2, 4, 5, 7, 8, 9, 17, 19, 21]]
[31, 3.88484, [0, 1, 2, 4, 5, 7, 8, 9, 17, 19, 23]]
[31, 3.88015, [0, 1, 2, 4, 5, 7, 8, 9, 17, 20, 23]]
[31, 3.87585, [0, 1, 2, 4, 5, 7, 8, 9, 17, 21, 23]]
[31, 3.87578, [0, 1, 2, 4, 5, 7, 8, 9, 18, 19, 24]]
[31, 3.8711, [0, 1, 2, 4, 5, 7, 8, 9, 18, 20, 24]]
[31, 3.86509, [0, 1, 2, 4, 5, 7, 8, 9, 19, 21, 23]]
[31, 3.85848, [0, 1, 2, 4, 5, 7, 8, 9, 19, 21, 25]]
[31, 3.85084, [0, 1, 2, 4, 5, 7, 8, 9, 19, 23, 25]]
[31, 3.85302, [0, 1, 2, 4, 5, 7, 8, 9, 20, 22, 24]]
[31, 3.90541, [0, 1, 2, 4, 5, 7, 8, 13, 14, 15, 17]]
[31, 3.86299, [0, 1, 2, 4, 5, 7, 8, 13, 14, 15, 28]]
[31, 3.85605, [0, 1, 2, 4, 5, 7, 8, 13, 14, 16, 28]]
[31, 3.85823, [0, 1, 2, 4, 5, 7, 8, 13, 14, 17, 25]]
[31, 3.86468, [0, 1, 2, 4, 5, 7, 8, 13, 15, 17, 21]]
[31, 3.86485, [0, 1, 2, 4, 5, 7, 8, 14, 15, 17, 19]]
[31, 3.87328, [0, 1, 2, 4, 5, 7, 9, 12, 14, 16, 20]]
[31, 3.86142, [0, 1, 2, 4, 5, 7, 9, 12, 14, 18, 20]]
[31, 3.85211, [0, 1, 2, 4, 5, 7, 11, 12, 13, 16, 20]]
[31, 4.01741, [0, 1, 2, 4, 5, 7, 11, 13, 14, 17, 25, 27]]
[31, 3.85641, [0, 1, 2, 4, 5, 7, 16, 18, 22, 24, 25, 26]]
[31, 3.88376, [0, 1, 2, 4, 5, 8, 9, 10, 14, 16, 18]]
[31, 4.05124, [0, 1, 2, 4, 5, 8, 10, 13, 14, 17, 19, 21]]
[31, 4.03363, [0, 1, 2, 4, 5, 9, 11, 12, 14, 15, 17, 26]]
[31, 3.9794, [0, 1, 2, 4, 5, 10, 11, 13, 14, 16, 20, 27]]
[31, 3.86992, [0, 1, 2, 4, 5, 11, 12, 13, 16, 25, 26, 28]]
[31, 3.8746, [0, 1, 2, 5, 6, 9, 10, 12, 17, 19, 20, 27]]

Search completed in 0 hours, 0 minutes, and 0.109 seconds.  Enter a string to quit.