Enter an integer k for which our Kempner sets are k-free: 4
Enter a positive integer modulus b: 99
Enter estimation parameters, or * for pre-computed parameters ([0.0843, 1.0809, 1.397]): *
Enter a threshold (e.g. 4.2) to determine printed output: 4.27
Enter a root for the search space (e.g. [0, 1, 2]) [or * for the root [0]]: *
Enter an upper bound for the size of allowable digit sets [or * to ignore]: 32
Enter a maximal number of deviations from a greedy search [or * to ignore]: *
Searching for k-free sets mod b...

[99, 4.30094, [0, 1, 2, 4, 5, 7, 8, 9, 14, 15, 16, 18, 25, 26, 28, 29, 31, 32, 33, 36, 45, 50, 57, 60, 61, 63, 73, 79, 80]]
[99, 4.30074, [0, 1, 2, 4, 5, 7, 8, 9, 14, 15, 16, 18, 25, 26, 28, 29, 31, 32, 33, 36, 49, 51, 55, 57, 61, 63, 65, 80, 87]]
[99, 4.28974, [0, 1, 2, 4, 5, 7, 8, 9, 14, 15, 16, 18, 25, 26, 28, 29, 31, 32, 33, 36, 50, 57, 60, 61, 63, 65, 73, 79, 80]]
[99, 4.30073, [0, 1, 2, 4, 5, 7, 8, 9, 14, 15, 16, 18, 25, 26, 28, 29, 31, 32, 33, 45, 47, 51, 53, 57, 59, 61, 67, 71, 79]]
[99, 4.29202, [0, 1, 2, 4, 5, 7, 8, 9, 14, 15, 16, 18, 25, 26, 28, 29, 31, 32, 33, 47, 49, 51, 57, 59, 61, 65, 67, 71, 79]]
[99, 4.30405, [0, 1, 2, 4, 5, 7, 8, 9, 14, 15, 16, 18, 25, 26, 29, 30, 31, 33, 39, 41, 42, 47, 50, 58, 60, 61, 62, 65, 79]]
[99, 4.29556, [0, 1, 2, 4, 5, 7, 8, 9, 14, 15, 16, 18, 25, 26, 29, 30, 31, 33, 39, 41, 42, 47, 50, 58, 60, 61, 65, 79, 88]]
[99, 4.28225, [0, 1, 2, 4, 5, 7, 8, 9, 14, 15, 16, 18, 25, 26, 29, 30, 31, 33, 39, 42, 47, 50, 58, 60, 61, 62, 65, 79, 88]]
[99, 4.27505, [0, 1, 2, 4, 5, 7, 8, 9, 14, 15, 16, 18, 25, 26, 29, 30, 31, 33, 39, 42, 47, 53, 58, 61, 62, 65, 72, 81, 88]]
[99, 4.27284, [0, 1, 2, 4, 5, 7, 8, 9, 14, 15, 16, 18, 25, 26, 29, 30, 31, 33, 39, 42, 47, 53, 58, 61, 62, 65, 79, 81, 88]]
[99, 4.28173, [0, 1, 2, 4, 5, 7, 8, 9, 14, 15, 16, 18, 25, 26, 29, 30, 31, 33, 39, 47, 48, 49, 56, 58, 62, 64, 67, 75, 79]]
[99, 4.28126, [0, 1, 2, 4, 5, 7, 8, 9, 14, 15, 16, 18, 25, 26, 29, 30, 32, 33, 41, 42, 47, 50, 58, 60, 62, 63, 65, 76, 79]]
[99, 4.30045, [0, 1, 2, 4, 5, 7, 8, 9, 14, 15, 16, 18, 25, 26, 29, 30, 33, 39, 41, 42, 46, 47, 48, 50, 56, 58, 60, 65, 72]]
[99, 4.28763, [0, 1, 2, 4, 5, 7, 8, 9, 14, 15, 16, 18, 25, 26, 29, 30, 33, 39, 41, 42, 46, 47, 50, 58, 60, 61, 63, 65, 79]]
[99, 4.27543, [0, 1, 2, 4, 5, 7, 8, 9, 14, 15, 16, 25, 26, 27, 29, 30, 33, 39, 41, 42, 46, 47, 48, 50, 56, 58, 60, 63, 72]]
[99, 4.27322, [0, 1, 2, 4, 5, 7, 8, 9, 14, 15, 16, 25, 26, 27, 29, 30, 33, 39, 41, 42, 46, 47, 48, 50, 56, 58, 60, 63, 79]]
[99, 4.27077, [0, 1, 2, 4, 5, 7, 8, 9, 14, 15, 16, 25, 26, 27, 29, 30, 33, 39, 41, 42, 46, 47, 48, 50, 58, 60, 61, 63, 79]]
[99, 4.2757, [0, 1, 2, 4, 5, 7, 8, 9, 14, 15, 17, 18, 23, 24, 26, 29, 30, 33, 44, 46, 47, 51, 55, 61, 67, 71, 78, 82, 94]]
[99, 4.27349, [0, 1, 2, 4, 5, 7, 8, 9, 14, 15, 17, 18, 23, 24, 28, 35, 36, 37, 39, 40, 43, 44, 49, 53, 67, 77, 82, 84, 86]]
[99, 4.28413, [0, 1, 2, 4, 5, 7, 8, 9, 14, 15, 17, 18, 23, 24, 28, 35, 36, 37, 39, 40, 43, 48, 49, 53, 57, 63, 67, 84, 89]]
[99, 4.27657, [0, 1, 2, 4, 5, 7, 8, 9, 14, 15, 17, 18, 23, 24, 28, 35, 36, 37, 39, 40, 43, 48, 49, 53, 57, 67, 84, 86, 89]]
[99, 4.27566, [0, 1, 2, 4, 5, 7, 8, 9, 14, 15, 17, 18, 23, 24, 28, 35, 36, 37, 39, 40, 43, 48, 49, 53, 63, 67, 79, 84, 89]]
[99, 4.27778, [0, 1, 2, 4, 5, 7, 8, 9, 14, 15, 17, 18, 23, 24, 28, 35, 36, 37, 39, 40, 43, 49, 53, 57, 59, 63, 67, 84, 89]]
[99, 4.27202, [0, 1, 2, 4, 5, 7, 8, 9, 14, 15, 17, 18, 23, 24, 28, 35, 36, 37, 39, 40, 43, 49, 53, 57, 59, 67, 82, 84, 86]]
[99, 4.29174, [0, 1, 2, 4, 5, 7, 8, 9, 14, 15, 17, 18, 24, 26, 29, 30, 31, 33, 52, 59, 61, 62, 64, 67, 69, 75, 77, 79, 82, 87]]
[99, 4.30364, [0, 1, 2, 4, 5, 7, 8, 9, 14, 15, 17, 18, 24, 28, 30, 31, 32, 35, 37, 39, 40, 49, 51, 55, 57, 60, 61, 63, 65]]
[99, 4.28487, [0, 1, 2, 4, 5, 7, 8, 9, 14, 15, 17, 18, 24, 28, 30, 31, 32, 35, 37, 40, 49, 51, 55, 57, 60, 61, 63, 65, 71]]
[99, 4.27264, [0, 1, 2, 4, 5, 7, 8, 9, 14, 15, 17, 18, 24, 28, 30, 31, 32, 35, 37, 40, 51, 55, 57, 60, 61, 63, 65, 71, 76]]
[99, 4.27136, [0, 1, 2, 4, 5, 7, 8, 9, 14, 15, 17, 24, 28, 29, 31, 32, 35, 37, 39, 40, 44, 45, 46, 49, 51, 60, 61, 63, 65]]
[99, 4.28839, [0, 1, 2, 4, 5, 7, 8, 9, 14, 15, 18, 24, 25, 26, 28, 29, 31, 33, 36, 39, 46, 49, 51, 55, 57, 60, 61, 63, 65]]
[99, 4.27285, [0, 1, 2, 4, 5, 7, 8, 9, 14, 15, 18, 24, 25, 26, 28, 29, 31, 33, 36, 39, 49, 51, 55, 57, 60, 61, 63, 65, 80]]
[99, 4.27319, [0, 1, 2, 4, 5, 7, 8, 9, 14, 16, 17, 18, 22, 28, 30, 31, 33, 35, 39, 41, 45, 53, 55, 57, 61, 63, 64, 67, 93]]
[99, 4.27969, [0, 1, 2, 4, 5, 7, 8, 9, 14, 16, 17, 18, 22, 28, 30, 32, 33, 35, 36, 37, 41, 51, 53, 57, 61, 63, 73, 75, 88]]
[99, 4.27476, [0, 1, 2, 4, 5, 7, 8, 9, 14, 16, 17, 18, 22, 30, 31, 33, 34, 35, 39, 41, 42, 45, 55, 57, 60, 61, 63, 64, 93]]
[99, 4.27771, [0, 1, 2, 4, 5, 7, 8, 9, 14, 16, 17, 18, 22, 31, 32, 33, 36, 37, 38, 40, 41, 43, 51, 55, 57, 60, 63, 65, 87]]
[99, 4.27056, [0, 1, 2, 4, 5, 7, 8, 9, 14, 16, 17, 18, 22, 31, 32, 33, 36, 37, 38, 41, 42, 43, 55, 57, 60, 61, 63, 65, 87]]
[99, 4.28816, [0, 1, 2, 4, 5, 7, 8, 9, 14, 16, 17, 18, 26, 28, 29, 30, 34, 36, 37, 39, 45, 47, 48, 49, 56, 58, 62, 63, 93]]
[99, 4.27805, [0, 1, 2, 4, 5, 7, 8, 9, 14, 16, 17, 18, 26, 28, 29, 30, 34, 36, 37, 39, 45, 48, 49, 56, 58, 62, 63, 66, 93]]
[99, 4.27615, [0, 1, 2, 4, 5, 7, 8, 9, 14, 16, 17, 18, 26, 28, 29, 30, 34, 36, 37, 39, 45, 48, 52, 56, 58, 62, 63, 66, 93]]
[99, 4.27417, [0, 1, 2, 4, 5, 7, 8, 9, 14, 16, 17, 18, 26, 28, 29, 30, 34, 36, 37, 39, 45, 48, 52, 58, 60, 62, 63, 66, 93]]
[99, 4.29737, [0, 1, 2, 4, 5, 7, 8, 9, 14, 16, 17, 18, 26, 28, 29, 31, 32, 33, 36, 37, 39, 43, 51, 55, 57, 61, 63, 65, 87]]
[99, 4.28673, [0, 1, 2, 4, 5, 7, 8, 9, 14, 16, 17, 18, 26, 28, 29, 31, 32, 33, 36, 37, 39, 51, 55, 57, 60, 61, 63, 65, 87]]
[99, 4.28162, [0, 1, 2, 4, 5, 7, 8, 9, 14, 16, 17, 18, 26, 28, 29, 31, 32, 33, 36, 37, 39, 51, 55, 57, 60, 61, 63, 80, 87]]
[99, 4.27916, [0, 1, 2, 4, 5, 7, 8, 9, 14, 16, 17, 18, 26, 28, 29, 31, 32, 33, 36, 39, 43, 51, 55, 57, 61, 63, 64, 65, 87]]
[99, 4.33503, [0, 1, 2, 4, 5, 7, 8, 9, 14, 16, 17, 18, 26, 28, 29, 31, 32, 33, 36, 39, 51, 55, 57, 60, 61, 63, 64, 65, 80, 87]]
[99, 4.27205, [0, 1, 2, 4, 5, 7, 8, 9, 14, 16, 17, 18, 26, 28, 29, 31, 32, 36, 37, 39, 43, 45, 57, 61, 62, 63, 67, 75, 80]]
[99, 4.27858, [0, 1, 2, 4, 5, 7, 8, 9, 14, 16, 17, 18, 26, 28, 29, 32, 33, 34, 36, 37, 39, 43, 53, 55, 57, 65, 75, 87, 88]]
[99, 4.28652, [0, 1, 2, 4, 5, 7, 8, 9, 14, 16, 17, 18, 26, 28, 29, 32, 33, 34, 36, 37, 39, 43, 53, 55, 59, 61, 65, 75, 87]]
[99, 4.27758, [0, 1, 2, 4, 5, 7, 8, 9, 14, 16, 17, 18, 26, 28, 29, 32, 33, 34, 36, 37, 39, 43, 53, 55, 59, 65, 75, 87, 88]]
[99, 4.27653, [0, 1, 2, 4, 5, 7, 8, 9, 14, 16, 17, 18, 26, 28, 29, 32, 33, 34, 36, 37, 39, 43, 53, 57, 59, 65, 75, 87, 88]]
[99, 4.2754, [0, 1, 2, 4, 5, 7, 8, 9, 14, 16, 17, 18, 26, 28, 29, 32, 33, 34, 36, 37, 39, 43, 55, 57, 59, 65, 75, 87, 88]]
[99, 4.28372, [0, 1, 2, 4, 5, 7, 8, 9, 14, 17, 18, 23, 24, 28, 30, 31, 35, 37, 40, 41, 55, 57, 60, 61, 63, 65, 71, 75, 76, 88]]
[99, 4.31296, [0, 1, 2, 4, 5, 7, 8, 9, 14, 17, 22, 23, 24, 26, 29, 30, 31, 33, 37, 40, 42, 55, 57, 59, 60, 63, 64, 65, 76, 87]]
[99, 4.27712, [0, 1, 2, 4, 5, 7, 8, 9, 14, 17, 22, 23, 24, 29, 30, 31, 33, 37, 40, 42, 47, 55, 57, 59, 63, 64, 65, 76, 87, 89]]
[99, 4.28108, [0, 1, 2, 4, 5, 7, 8, 9, 15, 16, 17, 19, 20, 26, 27, 28, 32, 33, 34, 36, 50, 54, 58, 60, 65, 69, 76, 78, 85]]
[99, 4.27754, [0, 1, 2, 4, 5, 7, 8, 9, 15, 16, 17, 19, 20, 26, 27, 28, 32, 33, 34, 36, 50, 54, 58, 60, 65, 69, 78, 85, 89]]
[99, 4.27261, [0, 1, 2, 4, 5, 7, 8, 9, 15, 16, 17, 19, 20, 27, 28, 29, 32, 33, 34, 36, 45, 50, 61, 65, 69, 75, 78, 81, 85]]
[99, 4.27176, [0, 1, 2, 4, 5, 7, 8, 9, 15, 16, 17, 20, 21, 26, 28, 29, 32, 33, 34, 36, 42, 54, 56, 58, 65, 69, 85, 89, 90]]
[99, 4.2708, [0, 1, 2, 4, 5, 7, 8, 9, 15, 16, 17, 20, 21, 26, 28, 29, 32, 33, 34, 36, 42, 54, 56, 60, 65, 69, 85, 89, 90]]
[99, 4.27094, [0, 1, 2, 4, 5, 7, 8, 9, 15, 16, 17, 20, 21, 28, 29, 32, 33, 34, 36, 37, 42, 50, 54, 56, 60, 62, 65, 89, 90]]
[99, 4.32031, [0, 1, 2, 4, 5, 7, 8, 9, 15, 16, 18, 19, 20, 25, 26, 28, 29, 31, 32, 33, 45, 49, 51, 53, 61, 63, 67, 71, 79]]
[99, 4.31103, [0, 1, 2, 4, 5, 7, 8, 9, 15, 16, 18, 19, 20, 25, 26, 28, 29, 31, 32, 33, 49, 51, 53, 57, 63, 65, 67, 71, 79]]
[99, 4.30962, [0, 1, 2, 4, 5, 7, 8, 9, 15, 16, 18, 19, 20, 25, 26, 28, 29, 31, 32, 33, 49, 51, 55, 57, 63, 65, 67, 71, 80]]
[99, 4.3001, [0, 1, 2, 4, 5, 7, 8, 9, 15, 16, 18, 19, 20, 25, 26, 28, 29, 31, 32, 33, 49, 51, 57, 63, 65, 67, 71, 79, 80]]
[99, 4.32732, [0, 1, 2, 4, 5, 7, 8, 9, 15, 16, 18, 19, 20, 25, 26, 28, 29, 31, 32, 36, 45, 47, 51, 55, 57, 60, 61, 67, 69]]
[99, 4.32527, [0, 1, 2, 4, 5, 7, 8, 9, 15, 16, 18, 19, 20, 25, 26, 28, 29, 31, 32, 36, 45, 47, 51, 57, 59, 60, 61, 67, 69]]
[99, 4.28548, [0, 1, 2, 4, 5, 7, 8, 9, 15, 16, 18, 19, 20, 25, 26, 28, 29, 32, 33, 42, 50, 56, 58, 60, 64, 69, 72, 76, 78]]
[99, 4.27166, [0, 1, 2, 4, 5, 7, 8, 9, 15, 16, 18, 19, 20, 25, 26, 28, 29, 32, 42, 47, 50, 56, 58, 60, 64, 69, 72, 76, 78]]
[99, 4.2785, [0, 1, 2, 4, 5, 7, 8, 9, 15, 16, 18, 19, 20, 26, 28, 29, 31, 32, 36, 45, 47, 55, 57, 59, 60, 65, 67, 69, 80]]
[99, 4.27193, [0, 1, 2, 4, 5, 7, 8, 9, 15, 16, 18, 19, 20, 26, 28, 29, 31, 32, 36, 45, 47, 55, 57, 60, 65, 67, 69, 76, 80]]
[99, 4.28171, [0, 1, 2, 4, 5, 7, 8, 9, 15, 16, 18, 19, 20, 26, 28, 30, 31, 34, 35, 36, 39, 57, 59, 60, 62, 66, 74, 75, 82]]
[99, 4.27514, [0, 1, 2, 4, 5, 7, 8, 9, 15, 16, 18, 19, 20, 26, 28, 30, 31, 34, 35, 36, 39, 57, 60, 62, 66, 74, 75, 76, 82]]
[99, 4.27181, [0, 1, 2, 4, 5, 7, 8, 9, 15, 16, 18, 19, 20, 26, 28, 31, 32, 33, 35, 45, 49, 51, 53, 61, 63, 65, 71, 73, 79]]
[99, 4.27849, [0, 1, 2, 4, 5, 7, 8, 9, 15, 16, 18, 19, 20, 26, 32, 34, 35, 36, 39, 40, 41, 43, 51, 55, 57, 61, 63, 64, 86]]
[99, 4.28107, [0, 1, 2, 4, 5, 7, 8, 9, 15, 16, 18, 20, 21, 25, 28, 29, 31, 32, 36, 45, 47, 51, 55, 57, 60, 61, 67, 69, 76]]
[99, 4.28729, [0, 1, 2, 4, 5, 7, 8, 9, 15, 16, 19, 20, 21, 25, 26, 28, 32, 33, 36, 39, 43, 49, 51, 55, 57, 63, 65, 80, 89]]
[99, 4.29162, [0, 1, 2, 4, 5, 7, 8, 9, 15, 16, 19, 20, 21, 25, 26, 28, 32, 33, 36, 39, 43, 49, 51, 57, 59, 62, 63, 65, 89]]
[99, 4.28386, [0, 1, 2, 4, 5, 7, 8, 9, 15, 16, 19, 20, 21, 25, 26, 28, 32, 33, 36, 39, 43, 49, 51, 57, 62, 63, 65, 80, 89]]
[99, 4.292, [0, 1, 2, 4, 5, 7, 8, 9, 15, 16, 20, 21, 25, 28, 31, 32, 36, 38, 39, 43, 49, 51, 53, 57, 59, 62, 63, 65, 84, 89]]
[99, 4.28414, [0, 1, 2, 4, 5, 7, 8, 9, 15, 16, 20, 21, 25, 28, 31, 32, 36, 38, 39, 43, 49, 51, 53, 57, 62, 63, 65, 80, 84, 89]]
[99, 4.27059, [0, 1, 2, 4, 5, 7, 8, 9, 15, 17, 18, 19, 23, 24, 26, 28, 29, 36, 42, 45, 47, 48, 50, 56, 62, 63, 69, 76, 91]]
[99, 4.27519, [0, 1, 2, 4, 5, 7, 8, 9, 15, 17, 18, 19, 23, 24, 26, 30, 32, 38, 39, 40, 42, 49, 51, 58, 60, 64, 65, 68, 85]]
[99, 4.27194, [0, 1, 2, 4, 5, 7, 8, 9, 15, 17, 18, 19, 24, 26, 29, 30, 31, 33, 52, 59, 61, 62, 64, 65, 67, 69, 75, 77, 79, 87]]
[99, 4.28607, [0, 1, 2, 4, 5, 7, 8, 9, 15, 17, 18, 20, 21, 23, 28, 32, 34, 36, 37, 39, 43, 45, 48, 49, 57, 63, 65, 74, 79]]
[99, 4.27157, [0, 1, 2, 4, 5, 7, 8, 9, 15, 17, 18, 20, 21, 23, 28, 34, 36, 37, 39, 43, 45, 46, 48, 49, 57, 63, 65, 74, 79]]
[99, 4.28744, [0, 1, 2, 4, 5, 7, 8, 9, 15, 17, 18, 20, 21, 23, 29, 30, 32, 33, 34, 37, 38, 52, 59, 60, 62, 63, 64, 68, 78]]
[99, 4.2791, [0, 1, 2, 4, 5, 7, 8, 9, 15, 17, 18, 20, 23, 24, 29, 30, 32, 33, 34, 37, 38, 52, 59, 60, 62, 63, 64, 68, 78]]
[99, 4.27633, [0, 1, 2, 4, 5, 7, 8, 9, 15, 17, 18, 20, 23, 24, 29, 30, 32, 33, 34, 37, 38, 57, 59, 60, 62, 63, 64, 68, 78]]
[99, 4.27954, [0, 1, 2, 4, 5, 7, 8, 9, 15, 17, 18, 20, 23, 24, 30, 33, 34, 35, 37, 38, 40, 41, 47, 55, 57, 63, 64, 65, 88]]
[99, 4.28382, [0, 1, 2, 4, 5, 7, 8, 9, 15, 17, 20, 21, 23, 24, 29, 30, 32, 33, 34, 37, 38, 48, 50, 54, 57, 60, 64, 68, 74]]
[99, 4.27502, [0, 1, 2, 4, 5, 7, 8, 9, 15, 17, 20, 21, 23, 24, 29, 30, 32, 33, 34, 37, 38, 50, 52, 59, 60, 62, 64, 68, 78]]
[99, 4.28815, [0, 1, 2, 4, 5, 7, 8, 9, 15, 17, 21, 23, 24, 26, 29, 30, 36, 38, 39, 44, 46, 47, 49, 51, 58, 67, 78, 81, 82, 91]]
[99, 4.27242, [0, 1, 2, 4, 5, 7, 8, 9, 15, 17, 21, 23, 24, 26, 29, 30, 36, 38, 39, 44, 46, 47, 51, 58, 67, 78, 81, 82, 88, 91]]
[99, 4.27213, [0, 1, 2, 4, 5, 7, 8, 9, 15, 17, 21, 23, 24, 26, 29, 30, 36, 39, 44, 46, 47, 49, 51, 58, 61, 67, 78, 81, 82, 91]]
[99, 4.27544, [0, 1, 2, 4, 5, 7, 8, 9, 15, 18, 19, 20, 23, 24, 26, 28, 34, 35, 36, 39, 40, 43, 51, 57, 61, 63, 64, 77, 86]]
[99, 4.29442, [0, 1, 2, 4, 5, 7, 8, 9, 15, 18, 19, 20, 23, 24, 26, 32, 34, 35, 36, 39, 40, 41, 43, 51, 57, 61, 63, 64, 65]]
[99, 4.2902, [0, 1, 2, 4, 5, 7, 8, 9, 15, 18, 19, 20, 23, 24, 26, 32, 34, 35, 36, 39, 40, 41, 43, 51, 57, 61, 63, 64, 77]]
[99, 4.29131, [0, 1, 2, 4, 5, 7, 8, 9, 15, 18, 19, 20, 23, 24, 26, 32, 34, 35, 36, 39, 40, 41, 47, 51, 57, 61, 63, 64, 65]]
[99, 4.28763, [0, 1, 2, 4, 5, 7, 8, 9, 15, 18, 19, 20, 23, 24, 26, 32, 34, 35, 36, 40, 41, 43, 47, 51, 57, 61, 63, 64, 65]]
[99, 4.2853, [0, 1, 2, 4, 5, 7, 8, 9, 15, 18, 19, 20, 23, 24, 26, 32, 34, 35, 36, 40, 41, 43, 47, 55, 57, 61, 63, 64, 65]]
[99, 4.28262, [0, 1, 2, 4, 5, 7, 8, 9, 15, 18, 19, 20, 23, 24, 26, 32, 34, 35, 36, 40, 41, 43, 51, 55, 57, 61, 63, 64, 65]]
[99, 4.2784, [0, 1, 2, 4, 5, 7, 8, 9, 15, 18, 19, 20, 23, 24, 26, 32, 34, 35, 36, 40, 41, 43, 51, 55, 57, 61, 63, 64, 77]]
[99, 4.27951, [0, 1, 2, 4, 5, 7, 8, 9, 15, 18, 19, 20, 23, 24, 26, 32, 34, 35, 36, 40, 41, 47, 51, 55, 57, 61, 63, 64, 65]]
[99, 4.27046, [0, 1, 2, 4, 5, 7, 8, 9, 15, 18, 19, 20, 23, 24, 26, 32, 34, 35, 39, 40, 41, 43, 51, 57, 61, 63, 64, 65, 77]]
[99, 4.28829, [0, 1, 2, 4, 5, 7, 8, 9, 15, 18, 19, 20, 24, 25, 26, 28, 29, 31, 33, 36, 49, 51, 55, 57, 60, 61, 63, 64, 65]]
[99, 4.28147, [0, 1, 2, 4, 5, 7, 8, 9, 15, 18, 19, 20, 24, 25, 26, 28, 29, 31, 33, 36, 49, 51, 55, 57, 60, 63, 64, 65, 80]]
[99, 4.27183, [0, 1, 2, 4, 5, 7, 8, 9, 15, 18, 19, 20, 24, 25, 26, 28, 29, 31, 33, 36, 49, 51, 55, 57, 63, 64, 65, 80, 89]]
[99, 4.27079, [0, 1, 2, 4, 5, 7, 8, 9, 15, 18, 19, 20, 24, 25, 26, 28, 29, 31, 36, 47, 49, 51, 57, 59, 60, 61, 64, 65, 67]]
[99, 4.27512, [0, 1, 2, 4, 5, 7, 8, 9, 15, 18, 19, 20, 24, 25, 26, 28, 31, 33, 36, 39, 49, 51, 55, 57, 60, 61, 63, 64, 65]]
[99, 4.28176, [0, 1, 2, 4, 5, 7, 8, 9, 15, 18, 19, 20, 24, 25, 26, 29, 31, 32, 33, 36, 49, 51, 55, 57, 60, 61, 63, 64, 65]]
[99, 4.27494, [0, 1, 2, 4, 5, 7, 8, 9, 15, 18, 19, 20, 24, 25, 26, 29, 31, 32, 33, 36, 49, 51, 55, 57, 60, 63, 64, 65, 80]]
[99, 4.27325, [0, 1, 2, 4, 5, 7, 8, 9, 15, 18, 19, 20, 25, 26, 28, 29, 31, 32, 33, 36, 49, 51, 55, 57, 60, 61, 63, 64, 65]]
[99, 4.31575, [0, 1, 2, 4, 5, 7, 8, 9, 15, 18, 20, 24, 25, 26, 28, 29, 31, 33, 36, 39, 49, 51, 55, 57, 60, 61, 63, 64, 65, 80]]
[99, 4.27266, [0, 1, 2, 4, 5, 7, 8, 9, 16, 17, 18, 20, 26, 28, 29, 31, 32, 33, 36, 37, 39, 43, 45, 57, 61, 62, 63, 65, 75]]
[99, 4.27124, [0, 1, 2, 4, 5, 7, 8, 9, 16, 17, 19, 20, 21, 26, 27, 28, 32, 36, 41, 42, 43, 45, 49, 51, 55, 57, 67, 77, 89]]
[99, 4.31084, [0, 1, 2, 4, 5, 7, 8, 9, 16, 17, 19, 20, 21, 26, 27, 28, 36, 39, 41, 42, 43, 48, 49, 51, 59, 62, 86, 88, 89, 90]]
[99, 4.27099, [0, 1, 2, 4, 5, 7, 8, 9, 16, 17, 19, 20, 22, 26, 28, 29, 31, 32, 36, 37, 45, 49, 51, 57, 61, 62, 65, 67, 89]]
[99, 4.29156, [0, 1, 2, 4, 5, 7, 8, 9, 16, 17, 19, 20, 22, 26, 28, 29, 31, 44, 45, 47, 48, 51, 58, 61, 63, 67, 69, 71, 78, 90]]
[99, 4.28283, [0, 1, 2, 4, 5, 7, 8, 9, 16, 17, 19, 21, 22, 27, 28, 30, 31, 33, 35, 50, 55, 59, 63, 65, 70, 72, 75, 76, 81, 86]]
[99, 4.27935, [0, 1, 2, 4, 5, 7, 8, 9, 16, 17, 19, 21, 22, 27, 28, 30, 31, 33, 35, 50, 59, 62, 63, 65, 70, 72, 75, 76, 81, 86]]
[99, 4.27904, [0, 1, 2, 4, 5, 7, 8, 9, 16, 17, 19, 21, 22, 27, 28, 30, 31, 33, 35, 50, 59, 62, 63, 65, 70, 72, 75, 77, 81, 86]]
[99, 4.27493, [0, 1, 2, 4, 5, 7, 8, 9, 17, 18, 19, 21, 22, 24, 28, 29, 30, 32, 33, 37, 44, 48, 50, 54, 57, 60, 62, 67, 94]]
[99, 4.27349, [0, 1, 2, 4, 5, 7, 8, 9, 17, 18, 19, 21, 22, 24, 28, 30, 33, 34, 42, 46, 55, 56, 60, 64, 65, 72, 74, 76, 87, 93]]
[99, 4.27559, [0, 1, 2, 4, 5, 7, 8, 9, 17, 20, 21, 23, 24, 27, 28, 29, 31, 34, 43, 44, 45, 50, 55, 57, 61, 68, 69, 74, 75, 76]]
[99, 4.27839, [0, 1, 2, 4, 5, 7, 8, 9, 17, 20, 22, 23, 24, 27, 28, 29, 31, 34, 43, 44, 45, 47, 50, 55, 57, 61, 69, 75, 76, 93]]
[99, 4.28771, [0, 1, 2, 4, 5, 7, 8, 9, 18, 19, 21, 22, 23, 26, 31, 32, 33, 37, 38, 41, 42, 48, 49, 56, 58, 60, 65, 67, 73, 87]]
[99, 4.28933, [0, 1, 2, 4, 5, 7, 8, 13, 14, 15, 17, 18, 24, 26, 27, 31, 32, 33, 41, 43, 45, 52, 61, 65, 67, 69, 75, 79, 80, 83]]
[99, 4.29043, [0, 1, 2, 4, 5, 7, 8, 13, 14, 16, 17, 18, 22, 25, 28, 29, 30, 33, 35, 46, 48, 50, 56, 60, 70, 72, 81, 89, 93, 96]]
[99, 4.30227, [0, 1, 2, 4, 5, 7, 8, 13, 15, 17, 18, 20, 24, 25, 26, 28, 29, 31, 36, 42, 47, 50, 55, 56, 61, 64, 65, 67, 76, 89]]
[99, 4.29531, [0, 1, 2, 4, 5, 7, 8, 13, 15, 17, 18, 20, 24, 25, 26, 28, 29, 31, 36, 42, 47, 50, 55, 56, 61, 65, 67, 76, 85, 89]]
[99, 4.29648, [0, 1, 2, 4, 5, 7, 8, 13, 15, 17, 18, 20, 24, 25, 26, 28, 29, 31, 36, 42, 47, 50, 55, 61, 64, 65, 67, 69, 76, 89]]
[99, 4.2924, [0, 1, 2, 4, 5, 7, 8, 13, 15, 17, 18, 20, 24, 25, 26, 29, 31, 32, 36, 42, 50, 55, 56, 61, 62, 64, 65, 66, 72, 76]]
[99, 4.28728, [0, 1, 2, 4, 5, 7, 8, 13, 16, 17, 18, 20, 21, 28, 30, 31, 34, 35, 36, 39, 41, 45, 53, 55, 57, 63, 64, 66, 84, 88]]
[99, 4.28128, [0, 1, 2, 4, 5, 7, 8, 13, 16, 17, 18, 20, 25, 26, 28, 29, 31, 32, 42, 43, 45, 50, 54, 57, 60, 62, 67, 69, 70, 76]]
[99, 4.28088, [0, 1, 2, 4, 5, 7, 9, 12, 14, 15, 16, 22, 24, 25, 26, 29, 30, 31, 33, 49, 58, 59, 61, 62, 63, 67, 75, 77, 78, 90]]
[99, 4.27169, [0, 1, 2, 4, 5, 7, 9, 12, 15, 16, 19, 22, 24, 27, 28, 29, 31, 35, 37, 44, 45, 50, 57, 59, 61, 62, 65, 67, 71, 75]]
[99, 4.30826, [0, 1, 2, 4, 5, 7, 11, 12, 13, 15, 16, 18, 20, 23, 26, 27, 30, 32, 33, 35, 40, 41, 42, 49, 51, 53, 63, 64, 85]]
[99, 4.2959, [0, 1, 2, 4, 5, 7, 11, 12, 13, 15, 16, 18, 20, 23, 26, 27, 30, 32, 33, 35, 40, 41, 49, 51, 53, 61, 63, 65, 85]]
[99, 4.2893, [0, 1, 2, 4, 5, 7, 11, 12, 13, 15, 16, 18, 20, 23, 26, 27, 30, 32, 33, 35, 40, 42, 49, 51, 55, 63, 64, 74, 85]]
[99, 4.28385, [0, 1, 2, 4, 5, 7, 11, 12, 13, 15, 16, 18, 20, 23, 26, 27, 30, 32, 33, 35, 40, 49, 51, 55, 57, 61, 63, 65, 85]]
[99, 4.27546, [0, 1, 2, 4, 5, 7, 11, 12, 13, 15, 16, 18, 20, 23, 26, 27, 30, 32, 33, 35, 40, 51, 53, 55, 61, 63, 65, 71, 85]]
[99, 4.28025, [0, 1, 2, 4, 5, 7, 11, 12, 13, 15, 16, 18, 20, 23, 26, 27, 30, 32, 35, 36, 40, 42, 43, 49, 55, 72, 74, 85, 88]]
[99, 4.27105, [0, 1, 2, 4, 5, 7, 11, 12, 13, 15, 16, 18, 20, 23, 26, 27, 30, 32, 35, 36, 40, 42, 43, 49, 72, 74, 78, 85, 88]]
[99, 4.30711, [0, 1, 2, 4, 5, 7, 11, 12, 13, 15, 16, 18, 20, 23, 26, 27, 30, 32, 35, 36, 42, 58, 62, 64, 72, 76, 78, 79, 80, 85]]
[99, 4.27521, [0, 1, 2, 4, 5, 7, 11, 12, 13, 15, 16, 18, 20, 23, 26, 27, 30, 33, 35, 40, 42, 48, 49, 53, 55, 62, 64, 72, 78]]
[99, 4.2915, [0, 1, 2, 4, 5, 7, 11, 12, 13, 15, 16, 18, 20, 23, 26, 27, 32, 33, 35, 36, 40, 41, 42, 49, 51, 53, 64, 85, 90]]
[99, 4.28389, [0, 1, 2, 4, 5, 7, 11, 12, 13, 15, 16, 18, 20, 23, 26, 27, 32, 33, 35, 36, 40, 41, 42, 49, 51, 53, 85, 88, 90]]
[99, 4.29464, [0, 1, 2, 4, 5, 7, 11, 12, 13, 15, 16, 18, 20, 23, 26, 30, 32, 33, 35, 36, 40, 41, 42, 49, 51, 53, 63, 64, 85]]
[99, 4.29352, [0, 1, 2, 4, 5, 7, 11, 12, 13, 15, 16, 18, 20, 23, 26, 30, 32, 33, 35, 36, 40, 41, 42, 49, 51, 55, 63, 64, 85]]
[99, 4.29232, [0, 1, 2, 4, 5, 7, 11, 12, 13, 15, 16, 18, 20, 23, 26, 30, 32, 33, 35, 36, 40, 41, 42, 49, 53, 55, 63, 64, 85]]
[99, 4.29103, [0, 1, 2, 4, 5, 7, 11, 12, 13, 15, 16, 18, 20, 23, 26, 30, 32, 33, 35, 36, 40, 41, 42, 51, 53, 55, 63, 64, 85]]
[99, 4.27433, [0, 1, 2, 4, 5, 7, 11, 12, 13, 15, 16, 18, 20, 23, 26, 30, 32, 33, 35, 36, 41, 42, 49, 51, 53, 63, 64, 79, 85]]
[99, 4.29836, [0, 1, 2, 4, 5, 7, 11, 12, 13, 15, 16, 18, 20, 23, 26, 30, 32, 33, 35, 36, 42, 58, 62, 64, 72, 75, 76, 78, 80, 85]]
[99, 4.29613, [0, 1, 2, 4, 5, 7, 11, 12, 13, 15, 16, 18, 20, 23, 26, 30, 32, 33, 35, 36, 42, 58, 62, 64, 75, 76, 78, 79, 80, 85]]
[99, 4.2864, [0, 1, 2, 4, 5, 7, 11, 12, 13, 15, 16, 18, 20, 23, 26, 30, 32, 33, 35, 36, 53, 58, 62, 64, 75, 78, 79, 80, 82, 85]]
[99, 4.27949, [0, 1, 2, 4, 5, 7, 11, 12, 13, 15, 16, 18, 20, 26, 27, 30, 31, 32, 35, 36, 40, 42, 47, 49, 51, 55, 61, 72, 88]]
[99, 4.27216, [0, 1, 2, 4, 5, 9, 10, 11, 14, 16, 17, 18, 21, 24, 28, 29, 36, 38, 39, 43, 44, 45, 49, 51, 53, 61, 63, 67, 87, 89]]

Search completed in 7 hours, 0 minutes, and 0.931 seconds.  Enter a string to quit.