Enter an integer k for which our Kempner sets are k-free: 4
Enter a positive integer modulus b: 59
Enter estimation parameters, or * for pre-computed parameters ([0.0999, 1.1022, 1.4433]): *
Enter a threshold (e.g. 4.2) to determine printed output: 4.15
Enter a root for the search space (e.g. [0, 1, 2]) [or * for the root [0]]: *
Enter an upper bound for the size of allowable digit sets [or * to ignore]: *
Enter a maximal number of deviations from a greedy search [or * to ignore]: *
Searching for k-free sets mod b...

[59, 4.16456, [0, 1, 2, 4, 5, 7, 8, 9, 14, 15, 17, 18, 23, 24, 29, 36, 38, 47, 49]]
[59, 4.19639, [0, 1, 2, 4, 5, 7, 8, 9, 14, 15, 17, 18, 23, 26, 28, 30, 34, 36, 40]]
[59, 4.17056, [0, 1, 2, 4, 5, 7, 8, 9, 14, 15, 17, 18, 23, 26, 30, 34, 36, 40, 48]]
[59, 4.15973, [0, 1, 2, 4, 5, 7, 8, 9, 14, 15, 17, 18, 23, 26, 30, 34, 40, 46, 48]]
[59, 4.17036, [0, 1, 2, 4, 5, 7, 8, 9, 14, 15, 17, 18, 24, 26, 30, 32, 40, 41, 42]]
[59, 4.15545, [0, 1, 2, 4, 5, 7, 8, 9, 14, 15, 17, 23, 24, 27, 28, 30, 36, 38, 54]]
[59, 4.25188, [0, 1, 2, 4, 5, 7, 8, 9, 14, 16, 17, 18, 22, 30, 34, 36, 40, 46, 48, 49]]
[59, 4.18362, [0, 1, 2, 4, 5, 7, 8, 9, 15, 16, 17, 19, 20, 26, 28, 29, 36, 38, 42]]
[59, 4.17731, [0, 1, 2, 4, 5, 7, 8, 9, 15, 16, 17, 19, 20, 26, 28, 29, 36, 38, 49]]
[59, 4.18173, [0, 1, 2, 4, 5, 7, 8, 9, 15, 16, 17, 19, 20, 26, 28, 30, 36, 38, 42]]
[59, 4.1709, [0, 1, 2, 4, 5, 7, 8, 9, 15, 16, 17, 19, 20, 26, 28, 30, 38, 42, 46]]
[59, 4.15779, [0, 1, 2, 4, 5, 7, 8, 9, 15, 16, 17, 19, 20, 26, 29, 36, 38, 42, 48]]
[59, 4.15596, [0, 1, 2, 4, 5, 7, 8, 9, 15, 16, 17, 19, 20, 28, 29, 36, 38, 42, 45]]
[59, 4.16992, [0, 1, 2, 4, 5, 7, 8, 9, 15, 16, 17, 19, 20, 28, 30, 32, 36, 38, 42]]
[59, 4.163, [0, 1, 2, 4, 5, 7, 8, 9, 15, 16, 17, 19, 20, 28, 30, 34, 36, 38, 46]]
[59, 4.15317, [0, 1, 2, 4, 5, 7, 8, 9, 15, 16, 17, 19, 20, 28, 30, 36, 38, 42, 46]]
[59, 4.15059, [0, 1, 2, 4, 5, 7, 8, 9, 15, 16, 17, 19, 20, 28, 32, 36, 38, 42, 45]]
[59, 4.30122, [0, 1, 2, 4, 5, 7, 8, 9, 15, 16, 18, 19, 20, 25, 28, 29, 31, 33, 49, 52]]
[59, 4.18717, [0, 1, 2, 4, 5, 7, 8, 9, 15, 16, 18, 19, 20, 25, 28, 29, 31, 33, 52]]
[59, 4.16951, [0, 1, 2, 4, 5, 7, 8, 9, 15, 16, 18, 19, 20, 25, 28, 29, 31, 49, 52]]
[59, 4.16623, [0, 1, 2, 4, 5, 7, 8, 9, 15, 16, 18, 19, 20, 25, 28, 29, 33, 49, 52]]
[59, 4.16255, [0, 1, 2, 4, 5, 7, 8, 9, 15, 16, 18, 19, 20, 25, 28, 31, 33, 49, 52]]
[59, 4.16054, [0, 1, 2, 4, 5, 7, 8, 9, 15, 16, 18, 19, 20, 25, 29, 31, 33, 49, 52]]
[59, 4.15297, [0, 1, 2, 4, 5, 7, 8, 9, 15, 16, 18, 19, 20, 26, 29, 36, 38, 42, 48]]
[59, 4.16794, [0, 1, 2, 4, 5, 7, 8, 9, 15, 16, 18, 19, 20, 28, 29, 31, 33, 37, 49]]
[59, 4.15365, [0, 1, 2, 4, 5, 7, 8, 9, 15, 16, 18, 19, 20, 28, 29, 31, 33, 49, 52]]
[59, 4.1537, [0, 1, 2, 4, 5, 7, 8, 9, 15, 16, 18, 19, 20, 28, 30, 34, 36, 42, 46]]
[59, 4.16431, [0, 1, 2, 4, 5, 7, 8, 9, 15, 16, 18, 19, 21, 28, 29, 31, 33, 37, 49]]
[59, 4.16035, [0, 1, 2, 4, 5, 7, 8, 9, 15, 16, 18, 20, 21, 28, 29, 31, 33, 37, 49]]
[59, 4.15756, [0, 1, 2, 4, 5, 7, 8, 9, 15, 16, 19, 20, 21, 25, 28, 29, 31, 49, 52]]
[59, 4.1506, [0, 1, 2, 4, 5, 7, 8, 9, 15, 16, 19, 20, 21, 25, 28, 31, 33, 49, 52]]
[59, 4.16053, [0, 1, 2, 4, 5, 7, 8, 9, 15, 16, 19, 20, 21, 26, 28, 29, 36, 38, 49]]
[59, 4.15598, [0, 1, 2, 4, 5, 7, 8, 9, 15, 16, 19, 20, 21, 28, 29, 31, 33, 37, 49]]
[59, 4.15474, [0, 1, 2, 4, 5, 7, 8, 9, 15, 16, 19, 20, 21, 28, 29, 31, 33, 38, 49]]
[59, 4.18247, [0, 1, 2, 4, 5, 7, 8, 9, 15, 17, 18, 19, 23, 24, 26, 28, 29, 36, 49]]
[59, 4.17626, [0, 1, 2, 4, 5, 7, 8, 9, 15, 17, 18, 19, 23, 24, 26, 28, 32, 34, 54]]
[59, 4.16662, [0, 1, 2, 4, 5, 7, 8, 9, 15, 17, 18, 19, 23, 24, 26, 29, 36, 38, 49]]
[59, 4.17236, [0, 1, 2, 4, 5, 7, 8, 9, 15, 17, 18, 19, 23, 24, 26, 30, 32, 34, 54]]
[59, 4.17145, [0, 1, 2, 4, 5, 7, 8, 9, 15, 17, 18, 19, 23, 24, 26, 30, 32, 38, 48]]
[59, 4.167, [0, 1, 2, 4, 5, 7, 8, 9, 15, 17, 18, 19, 23, 24, 26, 30, 32, 38, 54]]
[59, 4.16041, [0, 1, 2, 4, 5, 7, 8, 9, 15, 17, 18, 19, 23, 24, 26, 32, 34, 38, 54]]
[59, 4.15207, [0, 1, 2, 4, 5, 7, 8, 9, 15, 17, 18, 19, 23, 24, 30, 32, 34, 38, 54]]
[59, 4.16864, [0, 1, 2, 4, 5, 7, 8, 9, 15, 17, 18, 19, 37, 39, 40, 41, 44, 45, 46, 51]]
[59, 4.16776, [0, 1, 2, 4, 5, 7, 8, 9, 15, 17, 18, 19, 37, 39, 40, 41, 44, 45, 47, 51]]
[59, 4.16428, [0, 1, 2, 4, 5, 7, 8, 9, 15, 17, 18, 19, 37, 39, 40, 41, 44, 47, 49, 51]]
[59, 4.16194, [0, 1, 2, 4, 5, 7, 8, 9, 15, 17, 18, 19, 37, 39, 40, 44, 45, 46, 48, 51]]
[59, 4.15761, [0, 1, 2, 4, 5, 7, 8, 9, 15, 17, 18, 20, 21, 23, 29, 33, 37, 39, 47]]
[59, 4.15363, [0, 1, 2, 4, 5, 7, 8, 9, 15, 17, 18, 20, 21, 23, 30, 35, 37, 39, 46]]
[59, 4.23744, [0, 1, 2, 4, 5, 7, 8, 9, 15, 17, 18, 20, 21, 23, 37, 39, 43, 44, 47, 49]]
[59, 4.1655, [0, 1, 2, 4, 5, 7, 8, 9, 15, 17, 18, 20, 21, 26, 28, 30, 34, 36, 46]]
[59, 4.20993, [0, 1, 2, 4, 5, 7, 8, 9, 15, 17, 18, 20, 21, 35, 37, 39, 44, 45, 46, 51]]
[59, 4.20904, [0, 1, 2, 4, 5, 7, 8, 9, 15, 17, 18, 20, 21, 35, 37, 39, 44, 45, 47, 51]]
[59, 4.15256, [0, 1, 2, 4, 5, 7, 8, 9, 15, 17, 18, 20, 23, 24, 30, 32, 34, 38, 48]]
[59, 4.15385, [0, 1, 2, 4, 5, 7, 8, 9, 15, 17, 19, 20, 23, 24, 28, 29, 36, 38, 49]]
[59, 4.27789, [0, 1, 2, 4, 5, 7, 8, 9, 15, 17, 19, 20, 23, 24, 28, 30, 34, 36, 38, 54]]
[59, 4.15367, [0, 1, 2, 4, 5, 7, 8, 9, 15, 17, 19, 20, 23, 24, 28, 30, 34, 36, 54]]
[59, 4.15112, [0, 1, 2, 4, 5, 7, 8, 9, 15, 17, 19, 20, 23, 24, 28, 30, 34, 38, 54]]
[59, 4.18126, [0, 1, 2, 4, 5, 7, 8, 9, 15, 17, 20, 21, 23, 37, 39, 43, 44, 46, 47, 49]]
[59, 4.15618, [0, 1, 2, 4, 5, 7, 8, 9, 15, 18, 19, 20, 23, 24, 25, 28, 29, 49, 52]]
[59, 4.25865, [0, 1, 2, 4, 5, 7, 8, 9, 15, 18, 19, 20, 23, 24, 25, 29, 33, 49, 51, 52]]
[59, 4.1592, [0, 1, 2, 4, 5, 7, 8, 9, 15, 18, 19, 20, 23, 24, 26, 30, 32, 34, 54]]
[59, 4.26901, [0, 1, 2, 4, 5, 7, 8, 9, 15, 18, 19, 20, 24, 25, 28, 29, 31, 33, 49, 52]]
[59, 4.15579, [0, 1, 2, 4, 5, 7, 8, 9, 15, 18, 19, 20, 24, 25, 28, 29, 31, 33, 52]]
[59, 4.15965, [0, 1, 2, 4, 5, 7, 8, 9, 15, 19, 20, 21, 23, 24, 26, 28, 34, 36, 38]]
[59, 4.15131, [0, 1, 2, 4, 5, 7, 8, 9, 15, 19, 20, 21, 23, 24, 28, 30, 34, 36, 38]]
[59, 4.15818, [0, 1, 2, 4, 5, 7, 8, 9, 16, 17, 18, 20, 21, 26, 28, 30, 34, 37, 46]]
[59, 4.15162, [0, 1, 2, 4, 5, 7, 8, 9, 16, 17, 18, 20, 21, 26, 28, 30, 37, 39, 46]]
[59, 4.15054, [0, 1, 2, 4, 5, 7, 8, 9, 16, 17, 18, 20, 21, 26, 28, 32, 34, 36, 53]]
[59, 4.27726, [0, 1, 2, 4, 5, 7, 8, 9, 16, 17, 18, 20, 21, 28, 29, 31, 33, 37, 39, 43]]
[59, 4.15426, [0, 1, 2, 4, 5, 7, 8, 9, 16, 17, 18, 20, 21, 28, 29, 31, 33, 37, 43]]
[59, 4.15182, [0, 1, 2, 4, 5, 7, 8, 9, 16, 17, 18, 20, 21, 28, 29, 31, 33, 39, 43]]
[59, 4.15265, [0, 1, 2, 4, 5, 7, 8, 9, 16, 17, 19, 20, 22, 26, 28, 29, 31, 38, 50]]
[59, 4.15212, [0, 1, 2, 4, 5, 7, 8, 9, 16, 17, 19, 20, 22, 26, 28, 29, 36, 38, 42]]
[59, 4.16359, [0, 1, 2, 4, 5, 7, 8, 9, 17, 18, 19, 21, 22, 24, 28, 29, 31, 33, 37]]
[59, 4.15112, [0, 1, 2, 4, 5, 7, 8, 9, 17, 19, 20, 22, 23, 24, 27, 28, 29, 36, 38]]
[59, 4.24818, [0, 1, 2, 4, 5, 7, 8, 9, 17, 19, 20, 22, 23, 24, 27, 28, 29, 38, 50, 51]]
[59, 4.24075, [0, 1, 2, 4, 5, 7, 8, 9, 17, 19, 20, 22, 23, 24, 28, 29, 31, 37, 49, 53]]
[59, 4.22688, [0, 1, 2, 4, 5, 7, 8, 9, 17, 19, 20, 22, 23, 24, 28, 29, 31, 49, 51, 53]]
[59, 4.24557, [0, 1, 2, 4, 5, 7, 8, 9, 17, 19, 20, 22, 23, 24, 28, 30, 34, 36, 38, 54]]
[59, 4.19858, [0, 1, 2, 4, 5, 7, 8, 9, 17, 19, 20, 22, 26, 28, 29, 36, 38, 42, 46, 49]]
[59, 4.2127, [0, 1, 2, 4, 5, 7, 8, 9, 17, 19, 21, 22, 24, 27, 28, 29, 31, 49, 51, 53]]
[59, 4.16884, [0, 1, 2, 4, 5, 7, 8, 9, 17, 19, 21, 24, 27, 28, 29, 31, 49, 50, 51, 53]]
[59, 4.20431, [0, 1, 2, 4, 5, 7, 8, 9, 17, 20, 22, 23, 24, 27, 28, 29, 31, 49, 50, 51]]
[59, 4.17183, [0, 1, 2, 4, 5, 7, 8, 9, 17, 20, 22, 23, 24, 28, 29, 31, 49, 50, 51, 53]]
[59, 4.15452, [0, 1, 2, 4, 5, 7, 8, 9, 17, 21, 23, 24, 27, 28, 29, 31, 49, 50, 51, 53]]
[59, 4.15111, [0, 1, 2, 4, 5, 7, 8, 9, 17, 22, 23, 24, 27, 28, 29, 31, 49, 50, 51, 53]]
[59, 4.17324, [0, 1, 2, 4, 5, 7, 8, 9, 19, 20, 23, 24, 25, 28, 29, 31, 33, 49, 51, 52]]
[59, 4.17916, [0, 1, 2, 4, 5, 7, 8, 13, 14, 15, 17, 18, 24, 25, 26, 28, 29, 31, 36]]
[59, 4.16299, [0, 1, 2, 4, 5, 7, 8, 13, 14, 15, 17, 18, 24, 25, 26, 28, 31, 36, 40]]
[59, 4.15143, [0, 1, 2, 4, 5, 7, 8, 13, 14, 15, 17, 18, 24, 25, 26, 30, 32, 40, 41]]
[59, 4.17484, [0, 1, 2, 4, 5, 7, 8, 13, 14, 16, 17, 18, 22, 25, 27, 28, 29, 33, 35]]
[59, 4.17052, [0, 1, 2, 4, 5, 7, 8, 13, 14, 16, 17, 18, 22, 25, 27, 28, 29, 35, 36]]
[59, 4.16862, [0, 1, 2, 4, 5, 7, 8, 13, 14, 16, 17, 18, 22, 25, 27, 28, 30, 35, 36]]
[59, 4.15638, [0, 1, 2, 4, 5, 7, 8, 13, 14, 16, 17, 18, 30, 38, 40, 41, 42, 46, 48, 49]]
[59, 4.20916, [0, 1, 2, 4, 5, 7, 8, 13, 15, 16, 17, 20, 21, 23, 27, 39, 44, 48, 49, 52]]
[59, 4.16177, [0, 1, 2, 4, 5, 7, 8, 13, 15, 17, 18, 20, 21, 35, 37, 39, 44, 45, 47, 51]]
[59, 4.16907, [0, 1, 2, 4, 5, 7, 8, 14, 16, 17, 19, 22, 23, 26, 28, 29, 37, 53, 54, 56]]
[59, 4.20579, [0, 1, 2, 4, 5, 7, 8, 14, 16, 18, 19, 23, 25, 26, 28, 29, 31, 35, 36, 48]]
[59, 4.16816, [0, 1, 2, 4, 5, 7, 9, 12, 14, 15, 16, 20, 27, 34, 36, 37, 44, 46, 48, 51]]
[59, 4.24552, [0, 1, 2, 4, 5, 7, 9, 12, 14, 15, 16, 22, 24, 25, 26, 29, 31, 39, 41, 55]]
[59, 4.22896, [0, 1, 2, 4, 5, 7, 9, 12, 14, 15, 16, 22, 24, 25, 26, 31, 39, 40, 41, 55]]
[59, 4.23981, [0, 1, 2, 4, 5, 7, 9, 12, 14, 15, 16, 22, 24, 25, 27, 29, 33, 39, 41, 55]]
[59, 4.23604, [0, 1, 2, 4, 5, 7, 9, 12, 14, 15, 16, 22, 24, 25, 27, 31, 33, 39, 41, 55]]
[59, 4.23178, [0, 1, 2, 4, 5, 7, 9, 12, 14, 15, 16, 22, 24, 25, 29, 31, 33, 39, 41, 55]]
[59, 4.21383, [0, 1, 2, 4, 5, 7, 9, 12, 14, 15, 16, 22, 24, 25, 29, 33, 39, 41, 45, 55]]
[59, 4.24066, [0, 1, 2, 4, 5, 7, 9, 12, 14, 15, 16, 22, 24, 26, 27, 29, 31, 39, 41, 55]]
[59, 4.17382, [0, 1, 2, 4, 5, 7, 9, 12, 14, 15, 16, 22, 25, 29, 33, 39, 41, 45, 53, 55]]
[59, 4.18497, [0, 1, 2, 4, 5, 7, 9, 12, 14, 15, 22, 24, 25, 26, 29, 31, 39, 40, 41, 55]]
[59, 4.20695, [0, 1, 2, 4, 5, 7, 9, 12, 15, 16, 19, 21, 22, 24, 28, 29, 31, 49, 50, 55]]
[59, 4.15606, [0, 1, 2, 4, 5, 7, 9, 12, 15, 19, 20, 21, 24, 25, 29, 31, 45, 49, 51, 53]]
[59, 4.22586, [0, 1, 2, 4, 5, 7, 9, 12, 16, 18, 19, 21, 22, 24, 28, 29, 31, 33, 37, 49]]
[59, 4.15424, [0, 1, 2, 4, 5, 7, 9, 15, 16, 17, 19, 22, 24, 27, 28, 29, 31, 49, 50, 55]]
[59, 4.16493, [0, 1, 2, 4, 5, 7, 9, 15, 17, 19, 20, 22, 23, 24, 28, 30, 34, 36, 38, 54]]
[59, 4.24576, [0, 1, 2, 4, 5, 7, 11, 12, 13, 15, 16, 18, 20, 23, 27, 33, 35, 37, 45, 51]]
[59, 4.18303, [0, 1, 2, 4, 5, 7, 11, 12, 13, 15, 16, 18, 20, 23, 37, 43, 47, 50, 51, 53]]
[59, 4.21817, [0, 1, 2, 4, 5, 7, 11, 12, 13, 15, 16, 18, 22, 24, 27, 34, 40, 42, 46, 55]]
[59, 4.20574, [0, 1, 2, 4, 5, 7, 11, 12, 13, 15, 16, 18, 22, 27, 28, 30, 42, 46, 50, 55]]
[59, 4.20442, [0, 1, 2, 4, 5, 7, 11, 12, 13, 15, 16, 18, 22, 27, 30, 34, 40, 42, 46, 55]]
[59, 4.18842, [0, 1, 2, 4, 5, 7, 11, 12, 13, 15, 16, 18, 22, 28, 30, 36, 42, 46, 52, 55]]
[59, 4.17401, [0, 1, 2, 4, 5, 7, 11, 12, 13, 15, 16, 18, 22, 28, 30, 42, 46, 50, 52, 55]]
[59, 4.16454, [0, 1, 2, 4, 5, 7, 11, 12, 13, 15, 16, 18, 22, 28, 30, 46, 50, 52, 53, 55]]
[59, 4.1762, [0, 1, 2, 4, 5, 7, 11, 12, 13, 15, 16, 18, 22, 28, 36, 38, 42, 46, 52, 55]]
[59, 4.16982, [0, 1, 2, 4, 5, 7, 11, 12, 13, 15, 16, 18, 22, 30, 36, 40, 42, 46, 52, 55]]
[59, 4.16036, [0, 1, 2, 4, 5, 7, 11, 12, 13, 15, 16, 18, 22, 30, 36, 40, 46, 52, 53, 55]]
[59, 4.22875, [0, 1, 2, 4, 5, 7, 11, 12, 13, 15, 16, 21, 22, 24, 25, 28, 30, 46, 52, 53]]
[59, 4.20885, [0, 1, 2, 4, 5, 7, 11, 12, 13, 15, 16, 22, 23, 25, 27, 30, 39, 40, 46, 52]]
[59, 4.20983, [0, 1, 2, 4, 5, 7, 11, 12, 13, 15, 16, 22, 24, 25, 27, 30, 39, 40, 42, 52]]
[59, 4.17791, [0, 1, 2, 4, 5, 7, 11, 12, 13, 15, 16, 22, 24, 25, 28, 30, 46, 52, 53, 55]]
[59, 4.18271, [0, 1, 2, 4, 5, 7, 11, 12, 13, 15, 16, 22, 24, 27, 30, 34, 40, 42, 46, 55]]
[59, 4.17077, [0, 1, 2, 4, 5, 7, 11, 12, 13, 15, 18, 22, 24, 27, 28, 38, 40, 42, 46, 55]]
[59, 4.15398, [0, 1, 2, 4, 5, 7, 11, 12, 13, 15, 18, 24, 27, 28, 34, 37, 38, 40, 42, 55]]
[59, 4.21686, [0, 1, 2, 4, 5, 7, 11, 12, 13, 16, 18, 20, 21, 23, 27, 33, 35, 37, 45, 51]]
[59, 4.19872, [0, 1, 2, 4, 5, 7, 11, 12, 14, 16, 19, 22, 23, 28, 29, 31, 35, 36, 37, 39]]
[59, 4.18208, [0, 1, 2, 4, 5, 7, 11, 12, 14, 16, 19, 22, 23, 28, 29, 31, 35, 37, 39, 53]]
[59, 4.171, [0, 1, 2, 4, 5, 7, 11, 12, 14, 16, 20, 22, 23, 26, 31, 35, 36, 37, 39, 53]]
[59, 4.17627, [0, 1, 2, 4, 5, 7, 11, 12, 14, 16, 22, 23, 26, 28, 29, 31, 35, 36, 37, 39]]
[59, 4.15964, [0, 1, 2, 4, 5, 7, 11, 12, 14, 16, 22, 23, 26, 28, 29, 31, 35, 37, 39, 53]]
[59, 4.17647, [0, 1, 2, 4, 5, 7, 11, 13, 14, 16, 17, 18, 28, 29, 31, 35, 36, 37, 39, 47]]
[59, 4.16687, [0, 1, 2, 4, 5, 7, 11, 13, 14, 16, 17, 18, 28, 29, 31, 36, 37, 39, 43, 47]]
[59, 4.17279, [0, 1, 2, 4, 5, 7, 11, 13, 15, 16, 18, 20, 21, 23, 27, 37, 39, 45, 47, 49]]
[59, 4.15861, [0, 1, 2, 4, 5, 7, 11, 13, 15, 16, 18, 20, 21, 23, 27, 37, 45, 47, 49, 55]]
[59, 4.16134, [0, 1, 2, 4, 5, 7, 11, 13, 15, 16, 18, 20, 21, 23, 27, 39, 45, 47, 48, 49]]
[59, 4.16835, [0, 1, 2, 4, 5, 7, 11, 13, 15, 16, 18, 20, 23, 24, 27, 33, 37, 45, 49, 51]]
[59, 4.17549, [0, 1, 2, 4, 5, 7, 11, 13, 15, 16, 18, 22, 23, 24, 27, 30, 34, 40, 46, 55]]
[59, 4.15488, [0, 1, 2, 4, 5, 7, 11, 14, 16, 17, 19, 22, 26, 28, 29, 31, 35, 36, 37, 39]]
[59, 4.25294, [0, 1, 2, 4, 5, 8, 9, 10, 14, 16, 17, 18, 21, 28, 29, 31, 33, 37, 39, 43]]
[59, 4.23656, [0, 1, 2, 4, 5, 8, 9, 10, 14, 16, 17, 18, 21, 28, 29, 31, 37, 39, 43, 47]]
[59, 4.18544, [0, 1, 2, 4, 5, 8, 9, 10, 14, 17, 18, 21, 28, 29, 31, 33, 37, 39, 43, 47]]
[59, 4.23436, [0, 1, 2, 4, 5, 8, 9, 10, 14, 17, 21, 22, 23, 26, 28, 29, 31, 33, 37, 39]]
[59, 4.22079, [0, 1, 2, 4, 5, 8, 9, 10, 16, 17, 18, 20, 21, 28, 29, 31, 33, 37, 39, 43]]
[59, 4.18782, [0, 1, 2, 4, 5, 9, 10, 11, 14, 16, 17, 18, 21, 28, 29, 34, 36, 37, 39, 55]]
[59, 4.17772, [0, 1, 2, 4, 5, 9, 10, 12, 14, 17, 21, 22, 23, 26, 28, 29, 31, 33, 37, 39]]
[59, 4.16244, [0, 1, 2, 4, 5, 9, 10, 12, 14, 17, 21, 22, 23, 26, 28, 29, 31, 33, 39, 53]]
[59, 4.15523, [0, 1, 2, 4, 5, 9, 11, 12, 15, 16, 17, 19, 22, 24, 28, 29, 31, 49, 50, 55]]
[59, 4.15524, [0, 1, 2, 5, 6, 7, 9, 10, 12, 19, 20, 21, 23, 24, 27, 29, 33, 37, 43, 52]]
[59, 4.16714, [0, 1, 2, 5, 6, 7, 9, 10, 12, 19, 20, 22, 23, 24, 27, 29, 33, 35, 37, 45]]
[59, 4.15471, [0, 1, 2, 5, 6, 7, 9, 10, 12, 20, 21, 22, 24, 25, 27, 28, 29, 37, 38, 50]]

Search completed in 0 hours, 6 minutes, and 37.824 seconds.  Enter a string to quit.