Enter an integer k for which our Kempner sets are k-free: 4
Enter a positive integer modulus b: 35
Enter estimation parameters, or * for pre-computed parameters ([0.1211, 1.1301, 1.4955]): *
Enter a threshold (e.g. 4.2) to determine printed output: 4.0
Enter a root for the search space (e.g. [0, 1, 2]) [or * for the root [0]]: *
Enter an upper bound for the size of allowable digit sets [or * to ignore]: *
Enter a maximal number of deviations from a greedy search [or * to ignore]: *
Searching for k-free sets mod b...

[35, 4.16238, [0, 1, 2, 4, 5, 7, 8, 9, 14, 15, 17, 23, 24]]
[35, 4.15673, [0, 1, 2, 4, 5, 7, 8, 9, 14, 15, 18, 23, 24]]
[35, 4.15024, [0, 1, 2, 4, 5, 7, 8, 9, 14, 16, 18, 22, 25]]
[35, 4.02553, [0, 1, 2, 4, 5, 7, 8, 9, 19, 22, 26, 28, 30]]
[35, 4.02236, [0, 1, 2, 4, 5, 7, 8, 9, 20, 21, 26, 29, 30]]
[35, 4.01959, [0, 1, 2, 4, 5, 7, 8, 9, 20, 21, 27, 29, 30]]
[35, 4.10619, [0, 1, 2, 4, 5, 7, 8, 13, 15, 16, 17, 21, 23]]
[35, 4.04045, [0, 1, 2, 4, 5, 7, 8, 14, 15, 16, 18, 30, 32]]
[35, 4.06927, [0, 1, 2, 4, 5, 7, 8, 14, 15, 17, 19, 23, 24]]
[35, 4.04535, [0, 1, 2, 4, 5, 7, 8, 14, 15, 17, 19, 24, 32]]
[35, 4.05914, [0, 1, 2, 4, 5, 7, 8, 14, 16, 17, 19, 23, 25]]
[35, 4.00134, [0, 1, 2, 4, 5, 7, 8, 14, 16, 17, 25, 29, 32]]
[35, 4.0036, [0, 1, 2, 4, 5, 7, 8, 14, 16, 18, 22, 30, 32]]
[35, 4.01287, [0, 1, 2, 4, 5, 7, 8, 14, 16, 19, 22, 26, 30]]
[35, 4.02499, [0, 1, 2, 4, 5, 7, 8, 15, 16, 17, 21, 23, 32]]
[35, 4.07048, [0, 1, 2, 4, 5, 7, 9, 12, 14, 15, 16, 29, 31]]
[35, 4.01727, [0, 1, 2, 4, 5, 7, 9, 12, 14, 15, 29, 30, 31]]
[35, 4.07516, [0, 1, 2, 4, 5, 7, 9, 12, 14, 16, 20, 22, 26]]
[35, 4.04592, [0, 1, 2, 4, 5, 7, 9, 12, 14, 16, 22, 26, 29]]
[35, 4.02044, [0, 1, 2, 4, 5, 7, 9, 12, 14, 16, 26, 29, 31]]
[35, 4.05313, [0, 1, 2, 4, 5, 7, 9, 12, 14, 18, 20, 22, 30]]
[35, 4.22492, [0, 1, 2, 4, 5, 7, 9, 12, 14, 20, 22, 26, 29, 30]]
[35, 4.02194, [0, 1, 2, 4, 5, 7, 9, 12, 14, 20, 22, 26, 30]]
[35, 4.01413, [0, 1, 2, 4, 5, 7, 9, 12, 14, 20, 22, 29, 30]]
[35, 4.00097, [0, 1, 2, 4, 5, 7, 9, 12, 14, 20, 26, 29, 30]]
[35, 4.01342, [0, 1, 2, 4, 5, 7, 9, 12, 15, 19, 22, 28, 30]]
[35, 4.02609, [0, 1, 2, 4, 5, 7, 9, 12, 16, 19, 21, 25, 27]]
[35, 4.01847, [0, 1, 2, 4, 5, 7, 9, 12, 16, 20, 21, 26, 27]]
[35, 4.00004, [0, 1, 2, 4, 5, 7, 9, 12, 16, 21, 25, 26, 27]]
[35, 4.06419, [0, 1, 2, 4, 5, 7, 9, 14, 15, 16, 18, 22, 24]]
[35, 4.01711, [0, 1, 2, 4, 5, 7, 9, 14, 16, 18, 22, 24, 25]]
[35, 4.11356, [0, 1, 2, 4, 5, 7, 11, 12, 13, 15, 16, 18, 22]]
[35, 4.06507, [0, 1, 2, 4, 5, 7, 11, 12, 13, 15, 18, 22, 28]]
[35, 4.04914, [0, 1, 2, 4, 5, 7, 11, 12, 13, 15, 18, 27, 28]]
[35, 4.06894, [0, 1, 2, 4, 5, 7, 11, 12, 13, 16, 18, 20, 27]]
[35, 4.05486, [0, 1, 2, 4, 5, 7, 11, 12, 13, 16, 20, 21, 27]]
[35, 4.06331, [0, 1, 2, 4, 5, 7, 11, 12, 14, 15, 16, 22, 30]]
[35, 4.05143, [0, 1, 2, 4, 5, 7, 11, 12, 14, 15, 18, 22, 30]]
[35, 4.02595, [0, 1, 2, 4, 5, 7, 11, 12, 14, 15, 18, 30, 31]]
[35, 4.03934, [0, 1, 2, 4, 5, 7, 11, 12, 14, 16, 19, 22, 30]]
[35, 4.03467, [0, 1, 2, 4, 5, 7, 11, 12, 14, 16, 20, 22, 30]]
[35, 4.0228, [0, 1, 2, 4, 5, 7, 11, 12, 14, 18, 20, 22, 30]]
[35, 4.00964, [0, 1, 2, 4, 5, 7, 11, 12, 14, 18, 20, 26, 30]]
[35, 4.03663, [0, 1, 2, 4, 5, 7, 11, 12, 15, 16, 18, 22, 30]]
[35, 4.01759, [0, 1, 2, 4, 5, 7, 11, 14, 15, 16, 18, 22, 30]]
[35, 4.00531, [0, 1, 2, 4, 5, 7, 11, 14, 16, 17, 19, 24, 25]]
[35, 4.1395, [0, 1, 2, 4, 5, 7, 11, 14, 17, 19, 24, 26, 31, 32]]
[35, 4.1547, [0, 1, 2, 4, 5, 7, 11, 15, 16, 17, 21, 29, 30, 32]]
[35, 4.03297, [0, 1, 2, 4, 5, 8, 9, 10, 14, 18, 24, 25, 28]]
[35, 4.01495, [0, 1, 2, 4, 5, 8, 9, 10, 14, 22, 24, 25, 28]]
[35, 4.00508, [0, 1, 2, 4, 5, 8, 10, 14, 16, 17, 19, 21, 25]]
[35, 4.0244, [0, 1, 2, 4, 5, 9, 11, 12, 14, 15, 16, 21, 29]]
[35, 4.01816, [0, 1, 2, 4, 5, 9, 11, 12, 14, 15, 17, 21, 29]]
[35, 4.01191, [0, 1, 2, 4, 5, 9, 11, 12, 14, 15, 17, 22, 30]]
[35, 4.0112, [0, 1, 2, 4, 5, 9, 11, 12, 14, 16, 17, 21, 29]]
[35, 4.00726, [0, 1, 2, 4, 5, 9, 11, 12, 14, 16, 17, 22, 29]]
[35, 4.03327, [0, 1, 2, 4, 5, 9, 11, 12, 15, 16, 17, 19, 22]]
[35, 4.00338, [0, 1, 2, 4, 5, 9, 11, 12, 15, 16, 17, 21, 29]]
[35, 4.08497, [0, 1, 2, 4, 5, 10, 11, 12, 17, 22, 25, 26, 29, 31]]
[35, 4.01381, [0, 1, 2, 4, 7, 8, 9, 11, 15, 16, 18, 20, 21]]
[35, 4.14327, [0, 1, 2, 4, 7, 9, 11, 12, 15, 16, 20, 21, 22, 25]]
[35, 4.00442, [0, 1, 2, 4, 7, 9, 14, 15, 16, 20, 22, 24, 25, 32]]

Search completed in 0 hours, 0 minutes, and 0.417 seconds.  Enter a string to quit.