Enter an integer k for which our Kempner sets are k-free: 4
Enter a positive integer modulus b: 66
Enter estimation parameters, or * for pre-computed parameters ([0.0951, 1.0996, 1.4229]): *
Enter a threshold (e.g. 4.2) to determine printed output: 4.1
Enter a root for the search space (e.g. [0, 1, 2]) [or * for the root [0]]: *
Enter an upper bound for the size of allowable digit sets [or * to ignore]: *
Enter a maximal number of deviations from a greedy search [or * to ignore]: *
Searching for k-free sets mod b...

[66, 4.1279, [0, 1, 2, 4, 5, 7, 8, 9, 14, 15, 17, 18, 23, 24, 26, 29, 30, 39, 49, 58]]
[66, 4.11541, [0, 1, 2, 4, 5, 7, 8, 9, 14, 15, 17, 18, 23, 24, 26, 29, 30, 49, 54, 58]]
[66, 4.1114, [0, 1, 2, 4, 5, 7, 8, 9, 14, 15, 17, 18, 23, 24, 26, 29, 30, 49, 58, 61]]
[66, 4.10424, [0, 1, 2, 4, 5, 7, 8, 9, 14, 15, 17, 18, 23, 24, 26, 29, 39, 49, 52, 58]]
[66, 4.12118, [0, 1, 2, 4, 5, 7, 8, 9, 14, 15, 17, 18, 23, 26, 28, 29, 30, 39, 46, 58]]
[66, 4.10466, [0, 1, 2, 4, 5, 7, 8, 9, 14, 15, 17, 23, 24, 26, 27, 29, 30, 39, 44, 58]]
[66, 4.10677, [0, 1, 2, 4, 5, 7, 8, 9, 14, 16, 17, 22, 26, 27, 28, 30, 31, 36, 39, 45]]
[66, 4.10485, [0, 1, 2, 4, 5, 7, 8, 9, 14, 16, 17, 22, 26, 27, 29, 30, 31, 36, 39, 45]]
[66, 4.1086, [0, 1, 2, 4, 5, 7, 8, 9, 14, 17, 22, 23, 24, 26, 27, 29, 30, 31, 36, 39]]
[66, 4.15413, [0, 1, 2, 4, 5, 7, 8, 9, 15, 16, 17, 19, 20, 26, 27, 28, 30, 31, 36, 39]]
[66, 4.13355, [0, 1, 2, 4, 5, 7, 8, 9, 15, 16, 17, 19, 20, 26, 27, 28, 31, 32, 39, 56]]
[66, 4.12793, [0, 1, 2, 4, 5, 7, 8, 9, 15, 16, 17, 19, 20, 26, 27, 28, 31, 36, 39, 56]]
[66, 4.11287, [0, 1, 2, 4, 5, 7, 8, 9, 15, 16, 17, 19, 20, 26, 27, 28, 32, 43, 45, 56]]
[66, 4.10725, [0, 1, 2, 4, 5, 7, 8, 9, 15, 16, 17, 19, 20, 26, 27, 28, 36, 43, 45, 56]]
[66, 4.13044, [0, 1, 2, 4, 5, 7, 8, 9, 15, 16, 17, 19, 20, 26, 27, 30, 31, 32, 39, 55]]
[66, 4.10424, [0, 1, 2, 4, 5, 7, 8, 9, 15, 16, 17, 19, 20, 26, 27, 31, 32, 39, 55, 56]]
[66, 4.10282, [0, 1, 2, 4, 5, 7, 8, 9, 15, 16, 17, 19, 20, 26, 28, 31, 32, 39, 54, 56]]
[66, 4.14895, [0, 1, 2, 4, 5, 7, 8, 9, 15, 16, 18, 19, 20, 25, 26, 28, 29, 31, 32, 54]]
[66, 4.11964, [0, 1, 2, 4, 5, 7, 8, 9, 15, 16, 18, 19, 20, 25, 26, 29, 31, 32, 54, 55]]
[66, 4.11279, [0, 1, 2, 4, 5, 7, 8, 9, 15, 16, 18, 19, 20, 25, 26, 29, 31, 36, 55, 56]]
[66, 4.13637, [0, 1, 2, 4, 5, 7, 8, 9, 15, 16, 18, 19, 21, 25, 26, 28, 29, 32, 44, 45]]
[66, 4.10707, [0, 1, 2, 4, 5, 7, 8, 9, 15, 16, 18, 19, 21, 25, 26, 29, 32, 44, 45, 55]]
[66, 4.20231, [0, 1, 2, 4, 5, 7, 8, 9, 15, 16, 18, 19, 21, 25, 29, 30, 31, 36, 47, 55, 59]]
[66, 4.10526, [0, 1, 2, 4, 5, 7, 8, 9, 15, 16, 18, 19, 21, 25, 29, 30, 31, 36, 47, 59]]
[66, 4.17556, [0, 1, 2, 4, 5, 7, 8, 9, 15, 16, 18, 19, 21, 25, 29, 31, 36, 47, 55, 56, 59]]
[66, 4.10802, [0, 1, 2, 4, 5, 7, 8, 9, 15, 16, 18, 20, 21, 25, 26, 28, 32, 43, 45, 52]]
[66, 4.13174, [0, 1, 2, 4, 5, 7, 8, 9, 15, 18, 19, 21, 25, 29, 30, 31, 36, 47, 55, 56, 59]]
[66, 4.11045, [0, 1, 2, 4, 5, 7, 8, 9, 16, 17, 19, 20, 21, 26, 27, 28, 30, 36, 39, 45]]
[66, 4.12389, [0, 1, 2, 4, 5, 7, 8, 9, 16, 17, 19, 20, 22, 26, 27, 28, 30, 31, 36, 39]]
[66, 4.10727, [0, 1, 2, 4, 5, 7, 8, 9, 16, 17, 19, 20, 22, 26, 27, 28, 30, 36, 39, 45]]
[66, 4.1038, [0, 1, 2, 4, 5, 7, 8, 9, 16, 17, 19, 21, 22, 26, 27, 28, 30, 36, 39, 45]]
[66, 4.13026, [0, 1, 2, 4, 5, 7, 8, 9, 17, 18, 19, 23, 24, 26, 28, 29, 43, 44, 53, 54, 55]]
[66, 4.11992, [0, 1, 2, 4, 5, 7, 8, 13, 14, 15, 17, 18, 24, 25, 26, 28, 29, 31, 32, 45]]
[66, 4.1143, [0, 1, 2, 4, 5, 7, 8, 13, 14, 15, 17, 18, 24, 25, 26, 28, 29, 31, 36, 45]]
[66, 4.10266, [0, 1, 2, 4, 5, 7, 8, 13, 14, 15, 17, 18, 24, 25, 26, 28, 29, 31, 36, 63]]
[66, 4.1016, [0, 1, 2, 4, 5, 7, 8, 13, 14, 15, 17, 18, 24, 25, 26, 28, 31, 32, 43, 45]]
[66, 4.1883, [0, 1, 2, 4, 5, 7, 8, 13, 14, 15, 17, 18, 24, 25, 26, 28, 31, 36, 43, 45, 63]]
[66, 4.15664, [0, 1, 2, 4, 5, 7, 8, 13, 14, 16, 17, 18, 25, 26, 28, 29, 36, 43, 44, 45, 60]]
[66, 4.10334, [0, 1, 2, 4, 5, 7, 8, 13, 14, 16, 17, 22, 23, 25, 26, 36, 51, 52, 54, 57, 63]]
[66, 4.1502, [0, 1, 2, 4, 5, 7, 8, 13, 15, 16, 17, 20, 21, 26, 27, 28, 36, 43, 45, 56, 57]]
[66, 4.14668, [0, 1, 2, 4, 5, 7, 8, 13, 15, 16, 18, 20, 21, 25, 28, 31, 36, 39, 47, 50, 57]]
[66, 4.11617, [0, 1, 2, 4, 5, 7, 8, 13, 15, 16, 18, 20, 21, 25, 31, 36, 39, 47, 50, 56, 57]]
[66, 4.13618, [0, 1, 2, 4, 5, 7, 8, 13, 15, 16, 18, 20, 21, 28, 30, 31, 36, 39, 47, 50, 57]]
[66, 4.12104, [0, 1, 2, 4, 5, 7, 8, 13, 15, 16, 18, 21, 25, 28, 30, 31, 36, 39, 47, 50, 57]]
[66, 4.10171, [0, 1, 2, 4, 5, 7, 8, 13, 15, 16, 18, 21, 25, 28, 30, 31, 39, 47, 50, 57, 59]]
[66, 4.16284, [0, 1, 2, 4, 5, 7, 8, 13, 15, 17, 18, 20, 21, 27, 28, 30, 31, 36, 39, 42, 59]]
[66, 4.11931, [0, 1, 2, 4, 5, 7, 8, 13, 16, 17, 20, 21, 22, 26, 27, 28, 36, 43, 45, 56, 57]]
[66, 4.10557, [0, 1, 2, 4, 5, 7, 8, 13, 16, 18, 20, 21, 25, 28, 30, 31, 36, 39, 45, 47, 50]]
[66, 4.10218, [0, 1, 2, 4, 5, 7, 8, 14, 15, 16, 18, 19, 26, 27, 29, 39, 42, 44, 45, 46, 61]]
[66, 4.13023, [0, 1, 2, 4, 5, 7, 8, 14, 15, 17, 18, 24, 25, 26, 28, 29, 31, 36, 39, 45, 63]]
[66, 4.13794, [0, 1, 2, 4, 5, 7, 8, 14, 16, 17, 18, 22, 23, 27, 29, 30, 31, 36, 39, 42, 53]]
[66, 4.10694, [0, 1, 2, 4, 5, 7, 9, 12, 14, 18, 20, 22, 23, 29, 30, 31, 36, 39, 46, 49, 50]]
[66, 4.11303, [0, 1, 2, 4, 5, 7, 9, 12, 15, 16, 19, 20, 21, 25, 29, 31, 36, 47, 55, 56, 59]]
[66, 4.10435, [0, 1, 2, 4, 5, 7, 9, 12, 15, 16, 19, 20, 21, 25, 29, 31, 44, 47, 55, 56, 59]]
[66, 4.1049, [0, 1, 2, 4, 5, 7, 9, 14, 16, 17, 20, 22, 26, 27, 28, 30, 31, 36, 39, 45, 51]]
[66, 4.17168, [0, 1, 2, 4, 5, 7, 11, 12, 13, 15, 16, 21, 22, 23, 25, 28, 30, 36, 43, 50, 52]]
[66, 4.16433, [0, 1, 2, 4, 5, 7, 11, 12, 13, 15, 16, 21, 22, 23, 25, 28, 30, 36, 43, 52, 62]]
[66, 4.16816, [0, 1, 2, 4, 5, 7, 11, 12, 13, 15, 16, 21, 22, 23, 25, 28, 30, 36, 47, 50, 52]]
[66, 4.15895, [0, 1, 2, 4, 5, 7, 11, 12, 13, 15, 16, 21, 22, 23, 25, 28, 36, 39, 43, 50, 52]]
[66, 4.1516, [0, 1, 2, 4, 5, 7, 11, 12, 13, 15, 16, 21, 22, 23, 25, 28, 36, 39, 43, 52, 62]]
[66, 4.15543, [0, 1, 2, 4, 5, 7, 11, 12, 13, 15, 16, 21, 22, 23, 25, 28, 36, 39, 47, 50, 52]]
[66, 4.14809, [0, 1, 2, 4, 5, 7, 11, 12, 13, 15, 16, 21, 22, 23, 25, 28, 36, 39, 47, 52, 62]]
[66, 4.11182, [0, 1, 2, 4, 5, 7, 11, 12, 13, 15, 16, 21, 22, 23, 25, 28, 47, 53, 59, 60, 62]]
[66, 4.10878, [0, 1, 2, 4, 5, 7, 11, 12, 13, 15, 16, 21, 22, 23, 25, 28, 51, 53, 59, 60, 62]]
[66, 4.13897, [0, 1, 2, 4, 5, 7, 11, 12, 13, 15, 16, 21, 22, 24, 25, 27, 28, 51, 56, 59, 62]]
[66, 4.11034, [0, 1, 2, 4, 5, 7, 11, 12, 13, 15, 16, 21, 22, 24, 25, 28, 51, 52, 53, 60, 62]]
[66, 4.10602, [0, 1, 2, 4, 5, 7, 11, 12, 13, 15, 16, 21, 22, 24, 25, 28, 51, 53, 59, 60, 62]]
[66, 4.12579, [0, 1, 2, 4, 5, 7, 11, 12, 13, 15, 16, 21, 22, 25, 28, 30, 36, 43, 50, 52, 62]]
[66, 4.11307, [0, 1, 2, 4, 5, 7, 11, 12, 13, 15, 16, 21, 22, 25, 28, 36, 39, 43, 50, 52, 62]]
[66, 4.10956, [0, 1, 2, 4, 5, 7, 11, 12, 13, 15, 16, 21, 22, 25, 28, 36, 39, 47, 50, 52, 62]]
[66, 4.15637, [0, 1, 2, 4, 5, 7, 11, 12, 13, 15, 16, 21, 23, 24, 25, 28, 30, 32, 52, 53, 62]]
[66, 4.15205, [0, 1, 2, 4, 5, 7, 11, 12, 13, 15, 16, 21, 23, 24, 25, 28, 30, 32, 53, 59, 62]]
[66, 4.12306, [0, 1, 2, 4, 5, 7, 11, 12, 13, 15, 16, 21, 23, 24, 25, 28, 32, 53, 59, 60, 62]]
[66, 4.10302, [0, 1, 2, 4, 5, 7, 11, 12, 13, 15, 16, 21, 23, 24, 25, 28, 51, 53, 59, 60, 62]]
[66, 4.13236, [0, 1, 2, 4, 5, 7, 11, 12, 13, 15, 16, 21, 23, 24, 25, 30, 32, 42, 53, 59, 62]]
[66, 4.11965, [0, 1, 2, 4, 5, 7, 11, 12, 13, 15, 16, 21, 23, 25, 28, 30, 32, 47, 53, 59, 60]]
[66, 4.11476, [0, 1, 2, 4, 5, 7, 11, 12, 13, 15, 16, 22, 23, 25, 26, 28, 43, 50, 51, 54, 57]]
[66, 4.13686, [0, 1, 2, 4, 5, 7, 11, 12, 13, 15, 16, 22, 23, 25, 28, 30, 36, 39, 43, 50, 52]]
[66, 4.12952, [0, 1, 2, 4, 5, 7, 11, 12, 13, 15, 16, 22, 23, 25, 28, 30, 36, 39, 43, 52, 62]]
[66, 4.13334, [0, 1, 2, 4, 5, 7, 11, 12, 13, 15, 16, 22, 23, 25, 28, 30, 36, 39, 47, 50, 52]]
[66, 4.11429, [0, 1, 2, 4, 5, 7, 11, 12, 13, 15, 21, 22, 23, 25, 28, 30, 36, 42, 43, 47, 52]]
[66, 4.10749, [0, 1, 2, 4, 5, 7, 11, 12, 13, 15, 21, 22, 23, 25, 28, 30, 36, 43, 47, 50, 52]]
[66, 4.10157, [0, 1, 2, 4, 5, 7, 11, 12, 13, 15, 21, 22, 23, 25, 28, 36, 39, 42, 43, 47, 52]]
[66, 4.16147, [0, 1, 2, 4, 5, 7, 11, 12, 14, 15, 16, 22, 23, 25, 26, 28, 30, 36, 39, 43, 50]]
[66, 4.14178, [0, 1, 2, 4, 5, 7, 11, 12, 14, 15, 16, 22, 23, 25, 26, 30, 36, 39, 42, 43, 50]]
[66, 4.1156, [0, 1, 2, 4, 5, 7, 11, 12, 14, 15, 16, 22, 25, 26, 28, 30, 36, 39, 43, 50, 62]]
[66, 4.13281, [0, 1, 2, 4, 5, 7, 11, 12, 14, 16, 20, 22, 23, 25, 26, 30, 31, 36, 39, 42, 50]]
[66, 4.11825, [0, 1, 2, 4, 5, 7, 11, 12, 14, 16, 20, 22, 23, 25, 26, 30, 31, 36, 42, 50, 57]]
[66, 4.12261, [0, 1, 2, 4, 5, 7, 11, 13, 14, 16, 17, 22, 24, 25, 27, 28, 30, 36, 39, 51, 62]]
[66, 4.10749, [0, 1, 2, 4, 5, 7, 11, 13, 14, 16, 20, 22, 23, 25, 26, 28, 30, 36, 50, 51, 57]]
[66, 4.19064, [0, 1, 2, 4, 5, 7, 11, 13, 15, 16, 21, 22, 23, 25, 28, 30, 36, 39, 43, 47, 50, 52]]
[66, 4.11055, [0, 1, 2, 4, 5, 7, 11, 13, 15, 16, 22, 23, 25, 26, 28, 43, 50, 51, 52, 54, 57, 63]]
[66, 4.10781, [0, 1, 2, 4, 5, 10, 11, 12, 14, 17, 19, 21, 24, 25, 27, 32, 41, 51, 55, 56, 59, 62]]

Search completed in 0 hours, 4 minutes, and 8.658 seconds.  Enter a string to quit.