Enter an integer k for which our Kempner sets are k-free: 4
Enter a positive integer modulus b: 24
Enter estimation parameters, or * for pre-computed parameters ([0.1438, 1.1563, 1.5514]): *
Enter a threshold (e.g. 4.2) to determine printed output: 3.4
Enter a root for the search space (e.g. [0, 1, 2]) [or * for the root [0]]: *
Enter an upper bound for the size of allowable digit sets [or * to ignore]: *
Enter a maximal number of deviations from a greedy search [or * to ignore]: *
Searching for k-free sets mod b...

[24, 3.86651, [0, 1, 2, 4, 5, 7, 8, 9, 15]]
[24, 3.84586, [0, 1, 2, 4, 5, 7, 8, 9, 18]]
[24, 3.75651, [0, 1, 2, 4, 5, 7, 8, 15, 21]]
[24, 3.73595, [0, 1, 2, 4, 5, 7, 8, 18, 21]]
[24, 3.47884, [0, 1, 2, 4, 5, 7, 8, 21]]
[24, 3.74013, [0, 1, 2, 4, 5, 7, 9, 15, 20]]
[24, 3.47366, [0, 1, 2, 4, 5, 7, 9, 18]]
[24, 3.46356, [0, 1, 2, 4, 5, 7, 9, 20]]
[24, 3.40491, [0, 1, 2, 4, 5, 7, 15, 18]]
[24, 3.63062, [0, 1, 2, 4, 5, 7, 15, 20, 21]]
[24, 3.52102, [0, 1, 2, 4, 5, 8, 9, 10]]
[24, 3.46844, [0, 1, 2, 4, 5, 8, 9, 15]]
[24, 3.69856, [0, 1, 2, 4, 5, 8, 9, 18, 19]]
[24, 3.44395, [0, 1, 2, 4, 5, 8, 9, 19]]
[24, 3.41842, [0, 1, 2, 4, 5, 8, 10, 21]]
[24, 3.58923, [0, 1, 2, 4, 5, 8, 18, 19, 21]]
[24, 3.47121, [0, 1, 2, 4, 5, 9, 10, 11]]
[24, 3.40317, [0, 1, 2, 4, 5, 9, 10, 20]]
[24, 3.57293, [0, 1, 2, 4, 5, 9, 18, 19, 20]]
[24, 3.70855, [0, 1, 2, 4, 7, 8, 9, 11, 15]]
[24, 3.52341, [0, 1, 2, 4, 7, 8, 17, 18, 21]]
[24, 3.58293, [0, 1, 2, 4, 7, 9, 11, 15, 20]]
[24, 3.56195, [0, 1, 2, 4, 8, 9, 11, 15, 19]]
[24, 3.43699, [0, 1, 2, 4, 9, 11, 15, 19, 20]]
[24, 3.44528, [0, 1, 2, 5, 6, 7, 9, 10]]
[24, 3.41531, [0, 1, 2, 5, 6, 7, 10, 11]]
[24, 3.42083, [0, 1, 2, 5, 6, 8, 9, 10]]
[24, 3.572, [0, 1, 2, 5, 6, 8, 9, 19, 22]]
[24, 3.41071, [0, 1, 2, 5, 6, 11, 19, 21, 22]]
[24, 3.54424, [0, 1, 2, 5, 7, 8, 9, 18, 22]]
[24, 3.43578, [0, 1, 2, 5, 7, 8, 18, 21, 22]]
[24, 3.4721, [0, 1, 2, 5, 7, 9, 15, 16, 20]]
[24, 3.58394, [0, 1, 2, 6, 7, 8, 10, 11, 15]]
[24, 3.43811, [0, 1, 2, 6, 8, 10, 11, 15, 19]]
[24, 3.54979, [0, 1, 3, 4, 5, 8, 9, 14, 22]]
[24, 3.56934, [0, 1, 3, 4, 5, 8, 10, 11, 21]]
[24, 3.47455, [0, 1, 3, 4, 5, 8, 11, 21, 22]]
[24, 3.44213, [0, 1, 3, 4, 5, 8, 14, 21, 22]]
[24, 3.55304, [0, 1, 3, 4, 5, 9, 10, 11, 20]]
[24, 3.42591, [0, 1, 3, 4, 5, 9, 14, 20, 22]]
[24, 3.44537, [0, 1, 3, 4, 5, 10, 11, 20, 21]]
[24, 3.63286, [0, 1, 3, 4, 6, 7, 8, 11, 14]]
[24, 3.6104, [0, 1, 3, 4, 6, 7, 8, 11, 17]]
[24, 3.55249, [0, 1, 3, 4, 7, 8, 9, 11, 14]]
[24, 3.42863, [0, 1, 3, 4, 7, 9, 11, 14, 20]]
[24, 3.4285, [0, 1, 3, 6, 7, 8, 10, 11, 14]]

Search completed in 0 hours, 0 minutes, and 0.033 seconds.  Enter a string to quit.