Enter an integer k for which our Kempner sets are k-free: 4
Enter a positive integer modulus b: 57
Enter estimation parameters, or * for pre-computed parameters ([0.1002, 1.106, 1.4384]): *
Enter a threshold (e.g. 4.2) to determine printed output: 4.15
Enter a root for the search space (e.g. [0, 1, 2]) [or * for the root [0]]: *
Enter an upper bound for the size of allowable digit sets [or * to ignore]: *
Enter a maximal number of deviations from a greedy search [or * to ignore]: *
Searching for k-free sets mod b...

[57, 4.18267, [0, 1, 2, 4, 5, 7, 8, 9, 14, 15, 16, 18, 29, 31, 37, 39, 41, 42, 47]]
[57, 4.22526, [0, 1, 2, 4, 5, 7, 8, 9, 14, 15, 17, 18, 23, 24, 28, 35, 39, 45, 49]]
[57, 4.20478, [0, 1, 2, 4, 5, 7, 8, 9, 14, 15, 17, 18, 23, 28, 34, 35, 39, 45, 49]]
[57, 4.20057, [0, 1, 2, 4, 5, 7, 8, 9, 14, 15, 17, 18, 23, 28, 35, 37, 39, 45, 49]]
[57, 4.17872, [0, 1, 2, 4, 5, 7, 8, 9, 14, 15, 17, 18, 23, 35, 37, 39, 43, 45, 49]]
[57, 4.1651, [0, 1, 2, 4, 5, 7, 8, 9, 14, 15, 17, 18, 28, 35, 37, 39, 44, 45, 49]]
[57, 4.22074, [0, 1, 2, 4, 5, 7, 8, 9, 14, 15, 18, 23, 25, 26, 28, 30, 34, 39, 40]]
[57, 4.20419, [0, 1, 2, 4, 5, 7, 8, 9, 14, 15, 18, 23, 25, 26, 28, 30, 39, 40, 49]]
[57, 4.18641, [0, 1, 2, 4, 5, 7, 8, 9, 14, 15, 18, 23, 26, 28, 30, 34, 39, 40, 49]]
[57, 4.16239, [0, 1, 2, 4, 5, 7, 8, 9, 14, 17, 18, 23, 24, 28, 35, 37, 39, 45, 49]]
[57, 4.23496, [0, 1, 2, 4, 5, 7, 8, 9, 15, 16, 17, 19, 20, 26, 27, 29, 36, 40, 48]]
[57, 4.25194, [0, 1, 2, 4, 5, 7, 8, 9, 15, 16, 17, 19, 20, 26, 27, 30, 32, 36, 40]]
[57, 4.21516, [0, 1, 2, 4, 5, 7, 8, 9, 15, 16, 17, 19, 20, 26, 27, 36, 40, 43, 48]]
[57, 4.22137, [0, 1, 2, 4, 5, 7, 8, 9, 15, 16, 17, 19, 20, 27, 31, 33, 35, 41, 44]]
[57, 4.17091, [0, 1, 2, 4, 5, 7, 8, 9, 15, 16, 17, 20, 21, 26, 38, 43, 46, 47, 48]]
[57, 4.20209, [0, 1, 2, 4, 5, 7, 8, 9, 15, 16, 17, 20, 21, 28, 32, 34, 38, 42, 45]]
[57, 4.15177, [0, 1, 2, 4, 5, 7, 8, 9, 15, 16, 19, 20, 21, 35, 37, 42, 43, 45, 48]]
[57, 4.2211, [0, 1, 2, 4, 5, 7, 8, 9, 15, 17, 18, 19, 23, 24, 26, 32, 34, 36, 52]]
[57, 4.21387, [0, 1, 2, 4, 5, 7, 8, 9, 15, 17, 18, 19, 23, 24, 28, 34, 35, 39, 45]]
[57, 4.19732, [0, 1, 2, 4, 5, 7, 8, 9, 15, 17, 18, 19, 23, 24, 28, 35, 39, 45, 49]]
[57, 4.17808, [0, 1, 2, 4, 5, 7, 8, 9, 15, 17, 18, 19, 23, 28, 35, 37, 39, 43, 45]]
[57, 4.17264, [0, 1, 2, 4, 5, 7, 8, 9, 15, 17, 18, 19, 23, 28, 35, 37, 39, 45, 49]]
[57, 4.15081, [0, 1, 2, 4, 5, 7, 8, 9, 15, 17, 18, 19, 23, 35, 37, 39, 43, 45, 49]]
[57, 4.23788, [0, 1, 2, 4, 5, 7, 8, 9, 15, 17, 18, 19, 35, 37, 39, 42, 43, 44, 46, 49]]
[57, 4.19999, [0, 1, 2, 4, 5, 7, 8, 9, 15, 17, 18, 20, 23, 24, 28, 34, 35, 45, 49]]
[57, 4.15968, [0, 1, 2, 4, 5, 7, 8, 9, 15, 17, 18, 23, 24, 28, 34, 35, 39, 45, 49]]
[57, 4.21987, [0, 1, 2, 4, 5, 7, 8, 9, 15, 17, 19, 20, 24, 26, 27, 30, 32, 36, 40]]
[57, 4.19296, [0, 1, 2, 4, 5, 7, 8, 9, 15, 17, 19, 20, 24, 26, 30, 32, 36, 40, 46]]
[57, 4.17339, [0, 1, 2, 4, 5, 7, 8, 9, 15, 17, 19, 20, 26, 27, 28, 36, 40, 43, 48]]
[57, 4.22619, [0, 1, 2, 4, 5, 7, 8, 9, 15, 18, 19, 20, 23, 24, 26, 28, 34, 36, 40]]
[57, 4.22827, [0, 1, 2, 4, 5, 7, 8, 9, 15, 18, 19, 20, 23, 24, 26, 30, 32, 34, 40]]
[57, 4.21728, [0, 1, 2, 4, 5, 7, 8, 9, 15, 18, 19, 20, 23, 24, 26, 30, 32, 34, 52]]
[57, 4.21864, [0, 1, 2, 4, 5, 7, 8, 9, 15, 18, 19, 20, 23, 24, 26, 32, 34, 36, 40]]
[57, 4.21246, [0, 1, 2, 4, 5, 7, 8, 9, 15, 18, 19, 20, 23, 26, 28, 30, 34, 36, 40]]
[57, 4.20135, [0, 1, 2, 4, 5, 7, 8, 9, 15, 18, 19, 20, 23, 26, 28, 30, 36, 40, 43]]
[57, 4.17664, [0, 1, 2, 4, 5, 7, 8, 9, 15, 18, 19, 20, 23, 26, 30, 36, 40, 43, 46]]
[57, 4.17174, [0, 1, 2, 4, 5, 7, 8, 9, 15, 18, 20, 23, 24, 26, 30, 32, 34, 40, 52]]
[57, 4.1693, [0, 1, 2, 4, 5, 7, 8, 9, 15, 19, 20, 23, 24, 26, 30, 32, 36, 40, 46]]
[57, 4.15925, [0, 1, 2, 4, 5, 7, 8, 9, 15, 19, 20, 23, 26, 28, 30, 34, 36, 40, 43]]
[57, 4.20297, [0, 1, 2, 4, 5, 7, 8, 9, 16, 17, 19, 20, 21, 26, 27, 29, 36, 43, 48]]
[57, 4.16519, [0, 1, 2, 4, 5, 7, 8, 9, 16, 17, 19, 20, 26, 27, 29, 36, 40, 43, 48]]
[57, 4.17434, [0, 1, 2, 4, 5, 7, 8, 9, 16, 17, 20, 21, 22, 27, 29, 33, 36, 47, 48]]
[57, 4.18893, [0, 1, 2, 4, 5, 7, 8, 9, 17, 18, 19, 22, 23, 24, 26, 32, 34, 36, 52]]
[57, 4.15582, [0, 1, 2, 4, 5, 7, 8, 9, 17, 19, 20, 22, 23, 24, 27, 29, 47, 49, 51]]
[57, 4.15075, [0, 1, 2, 4, 5, 7, 8, 9, 17, 19, 20, 22, 24, 27, 29, 31, 35, 49, 51]]
[57, 4.15839, [0, 1, 2, 4, 5, 7, 8, 9, 17, 19, 21, 22, 24, 26, 27, 29, 36, 48, 49]]
[57, 4.15289, [0, 1, 2, 4, 5, 7, 8, 9, 17, 20, 21, 22, 26, 27, 28, 30, 36, 38, 49]]
[57, 4.24094, [0, 1, 2, 4, 5, 7, 8, 9, 17, 20, 22, 23, 24, 27, 29, 31, 47, 48, 49, 51]]
[57, 4.18229, [0, 1, 2, 4, 5, 7, 8, 13, 14, 15, 17, 18, 24, 25, 28, 30, 39, 40, 54]]
[57, 4.16607, [0, 1, 2, 4, 5, 7, 8, 13, 14, 15, 17, 18, 24, 25, 30, 38, 39, 40, 54]]
[57, 4.15136, [0, 1, 2, 4, 5, 7, 8, 13, 15, 16, 17, 20, 21, 23, 27, 43, 45, 47, 48]]
[57, 4.17667, [0, 1, 2, 4, 5, 7, 8, 13, 15, 16, 17, 20, 21, 23, 28, 32, 34, 45, 50]]
[57, 4.1604, [0, 1, 2, 4, 5, 7, 8, 14, 15, 16, 18, 19, 23, 26, 30, 34, 35, 39, 40]]
[57, 4.18144, [0, 1, 2, 4, 5, 7, 8, 14, 15, 17, 18, 19, 23, 24, 25, 28, 30, 39, 49]]
[57, 4.15986, [0, 1, 2, 4, 5, 7, 8, 14, 15, 17, 18, 19, 23, 24, 25, 28, 39, 47, 49]]
[57, 4.1622, [0, 1, 2, 4, 5, 7, 8, 14, 15, 17, 18, 19, 23, 24, 28, 30, 35, 39, 49]]
[57, 4.16266, [0, 1, 2, 4, 5, 7, 8, 14, 15, 17, 18, 19, 23, 25, 28, 30, 34, 39, 47]]
[57, 4.15845, [0, 1, 2, 4, 5, 7, 8, 14, 15, 17, 18, 19, 23, 25, 28, 30, 37, 39, 47]]
[57, 4.15223, [0, 1, 2, 4, 5, 7, 8, 14, 15, 17, 18, 19, 25, 27, 28, 30, 34, 39, 47]]
[57, 4.16248, [0, 1, 2, 4, 5, 7, 8, 14, 16, 17, 18, 22, 23, 25, 27, 30, 33, 35, 39]]
[57, 4.21923, [0, 1, 2, 4, 5, 7, 8, 14, 17, 18, 19, 23, 24, 28, 30, 35, 37, 39, 45, 49]]
[57, 4.15889, [0, 1, 2, 4, 5, 7, 8, 15, 16, 18, 20, 21, 23, 26, 27, 28, 30, 34, 35]]
[57, 4.15286, [0, 1, 2, 4, 5, 7, 9, 12, 14, 15, 16, 22, 24, 25, 29, 31, 39, 47, 53]]
[57, 4.16339, [0, 1, 2, 4, 5, 7, 9, 12, 14, 15, 16, 22, 26, 27, 29, 33, 35, 39, 41]]
[57, 4.16892, [0, 1, 2, 4, 5, 7, 9, 12, 14, 16, 20, 22, 25, 26, 27, 29, 33, 35, 36]]
[57, 4.2327, [0, 1, 2, 4, 5, 7, 9, 12, 15, 16, 21, 22, 24, 25, 26, 38, 39, 46, 47, 53]]
[57, 4.18947, [0, 1, 2, 4, 5, 7, 9, 16, 17, 19, 21, 22, 24, 26, 27, 29, 36, 47, 48, 49]]
[57, 4.23043, [0, 1, 2, 4, 5, 7, 11, 12, 13, 15, 16, 18, 20, 23, 26, 27, 30, 32, 36]]
[57, 4.20963, [0, 1, 2, 4, 5, 7, 11, 12, 13, 15, 16, 18, 20, 23, 26, 30, 32, 36, 40]]
[57, 4.20799, [0, 1, 2, 4, 5, 7, 11, 12, 13, 15, 16, 18, 20, 23, 26, 30, 33, 36, 40]]
[57, 4.20095, [0, 1, 2, 4, 5, 7, 11, 12, 13, 15, 16, 18, 20, 23, 26, 30, 36, 38, 40]]
[57, 4.2011, [0, 1, 2, 4, 5, 7, 11, 12, 13, 15, 16, 18, 20, 23, 27, 33, 35, 36, 37]]
[57, 4.18888, [0, 1, 2, 4, 5, 7, 11, 12, 13, 15, 16, 18, 20, 23, 30, 32, 36, 38, 40]]
[57, 4.19126, [0, 1, 2, 4, 5, 7, 11, 12, 13, 15, 16, 18, 20, 23, 30, 33, 35, 36, 40]]
[57, 4.17704, [0, 1, 2, 4, 5, 7, 11, 12, 13, 15, 16, 18, 20, 23, 30, 33, 36, 40, 48]]
[57, 4.18422, [0, 1, 2, 4, 5, 7, 11, 12, 13, 15, 16, 18, 20, 23, 30, 35, 36, 38, 40]]
[57, 4.15581, [0, 1, 2, 4, 5, 7, 11, 12, 13, 15, 16, 18, 22, 27, 29, 34, 39, 41, 47]]
[57, 4.20395, [0, 1, 2, 4, 5, 7, 11, 12, 13, 15, 16, 18, 23, 24, 26, 27, 29, 33, 49]]
[57, 4.17055, [0, 1, 2, 4, 5, 7, 11, 12, 13, 15, 16, 18, 23, 26, 30, 32, 36, 38, 40]]
[57, 4.20546, [0, 1, 2, 4, 5, 7, 11, 12, 13, 15, 16, 18, 31, 35, 37, 38, 39, 47, 51, 53]]
[57, 4.18045, [0, 1, 2, 4, 5, 7, 11, 12, 13, 15, 16, 20, 23, 26, 27, 30, 32, 36, 40]]
[57, 4.18831, [0, 1, 2, 4, 5, 7, 11, 12, 13, 15, 16, 21, 22, 23, 25, 28, 30, 38, 50]]
[57, 4.17424, [0, 1, 2, 4, 5, 7, 11, 12, 13, 15, 16, 21, 22, 23, 25, 28, 30, 50, 53]]
[57, 4.17347, [0, 1, 2, 4, 5, 7, 11, 12, 13, 15, 16, 21, 22, 23, 25, 28, 30, 51, 53]]
[57, 4.30092, [0, 1, 2, 4, 5, 7, 11, 12, 13, 15, 16, 21, 22, 24, 25, 28, 30, 38, 50, 53]]
[57, 4.18317, [0, 1, 2, 4, 5, 7, 11, 12, 13, 15, 16, 21, 22, 24, 25, 28, 30, 38, 53]]
[57, 4.17135, [0, 1, 2, 4, 5, 7, 11, 12, 13, 15, 16, 21, 22, 24, 25, 28, 30, 50, 53]]
[57, 4.17058, [0, 1, 2, 4, 5, 7, 11, 12, 13, 15, 16, 21, 22, 24, 25, 28, 30, 51, 53]]
[57, 4.15913, [0, 1, 2, 4, 5, 7, 11, 12, 13, 15, 16, 21, 22, 24, 25, 28, 38, 50, 53]]
[57, 4.15514, [0, 1, 2, 4, 5, 7, 11, 12, 13, 15, 16, 21, 22, 24, 25, 30, 38, 50, 53]]
[57, 4.18228, [0, 1, 2, 4, 5, 7, 11, 12, 13, 15, 16, 21, 23, 24, 25, 28, 30, 38, 50]]
[57, 4.28478, [0, 1, 2, 4, 5, 7, 11, 12, 13, 15, 16, 21, 23, 24, 25, 28, 30, 50, 51, 53]]
[57, 4.16822, [0, 1, 2, 4, 5, 7, 11, 12, 13, 15, 16, 21, 23, 24, 25, 28, 30, 50, 53]]
[57, 4.16745, [0, 1, 2, 4, 5, 7, 11, 12, 13, 15, 16, 21, 23, 24, 25, 28, 30, 51, 53]]
[57, 4.1677, [0, 1, 2, 4, 5, 7, 11, 12, 13, 15, 16, 21, 23, 24, 28, 30, 32, 38, 50]]
[57, 4.15365, [0, 1, 2, 4, 5, 7, 11, 12, 13, 15, 16, 21, 23, 24, 28, 30, 32, 50, 53]]
[57, 4.15886, [0, 1, 2, 4, 5, 7, 11, 12, 13, 15, 16, 22, 23, 25, 26, 28, 30, 51, 53]]
[57, 4.20541, [0, 1, 2, 4, 5, 7, 11, 12, 13, 15, 23, 24, 25, 27, 28, 30, 40, 50, 51, 53]]
[57, 4.17234, [0, 1, 2, 4, 5, 7, 11, 12, 13, 16, 18, 20, 21, 23, 27, 33, 35, 36, 37]]
[57, 4.16988, [0, 1, 2, 4, 5, 7, 11, 12, 14, 15, 16, 22, 23, 24, 26, 27, 29, 39, 52]]
[57, 4.16794, [0, 1, 2, 4, 5, 7, 11, 12, 14, 15, 16, 22, 23, 24, 26, 27, 30, 39, 52]]
[57, 4.19435, [0, 1, 2, 4, 5, 7, 11, 12, 14, 15, 18, 20, 23, 26, 40, 43, 48, 49, 51, 52]]
[57, 4.22487, [0, 1, 2, 4, 5, 7, 11, 12, 15, 16, 18, 20, 23, 26, 30, 33, 40, 43, 48, 52]]
[57, 4.16359, [0, 1, 2, 4, 5, 7, 11, 12, 15, 16, 18, 22, 28, 30, 35, 38, 47, 50, 51, 53]]
[57, 4.19522, [0, 1, 2, 4, 5, 7, 11, 15, 16, 17, 20, 21, 22, 24, 30, 32, 34, 38, 52, 54]]
[57, 4.17423, [0, 1, 2, 5, 6, 7, 9, 14, 15, 18, 19, 20, 22, 23, 25, 29, 34, 37, 45, 47]]

Search completed in 0 hours, 3 minutes, and 29.006 seconds.  Enter a string to quit.