Enter an integer k for which our Kempner sets are k-free: 4
Enter a positive integer modulus b: 61
Enter estimation parameters, or * for pre-computed parameters ([0.0989, 1.0995, 1.4414]): *
Enter a threshold (e.g. 4.2) to determine printed output: 4.15
Enter a root for the search space (e.g. [0, 1, 2]) [or * for the root [0]]: *
Enter an upper bound for the size of allowable digit sets [or * to ignore]: *
Enter a maximal number of deviations from a greedy search [or * to ignore]: *
Searching for k-free sets mod b...

[61, 4.1571, [0, 1, 2, 4, 5, 7, 8, 9, 14, 15, 17, 18, 23, 24, 28, 29, 30, 37, 39]]
[61, 4.16756, [0, 1, 2, 4, 5, 7, 8, 9, 14, 15, 17, 18, 23, 35, 39, 41, 43, 49, 50, 53]]
[61, 4.15646, [0, 1, 2, 4, 5, 7, 8, 9, 14, 15, 17, 18, 23, 35, 41, 43, 49, 50, 51, 53]]
[61, 4.19887, [0, 1, 2, 4, 5, 7, 8, 9, 14, 15, 17, 18, 26, 30, 32, 36, 40, 41, 42, 56]]
[61, 4.18658, [0, 1, 2, 4, 5, 7, 8, 9, 14, 15, 17, 18, 26, 31, 33, 41, 42, 43, 45, 50]]
[61, 4.16826, [0, 1, 2, 4, 5, 7, 8, 9, 14, 15, 24, 25, 27, 29, 30, 32, 39, 41, 42, 44]]
[61, 4.18521, [0, 1, 2, 4, 5, 7, 8, 9, 14, 17, 18, 23, 26, 29, 31, 33, 37, 39, 43, 45]]
[61, 4.17486, [0, 1, 2, 4, 5, 7, 8, 9, 14, 17, 18, 23, 26, 29, 31, 33, 37, 43, 45, 50]]
[61, 4.15336, [0, 1, 2, 4, 5, 7, 8, 9, 14, 17, 18, 23, 29, 31, 33, 37, 39, 43, 45, 50]]
[61, 4.15938, [0, 1, 2, 4, 5, 7, 8, 9, 14, 18, 22, 23, 24, 29, 31, 33, 39, 41, 45, 50]]
[61, 4.15534, [0, 1, 2, 4, 5, 7, 8, 9, 14, 18, 22, 23, 25, 28, 29, 30, 34, 51, 53, 55]]
[61, 4.16382, [0, 1, 2, 4, 5, 7, 8, 9, 15, 16, 17, 19, 20, 36, 40, 42, 44, 45, 47, 50]]
[61, 4.25734, [0, 1, 2, 4, 5, 7, 8, 9, 15, 16, 17, 19, 31, 36, 38, 40, 41, 44, 45, 49, 50]]
[61, 4.25676, [0, 1, 2, 4, 5, 7, 8, 9, 15, 16, 18, 19, 20, 25, 26, 29, 31, 33, 41, 50]]
[61, 4.18344, [0, 1, 2, 4, 5, 7, 8, 9, 15, 16, 18, 19, 20, 25, 39, 41, 42, 44, 48, 50]]
[61, 4.18162, [0, 1, 2, 4, 5, 7, 8, 9, 15, 16, 18, 19, 20, 25, 39, 41, 42, 46, 48, 50]]
[61, 4.15105, [0, 1, 2, 4, 5, 7, 8, 9, 15, 16, 18, 19, 20, 38, 41, 43, 44, 46, 49, 51]]
[61, 4.15177, [0, 1, 2, 4, 5, 7, 8, 9, 15, 16, 18, 19, 21, 25, 26, 29, 30, 32, 38]]
[61, 4.19865, [0, 1, 2, 4, 5, 7, 8, 9, 15, 16, 19, 20, 21, 29, 30, 32, 34, 38, 51, 54]]
[61, 4.15646, [0, 1, 2, 4, 5, 7, 8, 9, 15, 17, 18, 19, 24, 31, 36, 40, 42, 45, 48, 50]]
[61, 4.15621, [0, 1, 2, 4, 5, 7, 8, 9, 15, 17, 18, 19, 26, 32, 36, 40, 41, 42, 45, 50]]
[61, 4.20469, [0, 1, 2, 4, 5, 7, 8, 9, 15, 17, 18, 19, 39, 41, 42, 43, 46, 48, 50, 51, 53]]
[61, 4.24161, [0, 1, 2, 4, 5, 7, 8, 9, 15, 17, 18, 20, 21, 23, 28, 29, 32, 34, 39, 53]]
[61, 4.19206, [0, 1, 2, 4, 5, 7, 8, 9, 15, 18, 20, 21, 23, 25, 28, 29, 34, 39, 51, 53]]
[61, 4.20998, [0, 1, 2, 4, 5, 7, 8, 9, 15, 19, 24, 25, 27, 30, 32, 36, 44, 48, 51, 52, 54]]
[61, 4.20376, [0, 1, 2, 4, 5, 7, 8, 9, 16, 17, 19, 20, 22, 26, 28, 29, 31, 38, 51, 55]]
[61, 4.16867, [0, 1, 2, 4, 5, 7, 8, 9, 16, 17, 20, 21, 22, 28, 29, 32, 38, 46, 50, 52]]
[61, 4.15048, [0, 1, 2, 4, 5, 7, 8, 9, 16, 17, 20, 21, 22, 29, 32, 38, 40, 46, 50, 52]]
[61, 4.22408, [0, 1, 2, 4, 5, 7, 8, 9, 16, 18, 19, 22, 26, 34, 38, 40, 43, 45, 46, 51, 55]]
[61, 4.16059, [0, 1, 2, 4, 5, 7, 8, 9, 16, 20, 21, 22, 25, 26, 29, 30, 32, 39, 51, 55]]
[61, 4.16602, [0, 1, 2, 4, 5, 7, 8, 9, 17, 18, 19, 21, 22, 24, 29, 33, 35, 51, 53, 55]]
[61, 4.16409, [0, 1, 2, 4, 5, 7, 8, 9, 17, 18, 19, 22, 23, 24, 26, 33, 34, 53, 55, 56]]
[61, 4.18985, [0, 1, 2, 4, 5, 7, 8, 9, 17, 18, 20, 21, 23, 24, 28, 29, 30, 39, 51, 53]]
[61, 4.1755, [0, 1, 2, 4, 5, 7, 8, 9, 17, 18, 20, 21, 23, 24, 30, 32, 34, 39, 49, 53]]
[61, 4.16402, [0, 1, 2, 4, 5, 7, 8, 9, 17, 19, 20, 21, 24, 26, 27, 29, 31, 51, 53, 55]]
[61, 4.20151, [0, 1, 2, 4, 5, 7, 8, 9, 17, 19, 20, 22, 23, 24, 27, 28, 29, 38, 40, 50]]
[61, 4.18803, [0, 1, 2, 4, 5, 7, 8, 9, 17, 19, 20, 22, 23, 24, 27, 28, 29, 38, 51, 55]]
[61, 4.1885, [0, 1, 2, 4, 5, 7, 8, 9, 17, 19, 20, 22, 23, 24, 27, 28, 29, 40, 50, 52]]
[61, 4.17432, [0, 1, 2, 4, 5, 7, 8, 9, 17, 19, 20, 22, 23, 24, 27, 28, 29, 51, 53, 55]]
[61, 4.21371, [0, 1, 2, 4, 5, 7, 8, 9, 17, 19, 20, 22, 23, 24, 27, 28, 30, 36, 38, 40]]
[61, 4.19887, [0, 1, 2, 4, 5, 7, 8, 9, 17, 19, 20, 22, 23, 24, 27, 28, 30, 38, 40, 51]]
[61, 4.18065, [0, 1, 2, 4, 5, 7, 8, 9, 17, 19, 20, 22, 23, 24, 28, 29, 31, 40, 50, 52]]
[61, 4.17486, [0, 1, 2, 4, 5, 7, 8, 9, 17, 19, 20, 22, 23, 24, 28, 29, 31, 45, 51, 52]]
[61, 4.17282, [0, 1, 2, 4, 5, 7, 8, 9, 17, 19, 20, 22, 23, 24, 28, 29, 31, 45, 51, 55]]
[61, 4.16647, [0, 1, 2, 4, 5, 7, 8, 9, 17, 19, 20, 22, 23, 24, 28, 29, 31, 51, 53, 55]]
[61, 4.26564, [0, 1, 2, 4, 5, 7, 8, 9, 17, 19, 20, 22, 24, 27, 28, 29, 31, 51, 52, 53, 55]]
[61, 4.15694, [0, 1, 2, 4, 5, 7, 8, 9, 17, 19, 20, 22, 24, 27, 28, 29, 31, 51, 52, 55]]
[61, 4.15624, [0, 1, 2, 4, 5, 7, 8, 9, 17, 19, 20, 22, 24, 27, 28, 29, 31, 51, 53, 55]]
[61, 4.15551, [0, 1, 2, 4, 5, 7, 8, 9, 17, 19, 20, 22, 24, 27, 28, 29, 31, 52, 53, 55]]
[61, 4.15704, [0, 1, 2, 4, 5, 7, 8, 9, 17, 19, 21, 22, 24, 26, 27, 29, 31, 51, 53, 55]]
[61, 4.16755, [0, 1, 2, 4, 5, 7, 8, 9, 17, 19, 22, 23, 24, 26, 27, 30, 36, 38, 40, 51]]
[61, 4.15802, [0, 1, 2, 4, 5, 7, 8, 9, 17, 19, 22, 23, 24, 26, 30, 32, 36, 38, 40, 51]]
[61, 4.16311, [0, 1, 2, 4, 5, 7, 8, 9, 17, 19, 22, 23, 24, 27, 28, 30, 36, 38, 40, 51]]
[61, 4.15801, [0, 1, 2, 4, 5, 7, 8, 9, 17, 19, 22, 23, 26, 27, 28, 30, 36, 38, 40, 51]]
[61, 4.15513, [0, 1, 2, 4, 5, 7, 8, 9, 18, 19, 20, 23, 25, 26, 28, 30, 34, 39, 51, 53]]
[61, 4.15248, [0, 1, 2, 4, 5, 7, 8, 9, 18, 20, 21, 22, 25, 26, 28, 29, 34, 39, 51, 53]]
[61, 4.16109, [0, 1, 2, 4, 5, 7, 8, 9, 18, 20, 21, 23, 24, 25, 28, 29, 30, 39, 51, 53]]
[61, 4.15749, [0, 1, 2, 4, 5, 7, 8, 9, 18, 20, 21, 23, 24, 25, 29, 30, 32, 34, 53, 55]]
[61, 4.16291, [0, 1, 2, 4, 5, 7, 8, 9, 18, 20, 21, 24, 25, 26, 28, 29, 31, 37, 39, 56]]
[61, 4.16973, [0, 1, 2, 4, 5, 7, 8, 9, 20, 21, 25, 26, 29, 30, 32, 34, 39, 51, 53, 54, 55]]
[61, 4.16972, [0, 1, 2, 4, 5, 7, 8, 13, 14, 15, 17, 18, 26, 27, 31, 33, 41, 42, 43, 45]]
[61, 4.1555, [0, 1, 2, 4, 5, 7, 8, 13, 14, 15, 17, 23, 24, 27, 29, 30, 36, 47, 50, 51]]
[61, 4.1772, [0, 1, 2, 4, 5, 7, 8, 13, 14, 16, 17, 18, 22, 25, 28, 29, 36, 46, 52, 58]]
[61, 4.15091, [0, 1, 2, 4, 5, 7, 8, 13, 14, 16, 17, 18, 22, 29, 34, 36, 38, 46, 48, 52]]
[61, 4.1593, [0, 1, 2, 4, 5, 7, 8, 13, 15, 16, 17, 20, 21, 23, 33, 35, 37, 45, 47, 52]]
[61, 4.19486, [0, 1, 2, 4, 5, 7, 8, 13, 15, 16, 17, 20, 25, 26, 28, 29, 31, 36, 38, 42]]
[61, 4.16461, [0, 1, 2, 4, 5, 7, 8, 13, 15, 16, 17, 20, 25, 28, 29, 32, 36, 38, 42, 46]]
[61, 4.19597, [0, 1, 2, 4, 5, 7, 8, 13, 15, 17, 18, 20, 24, 25, 26, 28, 29, 34, 36, 53]]
[61, 4.18908, [0, 1, 2, 4, 5, 7, 8, 13, 15, 17, 18, 20, 24, 26, 27, 28, 31, 36, 40, 42]]
[61, 4.15854, [0, 1, 2, 4, 5, 7, 8, 13, 15, 17, 20, 24, 25, 26, 28, 29, 34, 36, 38, 42]]
[61, 4.18588, [0, 1, 2, 4, 5, 7, 8, 13, 16, 17, 20, 22, 23, 25, 28, 29, 30, 32, 36, 38]]
[61, 4.16828, [0, 1, 2, 4, 5, 7, 8, 13, 16, 17, 20, 22, 23, 25, 28, 29, 30, 32, 38, 55]]
[61, 4.22067, [0, 1, 2, 4, 5, 7, 8, 14, 15, 17, 18, 19, 23, 25, 26, 28, 29, 30, 34, 36]]
[61, 4.15943, [0, 1, 2, 4, 5, 7, 8, 15, 17, 18, 20, 23, 24, 29, 33, 37, 45, 47, 52, 56, 58]]
[61, 4.1827, [0, 1, 2, 4, 5, 7, 9, 12, 14, 15, 16, 22, 24, 25, 27, 28, 30, 37, 51, 57]]
[61, 4.15312, [0, 1, 2, 4, 5, 7, 9, 12, 14, 15, 20, 25, 27, 37, 41, 46, 47, 51, 52, 53, 55]]
[61, 4.19363, [0, 1, 2, 4, 5, 7, 9, 12, 15, 16, 19, 21, 22, 24, 28, 29, 31, 35, 37, 38]]
[61, 4.16752, [0, 1, 2, 4, 5, 7, 9, 12, 15, 16, 19, 21, 22, 24, 28, 31, 35, 37, 38, 51]]
[61, 4.16016, [0, 1, 2, 4, 5, 7, 9, 12, 15, 16, 19, 21, 22, 24, 28, 31, 35, 37, 45, 51]]
[61, 4.25568, [0, 1, 2, 4, 5, 7, 9, 12, 15, 16, 19, 21, 22, 28, 31, 35, 37, 38, 39, 45, 51]]
[61, 4.17733, [0, 1, 2, 4, 5, 7, 9, 12, 16, 18, 19, 21, 22, 24, 28, 29, 31, 35, 37, 38]]
[61, 4.19108, [0, 1, 2, 4, 5, 7, 11, 12, 13, 15, 16, 18, 20, 23, 27, 33, 37, 39, 41, 47]]
[61, 4.20492, [0, 1, 2, 4, 5, 7, 11, 12, 13, 15, 16, 18, 20, 26, 27, 30, 32, 36, 40, 42]]
[61, 4.20081, [0, 1, 2, 4, 5, 7, 11, 12, 13, 15, 16, 18, 20, 26, 27, 31, 33, 35, 41, 43]]
[61, 4.16249, [0, 1, 2, 4, 5, 7, 11, 12, 13, 15, 16, 18, 20, 27, 33, 35, 37, 41, 43, 47]]
[61, 4.1789, [0, 1, 2, 4, 5, 7, 11, 12, 13, 15, 16, 18, 22, 23, 24, 27, 41, 45, 47, 57]]
[61, 4.16987, [0, 1, 2, 4, 5, 7, 11, 12, 13, 15, 16, 18, 22, 23, 27, 37, 39, 41, 45, 47]]
[61, 4.16269, [0, 1, 2, 4, 5, 7, 11, 12, 13, 15, 16, 18, 22, 23, 27, 37, 39, 41, 45, 57]]
[61, 4.15233, [0, 1, 2, 4, 5, 7, 11, 12, 13, 15, 16, 18, 22, 23, 27, 39, 41, 45, 47, 57]]
[61, 4.15447, [0, 1, 2, 4, 5, 7, 11, 12, 13, 15, 16, 18, 23, 24, 27, 33, 41, 45, 47, 57]]
[61, 4.1957, [0, 1, 2, 4, 5, 7, 11, 12, 13, 15, 16, 20, 21, 22, 27, 30, 36, 37, 40, 43]]
[61, 4.17409, [0, 1, 2, 4, 5, 7, 11, 12, 13, 15, 16, 20, 21, 22, 27, 30, 37, 43, 47, 51]]
[61, 4.17769, [0, 1, 2, 4, 5, 7, 11, 12, 13, 15, 16, 20, 21, 22, 30, 36, 37, 38, 40, 43]]
[61, 4.19985, [0, 1, 2, 4, 5, 7, 11, 12, 13, 15, 16, 20, 21, 23, 27, 30, 32, 36, 40, 43]]
[61, 4.18914, [0, 1, 2, 4, 5, 7, 11, 12, 13, 15, 16, 20, 21, 23, 27, 32, 36, 37, 40, 43]]
[61, 4.17285, [0, 1, 2, 4, 5, 7, 11, 12, 13, 15, 16, 20, 21, 27, 30, 32, 36, 37, 40, 43]]
[61, 4.15486, [0, 1, 2, 4, 5, 7, 11, 12, 13, 15, 16, 20, 21, 30, 32, 36, 37, 38, 40, 43]]
[61, 4.18549, [0, 1, 2, 4, 5, 7, 11, 12, 13, 15, 16, 20, 23, 26, 27, 30, 32, 36, 40, 43]]
[61, 4.17737, [0, 1, 2, 4, 5, 7, 11, 12, 13, 15, 16, 21, 22, 23, 27, 28, 30, 36, 54, 57]]
[61, 4.15802, [0, 1, 2, 4, 5, 7, 11, 12, 13, 15, 16, 21, 22, 23, 27, 35, 37, 39, 45, 57]]
[61, 4.1784, [0, 1, 2, 4, 5, 7, 11, 12, 13, 15, 16, 22, 23, 25, 26, 28, 29, 30, 55, 57]]
[61, 4.15353, [0, 1, 2, 4, 5, 7, 11, 12, 14, 15, 18, 22, 23, 24, 27, 29, 37, 39, 41, 45]]
[61, 4.1741, [0, 1, 2, 4, 5, 7, 11, 12, 15, 16, 18, 22, 23, 24, 37, 41, 45, 47, 55, 56, 57]]
[61, 4.18612, [0, 1, 2, 4, 5, 8, 9, 10, 14, 21, 22, 25, 27, 29, 30, 32, 35, 39, 53, 54, 55]]
[61, 4.17186, [0, 1, 2, 4, 5, 8, 9, 10, 14, 21, 22, 25, 27, 29, 30, 35, 39, 43, 53, 54, 55]]
[61, 4.16367, [0, 1, 2, 4, 5, 9, 10, 11, 14, 16, 17, 18, 21, 24, 29, 30, 35, 37, 38, 40]]
[61, 4.19027, [0, 1, 2, 4, 5, 10, 11, 12, 14, 17, 19, 21, 22, 24, 25, 30, 35, 37, 47, 51, 57]]

Search completed in 0 hours, 11 minutes, and 43.696 seconds.  Enter a string to quit.