Enter an integer k for which our Kempner sets are k-free: 4
Enter a positive integer modulus b: 20
Enter estimation parameters, or * for pre-computed parameters ([0.1594, 1.1704, 1.5932]): *
Enter a threshold (e.g. 4.2) to determine printed output: 3.2
Enter a root for the search space (e.g. [0, 1, 2]) [or * for the root [0]]: *
Enter an upper bound for the size of allowable digit sets [or * to ignore]: *
Enter a maximal number of deviations from a greedy search [or * to ignore]: *
Searching for k-free sets mod b...

[20, 3.89889, [0, 1, 2, 4, 5, 7, 8, 9]]
[20, 3.83847, [0, 1, 2, 4, 5, 7, 8, 13]]
[20, 3.78771, [0, 1, 2, 4, 5, 7, 9, 16]]
[20, 3.72754, [0, 1, 2, 4, 5, 7, 13, 16]]
[20, 3.39486, [0, 1, 2, 4, 5, 7, 16]]
[20, 3.45006, [0, 1, 2, 4, 5, 8, 9]]
[20, 3.39475, [0, 1, 2, 4, 5, 8, 13]]
[20, 3.36226, [0, 1, 2, 4, 5, 8, 17]]
[20, 3.34829, [0, 1, 2, 4, 5, 9, 16]]
[20, 3.29323, [0, 1, 2, 4, 5, 13, 16]]
[20, 3.2609, [0, 1, 2, 4, 5, 16, 17]]
[20, 3.70403, [0, 1, 2, 4, 7, 8, 9, 13]]
[20, 3.31839, [0, 1, 2, 4, 7, 8, 13]]
[20, 3.59375, [0, 1, 2, 4, 7, 9, 13, 16]]
[20, 3.27213, [0, 1, 2, 4, 7, 9, 16]]
[20, 3.21727, [0, 1, 2, 4, 7, 13, 16]]
[20, 3.27193, [0, 1, 2, 4, 8, 9, 13]]
[20, 3.2397, [0, 1, 2, 4, 8, 9, 17]]
[20, 3.37103, [0, 1, 2, 5, 6, 7, 9]]
[20, 3.27756, [0, 1, 2, 5, 6, 7, 18]]
[20, 3.34528, [0, 1, 2, 5, 6, 8, 9]]
[20, 3.2903, [0, 1, 2, 5, 6, 8, 13]]
[20, 3.25808, [0, 1, 2, 5, 6, 8, 17]]
[20, 3.26007, [0, 1, 2, 5, 6, 9, 14]]
[20, 3.23123, [0, 1, 2, 5, 6, 9, 18]]
[20, 3.20529, [0, 1, 2, 5, 6, 13, 14]]
[20, 3.60978, [0, 1, 2, 5, 7, 8, 9, 16]]
[20, 3.55011, [0, 1, 2, 5, 7, 8, 13, 16]]
[20, 3.23219, [0, 1, 2, 5, 7, 8, 16]]
[20, 3.2115, [0, 1, 2, 5, 7, 9, 16]]
[20, 3.36874, [0, 1, 2, 6, 9, 13, 14, 15]]
[20, 3.33778, [0, 1, 2, 6, 9, 13, 15, 18]]
[20, 3.33418, [0, 1, 2, 6, 9, 14, 15, 17]]
[20, 3.30327, [0, 1, 2, 6, 9, 15, 17, 18]]
[20, 3.27518, [0, 1, 2, 6, 13, 14, 15, 17]]
[20, 3.24435, [0, 1, 2, 6, 13, 15, 17, 18]]
[20, 3.41708, [0, 1, 2, 7, 8, 9, 13, 16]]
[20, 3.29045, [0, 1, 3, 4, 5, 8, 9]]
[20, 3.20422, [0, 1, 3, 4, 5, 8, 17]]
[20, 3.50202, [0, 1, 3, 4, 5, 9, 12, 18]]
[20, 3.46321, [0, 1, 3, 4, 5, 9, 16, 18]]
[20, 3.40865, [0, 1, 3, 4, 5, 12, 17, 18]]
[20, 3.37, [0, 1, 3, 4, 5, 16, 17, 18]]
[20, 3.59698, [0, 1, 3, 4, 6, 7, 8, 15]]
[20, 3.52696, [0, 1, 3, 4, 6, 7, 12, 15]]
[20, 3.2006, [0, 1, 3, 4, 6, 7, 15]]
[20, 3.21449, [0, 1, 3, 4, 7, 8, 9]]
[20, 3.27692, [0, 1, 3, 4, 9, 12, 17, 18]]
[20, 3.23856, [0, 1, 3, 4, 9, 16, 17, 18]]
[20, 3.21879, [0, 1, 3, 5, 9, 12, 16, 18]]
[20, 3.35086, [0, 1, 3, 6, 7, 8, 12, 15]]

Search completed in 0 hours, 0 minutes, and 0.018 seconds.  Enter a string to quit.