Enter an integer k for which our Kempner sets are k-free: 4
Enter a positive integer modulus b: 15
Enter estimation parameters, or * for pre-computed parameters ([0.1883, 1.1795, 1.6654]): *
Enter a threshold (e.g. 4.2) to determine printed output: 3.2
Enter a root for the search space (e.g. [0, 1, 2]) [or * for the root [0]]: *
Enter an upper bound for the size of allowable digit sets [or * to ignore]: *
Enter a maximal number of deviations from a greedy search [or * to ignore]: *
Searching for k-free sets mod b...

[15, 4.06974, [0, 1, 2, 4, 5, 7, 9]]
[15, 3.50837, [0, 1, 2, 4, 5, 8]]
[15, 3.96679, [0, 1, 2, 4, 5, 9, 11]]
[15, 3.44734, [0, 1, 2, 4, 5, 11]]
[15, 3.43277, [0, 1, 2, 4, 5, 12]]
[15, 3.39726, [0, 1, 2, 4, 7, 9]]
[15, 3.3479, [0, 1, 2, 4, 8, 10]]
[15, 3.74971, [0, 1, 2, 4, 9, 11, 12]]
[15, 3.29279, [0, 1, 2, 4, 9, 12]]
[15, 3.72729, [0, 1, 2, 4, 10, 11, 12]]
[15, 3.27299, [0, 1, 2, 4, 10, 12]]
[15, 3.25625, [0, 1, 2, 4, 11, 12]]
[15, 3.93461, [0, 1, 2, 5, 6, 7, 9]]
[15, 3.86217, [0, 1, 2, 5, 6, 7, 13]]
[15, 3.82878, [0, 1, 2, 5, 6, 8, 13]]
[15, 3.36584, [0, 1, 2, 5, 6, 9]]
[15, 3.31475, [0, 1, 2, 5, 6, 12]]
[15, 3.30218, [0, 1, 2, 5, 6, 13]]
[15, 3.3285, [0, 1, 2, 5, 7, 9]]
[15, 3.29193, [0, 1, 2, 5, 7, 11]]
[15, 3.26499, [0, 1, 2, 5, 7, 13]]
[15, 3.23573, [0, 1, 2, 5, 8, 13]]
[15, 3.23886, [0, 1, 2, 5, 9, 11]]
[15, 3.27929, [0, 1, 2, 6, 7, 9]]
[15, 3.25954, [0, 1, 2, 6, 7, 10]]
[15, 3.21599, [0, 1, 2, 6, 7, 13]]
[15, 3.23027, [0, 1, 2, 6, 8, 10]]
[15, 3.61317, [0, 1, 2, 6, 8, 12, 13]]
[15, 3.51953, [0, 1, 2, 8, 10, 11, 12]]
[15, 3.48943, [0, 1, 2, 8, 10, 12, 13]]
[15, 3.32981, [0, 1, 3, 4, 5, 8]]
[15, 3.7645, [0, 1, 3, 4, 5, 9, 11]]
[15, 3.69329, [0, 1, 3, 4, 5, 11, 13]]
[15, 3.25565, [0, 1, 3, 4, 5, 12]]
[15, 3.24326, [0, 1, 3, 4, 5, 13]]
[15, 3.3099, [0, 1, 3, 4, 6, 7]]
[15, 3.28072, [0, 1, 3, 4, 6, 8]]
[15, 3.23753, [0, 1, 3, 4, 6, 10]]
[15, 3.22011, [0, 1, 3, 4, 7, 9]]
[15, 3.21235, [0, 1, 3, 5, 6, 8]]
[15, 3.40367, [0, 1, 3, 5, 11, 12, 13]]
[15, 3.32305, [0, 1, 3, 8, 10, 11, 12]]
[15, 3.51138, [0, 1, 4, 5, 6, 8, 13]]
[15, 3.29526, [0, 2, 3, 4, 7, 8, 9]]
[15, 3.27435, [0, 2, 3, 4, 7, 8, 10]]
[15, 3.22505, [0, 2, 3, 5, 6, 7, 13]]

Search completed in 0 hours, 0 minutes, and 0.021 seconds.  Enter a string to quit.