Enter an integer k for which our Kempner sets are k-free: 4
Enter a positive integer modulus b: 76
Enter estimation parameters, or * for pre-computed parameters ([0.091, 1.0916, 1.413]): *
Enter a threshold (e.g. 4.2) to determine printed output: 4.1
Enter a root for the search space (e.g. [0, 1, 2]) [or * for the root [0]]: *
Enter an upper bound for the size of allowable digit sets [or * to ignore]: *
Enter a maximal number of deviations from a greedy search [or * to ignore]: *
Searching for k-free sets mod b...

[76, 4.14791, [0, 1, 2, 4, 5, 7, 8, 9, 14, 15, 16, 18, 25, 26, 28, 29, 31, 32, 33, 36, 49, 50]]
[76, 4.12658, [0, 1, 2, 4, 5, 7, 8, 9, 14, 15, 16, 18, 25, 26, 28, 29, 32, 33, 36, 44, 49, 61]]
[76, 4.12202, [0, 1, 2, 4, 5, 7, 8, 9, 14, 15, 16, 18, 25, 26, 28, 29, 32, 33, 36, 49, 50, 61]]
[76, 4.11072, [0, 1, 2, 4, 5, 7, 8, 9, 14, 15, 16, 18, 26, 28, 29, 32, 33, 34, 36, 44, 49, 61]]
[76, 4.11366, [0, 1, 2, 4, 5, 7, 8, 9, 14, 15, 16, 18, 28, 29, 30, 32, 33, 35, 36, 37, 50, 51]]
[76, 4.11273, [0, 1, 2, 4, 5, 7, 8, 9, 14, 15, 17, 18, 23, 24, 26, 28, 29, 36, 48, 49, 59, 71]]
[76, 4.1055, [0, 1, 2, 4, 5, 7, 8, 9, 14, 15, 17, 18, 23, 24, 26, 28, 29, 36, 49, 59, 60, 71]]
[76, 4.10666, [0, 1, 2, 4, 5, 7, 8, 9, 14, 15, 17, 18, 23, 26, 28, 29, 30, 34, 44, 49, 58, 71]]
[76, 4.12244, [0, 1, 2, 4, 5, 7, 8, 9, 14, 15, 17, 18, 24, 28, 29, 30, 32, 33, 35, 37, 50, 64]]
[76, 4.10866, [0, 1, 2, 4, 5, 7, 8, 9, 14, 15, 17, 18, 28, 29, 30, 32, 33, 35, 36, 37, 50, 51]]
[76, 4.10306, [0, 1, 2, 4, 5, 7, 8, 9, 14, 16, 17, 18, 28, 29, 30, 32, 33, 35, 36, 37, 50, 51]]
[76, 4.10663, [0, 1, 2, 4, 5, 7, 8, 9, 14, 16, 18, 25, 26, 28, 32, 36, 37, 44, 50, 53, 57, 59, 61]]
[76, 4.10557, [0, 1, 2, 4, 5, 7, 8, 9, 14, 16, 27, 28, 29, 31, 32, 34, 35, 36, 41, 44, 49, 50, 51]]
[76, 4.11247, [0, 1, 2, 4, 5, 7, 8, 9, 15, 16, 17, 19, 20, 26, 27, 28, 30, 31, 36, 59, 60, 63]]
[76, 4.12982, [0, 1, 2, 4, 5, 7, 8, 9, 15, 16, 17, 19, 20, 26, 27, 29, 30, 31, 34, 36, 60, 66]]
[76, 4.1093, [0, 1, 2, 4, 5, 7, 8, 9, 15, 16, 17, 19, 20, 26, 27, 29, 30, 31, 36, 59, 60, 66]]
[76, 4.11968, [0, 1, 2, 4, 5, 7, 8, 9, 15, 16, 17, 19, 20, 26, 29, 30, 31, 33, 34, 36, 60, 66]]
[76, 4.13802, [0, 1, 2, 4, 5, 7, 8, 9, 15, 16, 17, 19, 20, 28, 29, 30, 32, 33, 35, 36, 37, 51]]
[76, 4.11709, [0, 1, 2, 4, 5, 7, 8, 9, 15, 16, 17, 20, 21, 28, 29, 30, 32, 33, 36, 37, 50, 51]]
[76, 4.11546, [0, 1, 2, 4, 5, 7, 8, 9, 15, 16, 17, 20, 21, 28, 29, 31, 32, 33, 36, 37, 50, 51]]
[76, 4.12923, [0, 1, 2, 4, 5, 7, 8, 9, 15, 16, 18, 19, 20, 25, 26, 28, 29, 32, 33, 49, 50, 61]]
[76, 4.12121, [0, 1, 2, 4, 5, 7, 8, 9, 15, 16, 18, 19, 20, 25, 26, 28, 29, 33, 36, 49, 55, 60]]
[76, 4.10537, [0, 1, 2, 4, 5, 7, 8, 9, 15, 16, 18, 19, 20, 25, 26, 28, 29, 33, 49, 50, 60, 61]]
[76, 4.1152, [0, 1, 2, 4, 5, 7, 8, 9, 15, 16, 18, 19, 20, 26, 29, 30, 31, 33, 34, 36, 60, 66]]
[76, 4.13353, [0, 1, 2, 4, 5, 7, 8, 9, 15, 16, 18, 19, 20, 28, 29, 30, 32, 33, 35, 36, 37, 51]]
[76, 4.12437, [0, 1, 2, 4, 5, 7, 8, 9, 15, 16, 18, 19, 20, 28, 29, 30, 32, 33, 35, 36, 37, 69]]
[76, 4.12032, [0, 1, 2, 4, 5, 7, 8, 9, 15, 16, 18, 19, 20, 28, 29, 30, 32, 33, 36, 37, 49, 51]]
[76, 4.10766, [0, 1, 2, 4, 5, 7, 8, 9, 15, 16, 18, 19, 20, 28, 29, 30, 32, 33, 37, 49, 50, 51]]
[76, 4.10713, [0, 1, 2, 4, 5, 7, 8, 9, 15, 16, 18, 19, 20, 28, 29, 30, 32, 35, 36, 37, 51, 69]]
[76, 4.12512, [0, 1, 2, 4, 5, 7, 8, 9, 15, 16, 18, 19, 21, 25, 28, 30, 32, 33, 36, 37, 49, 51]]
[76, 4.10849, [0, 1, 2, 4, 5, 7, 8, 9, 15, 16, 18, 19, 21, 25, 28, 32, 33, 36, 37, 44, 49, 51]]
[76, 4.11485, [0, 1, 2, 4, 5, 7, 8, 9, 15, 16, 18, 19, 21, 28, 29, 32, 33, 34, 36, 37, 44, 51]]
[76, 4.10694, [0, 1, 2, 4, 5, 7, 8, 9, 15, 16, 18, 19, 21, 29, 30, 31, 33, 34, 36, 37, 51, 52]]
[76, 4.11194, [0, 1, 2, 4, 5, 7, 8, 9, 15, 16, 18, 20, 21, 25, 26, 28, 32, 33, 36, 49, 50, 61]]
[76, 4.1126, [0, 1, 2, 4, 5, 7, 8, 9, 15, 16, 18, 20, 21, 28, 29, 30, 32, 33, 36, 37, 50, 51]]
[76, 4.10345, [0, 1, 2, 4, 5, 7, 8, 9, 15, 16, 18, 20, 21, 28, 29, 30, 32, 33, 36, 37, 50, 69]]
[76, 4.11097, [0, 1, 2, 4, 5, 7, 8, 9, 15, 16, 18, 20, 21, 28, 29, 31, 32, 33, 36, 37, 50, 51]]
[76, 4.19471, [0, 1, 2, 4, 5, 7, 8, 9, 15, 17, 18, 19, 23, 29, 30, 32, 44, 49, 51, 54, 58, 60, 62, 71]]
[76, 4.10992, [0, 1, 2, 4, 5, 7, 8, 9, 15, 17, 18, 19, 23, 29, 30, 32, 44, 49, 51, 54, 58, 60, 71]]
[76, 4.10893, [0, 1, 2, 4, 5, 7, 8, 9, 15, 17, 18, 19, 23, 29, 30, 32, 44, 49, 51, 54, 58, 62, 71]]
[76, 4.10789, [0, 1, 2, 4, 5, 7, 8, 9, 15, 17, 18, 19, 23, 29, 30, 32, 44, 49, 51, 54, 60, 62, 71]]
[76, 4.1056, [0, 1, 2, 4, 5, 7, 8, 9, 15, 17, 18, 19, 23, 29, 30, 32, 44, 49, 51, 58, 60, 62, 71]]
[76, 4.10369, [0, 1, 2, 4, 5, 7, 8, 9, 15, 17, 18, 19, 23, 29, 30, 32, 44, 49, 54, 58, 60, 62, 71]]
[76, 4.10231, [0, 1, 2, 4, 5, 7, 8, 9, 15, 17, 18, 19, 23, 29, 30, 32, 44, 51, 54, 58, 60, 62, 71]]
[76, 4.1076, [0, 1, 2, 4, 5, 7, 8, 9, 15, 17, 18, 20, 21, 28, 29, 30, 32, 33, 36, 37, 50, 51]]
[76, 4.10598, [0, 1, 2, 4, 5, 7, 8, 9, 15, 17, 18, 20, 21, 28, 29, 31, 32, 33, 36, 37, 50, 51]]
[76, 4.10143, [0, 1, 2, 4, 5, 7, 8, 9, 15, 17, 20, 21, 23, 24, 29, 30, 32, 33, 34, 37, 48, 54]]
[76, 4.18878, [0, 1, 2, 4, 5, 7, 8, 9, 15, 17, 20, 21, 23, 24, 29, 30, 32, 33, 36, 37, 48, 50, 54]]
[76, 4.10284, [0, 1, 2, 4, 5, 7, 8, 9, 15, 19, 20, 21, 23, 24, 29, 30, 32, 33, 35, 36, 37, 54]]
[76, 4.10199, [0, 1, 2, 4, 5, 7, 8, 9, 16, 17, 18, 20, 21, 28, 29, 30, 32, 33, 36, 37, 50, 51]]
[76, 4.11781, [0, 1, 2, 4, 5, 7, 8, 9, 16, 17, 19, 20, 21, 26, 28, 29, 30, 33, 34, 36, 37, 62]]
[76, 4.12199, [0, 1, 2, 4, 5, 7, 8, 9, 17, 18, 19, 21, 22, 24, 28, 29, 30, 32, 33, 35, 37, 44]]
[76, 4.1008, [0, 1, 2, 4, 5, 7, 8, 9, 17, 18, 19, 21, 22, 24, 28, 29, 32, 33, 35, 37, 44, 50]]
[76, 4.11009, [0, 1, 2, 4, 5, 7, 8, 9, 17, 18, 19, 21, 22, 26, 28, 29, 32, 33, 34, 36, 37, 44]]
[76, 4.10116, [0, 1, 2, 4, 5, 7, 8, 9, 17, 18, 19, 21, 22, 28, 29, 30, 32, 33, 35, 36, 37, 44]]
[76, 4.1437, [0, 1, 2, 4, 5, 7, 8, 9, 17, 19, 21, 22, 24, 27, 28, 31, 33, 34, 35, 41, 44, 50, 68]]
[76, 4.12892, [0, 1, 2, 4, 5, 7, 8, 9, 17, 19, 21, 22, 24, 27, 28, 31, 33, 34, 35, 44, 50, 63, 68]]
[76, 4.1074, [0, 1, 2, 4, 5, 7, 8, 9, 18, 20, 21, 23, 24, 25, 29, 30, 31, 34, 41, 48, 60, 65, 70]]
[76, 4.11046, [0, 1, 2, 4, 5, 7, 8, 13, 14, 15, 17, 18, 24, 25, 26, 28, 29, 31, 33, 36, 48, 59]]
[76, 4.14637, [0, 1, 2, 4, 5, 7, 8, 13, 14, 15, 17, 18, 24, 25, 28, 29, 31, 32, 49, 50, 58, 59, 64]]
[76, 4.11362, [0, 1, 2, 4, 5, 7, 8, 13, 14, 16, 17, 18, 22, 25, 28, 29, 30, 32, 33, 35, 36, 59]]
[76, 4.15181, [0, 1, 2, 4, 5, 7, 8, 13, 15, 16, 17, 20, 25, 26, 28, 29, 31, 32, 33, 36, 50, 59, 73]]
[76, 4.14724, [0, 1, 2, 4, 5, 7, 8, 13, 15, 16, 18, 20, 25, 26, 28, 29, 31, 32, 33, 36, 50, 59, 73]]
[76, 4.14215, [0, 1, 2, 4, 5, 7, 8, 13, 15, 17, 18, 20, 25, 26, 28, 29, 31, 32, 33, 36, 50, 59, 73]]
[76, 4.10693, [0, 1, 2, 4, 5, 7, 8, 13, 16, 17, 18, 20, 25, 26, 28, 29, 30, 33, 36, 59, 60, 62, 73]]
[76, 4.13643, [0, 1, 2, 4, 5, 7, 8, 13, 16, 17, 18, 20, 25, 26, 28, 29, 31, 32, 33, 36, 50, 59, 73]]
[76, 4.10792, [0, 1, 2, 4, 5, 7, 11, 12, 13, 15, 16, 18, 20, 23, 26, 27, 30, 32, 33, 35, 41, 67]]
[76, 4.104, [0, 1, 2, 4, 5, 7, 11, 12, 13, 15, 16, 18, 20, 23, 26, 27, 30, 32, 35, 36, 41, 67]]
[76, 4.1797, [0, 1, 2, 4, 5, 7, 11, 12, 13, 15, 16, 18, 20, 23, 26, 27, 32, 33, 35, 36, 41, 67, 68]]
[76, 4.10832, [0, 1, 2, 4, 5, 7, 11, 12, 13, 16, 18, 20, 23, 26, 27, 32, 33, 35, 36, 41, 53, 67, 68]]
[76, 4.11821, [0, 1, 2, 4, 5, 8, 9, 10, 14, 17, 21, 22, 23, 26, 27, 29, 33, 34, 37, 44, 50, 56, 58]]
[76, 4.10092, [0, 1, 2, 4, 5, 8, 9, 10, 14, 17, 21, 22, 23, 27, 28, 29, 33, 34, 37, 44, 58, 63, 68]]

Search completed in 1 hours, 0 minutes, and 33.323 seconds.  Enter a string to quit.