Enter an integer k for which our Kempner sets are k-free: 4
Enter a positive integer modulus b: 114
Enter estimation parameters, or * for pre-computed parameters ([0.0838, 1.0689, 1.4164]): *
Enter a threshold (e.g. 4.2) to determine printed output: 4.18
Enter a root for the search space (e.g. [0, 1, 2]) [or * for the root [0]]: *
Enter an upper bound for the size of allowable digit sets [or * to ignore]: 33
Enter a maximal number of deviations from a greedy search [or * to ignore]: *
Searching for k-free sets mod b...

[114, 4.18644, [0, 1, 2, 4, 5, 7, 8, 9, 14, 15, 16, 18, 25, 26, 28, 29, 31, 33, 36, 39, 45, 50, 52, 53, 55, 56, 68, 69, 70, 81]]
[114, 4.18153, [0, 1, 2, 4, 5, 7, 8, 9, 14, 15, 16, 18, 25, 26, 29, 30, 31, 33, 39, 41, 42, 47, 48, 50, 52, 53, 60, 69, 97, 103]]
[114, 4.18093, [0, 1, 2, 4, 5, 7, 8, 9, 14, 15, 16, 18, 25, 26, 31, 32, 40, 41, 42, 45, 47, 49, 52, 54, 67, 69, 70, 74, 86, 87, 95]]
[114, 4.21878, [0, 1, 2, 4, 5, 7, 8, 9, 14, 15, 16, 18, 25, 29, 30, 31, 33, 38, 39, 41, 42, 47, 48, 50, 52, 53, 60, 69, 92, 97, 103]]
[114, 4.22146, [0, 1, 2, 4, 5, 7, 8, 9, 14, 15, 16, 18, 25, 29, 30, 31, 33, 38, 39, 41, 42, 47, 48, 50, 52, 53, 68, 69, 70, 97, 103]]
[114, 4.20842, [0, 1, 2, 4, 5, 7, 8, 9, 14, 15, 16, 18, 25, 29, 30, 31, 33, 38, 39, 41, 42, 47, 48, 52, 53, 68, 69, 70, 84, 97, 103]]
[114, 4.21622, [0, 1, 2, 4, 5, 7, 8, 9, 14, 15, 16, 18, 25, 29, 30, 31, 33, 38, 39, 41, 42, 48, 50, 52, 53, 56, 68, 69, 70, 97, 103]]
[114, 4.19273, [0, 1, 2, 4, 5, 7, 8, 9, 14, 15, 16, 18, 25, 29, 33, 36, 38, 39, 41, 44, 45, 48, 50, 52, 53, 55, 68, 69, 70, 97, 103]]
[114, 4.21828, [0, 1, 2, 4, 5, 7, 8, 9, 14, 15, 16, 18, 25, 30, 31, 33, 37, 38, 39, 42, 48, 49, 50, 52, 53, 55, 56, 68, 69, 70, 78]]
[114, 4.18455, [0, 1, 2, 4, 5, 7, 8, 9, 14, 15, 16, 18, 25, 30, 33, 37, 38, 39, 42, 48, 49, 50, 52, 53, 55, 56, 68, 69, 70, 78, 97]]
[114, 4.18126, [0, 1, 2, 4, 5, 7, 8, 9, 14, 15, 16, 18, 26, 28, 29, 32, 33, 34, 36, 39, 47, 49, 53, 55, 74, 80, 87, 94, 97, 99, 102]]
[114, 4.18418, [0, 1, 2, 4, 5, 7, 8, 9, 14, 15, 16, 18, 26, 31, 32, 33, 35, 39, 40, 42, 45, 49, 53, 54, 55, 69, 70, 76, 86, 87, 94]]
[114, 4.19302, [0, 1, 2, 4, 5, 7, 8, 9, 14, 15, 17, 18, 23, 24, 26, 29, 30, 39, 42, 47, 48, 50, 52, 53, 67, 73, 84, 93, 97, 102, 103]]
[114, 4.19674, [0, 1, 2, 4, 5, 7, 8, 9, 14, 15, 17, 18, 23, 24, 26, 29, 33, 36, 39, 44, 48, 50, 53, 67, 68, 69, 78, 85, 87, 97, 106]]
[114, 4.20639, [0, 1, 2, 4, 5, 7, 8, 9, 14, 15, 17, 18, 23, 24, 26, 30, 33, 41, 46, 47, 48, 50, 51, 53, 54, 55, 60, 73, 100, 106, 109]]
[114, 4.18392, [0, 1, 2, 4, 5, 7, 8, 9, 14, 15, 17, 18, 23, 30, 33, 34, 36, 37, 41, 42, 46, 47, 53, 55, 56, 63, 70, 73, 86, 95, 106]]
[114, 4.18967, [0, 1, 2, 4, 5, 7, 8, 9, 14, 15, 17, 18, 23, 30, 33, 34, 37, 39, 41, 46, 47, 48, 52, 53, 54, 56, 67, 70, 73, 86, 106]]
[114, 4.18791, [0, 1, 2, 4, 5, 7, 8, 9, 14, 15, 17, 18, 23, 30, 33, 34, 37, 39, 41, 46, 47, 48, 52, 53, 54, 56, 67, 70, 79, 86, 106]]
[114, 4.18217, [0, 1, 2, 4, 5, 7, 8, 9, 14, 15, 17, 18, 23, 30, 33, 34, 37, 39, 41, 46, 47, 48, 52, 53, 54, 56, 70, 73, 86, 95, 106]]
[114, 4.18211, [0, 1, 2, 4, 5, 7, 8, 9, 14, 15, 17, 18, 23, 30, 33, 35, 36, 37, 41, 42, 46, 47, 50, 55, 56, 63, 70, 73, 95, 97, 106]]
[114, 4.20252, [0, 1, 2, 4, 5, 7, 8, 9, 14, 15, 17, 18, 24, 29, 30, 35, 37, 38, 39, 42, 44, 48, 49, 50, 53, 55, 60, 67, 85, 100, 104]]
[114, 4.19462, [0, 1, 2, 4, 5, 7, 8, 9, 14, 15, 17, 18, 24, 29, 30, 35, 37, 38, 39, 42, 44, 48, 49, 50, 53, 55, 60, 85, 97, 100, 104]]
[114, 4.19025, [0, 1, 2, 4, 5, 7, 8, 9, 14, 15, 17, 18, 24, 29, 30, 35, 37, 38, 39, 42, 44, 48, 49, 50, 53, 60, 67, 85, 93, 100, 104]]
[114, 4.19017, [0, 1, 2, 4, 5, 7, 8, 9, 14, 15, 17, 18, 29, 30, 31, 33, 34, 37, 38, 39, 46, 48, 52, 53, 55, 67, 68, 70, 73, 89, 104]]
[114, 4.21971, [0, 1, 2, 4, 5, 7, 8, 9, 14, 15, 17, 23, 24, 26, 27, 29, 30, 36, 44, 46, 47, 49, 50, 51, 54, 55, 60, 63, 75, 77, 78]]
[114, 4.20983, [0, 1, 2, 4, 5, 7, 8, 9, 14, 15, 17, 23, 24, 26, 27, 29, 30, 36, 44, 46, 47, 49, 50, 51, 54, 55, 63, 75, 77, 82, 88]]
[114, 4.18154, [0, 1, 2, 4, 5, 7, 8, 9, 14, 15, 17, 23, 24, 27, 28, 29, 36, 38, 44, 46, 47, 49, 50, 51, 54, 63, 75, 77, 82, 88, 105]]
[114, 4.18177, [0, 1, 2, 4, 5, 7, 8, 9, 14, 15, 17, 23, 24, 27, 29, 30, 36, 38, 44, 47, 49, 50, 51, 54, 55, 63, 68, 75, 77, 82, 88]]
[114, 4.18083, [0, 1, 2, 4, 5, 7, 8, 9, 14, 15, 17, 24, 31, 32, 33, 35, 36, 41, 43, 44, 50, 51, 53, 54, 60, 67, 70, 76, 94, 95, 97, 109]]
[114, 4.18565, [0, 1, 2, 4, 5, 7, 8, 9, 14, 16, 17, 18, 22, 28, 29, 31, 32, 35, 36, 37, 39, 45, 49, 51, 55, 60, 63, 68, 72, 76]]
[114, 4.18694, [0, 1, 2, 4, 5, 7, 8, 9, 14, 16, 17, 18, 22, 28, 31, 32, 33, 36, 37, 41, 43, 51, 55, 60, 68, 69, 72, 76, 91, 92, 102]]
[114, 4.22595, [0, 1, 2, 4, 5, 7, 8, 9, 14, 16, 17, 18, 22, 28, 31, 32, 35, 36, 37, 41, 43, 45, 51, 53, 55, 60, 63, 68, 69, 72, 76]]
[114, 4.18829, [0, 1, 2, 4, 5, 7, 8, 9, 14, 16, 17, 18, 22, 29, 31, 32, 34, 35, 37, 42, 43, 45, 60, 63, 68, 69, 72, 76, 78, 85, 108]]
[114, 4.18578, [0, 1, 2, 4, 5, 7, 8, 9, 14, 16, 17, 18, 22, 29, 31, 32, 34, 35, 37, 42, 43, 45, 60, 63, 68, 72, 76, 77, 78, 85, 108]]
[114, 4.18253, [0, 1, 2, 4, 5, 7, 8, 9, 14, 16, 17, 18, 22, 29, 31, 32, 34, 37, 39, 42, 43, 45, 60, 67, 68, 69, 72, 76, 78, 85, 108]]
[114, 4.18483, [0, 1, 2, 4, 5, 7, 8, 9, 14, 16, 17, 18, 22, 29, 31, 32, 38, 39, 42, 43, 45, 50, 53, 54, 60, 67, 69, 72, 78, 85, 97]]
[114, 4.19308, [0, 1, 2, 4, 5, 7, 8, 9, 14, 16, 17, 18, 26, 28, 29, 30, 33, 34, 37, 39, 45, 47, 48, 52, 60, 67, 72, 92, 93, 103, 108]]
[114, 4.19402, [0, 1, 2, 4, 5, 7, 8, 9, 14, 16, 17, 18, 26, 28, 29, 31, 33, 34, 36, 39, 43, 45, 55, 63, 68, 69, 70, 76, 84, 87, 98]]
[114, 4.19205, [0, 1, 2, 4, 5, 7, 8, 9, 14, 16, 17, 18, 26, 29, 30, 31, 34, 36, 37, 39, 45, 48, 49, 52, 55, 60, 63, 95, 98, 99, 101]]
[114, 4.18176, [0, 1, 2, 4, 5, 7, 8, 9, 14, 16, 17, 18, 26, 29, 30, 31, 34, 36, 37, 39, 45, 48, 49, 55, 60, 63, 78, 95, 98, 99, 101]]
[114, 4.19084, [0, 1, 2, 4, 5, 7, 8, 9, 14, 16, 17, 22, 26, 29, 31, 33, 34, 36, 39, 40, 45, 55, 63, 68, 72, 76, 81, 84, 89, 98, 103, 105]]
[114, 4.18761, [0, 1, 2, 4, 5, 7, 8, 9, 14, 16, 17, 22, 26, 29, 31, 33, 34, 36, 39, 40, 45, 55, 63, 68, 72, 76, 84, 89, 95, 98, 103, 105]]
[114, 4.18196, [0, 1, 2, 4, 5, 7, 8, 9, 14, 16, 17, 22, 26, 29, 31, 33, 34, 36, 39, 40, 45, 55, 63, 68, 76, 84, 89, 94, 95, 98, 103, 105]]
[114, 4.18854, [0, 1, 2, 4, 5, 7, 8, 9, 14, 16, 17, 22, 29, 32, 34, 35, 36, 39, 40, 45, 49, 53, 54, 55, 60, 68, 72, 76, 85, 87, 94, 105]]
[114, 4.20404, [0, 1, 2, 4, 5, 7, 8, 9, 14, 17, 18, 22, 23, 24, 28, 31, 35, 36, 40, 41, 43, 45, 51, 53, 55, 60, 63, 68, 72, 76, 103]]
[114, 4.1969, [0, 1, 2, 4, 5, 7, 8, 9, 14, 17, 18, 22, 23, 24, 28, 31, 35, 36, 40, 41, 43, 45, 51, 53, 55, 60, 63, 72, 76, 95, 103]]
[114, 4.18879, [0, 1, 2, 4, 5, 7, 8, 9, 14, 17, 18, 22, 23, 24, 28, 31, 35, 36, 40, 41, 43, 45, 51, 53, 63, 68, 70, 72, 76, 89, 103]]
[114, 4.18353, [0, 1, 2, 4, 5, 7, 8, 9, 14, 17, 18, 22, 23, 24, 28, 31, 35, 36, 40, 45, 47, 51, 53, 55, 60, 63, 68, 72, 73, 76, 109]]
[114, 4.19123, [0, 1, 2, 4, 5, 7, 8, 9, 14, 17, 18, 22, 23, 24, 28, 35, 36, 39, 40, 43, 44, 45, 49, 51, 53, 60, 63, 68, 72, 89, 109]]
[114, 4.18212, [0, 1, 2, 4, 5, 7, 8, 9, 14, 17, 18, 22, 23, 24, 28, 35, 36, 40, 41, 43, 44, 45, 51, 55, 63, 68, 70, 72, 73, 76, 84]]
[114, 4.18939, [0, 1, 2, 4, 5, 7, 8, 9, 14, 17, 18, 22, 23, 24, 31, 33, 35, 36, 40, 45, 46, 47, 51, 53, 55, 60, 63, 72, 73, 76, 95]]
[114, 4.1869, [0, 1, 2, 4, 5, 7, 8, 9, 14, 17, 18, 22, 23, 24, 31, 33, 35, 36, 40, 45, 46, 47, 51, 53, 55, 60, 63, 72, 73, 76, 109]]
[114, 4.18251, [0, 1, 2, 4, 5, 7, 8, 9, 14, 17, 18, 23, 24, 26, 30, 31, 33, 37, 40, 41, 42, 48, 52, 53, 55, 67, 68, 69, 84, 86, 89]]
[114, 4.19536, [0, 1, 2, 4, 5, 7, 8, 9, 14, 17, 22, 23, 24, 28, 30, 31, 33, 35, 36, 40, 41, 44, 51, 53, 54, 60, 63, 68, 69, 70, 73]]
[114, 4.18385, [0, 1, 2, 4, 5, 7, 8, 9, 14, 17, 22, 23, 24, 28, 30, 31, 33, 35, 36, 40, 41, 44, 51, 53, 54, 60, 68, 69, 70, 73, 109]]
[114, 4.18629, [0, 1, 2, 4, 5, 7, 8, 9, 14, 17, 22, 23, 24, 28, 30, 31, 33, 35, 36, 40, 41, 44, 53, 54, 60, 63, 68, 69, 70, 72, 73]]
[114, 4.18846, [0, 1, 2, 4, 5, 7, 8, 9, 14, 17, 22, 23, 24, 28, 30, 31, 33, 35, 36, 40, 41, 51, 53, 54, 55, 60, 63, 68, 69, 70, 73]]
[114, 4.21863, [0, 1, 2, 4, 5, 7, 8, 9, 14, 17, 22, 23, 24, 28, 31, 33, 35, 36, 40, 41, 45, 51, 53, 54, 55, 60, 68, 70, 72, 73, 76, 109]]
[114, 4.2181, [0, 1, 2, 4, 5, 7, 8, 9, 14, 17, 22, 23, 24, 28, 31, 33, 35, 36, 40, 41, 51, 53, 54, 55, 60, 63, 68, 69, 70, 72, 73, 76]]
[114, 4.20646, [0, 1, 2, 4, 5, 7, 8, 9, 14, 17, 22, 23, 24, 28, 31, 33, 35, 36, 40, 41, 51, 53, 54, 55, 60, 68, 69, 70, 72, 73, 76, 109]]
[114, 4.1933, [0, 1, 2, 4, 5, 7, 8, 9, 14, 17, 22, 23, 24, 28, 31, 33, 35, 36, 40, 51, 53, 54, 55, 60, 63, 68, 69, 70, 72, 73, 76, 109]]
[114, 4.19289, [0, 1, 2, 4, 5, 7, 8, 9, 14, 17, 22, 23, 24, 28, 31, 33, 35, 36, 41, 51, 53, 54, 55, 60, 63, 68, 69, 70, 72, 73, 76, 106]]
[114, 4.18126, [0, 1, 2, 4, 5, 7, 8, 9, 14, 17, 22, 23, 24, 28, 31, 33, 35, 41, 50, 51, 53, 54, 55, 60, 63, 68, 69, 70, 72, 73, 76, 106]]
[114, 4.18258, [0, 1, 2, 4, 5, 7, 8, 9, 14, 17, 22, 24, 28, 31, 32, 35, 37, 41, 43, 44, 45, 50, 51, 53, 55, 56, 70, 72, 76, 90, 91, 95]]
[114, 4.19108, [0, 1, 2, 4, 5, 7, 8, 9, 14, 17, 23, 24, 28, 31, 33, 35, 36, 40, 41, 44, 50, 51, 53, 54, 55, 63, 68, 69, 70, 72, 73, 76]]
[114, 4.18405, [0, 1, 2, 4, 5, 7, 8, 9, 14, 18, 23, 25, 26, 28, 29, 30, 34, 35, 36, 39, 43, 45, 46, 48, 49, 51, 53, 63, 78, 89, 109]]
[114, 4.20439, [0, 1, 2, 4, 5, 7, 8, 9, 15, 16, 17, 19, 28, 29, 31, 32, 33, 36, 37, 38, 42, 44, 45, 51, 54, 67, 68, 70, 71, 75, 84]]
[114, 4.19937, [0, 1, 2, 4, 5, 7, 8, 9, 15, 16, 18, 19, 20, 25, 26, 28, 29, 31, 32, 33, 45, 49, 50, 51, 53, 60, 63, 78, 79, 80]]
[114, 4.2051, [0, 1, 2, 4, 5, 7, 8, 9, 15, 16, 18, 19, 20, 25, 26, 28, 29, 31, 32, 33, 45, 51, 52, 53, 55, 56, 63, 68, 70, 71]]
[114, 4.18164, [0, 1, 2, 4, 5, 7, 8, 9, 15, 16, 18, 19, 20, 25, 26, 29, 31, 32, 33, 41, 45, 51, 52, 53, 55, 56, 63, 68, 70, 103]]
[114, 4.19243, [0, 1, 2, 4, 5, 7, 8, 9, 15, 16, 18, 19, 20, 25, 26, 29, 38, 41, 42, 44, 53, 60, 63, 71, 84, 89, 92, 93, 94, 96, 102, 103]]
[114, 4.19163, [0, 1, 2, 4, 5, 7, 8, 9, 15, 16, 18, 19, 20, 25, 26, 29, 38, 41, 42, 44, 53, 60, 63, 71, 84, 89, 92, 94, 96, 97, 102, 103]]
[114, 4.19788, [0, 1, 2, 4, 5, 7, 8, 9, 15, 16, 18, 19, 20, 25, 26, 36, 38, 39, 41, 42, 43, 48, 49, 51, 55, 63, 68, 74, 84, 88, 97]]
[114, 4.18727, [0, 1, 2, 4, 5, 7, 8, 9, 15, 16, 18, 19, 20, 25, 26, 36, 38, 39, 41, 42, 43, 49, 51, 55, 63, 68, 71, 74, 84, 88, 97]]
[114, 4.19412, [0, 1, 2, 4, 5, 7, 8, 9, 15, 16, 18, 19, 20, 25, 26, 36, 38, 39, 41, 42, 44, 48, 49, 51, 55, 63, 68, 74, 84, 97, 103]]
[114, 4.22247, [0, 1, 2, 4, 5, 7, 8, 9, 15, 16, 18, 19, 20, 25, 28, 29, 31, 32, 33, 45, 49, 51, 52, 53, 56, 63, 68, 71, 78, 79, 92]]
[114, 4.21376, [0, 1, 2, 4, 5, 7, 8, 9, 15, 16, 18, 19, 20, 25, 28, 29, 31, 32, 33, 45, 49, 51, 52, 53, 63, 68, 71, 78, 79, 80, 92]]
[114, 4.21283, [0, 1, 2, 4, 5, 7, 8, 9, 15, 16, 18, 19, 20, 25, 28, 29, 31, 32, 33, 45, 51, 52, 53, 56, 63, 68, 70, 71, 78, 79, 92]]
[114, 4.19294, [0, 1, 2, 4, 5, 7, 8, 9, 15, 16, 18, 19, 20, 25, 28, 29, 31, 32, 45, 49, 51, 52, 53, 56, 63, 68, 71, 78, 79, 90, 92]]
[114, 4.1833, [0, 1, 2, 4, 5, 7, 8, 9, 15, 16, 18, 19, 20, 25, 28, 29, 31, 32, 45, 51, 52, 53, 56, 63, 68, 70, 71, 78, 79, 90, 92]]
[114, 4.19121, [0, 1, 2, 4, 5, 7, 8, 9, 15, 16, 18, 19, 20, 25, 29, 31, 32, 33, 41, 45, 51, 52, 53, 56, 63, 68, 70, 71, 79, 92, 103]]
[114, 4.19342, [0, 1, 2, 4, 5, 7, 8, 9, 15, 16, 18, 19, 20, 26, 28, 30, 34, 35, 39, 46, 47, 51, 53, 54, 56, 63, 70, 78, 89, 95, 97]]
[114, 4.21763, [0, 1, 2, 4, 5, 7, 8, 9, 15, 16, 18, 19, 21, 25, 26, 29, 32, 36, 38, 41, 42, 45, 47, 52, 60, 67, 69, 74, 84, 87, 97]]
[114, 4.21308, [0, 1, 2, 4, 5, 7, 8, 9, 15, 16, 18, 19, 21, 25, 26, 29, 32, 36, 38, 41, 42, 45, 47, 52, 60, 67, 69, 84, 87, 92, 97]]
[114, 4.20923, [0, 1, 2, 4, 5, 7, 8, 9, 15, 16, 18, 19, 21, 25, 26, 29, 32, 36, 38, 41, 42, 45, 47, 52, 67, 69, 70, 84, 87, 92, 97]]
[114, 4.20333, [0, 1, 2, 4, 5, 7, 8, 9, 15, 16, 18, 19, 21, 25, 26, 29, 32, 36, 38, 41, 42, 45, 51, 52, 69, 70, 71, 84, 91, 92, 103]]
[114, 4.1891, [0, 1, 2, 4, 5, 7, 8, 9, 15, 16, 18, 19, 21, 25, 26, 30, 32, 33, 36, 38, 42, 43, 49, 50, 52, 56, 68, 70, 71, 77]]
[114, 4.18592, [0, 1, 2, 4, 5, 7, 8, 9, 15, 16, 18, 19, 21, 25, 26, 32, 36, 38, 40, 41, 43, 45, 51, 56, 69, 70, 84, 85, 88, 91, 92]]
[114, 4.18345, [0, 1, 2, 4, 5, 7, 8, 9, 15, 16, 18, 19, 21, 25, 28, 29, 31, 32, 36, 42, 45, 47, 67, 68, 69, 74, 84, 87, 92, 95, 97]]
[114, 4.18688, [0, 1, 2, 4, 5, 7, 8, 9, 15, 16, 18, 19, 21, 25, 29, 32, 36, 37, 41, 42, 44, 49, 51, 52, 56, 70, 71, 77, 90, 92, 102]]
[114, 4.18096, [0, 1, 2, 4, 5, 7, 8, 9, 15, 16, 18, 19, 21, 25, 29, 32, 36, 38, 41, 42, 44, 45, 51, 52, 69, 70, 71, 84, 91, 92, 103]]
[114, 4.18123, [0, 1, 2, 4, 5, 7, 8, 9, 15, 16, 18, 19, 21, 25, 30, 32, 36, 37, 38, 42, 43, 49, 51, 52, 69, 70, 71, 84, 88, 92, 107]]
[114, 4.18746, [0, 1, 2, 4, 5, 7, 8, 9, 15, 16, 18, 19, 21, 25, 32, 36, 37, 38, 40, 41, 43, 45, 51, 52, 56, 69, 70, 71, 84, 88, 91]]
[114, 4.18196, [0, 1, 2, 4, 5, 7, 8, 9, 15, 16, 18, 19, 21, 25, 32, 36, 37, 38, 40, 41, 43, 45, 51, 52, 56, 69, 70, 84, 88, 91, 92]]
[114, 4.18618, [0, 1, 2, 4, 5, 7, 8, 9, 15, 16, 18, 19, 21, 25, 32, 36, 37, 38, 40, 41, 43, 45, 51, 52, 56, 69, 71, 74, 84, 88, 91]]
[114, 4.19854, [0, 1, 2, 4, 5, 7, 8, 9, 15, 16, 18, 19, 21, 25, 32, 36, 37, 38, 41, 42, 43, 45, 50, 51, 52, 56, 69, 70, 71, 88, 92]]
[114, 4.18389, [0, 1, 2, 4, 5, 7, 8, 9, 15, 16, 18, 19, 21, 25, 32, 36, 37, 38, 41, 42, 43, 45, 51, 52, 56, 69, 70, 71, 88, 91, 92]]
[114, 4.18443, [0, 1, 2, 4, 5, 7, 8, 9, 15, 16, 18, 19, 21, 25, 32, 36, 37, 38, 41, 42, 43, 45, 51, 52, 56, 69, 71, 74, 84, 88, 91]]
[114, 4.18323, [0, 1, 2, 4, 5, 7, 8, 9, 15, 16, 18, 19, 21, 25, 32, 36, 37, 38, 41, 43, 44, 45, 51, 52, 56, 69, 70, 71, 84, 91, 92]]
[114, 4.18226, [0, 1, 2, 4, 5, 7, 8, 9, 15, 16, 18, 19, 21, 26, 28, 30, 33, 34, 35, 39, 46, 51, 53, 54, 63, 82, 89, 94, 95, 97, 104]]
[114, 4.20362, [0, 1, 2, 4, 5, 7, 8, 9, 15, 16, 18, 19, 21, 28, 29, 31, 32, 33, 36, 37, 42, 49, 50, 52, 56, 68, 77, 81, 87, 92, 95]]
[114, 4.19911, [0, 1, 2, 4, 5, 7, 8, 9, 15, 16, 18, 19, 21, 28, 29, 31, 32, 33, 36, 37, 42, 49, 50, 52, 56, 68, 77, 87, 92, 95, 102]]
[114, 4.18683, [0, 1, 2, 4, 5, 7, 8, 9, 15, 16, 18, 19, 21, 28, 29, 31, 32, 33, 36, 37, 42, 49, 52, 56, 68, 77, 81, 87, 92, 95, 102]]
[114, 4.18577, [0, 1, 2, 4, 5, 7, 8, 9, 15, 16, 18, 20, 21, 26, 28, 29, 30, 34, 36, 39, 49, 53, 55, 63, 68, 71, 74, 81, 84, 97, 104]]
[114, 4.1992, [0, 1, 2, 4, 5, 7, 8, 9, 15, 16, 18, 20, 21, 26, 29, 32, 33, 34, 36, 39, 41, 49, 53, 55, 63, 68, 70, 74, 79, 85, 99]]
[114, 4.2233, [0, 1, 2, 4, 5, 7, 8, 9, 15, 16, 18, 20, 21, 28, 29, 31, 32, 34, 35, 36, 39, 45, 53, 55, 56, 63, 68, 70, 71, 74, 81]]
[114, 4.19746, [0, 1, 2, 4, 5, 7, 8, 9, 15, 16, 18, 20, 21, 30, 31, 32, 35, 36, 37, 40, 41, 43, 47, 55, 56, 68, 70, 71, 74, 84, 91]]
[114, 4.19607, [0, 1, 2, 4, 5, 7, 8, 9, 15, 16, 18, 20, 21, 30, 31, 32, 35, 36, 37, 40, 41, 43, 47, 55, 56, 68, 70, 71, 74, 90, 91]]
[114, 4.1969, [0, 1, 2, 4, 5, 7, 8, 9, 15, 16, 18, 20, 21, 30, 32, 33, 35, 36, 37, 40, 41, 43, 47, 51, 56, 68, 70, 71, 74, 84, 91]]
[114, 4.1947, [0, 1, 2, 4, 5, 7, 8, 9, 15, 16, 18, 20, 21, 30, 32, 33, 35, 36, 37, 40, 41, 43, 47, 55, 56, 68, 70, 71, 74, 84, 91]]
[114, 4.19216, [0, 1, 2, 4, 5, 7, 8, 9, 15, 16, 18, 20, 21, 30, 32, 33, 35, 36, 37, 40, 41, 43, 51, 55, 56, 68, 70, 71, 74, 84, 91]]
[114, 4.18921, [0, 1, 2, 4, 5, 7, 8, 9, 15, 16, 18, 20, 21, 30, 32, 33, 35, 36, 37, 40, 41, 47, 51, 55, 56, 68, 70, 71, 74, 84, 91]]
[114, 4.18643, [0, 1, 2, 4, 5, 7, 8, 9, 15, 16, 18, 21, 25, 30, 31, 32, 36, 38, 40, 41, 43, 47, 49, 52, 53, 56, 67, 68, 70, 71, 90]]
[114, 4.18468, [0, 1, 2, 4, 5, 7, 8, 9, 15, 16, 18, 21, 25, 30, 31, 32, 36, 38, 41, 42, 43, 47, 49, 52, 53, 56, 67, 68, 70, 71, 90]]
[114, 4.20142, [0, 1, 2, 4, 5, 7, 8, 9, 15, 16, 18, 21, 25, 30, 32, 33, 36, 37, 38, 40, 41, 43, 47, 50, 51, 56, 63, 68, 70, 71, 74]]
[114, 4.19879, [0, 1, 2, 4, 5, 7, 8, 9, 15, 16, 19, 21, 25, 28, 30, 31, 32, 36, 38, 39, 42, 47, 50, 51, 54, 56, 67, 68, 69, 71, 97]]
[114, 4.18908, [0, 1, 2, 4, 5, 7, 8, 9, 15, 16, 19, 21, 25, 28, 30, 31, 32, 36, 38, 39, 42, 47, 50, 54, 56, 67, 68, 69, 71, 74, 97]]
[114, 4.18982, [0, 1, 2, 4, 5, 7, 8, 9, 15, 17, 18, 19, 23, 24, 28, 30, 32, 35, 37, 39, 40, 42, 53, 67, 68, 70, 73, 86, 90, 93, 100]]
[114, 4.20482, [0, 1, 2, 4, 5, 7, 8, 9, 15, 17, 18, 19, 23, 24, 28, 32, 34, 35, 37, 39, 40, 42, 44, 53, 67, 68, 70, 73, 86, 90, 93]]
[114, 4.19101, [0, 1, 2, 4, 5, 7, 8, 9, 15, 17, 18, 19, 23, 24, 28, 32, 34, 37, 39, 40, 42, 44, 52, 53, 67, 68, 70, 73, 86, 90, 93]]
[114, 4.21383, [0, 1, 2, 4, 5, 7, 8, 9, 15, 17, 19, 20, 24, 26, 27, 28, 34, 38, 39, 40, 42, 43, 45, 52, 53, 55, 67, 68, 70, 73, 90]]
[114, 4.18917, [0, 1, 2, 4, 5, 7, 8, 9, 15, 17, 19, 20, 24, 26, 27, 28, 34, 38, 39, 40, 43, 45, 52, 53, 55, 67, 68, 70, 73, 99, 104]]
[114, 4.18549, [0, 1, 2, 4, 5, 7, 8, 9, 15, 17, 19, 20, 24, 26, 27, 28, 34, 38, 39, 40, 43, 45, 52, 53, 55, 67, 70, 73, 80, 99, 104]]
[114, 4.18978, [0, 1, 2, 4, 5, 7, 8, 9, 15, 17, 19, 20, 24, 26, 27, 29, 30, 31, 36, 44, 46, 50, 51, 54, 55, 67, 75, 78, 89, 91, 96]]
[114, 4.20281, [0, 1, 2, 4, 5, 7, 8, 9, 15, 17, 19, 20, 24, 26, 27, 29, 30, 36, 44, 46, 47, 49, 50, 51, 54, 55, 60, 63, 75, 78, 82]]
[114, 4.18822, [0, 1, 2, 4, 5, 7, 8, 9, 15, 17, 19, 24, 26, 27, 28, 32, 34, 38, 39, 40, 42, 43, 45, 52, 53, 55, 67, 68, 70, 73, 90]]
[114, 4.18862, [0, 1, 2, 4, 5, 7, 8, 9, 15, 17, 20, 21, 23, 24, 28, 34, 35, 37, 38, 39, 43, 44, 46, 48, 52, 60, 67, 73, 88, 93, 106]]
[114, 4.18469, [0, 1, 2, 4, 5, 7, 8, 9, 15, 17, 21, 23, 24, 26, 28, 29, 36, 38, 40, 44, 46, 47, 49, 50, 51, 54, 60, 63, 75, 77, 88]]
[114, 4.18076, [0, 1, 2, 4, 5, 7, 8, 9, 15, 18, 19, 20, 23, 24, 25, 34, 36, 38, 39, 41, 42, 43, 47, 48, 63, 68, 73, 84, 88, 94, 97]]
[114, 4.18913, [0, 1, 2, 4, 5, 7, 8, 9, 15, 18, 19, 21, 23, 26, 30, 32, 35, 36, 38, 39, 40, 43, 50, 51, 56, 63, 68, 70, 71, 73, 109]]
[114, 4.21284, [0, 1, 2, 4, 5, 7, 8, 9, 15, 19, 20, 21, 23, 24, 26, 28, 34, 35, 38, 39, 44, 45, 46, 48, 52, 60, 63, 71, 73, 74, 75]]
[114, 4.19695, [0, 1, 2, 4, 5, 7, 8, 9, 15, 19, 20, 21, 23, 24, 26, 28, 34, 35, 38, 39, 44, 46, 48, 52, 60, 63, 71, 73, 74, 75, 82]]
[114, 4.18678, [0, 1, 2, 4, 5, 7, 8, 9, 15, 19, 20, 21, 24, 25, 26, 28, 29, 31, 38, 40, 44, 46, 52, 54, 63, 71, 73, 74, 75, 87, 105]]
[114, 4.19397, [0, 1, 2, 4, 5, 7, 8, 9, 15, 19, 20, 21, 24, 26, 28, 31, 33, 34, 35, 38, 39, 44, 48, 52, 60, 63, 71, 73, 74, 75, 82]]
[114, 4.18304, [0, 1, 2, 4, 5, 7, 8, 9, 15, 19, 20, 21, 24, 26, 28, 31, 33, 34, 38, 39, 44, 48, 50, 52, 53, 60, 63, 71, 73, 82, 106]]
[114, 4.1815, [0, 1, 2, 4, 5, 7, 8, 9, 15, 19, 20, 21, 24, 26, 28, 31, 34, 35, 38, 39, 44, 46, 48, 52, 60, 63, 71, 73, 74, 75, 82]]
[114, 4.19662, [0, 1, 2, 4, 5, 7, 8, 9, 15, 19, 20, 21, 24, 26, 28, 31, 35, 38, 39, 40, 46, 47, 48, 52, 74, 75, 86, 87, 89, 93, 99, 100]]
[114, 4.18557, [0, 1, 2, 4, 5, 7, 8, 9, 15, 19, 21, 23, 24, 26, 28, 29, 35, 36, 38, 40, 44, 46, 47, 50, 51, 54, 60, 63, 75, 88, 89]]
[114, 4.18513, [0, 1, 2, 4, 5, 7, 8, 9, 15, 19, 21, 23, 24, 26, 28, 29, 35, 38, 40, 44, 47, 48, 50, 54, 67, 75, 87, 88, 89, 91, 99, 100]]
[114, 4.22079, [0, 1, 2, 4, 5, 7, 8, 9, 16, 17, 19, 20, 22, 26, 28, 29, 31, 32, 33, 36, 37, 45, 51, 54, 60, 67, 68, 69, 72, 75, 84]]
[114, 4.22045, [0, 1, 2, 4, 5, 7, 8, 9, 16, 17, 19, 20, 22, 26, 28, 29, 31, 32, 33, 36, 37, 45, 51, 54, 60, 67, 68, 70, 72, 75, 84]]
[114, 4.2201, [0, 1, 2, 4, 5, 7, 8, 9, 16, 17, 19, 20, 22, 26, 28, 29, 31, 32, 33, 36, 37, 45, 51, 54, 60, 67, 69, 70, 72, 75, 84]]
[114, 4.21974, [0, 1, 2, 4, 5, 7, 8, 9, 16, 17, 19, 20, 22, 26, 28, 29, 31, 32, 33, 36, 37, 45, 51, 54, 60, 68, 69, 70, 72, 75, 84]]
[114, 4.21714, [0, 1, 2, 4, 5, 7, 8, 9, 16, 17, 19, 20, 22, 26, 28, 29, 31, 32, 33, 36, 37, 45, 51, 54, 60, 68, 69, 70, 75, 81, 84]]
[114, 4.19705, [0, 1, 2, 4, 5, 7, 8, 9, 16, 17, 19, 20, 22, 26, 28, 29, 31, 32, 33, 36, 45, 51, 54, 60, 68, 69, 70, 72, 75, 81, 84]]
[114, 4.18546, [0, 1, 2, 4, 5, 7, 8, 9, 16, 17, 19, 21, 22, 26, 28, 29, 32, 33, 36, 37, 38, 42, 51, 67, 68, 70, 75, 81, 84, 87, 102]]
[114, 4.18091, [0, 1, 2, 4, 5, 7, 8, 9, 16, 17, 19, 21, 22, 26, 28, 29, 32, 33, 36, 38, 51, 52, 54, 56, 67, 69, 71, 72, 75, 82, 91]]
[114, 4.21248, [0, 1, 2, 4, 5, 7, 8, 9, 16, 17, 19, 21, 22, 28, 29, 31, 32, 33, 36, 37, 38, 42, 44, 51, 54, 67, 68, 69, 71, 75, 84]]
[114, 4.19762, [0, 1, 2, 4, 5, 7, 8, 9, 16, 17, 19, 21, 22, 28, 29, 31, 32, 33, 36, 37, 38, 42, 44, 51, 67, 68, 70, 71, 75, 84, 102]]
[114, 4.2079, [0, 1, 2, 4, 5, 7, 8, 9, 16, 17, 19, 21, 22, 28, 29, 31, 32, 33, 36, 37, 38, 42, 44, 54, 60, 67, 68, 69, 71, 75, 84]]
[114, 4.19305, [0, 1, 2, 4, 5, 7, 8, 9, 16, 17, 19, 21, 22, 28, 29, 31, 32, 33, 36, 37, 38, 42, 44, 60, 67, 68, 70, 71, 75, 84, 102]]
[114, 4.19246, [0, 1, 2, 4, 5, 7, 8, 9, 16, 17, 19, 21, 22, 28, 29, 31, 32, 33, 36, 37, 38, 42, 44, 60, 67, 68, 70, 71, 77, 84, 102]]
[114, 4.20159, [0, 1, 2, 4, 5, 7, 8, 9, 16, 17, 19, 21, 22, 28, 29, 31, 32, 33, 36, 37, 38, 44, 51, 54, 60, 67, 68, 69, 71, 75, 84]]
[114, 4.19423, [0, 1, 2, 4, 5, 7, 8, 9, 16, 17, 19, 21, 22, 28, 29, 31, 32, 33, 36, 37, 38, 44, 51, 54, 67, 68, 69, 71, 75, 82, 84]]
[114, 4.18674, [0, 1, 2, 4, 5, 7, 8, 9, 16, 17, 19, 21, 22, 28, 29, 31, 32, 33, 36, 37, 38, 44, 51, 60, 67, 68, 70, 71, 75, 84, 102]]
[114, 4.18682, [0, 1, 2, 4, 5, 7, 8, 9, 16, 17, 19, 21, 22, 28, 31, 32, 33, 36, 37, 38, 41, 42, 44, 54, 60, 68, 69, 71, 75, 84, 91]]
[114, 4.20721, [0, 1, 2, 4, 5, 7, 8, 9, 16, 17, 19, 21, 22, 28, 31, 32, 33, 36, 38, 41, 42, 44, 60, 67, 68, 70, 71, 75, 84, 91, 97, 102]]
[114, 4.19133, [0, 1, 2, 4, 5, 7, 8, 9, 16, 17, 19, 21, 22, 28, 31, 33, 36, 38, 41, 42, 44, 48, 60, 67, 69, 70, 71, 75, 84, 91, 97, 103]]
[114, 4.20771, [0, 1, 2, 4, 5, 7, 8, 9, 16, 17, 19, 22, 26, 28, 29, 31, 32, 33, 36, 37, 38, 42, 45, 51, 54, 56, 67, 69, 71, 72, 75]]
[114, 4.20268, [0, 1, 2, 4, 5, 7, 8, 9, 16, 17, 19, 22, 26, 28, 29, 31, 32, 33, 36, 37, 38, 42, 45, 51, 54, 67, 68, 69, 71, 72, 75]]
[114, 4.19932, [0, 1, 2, 4, 5, 7, 8, 9, 16, 17, 19, 22, 26, 28, 29, 31, 32, 33, 36, 37, 38, 42, 45, 51, 54, 67, 68, 69, 71, 75, 84]]
[114, 4.19811, [0, 1, 2, 4, 5, 7, 8, 9, 16, 17, 19, 22, 26, 28, 29, 31, 32, 33, 36, 37, 38, 42, 45, 54, 60, 67, 68, 69, 71, 72, 75]]
[114, 4.19475, [0, 1, 2, 4, 5, 7, 8, 9, 16, 17, 19, 22, 26, 28, 29, 31, 32, 33, 36, 37, 38, 42, 45, 54, 60, 67, 68, 69, 71, 75, 84]]
[114, 4.18757, [0, 1, 2, 4, 5, 7, 8, 9, 16, 17, 19, 22, 26, 28, 29, 31, 32, 33, 36, 37, 38, 42, 51, 54, 56, 67, 69, 71, 72, 75, 102]]
[114, 4.18255, [0, 1, 2, 4, 5, 7, 8, 9, 16, 17, 19, 22, 26, 28, 29, 31, 32, 33, 36, 37, 38, 42, 51, 54, 67, 68, 69, 71, 72, 75, 102]]
[114, 4.1918, [0, 1, 2, 4, 5, 7, 8, 9, 16, 17, 19, 22, 26, 28, 29, 31, 32, 33, 36, 37, 38, 45, 51, 54, 60, 67, 68, 69, 71, 72, 75]]
[114, 4.18844, [0, 1, 2, 4, 5, 7, 8, 9, 16, 17, 19, 22, 26, 28, 29, 31, 32, 33, 36, 37, 38, 45, 51, 54, 60, 67, 68, 69, 71, 75, 84]]
[114, 4.19405, [0, 1, 2, 4, 5, 7, 8, 9, 16, 17, 19, 22, 26, 28, 29, 31, 32, 33, 36, 37, 42, 44, 45, 51, 54, 67, 68, 69, 71, 75, 84]]
[114, 4.1877, [0, 1, 2, 4, 5, 7, 8, 9, 16, 17, 19, 22, 26, 28, 29, 31, 32, 33, 36, 37, 42, 44, 45, 51, 54, 67, 68, 69, 71, 84, 103]]
[114, 4.18948, [0, 1, 2, 4, 5, 7, 8, 9, 16, 17, 19, 22, 26, 28, 29, 31, 32, 33, 36, 37, 42, 44, 45, 54, 60, 67, 68, 69, 71, 75, 84]]
[114, 4.18317, [0, 1, 2, 4, 5, 7, 8, 9, 16, 17, 19, 22, 26, 28, 29, 31, 32, 33, 36, 37, 44, 45, 51, 54, 60, 67, 68, 69, 71, 75, 84]]
[114, 4.18699, [0, 1, 2, 4, 5, 7, 8, 9, 16, 17, 19, 22, 26, 28, 29, 31, 33, 36, 37, 38, 42, 44, 45, 51, 54, 67, 68, 69, 71, 75, 84]]
[114, 4.18241, [0, 1, 2, 4, 5, 7, 8, 9, 16, 17, 19, 22, 26, 28, 29, 31, 33, 36, 37, 38, 42, 44, 45, 54, 60, 67, 68, 69, 71, 75, 84]]
[114, 4.18472, [0, 1, 2, 4, 5, 7, 8, 9, 16, 18, 20, 21, 25, 26, 28, 32, 33, 35, 36, 37, 41, 43, 47, 51, 56, 63, 69, 70, 72, 88, 99]]
[114, 4.1882, [0, 1, 2, 4, 5, 7, 8, 9, 16, 19, 20, 21, 25, 26, 27, 29, 32, 36, 37, 40, 41, 43, 47, 49, 51, 63, 70, 72, 74, 87, 88]]
[114, 4.19718, [0, 1, 2, 4, 5, 7, 8, 9, 16, 20, 21, 22, 25, 26, 27, 29, 30, 32, 36, 40, 41, 42, 45, 49, 51, 56, 67, 68, 70, 75, 101]]
[114, 4.19351, [0, 1, 2, 4, 5, 7, 8, 9, 16, 20, 21, 22, 25, 26, 27, 29, 30, 32, 36, 40, 41, 42, 45, 49, 51, 67, 68, 70, 74, 75, 85]]
[114, 4.18254, [0, 1, 2, 4, 5, 7, 8, 9, 17, 18, 20, 21, 23, 24, 28, 31, 34, 36, 43, 45, 49, 53, 55, 60, 63, 68, 76, 94, 95, 98, 103, 104]]
[114, 4.18218, [0, 1, 2, 4, 5, 7, 8, 9, 17, 19, 21, 22, 24, 27, 28, 29, 33, 35, 38, 40, 44, 46, 50, 51, 52, 54, 60, 63, 69, 75, 88]]
[114, 4.18092, [0, 1, 2, 4, 5, 7, 8, 9, 18, 19, 20, 22, 23, 25, 26, 31, 33, 34, 35, 38, 41, 45, 51, 54, 60, 63, 69, 71, 73, 74, 84]]
[114, 4.18275, [0, 1, 2, 4, 5, 7, 8, 9, 18, 20, 21, 23, 24, 26, 30, 33, 34, 35, 40, 41, 43, 44, 55, 63, 68, 69, 71, 72, 73, 76, 96, 99]]
[114, 4.20483, [0, 1, 2, 4, 5, 7, 8, 13, 14, 15, 17, 18, 24, 25, 26, 28, 31, 33, 36, 40, 43, 45, 46, 52, 53, 55, 60, 66, 95, 98, 111]]
[114, 4.18488, [0, 1, 2, 4, 5, 7, 8, 13, 14, 15, 17, 18, 24, 25, 26, 28, 31, 36, 40, 43, 46, 50, 51, 52, 55, 60, 63, 69, 80, 91, 111]]
[114, 4.18274, [0, 1, 2, 4, 5, 7, 8, 13, 14, 15, 17, 18, 24, 25, 26, 28, 31, 36, 40, 43, 48, 50, 51, 52, 55, 63, 69, 77, 80, 84, 91]]
[114, 4.18388, [0, 1, 2, 4, 5, 7, 8, 13, 14, 15, 17, 18, 24, 25, 26, 28, 31, 36, 43, 46, 48, 49, 50, 53, 55, 63, 69, 76, 77, 78, 80]]
[114, 4.18112, [0, 1, 2, 4, 5, 7, 8, 13, 14, 15, 17, 18, 24, 25, 26, 28, 31, 43, 45, 46, 48, 49, 50, 53, 55, 56, 63, 76, 77, 78, 80]]
[114, 4.19151, [0, 1, 2, 4, 5, 7, 8, 13, 14, 15, 17, 18, 24, 25, 26, 29, 30, 32, 42, 44, 48, 49, 50, 52, 55, 60, 63, 69, 76, 77, 111]]
[114, 4.18503, [0, 1, 2, 4, 5, 7, 8, 13, 14, 15, 17, 18, 24, 25, 26, 40, 41, 42, 44, 47, 49, 52, 53, 55, 60, 63, 69, 76, 77, 95, 100, 111]]
[114, 4.2071, [0, 1, 2, 4, 5, 7, 8, 13, 14, 15, 17, 18, 24, 25, 27, 28, 31, 33, 36, 39, 43, 46, 48, 52, 53, 55, 56, 69, 78, 101, 104]]
[114, 4.20252, [0, 1, 2, 4, 5, 7, 8, 13, 14, 15, 17, 18, 24, 25, 27, 28, 31, 33, 36, 39, 43, 46, 48, 52, 53, 55, 56, 69, 98, 101, 104]]
[114, 4.19464, [0, 1, 2, 4, 5, 7, 8, 13, 14, 15, 17, 18, 24, 25, 27, 28, 31, 33, 36, 39, 43, 46, 48, 52, 55, 56, 69, 78, 89, 101, 104]]
[114, 4.19006, [0, 1, 2, 4, 5, 7, 8, 13, 14, 15, 17, 18, 24, 25, 27, 28, 31, 33, 36, 39, 43, 46, 48, 52, 55, 56, 69, 89, 98, 101, 104]]
[114, 4.18846, [0, 1, 2, 4, 5, 7, 8, 13, 14, 15, 17, 18, 24, 25, 27, 28, 31, 33, 36, 39, 43, 46, 53, 55, 56, 69, 76, 78, 80, 83, 101]]
[114, 4.18388, [0, 1, 2, 4, 5, 7, 8, 13, 14, 15, 17, 18, 24, 25, 27, 28, 31, 33, 36, 39, 43, 46, 53, 55, 56, 69, 76, 80, 83, 98, 101]]
[114, 4.18167, [0, 1, 2, 4, 5, 7, 8, 13, 14, 15, 17, 18, 24, 25, 27, 28, 31, 33, 36, 39, 43, 46, 53, 55, 56, 76, 78, 80, 83, 95, 101]]
[114, 4.19382, [0, 1, 2, 4, 5, 7, 8, 13, 14, 15, 17, 18, 24, 25, 27, 28, 31, 33, 36, 43, 46, 48, 50, 53, 55, 56, 69, 77, 78, 80, 101]]
[114, 4.18167, [0, 1, 2, 4, 5, 7, 8, 13, 14, 15, 17, 18, 24, 25, 27, 28, 31, 33, 36, 43, 46, 50, 53, 55, 56, 69, 76, 77, 78, 80, 101]]
[114, 4.18414, [0, 1, 2, 4, 5, 7, 8, 13, 14, 15, 17, 18, 24, 25, 27, 28, 31, 36, 39, 43, 46, 49, 53, 55, 56, 63, 69, 76, 78, 80, 83]]
[114, 4.1898, [0, 1, 2, 4, 5, 7, 8, 13, 14, 15, 17, 18, 24, 25, 27, 28, 31, 36, 43, 46, 48, 49, 50, 53, 55, 56, 63, 69, 76, 78, 80]]
[114, 4.18522, [0, 1, 2, 4, 5, 7, 8, 13, 14, 15, 17, 18, 24, 25, 27, 28, 31, 36, 43, 46, 48, 49, 50, 53, 55, 56, 63, 69, 76, 80, 98]]
[114, 4.18506, [0, 1, 2, 4, 5, 7, 8, 13, 14, 15, 17, 18, 24, 25, 27, 28, 31, 36, 43, 46, 48, 49, 50, 53, 55, 56, 69, 76, 77, 78, 80]]
[114, 4.18047, [0, 1, 2, 4, 5, 7, 8, 13, 14, 15, 17, 18, 24, 25, 27, 28, 31, 36, 43, 46, 48, 49, 50, 53, 55, 56, 69, 76, 77, 78, 101]]
[114, 4.18858, [0, 1, 2, 4, 5, 7, 8, 13, 14, 15, 17, 18, 24, 25, 27, 28, 31, 36, 43, 46, 48, 50, 51, 53, 55, 56, 63, 69, 76, 78, 80]]
[114, 4.23706, [0, 1, 2, 4, 5, 7, 8, 13, 14, 15, 17, 18, 24, 25, 27, 28, 31, 36, 43, 46, 48, 50, 51, 53, 55, 56, 69, 76, 77, 78, 80, 101]]
[114, 4.18442, [0, 1, 2, 4, 5, 7, 8, 13, 14, 15, 17, 18, 24, 25, 27, 29, 33, 36, 39, 44, 46, 50, 52, 53, 55, 56, 63, 69, 76, 78, 106]]
[114, 4.1866, [0, 1, 2, 4, 5, 7, 8, 13, 14, 15, 17, 18, 24, 25, 28, 31, 33, 36, 39, 40, 43, 45, 46, 48, 52, 53, 55, 89, 98, 101, 104]]
[114, 4.19416, [0, 1, 2, 4, 5, 7, 8, 13, 14, 15, 17, 18, 25, 28, 31, 33, 36, 39, 43, 45, 46, 48, 52, 53, 55, 56, 69, 78, 89, 98, 101, 104]]
[114, 4.1868, [0, 1, 2, 4, 5, 7, 8, 13, 14, 15, 18, 24, 25, 27, 28, 31, 33, 36, 43, 46, 49, 50, 53, 55, 56, 69, 74, 76, 77, 78, 83, 101]]
[114, 4.19878, [0, 1, 2, 4, 5, 7, 8, 13, 14, 16, 17, 18, 22, 25, 27, 28, 29, 33, 43, 44, 45, 47, 50, 51, 54, 56, 63, 69, 76, 78, 98]]
[114, 4.19806, [0, 1, 2, 4, 5, 7, 8, 13, 14, 16, 17, 18, 22, 25, 27, 28, 29, 33, 43, 44, 46, 47, 50, 51, 54, 56, 63, 69, 76, 78, 98]]
[114, 4.19731, [0, 1, 2, 4, 5, 7, 8, 13, 14, 16, 17, 18, 22, 25, 27, 28, 29, 33, 43, 45, 46, 47, 50, 51, 54, 56, 63, 69, 76, 78, 98]]
[114, 4.19511, [0, 1, 2, 4, 5, 7, 8, 13, 14, 16, 17, 18, 22, 25, 27, 28, 29, 33, 43, 45, 46, 47, 50, 54, 55, 56, 63, 69, 76, 78, 98]]
[114, 4.19258, [0, 1, 2, 4, 5, 7, 8, 13, 14, 16, 17, 18, 22, 25, 27, 28, 29, 33, 43, 45, 46, 50, 51, 54, 55, 56, 63, 69, 76, 78, 98]]
[114, 4.18635, [0, 1, 2, 4, 5, 7, 8, 13, 14, 16, 17, 18, 22, 25, 27, 28, 29, 33, 43, 45, 46, 50, 51, 54, 55, 56, 63, 69, 78, 98, 104]]
[114, 4.18882, [0, 1, 2, 4, 5, 7, 8, 13, 14, 16, 17, 18, 22, 25, 27, 28, 29, 33, 43, 45, 48, 50, 51, 53, 55, 56, 69, 72, 78, 80, 91]]
[114, 4.1837, [0, 1, 2, 4, 5, 7, 8, 13, 14, 16, 17, 18, 22, 25, 27, 28, 29, 33, 43, 45, 48, 50, 51, 53, 55, 56, 69, 72, 78, 91, 104]]
[114, 4.18962, [0, 1, 2, 4, 5, 7, 8, 13, 14, 16, 17, 18, 22, 25, 27, 28, 29, 33, 45, 46, 47, 50, 51, 54, 55, 56, 63, 69, 76, 78, 98]]
[114, 4.19627, [0, 1, 2, 4, 5, 7, 8, 13, 14, 16, 17, 18, 22, 25, 27, 28, 29, 35, 39, 43, 44, 46, 48, 53, 54, 55, 63, 69, 78, 99, 104]]
[114, 4.192, [0, 1, 2, 4, 5, 7, 8, 13, 14, 16, 17, 18, 22, 25, 27, 28, 29, 35, 43, 44, 46, 48, 49, 53, 54, 55, 60, 63, 78, 99, 104]]
[114, 4.18276, [0, 1, 2, 4, 5, 7, 8, 13, 14, 16, 17, 18, 22, 25, 27, 28, 29, 43, 44, 45, 47, 48, 50, 54, 55, 56, 63, 69, 76, 78, 98]]
[114, 4.1925, [0, 1, 2, 4, 5, 7, 8, 13, 14, 16, 17, 18, 22, 25, 27, 29, 30, 33, 39, 42, 47, 48, 50, 52, 53, 60, 68, 69, 78, 85, 97]]
[114, 4.19388, [0, 1, 2, 4, 5, 7, 8, 13, 14, 16, 17, 18, 25, 27, 28, 29, 33, 35, 36, 39, 43, 44, 46, 48, 53, 55, 56, 69, 78, 91, 104]]
[114, 4.1884, [0, 1, 2, 4, 5, 7, 8, 13, 14, 16, 17, 18, 25, 27, 28, 29, 33, 35, 36, 39, 44, 46, 48, 51, 53, 55, 56, 69, 78, 91, 104]]
[114, 4.18066, [0, 1, 2, 4, 5, 7, 8, 13, 14, 16, 17, 18, 25, 27, 28, 29, 33, 36, 39, 43, 44, 46, 48, 51, 53, 55, 56, 69, 78, 91, 104]]
[114, 4.18761, [0, 1, 2, 4, 5, 7, 8, 13, 14, 16, 17, 18, 25, 27, 28, 29, 35, 36, 39, 43, 44, 46, 48, 49, 53, 55, 56, 63, 69, 78, 104]]
[114, 4.22012, [0, 1, 2, 4, 5, 7, 8, 13, 14, 16, 17, 18, 25, 28, 29, 33, 35, 36, 39, 43, 44, 46, 48, 51, 53, 55, 56, 69, 78, 91, 104, 111]]
[114, 4.20005, [0, 1, 2, 4, 5, 7, 8, 13, 15, 16, 18, 20, 21, 27, 28, 30, 36, 37, 39, 42, 43, 46, 47, 49, 56, 68, 74, 89, 91, 95, 98, 105]]
[114, 4.18281, [0, 1, 2, 4, 5, 7, 8, 13, 15, 16, 18, 20, 21, 27, 28, 30, 36, 37, 39, 42, 43, 47, 49, 56, 68, 74, 89, 90, 91, 95, 98, 105]]
[114, 4.18071, [0, 1, 2, 4, 5, 7, 9, 12, 14, 15, 16, 20, 26, 27, 31, 33, 34, 35, 44, 45, 49, 51, 52, 54, 55, 56, 68, 93, 95, 96, 99, 103]]
[114, 4.1807, [0, 1, 2, 4, 5, 7, 9, 12, 14, 15, 20, 22, 23, 24, 27, 29, 35, 37, 39, 42, 44, 45, 47, 60, 74, 75, 76, 88, 89, 91, 100, 103]]
[114, 4.18676, [0, 1, 2, 4, 5, 7, 11, 12, 13, 15, 16, 18, 20, 23, 26, 27, 30, 32, 35, 36, 40, 41, 42, 63, 71, 74, 82, 85, 88, 103, 105]]
[114, 4.1923, [0, 1, 2, 4, 5, 7, 11, 12, 13, 15, 16, 18, 22, 23, 24, 26, 38, 40, 41, 42, 46, 47, 48, 51, 52, 53, 55, 60, 74, 85, 93]]
[114, 4.18831, [0, 1, 2, 4, 5, 7, 11, 12, 13, 15, 16, 18, 23, 24, 26, 29, 33, 38, 41, 44, 45, 46, 48, 51, 52, 53, 55, 60, 74, 79, 84]]
[114, 4.19498, [0, 1, 2, 4, 5, 7, 11, 12, 13, 15, 16, 18, 24, 27, 28, 31, 32, 34, 39, 42, 43, 45, 52, 55, 56, 65, 74, 87, 90, 93, 107, 110]]
[114, 4.18916, [0, 1, 2, 4, 5, 7, 11, 12, 13, 15, 16, 21, 22, 23, 25, 28, 30, 36, 38, 42, 43, 47, 49, 52, 53, 54, 56, 67, 74, 75, 108]]
[114, 4.18214, [0, 1, 2, 4, 5, 7, 11, 12, 13, 15, 16, 21, 22, 23, 25, 28, 30, 36, 38, 42, 43, 47, 49, 52, 53, 54, 56, 67, 74, 107, 108]]
[114, 4.18144, [0, 1, 2, 4, 5, 7, 11, 12, 13, 15, 16, 21, 22, 23, 25, 36, 38, 40, 43, 44, 47, 49, 50, 52, 54, 63, 74, 77, 90, 98, 99, 108]]
[114, 4.18059, [0, 1, 2, 4, 5, 7, 11, 12, 13, 15, 20, 21, 22, 24, 25, 27, 40, 42, 43, 45, 48, 49, 50, 52, 53, 56, 67, 74, 76, 98, 101, 108]]

Search completed in 5 hours, 2 minutes, and 49.413 seconds.  Enter a string to quit.