Enter an integer k for which our Kempner sets are k-free: 4
Enter a positive integer modulus b: 72
Enter estimation parameters, or * for pre-computed parameters ([0.0929, 1.0938, 1.4201]): *
Enter a threshold (e.g. 4.2) to determine printed output: 4.1
Enter a root for the search space (e.g. [0, 1, 2]) [or * for the root [0]]: *
Enter an upper bound for the size of allowable digit sets [or * to ignore]: *
Enter a maximal number of deviations from a greedy search [or * to ignore]: *
Searching for k-free sets mod b...

[72, 4.10268, [0, 1, 2, 4, 5, 7, 8, 9, 14, 15, 16, 18, 26, 28, 29, 30, 33, 34, 35, 48, 49]]
[72, 4.16772, [0, 1, 2, 4, 5, 7, 8, 9, 14, 15, 16, 26, 27, 28, 30, 31, 33, 34, 35, 47, 48, 49]]
[72, 4.13955, [0, 1, 2, 4, 5, 7, 8, 9, 14, 16, 17, 26, 27, 29, 30, 31, 34, 39, 42, 47, 48, 49]]
[72, 4.14431, [0, 1, 2, 4, 5, 7, 8, 9, 15, 16, 17, 19, 20, 26, 27, 28, 30, 31, 33, 34, 39]]
[72, 4.13031, [0, 1, 2, 4, 5, 7, 8, 9, 15, 16, 17, 19, 20, 26, 27, 28, 30, 31, 33, 39, 48]]
[72, 4.11418, [0, 1, 2, 4, 5, 7, 8, 9, 15, 16, 17, 19, 20, 26, 27, 28, 30, 31, 39, 48, 49]]
[72, 4.10694, [0, 1, 2, 4, 5, 7, 8, 9, 15, 16, 17, 19, 20, 26, 27, 28, 30, 31, 47, 48, 49]]
[72, 4.13089, [0, 1, 2, 4, 5, 7, 8, 9, 15, 16, 17, 19, 20, 26, 27, 28, 30, 33, 34, 39, 42]]
[72, 4.12769, [0, 1, 2, 4, 5, 7, 8, 9, 15, 16, 17, 19, 20, 26, 27, 28, 32, 33, 34, 39, 42]]
[72, 4.1379, [0, 1, 2, 4, 5, 7, 8, 9, 15, 16, 17, 19, 20, 26, 27, 29, 30, 32, 33, 34, 42]]
[72, 4.12408, [0, 1, 2, 4, 5, 7, 8, 9, 15, 16, 17, 19, 20, 26, 27, 30, 32, 33, 34, 39, 42]]
[72, 4.10147, [0, 1, 2, 4, 5, 7, 8, 9, 15, 16, 17, 19, 20, 27, 28, 30, 33, 34, 35, 42, 58]]
[72, 4.10484, [0, 1, 2, 4, 5, 7, 8, 9, 15, 16, 17, 19, 26, 27, 28, 30, 31, 33, 34, 39, 42]]
[72, 4.11995, [0, 1, 2, 4, 5, 7, 8, 9, 15, 16, 17, 20, 21, 26, 28, 29, 30, 33, 34, 39, 42]]
[72, 4.10383, [0, 1, 2, 4, 5, 7, 8, 9, 15, 16, 17, 20, 21, 26, 28, 29, 30, 34, 39, 42, 49]]
[72, 4.11675, [0, 1, 2, 4, 5, 7, 8, 9, 15, 16, 17, 20, 21, 26, 28, 29, 32, 33, 34, 39, 42]]
[72, 4.10063, [0, 1, 2, 4, 5, 7, 8, 9, 15, 16, 17, 20, 21, 26, 28, 29, 32, 34, 39, 42, 49]]
[72, 4.11314, [0, 1, 2, 4, 5, 7, 8, 9, 15, 16, 17, 20, 21, 26, 29, 30, 32, 33, 34, 39, 42]]
[72, 4.1067, [0, 1, 2, 4, 5, 7, 8, 9, 15, 16, 18, 19, 20, 25, 26, 28, 31, 33, 39, 48, 53]]
[72, 4.10748, [0, 1, 2, 4, 5, 7, 8, 9, 15, 16, 18, 19, 20, 26, 28, 29, 30, 33, 35, 48, 49]]
[72, 4.10408, [0, 1, 2, 4, 5, 7, 8, 9, 15, 16, 18, 19, 20, 26, 28, 30, 31, 33, 35, 48, 49]]
[72, 4.10258, [0, 1, 2, 4, 5, 7, 8, 9, 15, 16, 18, 19, 21, 25, 28, 30, 31, 33, 39, 42, 50]]
[72, 4.11483, [0, 1, 2, 4, 5, 7, 8, 9, 15, 16, 18, 20, 21, 25, 28, 39, 46, 48, 50, 53, 59, 65]]
[72, 4.11512, [0, 1, 2, 4, 5, 7, 8, 9, 15, 16, 18, 20, 21, 26, 28, 29, 30, 33, 34, 35, 48]]
[72, 4.1026, [0, 1, 2, 4, 5, 7, 8, 9, 15, 16, 18, 20, 21, 26, 28, 29, 32, 33, 34, 39, 55]]
[72, 4.13773, [0, 1, 2, 4, 5, 7, 8, 9, 15, 16, 20, 26, 27, 28, 30, 31, 33, 34, 35, 47, 48, 49]]
[72, 4.11094, [0, 1, 2, 4, 5, 7, 8, 9, 15, 17, 18, 20, 21, 23, 29, 30, 32, 33, 34, 39, 42]]
[72, 4.10375, [0, 1, 2, 4, 5, 7, 8, 9, 15, 17, 18, 20, 21, 26, 28, 29, 31, 33, 34, 39, 48]]
[72, 4.12565, [0, 1, 2, 4, 5, 7, 8, 9, 15, 19, 20, 21, 24, 26, 30, 31, 33, 34, 35, 58, 59, 64]]
[72, 4.10239, [0, 1, 2, 4, 5, 7, 8, 9, 15, 19, 20, 21, 24, 26, 31, 33, 34, 35, 52, 58, 59, 64]]
[72, 4.11862, [0, 1, 2, 4, 5, 7, 8, 9, 15, 19, 20, 21, 26, 28, 30, 31, 33, 34, 35, 58, 59, 60]]
[72, 4.10289, [0, 1, 2, 4, 5, 7, 8, 9, 15, 19, 20, 26, 27, 28, 30, 31, 33, 34, 35, 58, 59, 60]]
[72, 4.11151, [0, 1, 2, 4, 5, 7, 8, 9, 16, 17, 19, 20, 21, 26, 27, 29, 30, 32, 33, 34, 42]]
[72, 4.10019, [0, 1, 2, 4, 5, 7, 8, 9, 16, 17, 19, 20, 21, 26, 27, 29, 30, 32, 33, 34, 58]]
[72, 4.1516, [0, 1, 2, 4, 5, 7, 8, 9, 16, 17, 19, 20, 21, 27, 28, 29, 33, 34, 35, 58, 59, 60]]
[72, 4.11481, [0, 1, 2, 4, 5, 7, 8, 9, 16, 17, 19, 20, 27, 28, 29, 33, 34, 35, 42, 58, 59, 60]]
[72, 4.13898, [0, 1, 2, 4, 5, 7, 8, 13, 14, 16, 17, 22, 23, 27, 29, 30, 33, 34, 39, 42, 47, 48]]
[72, 4.11617, [0, 1, 2, 4, 5, 7, 8, 14, 15, 16, 18, 19, 26, 27, 29, 30, 31, 35, 42, 47, 48, 49]]
[72, 4.10067, [0, 1, 2, 4, 5, 7, 8, 14, 15, 17, 18, 19, 23, 25, 26, 28, 29, 34, 56, 57, 63, 69]]
[72, 4.10746, [0, 1, 2, 4, 5, 7, 9, 12, 14, 15, 16, 22, 24, 26, 27, 29, 31, 39, 44, 57, 61, 68]]
[72, 4.15419, [0, 1, 2, 4, 5, 7, 11, 12, 13, 15, 16, 18, 20, 23, 26, 27, 30, 32, 35, 55, 58, 64]]
[72, 4.15261, [0, 1, 2, 4, 5, 7, 11, 12, 13, 15, 16, 18, 20, 23, 26, 27, 30, 32, 35, 55, 61, 64]]

Search completed in 0 hours, 18 minutes, and 8.025 seconds.  Enter a string to quit.