Enter an integer k for which our Kempner sets are k-free: 4
Enter a positive integer modulus b: 92
Enter estimation parameters, or * for pre-computed parameters ([0.0877, 1.0787, 1.4176]): *
Enter a threshold (e.g. 4.2) to determine printed output: 4.14
Enter a root for the search space (e.g. [0, 1, 2]) [or * for the root [0]]: *
Enter an upper bound for the size of allowable digit sets [or * to ignore]: *
Enter a maximal number of deviations from a greedy search [or * to ignore]: *
Searching for k-free sets mod b...

[92, 4.19328, [0, 1, 2, 4, 5, 7, 8, 9, 14, 15, 16, 18, 25, 26, 28, 29, 31, 32, 33, 36, 45, 56, 57, 58, 70, 73]]
[92, 4.1673, [0, 1, 2, 4, 5, 7, 8, 9, 14, 15, 16, 18, 25, 26, 28, 30, 31, 36, 39, 43, 49, 56, 58, 63, 67, 75]]
[92, 4.1616, [0, 1, 2, 4, 5, 7, 8, 9, 14, 15, 16, 18, 25, 26, 28, 30, 31, 36, 39, 43, 49, 56, 58, 67, 75, 79]]
[92, 4.16162, [0, 1, 2, 4, 5, 7, 8, 9, 14, 15, 16, 18, 25, 26, 28, 30, 31, 36, 39, 43, 56, 58, 59, 63, 67, 75]]
[92, 4.14758, [0, 1, 2, 4, 5, 7, 8, 9, 14, 15, 16, 18, 25, 26, 28, 31, 32, 36, 43, 45, 56, 58, 59, 67, 75, 79]]
[92, 4.17558, [0, 1, 2, 4, 5, 7, 8, 9, 14, 15, 16, 18, 25, 26, 29, 31, 32, 33, 36, 42, 45, 56, 57, 58, 70, 73]]
[92, 4.15779, [0, 1, 2, 4, 5, 7, 8, 9, 14, 15, 16, 18, 25, 29, 31, 32, 33, 36, 38, 42, 45, 56, 57, 58, 70, 73]]
[92, 4.15426, [0, 1, 2, 4, 5, 7, 8, 9, 14, 16, 17, 18, 22, 30, 31, 32, 34, 37, 39, 41, 42, 49, 57, 58, 72, 81]]
[92, 4.19144, [0, 1, 2, 4, 5, 7, 8, 9, 14, 16, 17, 18, 26, 28, 29, 31, 32, 33, 36, 37, 39, 43, 45, 52, 58, 81]]
[92, 4.18724, [0, 1, 2, 4, 5, 7, 8, 9, 14, 16, 17, 18, 26, 28, 29, 32, 33, 34, 36, 37, 39, 43, 45, 52, 58, 81]]
[92, 4.15336, [0, 1, 2, 4, 5, 7, 8, 9, 14, 16, 17, 18, 26, 29, 31, 33, 34, 36, 37, 39, 43, 45, 52, 58, 76, 81]]
[92, 4.14634, [0, 1, 2, 4, 5, 7, 8, 9, 14, 16, 17, 18, 26, 30, 31, 32, 36, 37, 39, 40, 42, 52, 57, 58, 59, 81]]
[92, 4.14484, [0, 1, 2, 4, 5, 7, 8, 9, 14, 16, 17, 18, 26, 31, 32, 33, 36, 37, 40, 42, 43, 45, 52, 58, 61, 81]]
[92, 4.14915, [0, 1, 2, 4, 5, 7, 8, 9, 15, 16, 17, 19, 20, 27, 29, 33, 34, 35, 40, 42, 44, 52, 57, 71, 74, 78]]
[92, 4.14273, [0, 1, 2, 4, 5, 7, 8, 9, 15, 16, 17, 19, 20, 27, 31, 32, 33, 35, 36, 40, 45, 67, 69, 70, 74, 75]]
[92, 4.16713, [0, 1, 2, 4, 5, 7, 8, 9, 15, 16, 17, 20, 21, 28, 29, 30, 33, 34, 35, 37, 38, 58, 59, 60, 70, 71]]
[92, 4.1645, [0, 1, 2, 4, 5, 7, 8, 9, 15, 16, 17, 20, 21, 28, 29, 30, 33, 34, 35, 37, 38, 58, 59, 60, 71, 78]]
[92, 4.15183, [0, 1, 2, 4, 5, 7, 8, 9, 15, 16, 17, 20, 21, 28, 29, 33, 34, 35, 37, 38, 44, 52, 59, 60, 71, 78]]
[92, 4.15119, [0, 1, 2, 4, 5, 7, 8, 9, 15, 16, 17, 20, 21, 28, 29, 33, 34, 35, 37, 38, 44, 58, 59, 60, 70, 71]]
[92, 4.14855, [0, 1, 2, 4, 5, 7, 8, 9, 15, 16, 17, 20, 21, 28, 29, 33, 34, 35, 37, 38, 44, 58, 59, 60, 71, 78]]
[92, 4.14138, [0, 1, 2, 4, 5, 7, 8, 9, 15, 16, 18, 19, 20, 25, 26, 28, 29, 31, 32, 33, 36, 45, 57, 70, 73]]
[92, 4.17349, [0, 1, 2, 4, 5, 7, 8, 9, 15, 16, 18, 19, 20, 25, 26, 28, 29, 31, 33, 45, 56, 57, 58, 60, 73, 82]]
[92, 4.15817, [0, 1, 2, 4, 5, 7, 8, 9, 15, 16, 18, 19, 20, 26, 28, 29, 31, 33, 34, 45, 56, 57, 58, 60, 73, 82]]
[92, 4.14552, [0, 1, 2, 4, 5, 7, 8, 9, 15, 16, 18, 19, 20, 28, 29, 33, 34, 37, 42, 44, 45, 52, 57, 59, 60, 82]]
[92, 4.1901, [0, 1, 2, 4, 5, 7, 8, 9, 15, 16, 18, 19, 21, 25, 28, 30, 32, 33, 36, 37, 42, 43, 49, 56, 58, 85]]
[92, 4.162, [0, 1, 2, 4, 5, 7, 8, 9, 15, 16, 18, 19, 21, 26, 28, 29, 32, 33, 34, 36, 56, 57, 58, 69, 70, 73]]
[92, 4.16676, [0, 1, 2, 4, 5, 7, 8, 9, 15, 16, 18, 19, 21, 29, 31, 32, 34, 35, 36, 41, 42, 45, 56, 57, 59, 60]]
[92, 4.16677, [0, 1, 2, 4, 5, 7, 8, 9, 15, 16, 18, 20, 21, 26, 28, 29, 30, 33, 34, 35, 56, 57, 58, 60, 69, 73]]
[92, 4.16351, [0, 1, 2, 4, 5, 7, 8, 9, 15, 16, 19, 20, 21, 26, 28, 29, 30, 33, 34, 35, 56, 57, 58, 60, 69, 71]]
[92, 4.18401, [0, 1, 2, 4, 5, 7, 8, 9, 15, 17, 18, 19, 23, 24, 26, 28, 32, 34, 39, 40, 43, 44, 45, 52, 59, 87]]
[92, 4.16302, [0, 1, 2, 4, 5, 7, 8, 9, 15, 17, 18, 19, 23, 24, 28, 32, 34, 35, 39, 40, 42, 43, 44, 59, 72, 87]]
[92, 4.15259, [0, 1, 2, 4, 5, 7, 8, 9, 15, 17, 18, 19, 23, 24, 28, 34, 35, 36, 39, 40, 42, 44, 57, 59, 62, 87]]
[92, 4.14123, [0, 1, 2, 4, 5, 7, 8, 9, 15, 17, 18, 19, 23, 24, 28, 34, 35, 36, 39, 42, 44, 56, 57, 59, 62, 87]]
[92, 4.16045, [0, 1, 2, 4, 5, 7, 8, 9, 15, 17, 18, 19, 23, 24, 32, 33, 35, 36, 38, 39, 43, 44, 45, 59, 60, 75]]
[92, 4.14708, [0, 1, 2, 4, 5, 7, 8, 9, 15, 17, 18, 19, 23, 24, 32, 33, 35, 36, 39, 43, 44, 45, 56, 59, 60, 75]]
[92, 4.14368, [0, 1, 2, 4, 5, 7, 8, 9, 15, 17, 18, 19, 23, 24, 32, 33, 35, 36, 39, 43, 44, 45, 56, 59, 60, 87]]
[92, 4.14363, [0, 1, 2, 4, 5, 7, 8, 9, 15, 17, 18, 19, 28, 29, 30, 32, 33, 35, 36, 37, 42, 44, 56, 57, 59, 87]]
[92, 4.19456, [0, 1, 2, 4, 5, 7, 8, 9, 15, 17, 18, 20, 21, 23, 29, 30, 32, 33, 34, 37, 38, 39, 52, 59, 60, 71]]
[92, 4.15844, [0, 1, 2, 4, 5, 7, 8, 9, 15, 17, 18, 20, 21, 28, 29, 30, 33, 34, 35, 37, 44, 56, 58, 59, 60, 71]]
[92, 4.14405, [0, 1, 2, 4, 5, 7, 8, 9, 15, 17, 18, 21, 23, 29, 30, 32, 33, 34, 37, 38, 39, 56, 58, 59, 60, 71]]
[92, 4.16068, [0, 1, 2, 4, 5, 7, 8, 9, 15, 17, 19, 20, 23, 24, 28, 33, 34, 35, 39, 40, 43, 44, 45, 52, 59, 87]]
[92, 4.14733, [0, 1, 2, 4, 5, 7, 8, 9, 15, 17, 19, 20, 23, 24, 28, 33, 34, 35, 39, 43, 44, 45, 52, 59, 60, 87]]
[92, 4.14877, [0, 1, 2, 4, 5, 7, 8, 9, 15, 17, 20, 21, 24, 28, 29, 30, 33, 34, 35, 38, 40, 44, 52, 57, 71, 73]]
[92, 4.14106, [0, 1, 2, 4, 5, 7, 8, 9, 15, 17, 20, 21, 24, 28, 29, 30, 33, 34, 35, 38, 44, 52, 57, 59, 60, 71]]
[92, 4.14624, [0, 1, 2, 4, 5, 7, 8, 9, 15, 18, 19, 20, 23, 24, 25, 32, 33, 34, 36, 41, 43, 45, 60, 73, 75, 76]]
[92, 4.14056, [0, 1, 2, 4, 5, 7, 8, 9, 16, 17, 18, 20, 21, 26, 28, 29, 30, 34, 37, 39, 49, 52, 60, 77, 79, 82]]
[92, 4.1526, [0, 1, 2, 4, 5, 7, 8, 9, 16, 17, 19, 20, 22, 26, 28, 29, 30, 36, 37, 38, 42, 45, 59, 61, 70, 79]]
[92, 4.14996, [0, 1, 2, 4, 5, 7, 8, 9, 16, 17, 19, 20, 22, 26, 28, 29, 30, 36, 37, 38, 42, 45, 59, 61, 78, 79]]
[92, 4.14281, [0, 1, 2, 4, 5, 7, 8, 9, 16, 17, 19, 20, 22, 26, 28, 29, 30, 36, 37, 38, 42, 45, 59, 78, 79, 81]]
[92, 4.15546, [0, 1, 2, 4, 5, 7, 8, 9, 16, 17, 19, 21, 22, 27, 29, 31, 34, 35, 36, 40, 42, 44, 45, 52, 61, 76]]
[92, 4.14601, [0, 1, 2, 4, 5, 7, 8, 9, 16, 18, 19, 21, 22, 26, 28, 32, 33, 36, 37, 41, 42, 43, 49, 56, 58, 85]]
[92, 4.14113, [0, 1, 2, 4, 5, 7, 8, 9, 17, 18, 19, 21, 22, 24, 28, 30, 33, 34, 39, 42, 44, 52, 57, 59, 60, 61]]
[92, 4.14155, [0, 1, 2, 4, 5, 7, 8, 9, 17, 19, 20, 22, 23, 24, 27, 28, 29, 33, 40, 42, 43, 44, 52, 57, 59, 87]]
[92, 4.14828, [0, 1, 2, 4, 5, 7, 8, 9, 17, 19, 20, 22, 23, 24, 27, 28, 30, 34, 35, 36, 38, 39, 45, 78, 79, 87]]
[92, 4.20409, [0, 1, 2, 4, 5, 7, 8, 9, 17, 19, 20, 22, 23, 24, 27, 28, 30, 34, 35, 36, 38, 39, 71, 72, 78, 79, 87]]
[92, 4.17995, [0, 1, 2, 4, 5, 7, 8, 9, 17, 19, 20, 22, 23, 24, 27, 28, 30, 34, 35, 36, 39, 71, 72, 78, 79, 84, 87]]
[92, 4.16077, [0, 1, 2, 4, 5, 7, 8, 9, 18, 19, 21, 22, 24, 28, 30, 32, 33, 37, 39, 40, 42, 44, 49, 72, 73, 77, 87]]
[92, 4.14106, [0, 1, 2, 4, 5, 7, 8, 13, 15, 16, 17, 20, 21, 23, 28, 32, 34, 37, 38, 39, 42, 43, 45, 52, 65, 82]]
[92, 4.15743, [0, 1, 2, 4, 5, 7, 11, 12, 13, 15, 16, 18, 20, 23, 26, 27, 33, 35, 36, 40, 41, 42, 44, 49, 83, 84]]
[92, 4.14756, [0, 1, 2, 4, 5, 7, 11, 12, 13, 15, 16, 18, 20, 23, 26, 27, 33, 35, 36, 40, 42, 44, 49, 55, 83, 84]]

Search completed in 74 hours, 26 minutes, and 19.846 seconds.  Enter a string to quit.