Enter an integer k for which our Kempner sets are k-free: 4
Enter a positive integer modulus b: 60
Enter estimation parameters, or * for pre-computed parameters ([0.0983, 1.1038, 1.4321]): *
Enter a threshold (e.g. 4.2) to determine printed output: 4.05
Enter a root for the search space (e.g. [0, 1, 2]) [or * for the root [0]]: *
Enter an upper bound for the size of allowable digit sets [or * to ignore]: *
Enter a maximal number of deviations from a greedy search [or * to ignore]: *
Searching for k-free sets mod b...

[60, 4.07582, [0, 1, 2, 4, 5, 7, 8, 9, 14, 15, 17, 18, 23, 24, 26, 28, 29, 36]]
[60, 4.05879, [0, 1, 2, 4, 5, 7, 8, 9, 14, 15, 17, 18, 23, 24, 26, 28, 29, 55]]
[60, 4.05507, [0, 1, 2, 4, 5, 7, 8, 9, 15, 16, 17, 19, 20, 26, 27, 28, 33, 36]]
[60, 4.0617, [0, 1, 2, 4, 5, 7, 8, 9, 15, 16, 18, 19, 20, 25, 26, 28, 29, 36]]
[60, 4.05498, [0, 1, 2, 4, 5, 7, 8, 9, 15, 16, 18, 19, 20, 25, 26, 28, 33, 36]]
[60, 4.05821, [0, 1, 2, 4, 5, 7, 8, 9, 15, 16, 18, 19, 21, 25, 26, 28, 29, 36]]
[60, 4.05148, [0, 1, 2, 4, 5, 7, 8, 9, 15, 16, 18, 19, 21, 25, 26, 28, 33, 36]]
[60, 4.05437, [0, 1, 2, 4, 5, 7, 8, 9, 15, 16, 18, 20, 21, 25, 26, 28, 29, 36]]
[60, 4.09265, [0, 1, 2, 4, 5, 7, 8, 9, 15, 16, 19, 20, 25, 27, 29, 36, 41, 44, 51]]
[60, 4.15098, [0, 1, 2, 4, 5, 7, 8, 9, 15, 17, 18, 19, 23, 24, 26, 28, 29, 36, 55]]
[60, 4.12013, [0, 1, 2, 4, 5, 7, 8, 9, 15, 17, 18, 20, 21, 26, 28, 29, 36, 46, 55]]
[60, 4.12576, [0, 1, 2, 4, 5, 7, 8, 9, 15, 17, 19, 20, 24, 26, 27, 28, 33, 36, 55]]
[60, 4.08733, [0, 1, 2, 4, 5, 7, 8, 9, 15, 17, 19, 20, 24, 26, 28, 29, 51, 52, 55]]
[60, 4.10045, [0, 1, 2, 4, 5, 7, 8, 9, 15, 17, 19, 20, 24, 27, 28, 29, 36, 51, 55]]
[60, 4.05412, [0, 1, 2, 4, 5, 7, 8, 9, 15, 17, 19, 20, 26, 28, 29, 46, 51, 52, 55]]
[60, 4.08092, [0, 1, 2, 4, 5, 7, 8, 9, 15, 17, 19, 23, 24, 26, 28, 29, 50, 51, 52]]
[60, 4.11925, [0, 1, 2, 4, 5, 7, 8, 9, 15, 19, 20, 21, 23, 24, 26, 28, 33, 36, 55]]
[60, 4.10386, [0, 1, 2, 4, 5, 7, 8, 9, 15, 19, 20, 21, 23, 24, 26, 28, 33, 52, 55]]
[60, 4.09789, [0, 1, 2, 4, 5, 7, 8, 9, 17, 19, 20, 21, 24, 26, 27, 28, 33, 36, 55]]
[60, 4.11205, [0, 1, 2, 4, 5, 7, 8, 9, 17, 19, 20, 22, 23, 24, 27, 28, 29, 36, 51]]
[60, 4.07498, [0, 1, 2, 4, 5, 7, 8, 9, 19, 20, 21, 23, 24, 26, 27, 28, 33, 36, 55]]
[60, 4.05961, [0, 1, 2, 4, 5, 7, 8, 9, 19, 20, 21, 23, 24, 26, 27, 28, 33, 52, 55]]
[60, 4.13154, [0, 1, 2, 4, 5, 7, 8, 13, 14, 15, 17, 18, 24, 25, 27, 28, 33, 36, 39]]
[60, 4.10058, [0, 1, 2, 4, 5, 7, 8, 13, 14, 16, 17, 22, 23, 25, 26, 28, 33, 36, 57]]
[60, 4.08385, [0, 1, 2, 4, 5, 7, 8, 13, 14, 16, 17, 22, 23, 25, 26, 28, 33, 54, 57]]
[60, 4.0751, [0, 1, 2, 4, 5, 7, 8, 13, 14, 16, 17, 22, 23, 25, 26, 33, 36, 48, 57]]
[60, 4.05838, [0, 1, 2, 4, 5, 7, 8, 13, 14, 16, 17, 22, 23, 25, 26, 33, 48, 54, 57]]
[60, 4.10864, [0, 1, 2, 4, 5, 7, 8, 13, 14, 16, 17, 22, 23, 26, 27, 28, 33, 36, 41]]
[60, 4.07476, [0, 1, 2, 4, 5, 7, 8, 13, 14, 16, 17, 22, 23, 26, 28, 33, 36, 41, 57]]
[60, 4.10038, [0, 1, 2, 4, 5, 7, 8, 13, 14, 17, 18, 22, 24, 25, 27, 28, 33, 36, 39]]
[60, 4.10246, [0, 1, 2, 4, 5, 7, 8, 13, 15, 16, 17, 20, 23, 25, 27, 28, 33, 36, 51]]
[60, 4.1074, [0, 1, 2, 4, 5, 7, 8, 13, 15, 17, 18, 20, 24, 25, 27, 28, 29, 36, 39]]
[60, 4.10053, [0, 1, 2, 4, 5, 7, 8, 13, 15, 17, 18, 20, 24, 25, 27, 28, 33, 36, 39]]
[60, 4.07131, [0, 1, 2, 4, 5, 7, 8, 13, 16, 17, 20, 22, 23, 25, 27, 28, 33, 36, 51]]
[60, 4.09905, [0, 1, 2, 4, 5, 7, 8, 14, 15, 17, 18, 19, 24, 25, 26, 28, 33, 36, 39]]
[60, 4.09679, [0, 1, 2, 4, 5, 7, 8, 14, 15, 17, 18, 19, 24, 25, 27, 28, 33, 36, 39]]
[60, 4.09437, [0, 1, 2, 4, 5, 7, 8, 14, 15, 17, 18, 19, 24, 26, 27, 28, 33, 36, 39]]
[60, 4.06034, [0, 1, 2, 4, 5, 7, 9, 12, 14, 15, 16, 20, 22, 25, 26, 47, 48, 49, 54]]
[60, 4.07169, [0, 1, 2, 4, 5, 7, 9, 12, 14, 15, 16, 22, 24, 25, 27, 29, 41, 51, 56]]
[60, 4.07215, [0, 1, 2, 4, 5, 7, 11, 12, 13, 15, 16, 20, 21, 22, 25, 36, 44, 47, 54]]
[60, 4.06007, [0, 1, 2, 4, 5, 7, 11, 12, 13, 15, 16, 20, 22, 23, 25, 36, 47, 51, 54]]
[60, 4.0718, [0, 1, 2, 4, 5, 7, 11, 12, 13, 15, 18, 20, 22, 23, 26, 27, 38, 51, 54]]
[60, 4.05603, [0, 1, 2, 4, 5, 7, 11, 13, 14, 15, 20, 23, 24, 25, 27, 28, 33, 36, 39]]
[60, 4.08289, [0, 1, 2, 4, 5, 7, 13, 15, 16, 17, 20, 22, 23, 25, 27, 28, 33, 48, 51, 56]]

Search completed in 0 hours, 0 minutes, and 55.186 seconds.  Enter a string to quit.