Enter an integer k for which our Kempner sets are k-free: 4
Enter a positive integer modulus b: 117
Enter estimation parameters, or * for pre-computed parameters ([0.0816, 1.0729, 1.3985]): *
Enter a threshold (e.g. 4.2) to determine printed output: 4.29
Enter a root for the search space (e.g. [0, 1, 2]) [or * for the root [0]]: *
Enter an upper bound for the size of allowable digit sets [or * to ignore]: 35
Enter a maximal number of deviations from a greedy search [or * to ignore]: *
Searching for k-free sets mod b...

[117, 4.29446, [0, 1, 2, 4, 5, 7, 8, 9, 14, 15, 16, 18, 25, 26, 28, 30, 31, 33, 36, 43, 50, 52, 53, 59, 64, 65, 69, 72, 77, 79, 83, 87, 93]]
[117, 4.3133, [0, 1, 2, 4, 5, 7, 8, 9, 14, 15, 16, 18, 31, 33, 34, 36, 37, 38, 42, 45, 47, 48, 49, 55, 56, 58, 60, 64, 66, 70, 74, 101, 102, 107]]
[117, 4.30829, [0, 1, 2, 4, 5, 7, 8, 9, 14, 15, 17, 18, 23, 24, 26, 29, 30, 33, 39, 46, 47, 50, 52, 53, 57, 59, 61, 73, 79, 80, 82, 106, 109]]
[117, 4.31217, [0, 1, 2, 4, 5, 7, 8, 9, 14, 15, 17, 18, 23, 26, 28, 29, 30, 34, 36, 47, 48, 49, 52, 53, 55, 56, 65, 67, 71, 73, 81, 88, 109]]
[117, 4.31436, [0, 1, 2, 4, 5, 7, 8, 9, 14, 15, 17, 18, 23, 26, 28, 30, 34, 36, 39, 40, 47, 48, 49, 52, 53, 59, 61, 63, 71, 73, 77, 81, 109]]
[117, 4.30384, [0, 1, 2, 4, 5, 7, 8, 9, 14, 15, 17, 18, 23, 26, 28, 30, 34, 36, 40, 47, 48, 49, 52, 53, 55, 56, 59, 67, 71, 73, 77, 81, 109]]
[117, 4.35847, [0, 1, 2, 4, 5, 7, 8, 9, 14, 15, 17, 18, 23, 26, 28, 30, 34, 36, 40, 47, 48, 49, 52, 53, 55, 56, 65, 67, 71, 73, 77, 81, 88, 109]]
[117, 4.30132, [0, 1, 2, 4, 5, 7, 8, 9, 14, 15, 17, 18, 23, 26, 28, 30, 34, 36, 40, 47, 48, 49, 52, 53, 55, 56, 65, 67, 71, 73, 77, 81, 109]]
[117, 4.2996, [0, 1, 2, 4, 5, 7, 8, 9, 14, 15, 17, 18, 23, 26, 28, 30, 34, 36, 40, 47, 48, 49, 52, 53, 55, 56, 65, 67, 71, 73, 77, 88, 109]]
[117, 4.2985, [0, 1, 2, 4, 5, 7, 8, 9, 14, 15, 17, 18, 23, 26, 28, 30, 34, 36, 40, 47, 48, 49, 52, 53, 55, 56, 65, 67, 71, 73, 81, 88, 109]]
[117, 4.2973, [0, 1, 2, 4, 5, 7, 8, 9, 14, 15, 17, 18, 23, 26, 28, 30, 34, 36, 40, 47, 48, 49, 52, 53, 55, 56, 65, 67, 71, 77, 81, 88, 109]]
[117, 4.29666, [0, 1, 2, 4, 5, 7, 8, 9, 14, 15, 17, 18, 23, 26, 28, 30, 34, 36, 40, 47, 48, 49, 52, 53, 55, 56, 65, 67, 73, 77, 81, 88, 109]]
[117, 4.29527, [0, 1, 2, 4, 5, 7, 8, 9, 14, 15, 17, 18, 23, 26, 28, 30, 34, 36, 40, 47, 48, 49, 52, 53, 55, 56, 65, 71, 73, 77, 81, 88, 109]]
[117, 4.29452, [0, 1, 2, 4, 5, 7, 8, 9, 14, 15, 17, 18, 23, 26, 28, 30, 34, 36, 40, 47, 48, 49, 52, 53, 55, 56, 67, 71, 73, 77, 81, 88, 109]]
[117, 4.29056, [0, 1, 2, 4, 5, 7, 8, 9, 14, 15, 17, 18, 23, 26, 28, 30, 34, 36, 40, 47, 48, 49, 52, 53, 55, 65, 67, 71, 73, 77, 81, 88, 109]]
[117, 4.31861, [0, 1, 2, 4, 5, 7, 8, 9, 14, 15, 17, 18, 23, 26, 29, 30, 33, 36, 47, 48, 50, 52, 53, 55, 61, 65, 73, 81, 82, 84, 85, 90, 106, 109]]
[117, 4.29123, [0, 1, 2, 4, 5, 7, 8, 9, 14, 15, 17, 18, 23, 26, 29, 30, 34, 36, 39, 46, 47, 48, 52, 53, 59, 61, 63, 67, 73, 75, 82, 106, 109]]
[117, 4.29699, [0, 1, 2, 4, 5, 7, 8, 9, 14, 15, 17, 18, 24, 26, 29, 30, 31, 33, 39, 47, 48, 50, 52, 53, 60, 62, 64, 73, 79, 80, 82, 83, 84]]
[117, 4.29344, [0, 1, 2, 4, 5, 7, 8, 9, 14, 15, 17, 18, 24, 29, 30, 32, 33, 37, 38, 39, 48, 50, 52, 53, 55, 59, 64, 65, 73, 79, 83, 84, 90]]
[117, 4.32316, [0, 1, 2, 4, 5, 7, 8, 9, 14, 15, 17, 18, 24, 30, 32, 37, 38, 39, 41, 42, 44, 49, 52, 55, 56, 59, 67, 70, 71, 72, 76, 85, 99, 112]]
[117, 4.29239, [0, 1, 2, 4, 5, 7, 8, 9, 14, 15, 17, 18, 24, 30, 32, 37, 38, 40, 41, 44, 52, 54, 55, 59, 61, 65, 69, 71, 72, 85, 91, 96, 99, 112]]
[117, 4.29065, [0, 1, 2, 4, 5, 7, 8, 9, 14, 16, 17, 18, 22, 29, 30, 31, 33, 34, 37, 42, 45, 47, 48, 56, 57, 58, 66, 68, 71, 72, 101, 104, 106]]
[117, 4.29472, [0, 1, 2, 4, 5, 7, 8, 9, 14, 16, 17, 18, 22, 31, 32, 33, 37, 38, 40, 41, 42, 51, 53, 54, 56, 57, 59, 65, 67, 72, 73, 74, 76]]
[117, 4.30563, [0, 1, 2, 4, 5, 7, 8, 9, 14, 16, 17, 18, 26, 28, 29, 32, 33, 34, 36, 37, 39, 43, 45, 55, 57, 61, 68, 72, 73, 75, 79, 86, 92]]
[117, 4.29845, [0, 1, 2, 4, 5, 7, 8, 9, 14, 16, 17, 18, 26, 28, 29, 32, 33, 34, 36, 37, 39, 43, 45, 55, 57, 61, 72, 73, 75, 79, 86, 92, 95]]
[117, 4.30071, [0, 1, 2, 4, 5, 7, 8, 9, 14, 16, 17, 18, 26, 28, 29, 32, 33, 34, 36, 37, 39, 43, 45, 55, 61, 68, 69, 72, 73, 75, 79, 86, 92]]
[117, 4.30637, [0, 1, 2, 4, 5, 7, 8, 9, 14, 16, 17, 18, 26, 28, 29, 32, 33, 34, 36, 37, 39, 43, 53, 55, 59, 64, 65, 69, 72, 73, 75, 79, 83]]
[117, 4.29772, [0, 1, 2, 4, 5, 7, 8, 9, 14, 16, 17, 18, 26, 28, 29, 32, 33, 34, 36, 37, 39, 43, 53, 55, 59, 64, 65, 69, 73, 75, 79, 83, 111]]
[117, 4.29213, [0, 1, 2, 4, 5, 7, 8, 9, 14, 16, 17, 18, 26, 28, 29, 32, 33, 34, 36, 37, 39, 43, 53, 55, 59, 64, 65, 69, 73, 75, 83, 105, 111]]
[117, 4.30326, [0, 1, 2, 4, 5, 7, 8, 9, 14, 16, 17, 18, 26, 28, 29, 32, 33, 34, 36, 37, 39, 43, 53, 57, 59, 65, 67, 69, 72, 73, 75, 79, 87]]
[117, 4.30106, [0, 1, 2, 4, 5, 7, 8, 9, 14, 16, 17, 18, 26, 28, 29, 32, 33, 34, 36, 37, 39, 43, 53, 57, 59, 65, 67, 69, 72, 73, 79, 83, 87]]
[117, 4.29461, [0, 1, 2, 4, 5, 7, 8, 9, 14, 16, 17, 18, 26, 28, 29, 32, 33, 34, 36, 37, 39, 43, 53, 57, 59, 65, 67, 69, 73, 75, 79, 87, 111]]
[117, 4.29241, [0, 1, 2, 4, 5, 7, 8, 9, 14, 16, 17, 18, 26, 28, 29, 32, 33, 34, 36, 37, 39, 43, 53, 57, 59, 65, 67, 69, 73, 79, 83, 87, 111]]
[117, 4.29349, [0, 1, 2, 4, 5, 7, 8, 9, 14, 16, 17, 18, 26, 28, 29, 32, 33, 34, 36, 37, 39, 43, 55, 57, 61, 68, 69, 72, 73, 75, 79, 86, 92]]
[117, 4.29242, [0, 1, 2, 4, 5, 7, 8, 9, 14, 16, 17, 18, 26, 28, 29, 32, 33, 34, 36, 37, 39, 43, 57, 59, 65, 67, 69, 72, 73, 74, 79, 83, 87]]
[117, 4.30909, [0, 1, 2, 4, 5, 7, 8, 9, 14, 16, 17, 18, 26, 28, 29, 32, 34, 36, 37, 39, 43, 45, 49, 52, 56, 57, 58, 62, 66, 68, 72, 86, 94]]
[117, 4.30332, [0, 1, 2, 4, 5, 7, 8, 9, 14, 16, 17, 18, 26, 28, 29, 32, 34, 36, 37, 39, 43, 45, 49, 52, 56, 57, 62, 66, 68, 72, 73, 86, 94]]
[117, 4.29978, [0, 1, 2, 4, 5, 7, 8, 9, 14, 16, 17, 18, 26, 28, 29, 32, 34, 36, 37, 39, 43, 45, 49, 52, 56, 57, 62, 66, 72, 73, 74, 93, 94]]
[117, 4.29654, [0, 1, 2, 4, 5, 7, 8, 9, 14, 16, 17, 18, 26, 28, 29, 32, 34, 36, 37, 39, 43, 45, 49, 52, 56, 57, 62, 66, 72, 73, 86, 93, 94]]
[117, 4.29402, [0, 1, 2, 4, 5, 7, 8, 9, 14, 16, 17, 18, 26, 28, 29, 32, 34, 36, 37, 39, 43, 45, 49, 52, 57, 58, 62, 66, 68, 72, 86, 94, 111]]
[117, 4.29817, [0, 1, 2, 4, 5, 7, 8, 9, 14, 16, 17, 18, 26, 28, 29, 32, 34, 36, 37, 39, 45, 49, 52, 56, 57, 58, 60, 66, 68, 72, 73, 74, 94]]
[117, 4.29407, [0, 1, 2, 4, 5, 7, 8, 9, 14, 16, 17, 18, 26, 28, 29, 32, 34, 36, 37, 39, 45, 49, 52, 56, 57, 58, 62, 66, 68, 72, 73, 86, 94]]
[117, 4.29542, [0, 1, 2, 4, 5, 7, 8, 9, 14, 16, 17, 18, 26, 28, 29, 32, 34, 36, 37, 39, 45, 49, 52, 57, 58, 60, 62, 66, 68, 72, 73, 74, 94]]
[117, 4.29634, [0, 1, 2, 4, 5, 7, 8, 9, 14, 16, 17, 18, 26, 29, 30, 31, 33, 34, 36, 37, 53, 56, 60, 62, 73, 78, 79, 80, 84, 85, 88, 96, 97, 111]]
[117, 4.33052, [0, 1, 2, 4, 5, 7, 8, 9, 15, 16, 17, 19, 20, 26, 27, 29, 30, 31, 34, 36, 40, 47, 48, 55, 57, 58, 65, 71, 75, 77, 81, 84, 93]]
[117, 4.32003, [0, 1, 2, 4, 5, 7, 8, 9, 15, 16, 17, 19, 20, 26, 27, 29, 30, 31, 34, 36, 40, 47, 48, 55, 58, 65, 71, 75, 77, 81, 84, 89, 93]]
[117, 4.31558, [0, 1, 2, 4, 5, 7, 8, 9, 15, 16, 17, 19, 20, 26, 27, 29, 30, 31, 34, 36, 40, 47, 48, 55, 65, 69, 71, 75, 77, 81, 84, 89, 93]]
[117, 4.30459, [0, 1, 2, 4, 5, 7, 8, 9, 15, 16, 17, 19, 20, 26, 27, 29, 30, 31, 34, 40, 47, 48, 55, 57, 58, 65, 71, 75, 77, 81, 84, 89, 93]]
[117, 4.2919, [0, 1, 2, 4, 5, 7, 8, 9, 15, 16, 18, 19, 20, 25, 28, 33, 37, 39, 42, 43, 44, 48, 49, 50, 52, 53, 60, 62, 64, 74, 90, 102, 107]]
[117, 4.30443, [0, 1, 2, 4, 5, 7, 8, 9, 15, 16, 18, 19, 20, 28, 29, 30, 32, 33, 35, 36, 49, 61, 62, 67, 74, 76, 78, 84, 85, 86, 88, 95, 96, 110]]
[117, 4.30039, [0, 1, 2, 4, 5, 7, 8, 9, 15, 16, 18, 19, 21, 25, 30, 31, 32, 36, 40, 42, 47, 49, 50, 51, 55, 56, 57, 67, 69, 71, 74, 81, 104]]
[117, 4.29788, [0, 1, 2, 4, 5, 7, 8, 9, 15, 16, 18, 19, 21, 26, 30, 32, 35, 36, 39, 40, 42, 43, 50, 55, 56, 58, 65, 67, 71, 72, 73, 85, 89]]
[117, 4.29224, [0, 1, 2, 4, 5, 7, 8, 9, 15, 16, 18, 19, 21, 29, 30, 31, 33, 36, 37, 38, 42, 49, 50, 52, 56, 59, 64, 65, 72, 73, 79, 90, 101]]
[117, 4.32287, [0, 1, 2, 4, 5, 7, 8, 9, 15, 16, 18, 20, 21, 25, 29, 36, 38, 39, 41, 42, 44, 48, 49, 50, 53, 60, 62, 66, 70, 76, 100, 102, 103, 107]]
[117, 4.30302, [0, 1, 2, 4, 5, 7, 8, 9, 15, 17, 18, 19, 23, 24, 28, 32, 34, 35, 37, 39, 40, 42, 44, 45, 60, 62, 66, 68, 72, 73, 74, 94, 105]]
[117, 4.29726, [0, 1, 2, 4, 5, 7, 8, 9, 15, 17, 18, 19, 23, 24, 28, 32, 34, 35, 37, 39, 40, 42, 44, 45, 62, 66, 68, 72, 73, 74, 76, 94, 105]]
[117, 4.29533, [0, 1, 2, 4, 5, 7, 8, 9, 15, 17, 18, 19, 23, 24, 28, 32, 34, 35, 37, 39, 40, 42, 44, 58, 60, 62, 66, 68, 72, 73, 74, 94, 105]]
[117, 4.29999, [0, 1, 2, 4, 5, 7, 8, 9, 15, 17, 18, 20, 21, 23, 29, 30, 32, 33, 34, 37, 38, 39, 52, 54, 59, 66, 68, 70, 75, 82, 91, 105, 109]]
[117, 4.29856, [0, 1, 2, 4, 5, 7, 8, 9, 15, 17, 18, 20, 21, 23, 30, 32, 33, 35, 36, 37, 40, 41, 42, 58, 66, 68, 69, 71, 73, 74, 78, 87, 93]]
[117, 4.30023, [0, 1, 2, 4, 5, 7, 8, 9, 15, 17, 19, 20, 23, 29, 30, 32, 33, 36, 37, 38, 42, 54, 58, 60, 68, 69, 70, 73, 74, 76, 78, 92, 94, 106]]
[117, 4.29081, [0, 1, 2, 4, 5, 7, 8, 9, 15, 18, 19, 20, 23, 24, 26, 34, 36, 38, 39, 44, 47, 48, 59, 63, 66, 69, 73, 75, 77, 82, 85, 89, 91, 109]]
[117, 4.29798, [0, 1, 2, 4, 5, 7, 8, 9, 15, 18, 19, 20, 23, 25, 26, 28, 34, 39, 40, 43, 44, 45, 47, 48, 53, 54, 57, 59, 69, 73, 75, 77, 104]]
[117, 4.298, [0, 1, 2, 4, 5, 7, 8, 9, 15, 18, 19, 20, 23, 26, 28, 30, 35, 36, 39, 40, 42, 43, 46, 62, 70, 72, 76, 86, 87, 88, 90, 95, 96, 100]]
[117, 4.30151, [0, 1, 2, 4, 5, 7, 8, 9, 15, 19, 20, 21, 23, 26, 30, 32, 34, 35, 40, 42, 43, 46, 48, 57, 58, 65, 67, 71, 72, 73, 75, 101, 103, 105]]
[117, 4.30964, [0, 1, 2, 4, 5, 7, 8, 9, 16, 17, 18, 21, 22, 28, 29, 30, 32, 35, 36, 37, 39, 57, 59, 66, 68, 69, 72, 73, 74, 76, 79, 91, 92, 93]]
[117, 4.30943, [0, 1, 2, 4, 5, 7, 8, 9, 16, 17, 18, 21, 22, 28, 29, 30, 32, 35, 36, 37, 39, 57, 59, 66, 68, 69, 72, 73, 74, 76, 79, 91, 92, 94]]
[117, 4.30809, [0, 1, 2, 4, 5, 7, 8, 9, 16, 17, 18, 21, 22, 28, 29, 31, 32, 35, 36, 37, 39, 57, 59, 66, 68, 69, 72, 73, 74, 76, 79, 91, 92, 93]]
[117, 4.30789, [0, 1, 2, 4, 5, 7, 8, 9, 16, 17, 18, 21, 22, 28, 29, 31, 32, 35, 36, 37, 39, 57, 59, 66, 68, 69, 72, 73, 74, 76, 79, 91, 92, 94]]
[117, 4.30645, [0, 1, 2, 4, 5, 7, 8, 9, 16, 17, 18, 21, 22, 28, 30, 31, 32, 35, 36, 37, 39, 57, 59, 66, 68, 69, 72, 73, 74, 76, 79, 91, 92, 93]]
[117, 4.30624, [0, 1, 2, 4, 5, 7, 8, 9, 16, 17, 18, 21, 22, 28, 30, 31, 32, 35, 36, 37, 39, 57, 59, 66, 68, 69, 72, 73, 74, 76, 79, 91, 92, 94]]
[117, 4.29376, [0, 1, 2, 4, 5, 7, 8, 9, 16, 17, 18, 21, 22, 28, 30, 31, 32, 35, 36, 37, 39, 59, 66, 68, 69, 72, 73, 74, 76, 79, 91, 92, 94, 98]]
[117, 4.31003, [0, 1, 2, 4, 5, 7, 8, 9, 17, 18, 20, 21, 24, 26, 30, 31, 32, 34, 39, 41, 45, 49, 52, 55, 56, 57, 60, 66, 68, 72, 77, 84, 94, 106]]
[117, 4.29557, [0, 1, 2, 4, 5, 7, 8, 9, 18, 19, 20, 22, 23, 25, 26, 31, 32, 34, 40, 41, 47, 48, 51, 54, 64, 66, 69, 73, 74, 75, 78, 82, 83, 111]]
[117, 4.30512, [0, 1, 2, 4, 5, 7, 8, 13, 14, 15, 17, 18, 24, 25, 26, 28, 29, 31, 33, 46, 47, 48, 50, 51, 53, 57, 58, 60, 62, 78, 79, 80, 82]]
[117, 4.30486, [0, 1, 2, 4, 5, 7, 8, 13, 14, 15, 17, 18, 24, 25, 26, 28, 29, 31, 33, 46, 47, 48, 50, 51, 53, 57, 58, 60, 62, 78, 79, 81, 82]]
[117, 4.30458, [0, 1, 2, 4, 5, 7, 8, 13, 14, 15, 17, 18, 24, 25, 26, 28, 29, 31, 33, 46, 47, 48, 50, 51, 53, 57, 58, 60, 62, 78, 80, 81, 82]]
[117, 4.29448, [0, 1, 2, 4, 5, 7, 8, 13, 14, 15, 17, 18, 24, 25, 26, 28, 29, 31, 33, 46, 47, 48, 50, 53, 57, 58, 60, 62, 76, 78, 79, 81, 82]]
[117, 4.30133, [0, 1, 2, 4, 5, 7, 8, 13, 14, 16, 17, 18, 22, 25, 27, 28, 29, 33, 35, 45, 46, 48, 50, 51, 53, 56, 57, 58, 60, 64, 78, 81, 107]]
[117, 4.30106, [0, 1, 2, 4, 5, 7, 8, 13, 14, 16, 17, 18, 22, 25, 27, 28, 29, 33, 35, 45, 46, 48, 50, 51, 56, 57, 58, 60, 64, 66, 78, 80, 81]]
[117, 4.29541, [0, 1, 2, 4, 5, 7, 8, 13, 14, 16, 17, 18, 22, 25, 27, 28, 29, 33, 35, 45, 46, 48, 50, 51, 56, 57, 58, 60, 64, 66, 78, 81, 107]]
[117, 4.3002, [0, 1, 2, 4, 5, 7, 8, 13, 14, 16, 17, 18, 22, 25, 27, 28, 29, 33, 35, 45, 46, 48, 50, 51, 56, 57, 58, 62, 64, 66, 78, 80, 81]]
[117, 4.29892, [0, 1, 2, 4, 5, 7, 8, 13, 14, 16, 17, 18, 22, 25, 27, 28, 29, 33, 43, 44, 46, 47, 48, 51, 53, 56, 57, 60, 62, 72, 75, 78, 80]]
[117, 4.29366, [0, 1, 2, 4, 5, 7, 8, 13, 14, 16, 17, 18, 22, 25, 27, 28, 29, 33, 43, 44, 46, 47, 48, 51, 53, 56, 60, 62, 70, 72, 75, 78, 80]]
[117, 4.2997, [0, 1, 2, 4, 5, 7, 8, 13, 14, 16, 17, 18, 22, 25, 27, 28, 30, 33, 35, 45, 46, 48, 50, 51, 53, 56, 57, 58, 60, 64, 78, 81, 107]]
[117, 4.29063, [0, 1, 2, 4, 5, 7, 8, 13, 14, 16, 17, 18, 22, 25, 27, 28, 30, 33, 35, 45, 46, 48, 50, 51, 53, 56, 57, 58, 60, 78, 81, 97, 107]]
[117, 4.29944, [0, 1, 2, 4, 5, 7, 8, 13, 14, 16, 17, 18, 22, 25, 27, 28, 30, 33, 35, 45, 46, 48, 50, 51, 56, 57, 58, 60, 64, 66, 78, 80, 81]]
[117, 4.29379, [0, 1, 2, 4, 5, 7, 8, 13, 14, 16, 17, 18, 22, 25, 27, 28, 30, 33, 35, 45, 46, 48, 50, 51, 56, 57, 58, 60, 64, 66, 78, 81, 107]]
[117, 4.29797, [0, 1, 2, 4, 5, 7, 8, 13, 14, 16, 17, 18, 22, 25, 27, 29, 30, 33, 35, 45, 46, 48, 50, 51, 53, 56, 57, 58, 60, 64, 78, 81, 107]]
[117, 4.2977, [0, 1, 2, 4, 5, 7, 8, 13, 14, 16, 17, 18, 22, 25, 27, 29, 30, 33, 35, 45, 46, 48, 50, 51, 56, 57, 58, 60, 64, 66, 78, 80, 81]]
[117, 4.29206, [0, 1, 2, 4, 5, 7, 8, 13, 14, 16, 17, 18, 22, 25, 27, 29, 30, 33, 35, 45, 46, 48, 50, 51, 56, 57, 58, 60, 64, 66, 78, 81, 107]]
[117, 4.29612, [0, 1, 2, 4, 5, 7, 8, 13, 14, 16, 17, 18, 22, 25, 28, 29, 30, 33, 35, 45, 46, 48, 50, 51, 53, 56, 57, 58, 60, 64, 78, 81, 107]]
[117, 4.29585, [0, 1, 2, 4, 5, 7, 8, 13, 14, 16, 17, 18, 22, 25, 28, 29, 30, 33, 35, 45, 46, 48, 50, 51, 56, 57, 58, 60, 64, 66, 78, 80, 81]]
[117, 4.29184, [0, 1, 2, 4, 5, 7, 8, 13, 15, 16, 18, 20, 21, 25, 27, 28, 31, 36, 47, 48, 49, 53, 55, 56, 57, 60, 64, 65, 75, 77, 80, 81, 88, 108]]
[117, 4.29103, [0, 1, 2, 4, 5, 7, 8, 14, 15, 16, 18, 19, 23, 25, 26, 29, 30, 33, 46, 48, 50, 51, 53, 54, 55, 59, 61, 65, 78, 81, 82, 83, 90, 106]]
[117, 4.2998, [0, 1, 2, 4, 5, 7, 9, 12, 14, 15, 16, 20, 22, 25, 29, 31, 33, 41, 44, 45, 47, 48, 51, 52, 53, 58, 60, 62, 70, 72, 78, 101, 106, 108]]
[117, 4.29703, [0, 1, 2, 4, 5, 7, 11, 12, 13, 15, 16, 18, 20, 23, 26, 27, 30, 32, 35, 36, 40, 41, 42, 51, 53, 58, 65, 71, 73, 75, 96, 103, 108]]
[117, 4.29125, [0, 1, 2, 4, 5, 7, 11, 12, 13, 15, 16, 18, 20, 23, 26, 27, 32, 33, 35, 36, 41, 44, 49, 51, 58, 60, 64, 72, 73, 78, 79, 82, 92]]
[117, 4.31021, [0, 1, 2, 4, 5, 7, 11, 12, 13, 15, 16, 18, 20, 23, 26, 30, 32, 33, 35, 36, 40, 41, 42, 49, 51, 55, 58, 64, 65, 71, 73, 89, 103]]
[117, 4.2992, [0, 1, 2, 4, 5, 7, 11, 12, 13, 15, 16, 18, 20, 23, 26, 30, 32, 33, 35, 36, 40, 41, 42, 49, 51, 55, 58, 65, 71, 73, 89, 103, 108]]
[117, 4.29092, [0, 1, 2, 4, 5, 7, 11, 12, 13, 15, 16, 18, 20, 23, 26, 30, 32, 33, 35, 36, 40, 41, 42, 49, 55, 63, 70, 72, 74, 78, 86, 88, 89]]
[117, 4.29086, [0, 1, 2, 4, 5, 7, 11, 12, 13, 15, 16, 18, 20, 23, 26, 30, 32, 33, 35, 36, 41, 42, 49, 51, 55, 58, 64, 65, 71, 73, 79, 89, 103]]
[117, 4.29729, [0, 1, 2, 4, 5, 7, 11, 12, 13, 15, 16, 18, 20, 23, 27, 33, 36, 37, 40, 41, 42, 47, 48, 49, 56, 58, 66, 74, 86, 87, 88, 98, 106, 109]]
[117, 4.29449, [0, 1, 2, 4, 5, 7, 11, 12, 13, 15, 16, 18, 22, 23, 24, 26, 27, 29, 44, 45, 46, 48, 49, 51, 55, 57, 58, 60, 75, 77, 79, 80, 82]]
[117, 4.29365, [0, 1, 2, 4, 5, 7, 11, 12, 13, 15, 16, 18, 22, 23, 24, 26, 27, 29, 44, 45, 46, 48, 49, 54, 55, 57, 58, 60, 75, 76, 77, 80, 82]]
[117, 4.31167, [0, 1, 2, 4, 5, 7, 11, 12, 13, 15, 16, 18, 22, 23, 27, 29, 35, 37, 45, 46, 48, 49, 50, 54, 56, 57, 60, 62, 64, 76, 77, 78, 80, 99]]
[117, 4.29309, [0, 1, 2, 4, 5, 7, 11, 12, 13, 15, 16, 18, 22, 23, 27, 29, 35, 37, 45, 48, 49, 50, 54, 56, 57, 60, 62, 64, 77, 78, 80, 82, 88, 99]]

Search completed in 29 hours, 55 minutes, and 30.87 seconds.  Enter a string to quit.