Enter an integer k for which our Kempner sets are k-free: 4
Enter a positive integer modulus b: 68
Enter estimation parameters, or * for pre-computed parameters ([0.0943, 1.0984, 1.4224]): *
Enter a threshold (e.g. 4.2) to determine printed output: 4.05
Enter a root for the search space (e.g. [0, 1, 2]) [or * for the root [0]]: *
Enter an upper bound for the size of allowable digit sets [or * to ignore]: *
Enter a maximal number of deviations from a greedy search [or * to ignore]: *
Searching for k-free sets mod b...

[68, 4.10176, [0, 1, 2, 4, 5, 7, 8, 9, 14, 15, 17, 18, 23, 24, 26, 29, 30, 33, 44, 50]]
[68, 4.07489, [0, 1, 2, 4, 5, 7, 8, 9, 14, 15, 17, 18, 23, 24, 26, 30, 33, 44, 50, 55]]
[68, 4.06261, [0, 1, 2, 4, 5, 7, 8, 9, 14, 15, 17, 18, 23, 24, 26, 30, 33, 50, 55, 63]]
[68, 4.05996, [0, 1, 2, 4, 5, 7, 8, 9, 14, 15, 17, 18, 23, 24, 26, 30, 33, 54, 55, 63]]
[68, 4.08613, [0, 1, 2, 4, 5, 7, 8, 9, 15, 16, 17, 19, 20, 26, 27, 29, 31, 32, 40, 59]]
[68, 4.0557, [0, 1, 2, 4, 5, 7, 8, 9, 15, 16, 17, 20, 21, 26, 28, 29, 32, 45, 46, 58]]
[68, 4.12562, [0, 1, 2, 4, 5, 7, 8, 9, 15, 16, 18, 19, 20, 25, 26, 28, 29, 31, 32, 33]]
[68, 4.1093, [0, 1, 2, 4, 5, 7, 8, 9, 15, 16, 18, 19, 20, 25, 26, 28, 29, 32, 33, 45]]
[68, 4.08939, [0, 1, 2, 4, 5, 7, 8, 9, 15, 16, 18, 19, 20, 25, 28, 29, 31, 32, 33, 61]]
[68, 4.07452, [0, 1, 2, 4, 5, 7, 8, 9, 15, 16, 18, 19, 20, 25, 28, 29, 31, 32, 47, 61]]
[68, 4.0824, [0, 1, 2, 4, 5, 7, 8, 9, 15, 16, 18, 19, 21, 25, 28, 29, 30, 32, 37, 61]]
[68, 4.07699, [0, 1, 2, 4, 5, 7, 8, 9, 15, 16, 18, 20, 21, 25, 28, 29, 31, 32, 37, 61]]
[68, 4.05342, [0, 1, 2, 4, 5, 7, 8, 9, 15, 16, 18, 20, 21, 25, 28, 29, 31, 37, 58, 61]]
[68, 4.07509, [0, 1, 2, 4, 5, 7, 8, 9, 15, 16, 19, 20, 25, 26, 28, 29, 31, 32, 33, 45]]
[68, 4.0685, [0, 1, 2, 4, 5, 7, 8, 9, 15, 17, 18, 19, 23, 24, 26, 29, 30, 33, 50, 54]]
[68, 4.13364, [0, 1, 2, 4, 5, 7, 8, 9, 15, 17, 18, 19, 23, 24, 26, 30, 33, 50, 54, 55, 56]]
[68, 4.12987, [0, 1, 2, 4, 5, 7, 8, 9, 15, 17, 18, 19, 23, 24, 26, 30, 33, 50, 54, 55, 63]]
[68, 4.07429, [0, 1, 2, 4, 5, 7, 8, 9, 15, 17, 18, 19, 23, 24, 28, 29, 30, 32, 37, 60]]
[68, 4.05911, [0, 1, 2, 4, 5, 7, 8, 9, 15, 17, 18, 19, 23, 24, 28, 29, 30, 37, 50, 54]]
[68, 4.0557, [0, 1, 2, 4, 5, 7, 8, 9, 15, 17, 18, 19, 23, 24, 28, 29, 30, 37, 50, 60]]
[68, 4.06064, [0, 1, 2, 4, 5, 7, 8, 9, 15, 17, 18, 20, 21, 23, 28, 29, 30, 37, 50, 60]]
[68, 4.0534, [0, 1, 2, 4, 5, 7, 8, 9, 15, 17, 18, 20, 21, 23, 29, 30, 33, 44, 47, 50]]
[68, 4.05196, [0, 1, 2, 4, 5, 7, 8, 9, 15, 17, 18, 20, 23, 24, 28, 29, 30, 37, 50, 60]]
[68, 4.05309, [0, 1, 2, 4, 5, 7, 8, 9, 15, 17, 19, 20, 23, 24, 28, 29, 30, 33, 50, 60]]
[68, 4.11413, [0, 1, 2, 4, 5, 7, 8, 9, 15, 17, 19, 20, 23, 24, 28, 30, 33, 50, 55, 60, 63]]
[68, 4.05654, [0, 1, 2, 4, 5, 7, 8, 9, 15, 17, 19, 20, 24, 26, 27, 29, 31, 32, 40, 59]]
[68, 4.13663, [0, 1, 2, 4, 5, 7, 8, 9, 15, 18, 19, 23, 24, 25, 28, 29, 30, 32, 37, 60, 61]]
[68, 4.06643, [0, 1, 2, 4, 5, 7, 8, 9, 16, 17, 19, 20, 21, 30, 37, 40, 45, 47, 52, 58, 62]]
[68, 4.07119, [0, 1, 2, 4, 5, 7, 8, 9, 16, 17, 19, 20, 22, 26, 27, 28, 30, 31, 33, 57]]
[68, 4.06709, [0, 1, 2, 4, 5, 7, 8, 9, 16, 17, 19, 20, 22, 26, 28, 29, 31, 32, 37, 45]]
[68, 4.05771, [0, 1, 2, 4, 5, 7, 8, 9, 16, 17, 19, 20, 22, 26, 28, 29, 31, 32, 37, 59]]
[68, 4.05339, [0, 1, 2, 4, 5, 7, 8, 9, 16, 17, 19, 20, 22, 26, 29, 30, 31, 37, 40, 45]]
[68, 4.05181, [0, 1, 2, 4, 5, 7, 8, 9, 16, 17, 19, 20, 22, 26, 29, 30, 32, 37, 40, 45]]
[68, 4.05014, [0, 1, 2, 4, 5, 7, 8, 9, 16, 17, 19, 20, 22, 26, 29, 31, 32, 37, 40, 45]]
[68, 4.05148, [0, 1, 2, 4, 5, 7, 8, 9, 16, 18, 19, 20, 25, 26, 28, 29, 31, 32, 33, 57]]
[68, 4.05159, [0, 1, 2, 4, 5, 7, 8, 9, 16, 19, 20, 21, 25, 26, 27, 29, 30, 32, 37, 40]]
[68, 4.07305, [0, 1, 2, 4, 5, 7, 8, 9, 16, 19, 20, 22, 26, 30, 31, 32, 37, 40, 45, 57, 61]]
[68, 4.06171, [0, 1, 2, 4, 5, 7, 8, 9, 17, 18, 19, 21, 22, 24, 28, 30, 31, 32, 37, 40]]
[68, 4.0557, [0, 1, 2, 4, 5, 7, 8, 9, 17, 18, 19, 22, 23, 24, 28, 30, 31, 32, 37, 40]]
[68, 4.08521, [0, 1, 2, 4, 5, 7, 8, 9, 17, 18, 19, 23, 24, 26, 29, 30, 37, 45, 50, 54, 62]]
[68, 4.10183, [0, 1, 2, 4, 5, 7, 8, 9, 18, 19, 20, 23, 24, 25, 29, 30, 32, 33, 45, 55, 56]]
[68, 4.0858, [0, 1, 2, 4, 5, 7, 8, 9, 18, 19, 20, 24, 25, 26, 29, 30, 32, 33, 55, 56, 57]]
[68, 4.09047, [0, 1, 2, 4, 5, 7, 8, 13, 14, 15, 17, 18, 24, 25, 26, 28, 29, 31, 32, 33]]
[68, 4.0754, [0, 1, 2, 4, 5, 7, 8, 13, 14, 15, 17, 18, 24, 25, 26, 28, 31, 32, 33, 40]]
[68, 4.06303, [0, 1, 2, 4, 5, 7, 8, 13, 14, 15, 17, 18, 24, 25, 26, 28, 31, 32, 33, 56]]
[68, 4.05629, [0, 1, 2, 4, 5, 7, 8, 13, 14, 15, 17, 18, 24, 25, 26, 28, 31, 32, 40, 53]]
[68, 4.06559, [0, 1, 2, 4, 5, 7, 8, 13, 14, 15, 17, 18, 24, 25, 26, 29, 30, 31, 33, 54]]
[68, 4.07137, [0, 1, 2, 4, 5, 7, 8, 13, 14, 15, 17, 18, 24, 25, 26, 29, 30, 32, 33, 44]]
[68, 4.06235, [0, 1, 2, 4, 5, 7, 8, 13, 14, 15, 17, 18, 24, 25, 26, 29, 31, 32, 33, 54]]
[68, 4.06212, [0, 1, 2, 4, 5, 7, 8, 13, 14, 15, 17, 18, 24, 25, 27, 28, 29, 32, 33, 60]]
[68, 4.05646, [0, 1, 2, 4, 5, 7, 8, 13, 14, 15, 17, 18, 24, 25, 28, 29, 30, 32, 33, 60]]
[68, 4.06446, [0, 1, 2, 4, 5, 7, 8, 13, 14, 15, 17, 18, 25, 26, 27, 29, 30, 32, 33, 44]]
[68, 4.09666, [0, 1, 2, 4, 5, 7, 8, 14, 15, 17, 18, 19, 25, 26, 27, 30, 31, 33, 46, 54, 55]]
[68, 4.15387, [0, 1, 2, 4, 5, 7, 9, 12, 14, 15, 16, 20, 22, 25, 26, 29, 31, 33, 40, 44, 45]]
[68, 4.05296, [0, 1, 2, 4, 5, 7, 9, 12, 14, 15, 16, 20, 22, 25, 26, 29, 31, 33, 40, 45]]
[68, 4.05883, [0, 1, 2, 4, 5, 7, 9, 12, 14, 15, 16, 22, 24, 25, 26, 29, 30, 31, 33, 40]]
[68, 4.14151, [0, 1, 2, 4, 5, 7, 9, 12, 14, 15, 16, 22, 24, 25, 26, 29, 31, 33, 40, 44, 45]]
[68, 4.08373, [0, 1, 2, 4, 5, 7, 9, 12, 15, 16, 19, 21, 24, 25, 29, 30, 32, 37, 42, 54, 60]]
[68, 4.07975, [0, 1, 2, 4, 5, 7, 9, 12, 15, 16, 19, 21, 24, 25, 29, 30, 32, 37, 42, 60, 61]]
[68, 4.05525, [0, 1, 2, 4, 5, 7, 11, 12, 13, 15, 16, 18, 22, 23, 24, 26, 27, 40, 43, 44]]
[68, 4.05347, [0, 1, 2, 4, 5, 7, 11, 12, 13, 15, 16, 18, 22, 23, 24, 27, 29, 37, 42, 44]]
[68, 4.11246, [0, 1, 2, 4, 5, 7, 11, 12, 14, 15, 16, 20, 22, 23, 25, 27, 37, 42, 43, 44, 51]]
[68, 4.07034, [0, 1, 2, 4, 5, 7, 11, 12, 14, 15, 16, 20, 23, 25, 27, 37, 42, 43, 44, 51, 52]]
[68, 4.08106, [0, 1, 2, 4, 5, 7, 11, 12, 14, 15, 16, 22, 23, 24, 26, 27, 30, 51, 52, 54, 59]]
[68, 4.05802, [0, 1, 2, 5, 6, 7, 9, 10, 12, 16, 19, 21, 22, 24, 29, 30, 31, 33, 42, 48, 57]]

Search completed in 0 hours, 7 minutes, and 20.139 seconds.  Enter a string to quit.