Enter an integer k for which our Kempner sets are k-free: 4
Enter a positive integer modulus b: 88
Enter estimation parameters, or * for pre-computed parameters ([0.0877, 1.0841, 1.4098]): *
Enter a threshold (e.g. 4.2) to determine printed output: 4.18
Enter a root for the search space (e.g. [0, 1, 2]) [or * for the root [0]]: *
Enter an upper bound for the size of allowable digit sets [or * to ignore]: *
Enter a maximal number of deviations from a greedy search [or * to ignore]: *
Searching for k-free sets mod b...

[88, 4.18245, [0, 1, 2, 4, 5, 7, 8, 9, 15, 16, 17, 19, 20, 26, 27, 28, 31, 32, 33, 36, 39, 55, 56, 68, 69]]
[88, 4.18111, [0, 1, 2, 4, 5, 7, 8, 9, 15, 16, 17, 19, 20, 26, 27, 28, 31, 32, 34, 36, 39, 55, 56, 68, 69]]
[88, 4.19173, [0, 1, 2, 4, 5, 7, 8, 9, 15, 16, 17, 19, 20, 26, 27, 28, 32, 33, 34, 36, 39, 43, 56, 57, 68]]
[88, 4.18667, [0, 1, 2, 4, 5, 7, 8, 9, 15, 16, 17, 19, 20, 26, 27, 28, 32, 33, 34, 36, 39, 43, 57, 67, 68]]
[88, 4.18351, [0, 1, 2, 4, 5, 7, 8, 9, 15, 16, 17, 19, 20, 26, 27, 28, 32, 33, 34, 36, 39, 55, 56, 57, 68]]
[88, 4.24616, [0, 1, 2, 4, 5, 7, 8, 9, 15, 16, 17, 20, 21, 26, 28, 29, 32, 33, 34, 36, 39, 55, 56, 57, 68, 69]]
[88, 4.20055, [0, 1, 2, 4, 5, 7, 8, 9, 15, 16, 17, 20, 21, 26, 28, 29, 32, 33, 36, 56, 57, 58, 67, 68, 69, 74]]
[88, 4.19569, [0, 1, 2, 4, 5, 7, 8, 9, 15, 16, 17, 20, 21, 28, 29, 31, 32, 33, 36, 37, 56, 68, 69, 71, 78, 79]]
[88, 4.20705, [0, 1, 2, 4, 5, 7, 8, 9, 15, 16, 17, 20, 21, 28, 29, 32, 33, 34, 36, 37, 56, 57, 58, 68, 69, 74]]
[88, 4.20068, [0, 1, 2, 4, 5, 7, 8, 9, 15, 16, 18, 19, 20, 25, 26, 28, 29, 31, 32, 33, 36, 55, 56, 58, 67]]
[88, 4.19628, [0, 1, 2, 4, 5, 7, 8, 9, 15, 16, 18, 19, 20, 25, 26, 28, 29, 31, 32, 33, 36, 55, 56, 67, 68]]
[88, 4.19108, [0, 1, 2, 4, 5, 7, 8, 9, 15, 16, 18, 19, 20, 25, 26, 28, 29, 31, 32, 33, 36, 56, 66, 67, 68]]
[88, 4.18733, [0, 1, 2, 4, 5, 7, 8, 9, 15, 16, 18, 19, 25, 26, 30, 31, 36, 39, 40, 42, 50, 55, 58, 61, 67, 78]]
[88, 4.20377, [0, 1, 2, 4, 5, 7, 8, 9, 15, 16, 19, 20, 21, 25, 26, 28, 29, 32, 36, 56, 57, 58, 66, 67, 74, 79]]
[88, 4.20224, [0, 1, 2, 4, 5, 7, 8, 9, 15, 16, 19, 20, 21, 25, 26, 28, 29, 32, 36, 56, 57, 58, 66, 71, 74, 79]]
[88, 4.18763, [0, 1, 2, 4, 5, 7, 8, 9, 15, 16, 19, 20, 21, 26, 28, 29, 32, 33, 36, 56, 57, 66, 67, 68, 71, 74]]
[88, 4.18172, [0, 1, 2, 4, 5, 7, 8, 9, 15, 17, 18, 20, 21, 23, 29, 30, 32, 33, 36, 37, 38, 42, 50, 57, 58]]
[88, 4.19759, [0, 1, 2, 4, 5, 7, 8, 9, 15, 17, 20, 21, 23, 24, 28, 29, 30, 33, 37, 39, 47, 57, 62, 69, 76, 80]]
[88, 4.19714, [0, 1, 2, 4, 5, 7, 8, 9, 15, 17, 20, 21, 23, 24, 28, 29, 30, 33, 37, 39, 47, 57, 63, 69, 76, 80]]
[88, 4.18853, [0, 1, 2, 4, 5, 7, 8, 9, 15, 17, 20, 21, 23, 24, 28, 29, 30, 33, 37, 47, 50, 57, 62, 69, 76, 80]]
[88, 4.22722, [0, 1, 2, 4, 5, 7, 8, 9, 16, 17, 18, 20, 21, 26, 28, 29, 30, 33, 36, 37, 42, 50, 56, 57, 69, 78]]
[88, 4.18635, [0, 1, 2, 4, 5, 7, 8, 9, 16, 17, 18, 20, 21, 26, 28, 29, 32, 33, 34, 36, 37, 39, 43, 56, 57]]
[88, 4.24536, [0, 1, 2, 4, 5, 7, 8, 9, 16, 17, 18, 20, 21, 26, 28, 29, 32, 33, 34, 36, 37, 39, 56, 57, 68, 69]]
[88, 4.30779, [0, 1, 2, 4, 5, 7, 8, 9, 16, 17, 18, 20, 21, 26, 28, 29, 32, 33, 36, 37, 42, 50, 56, 57, 58, 68, 69]]
[88, 4.23204, [0, 1, 2, 4, 5, 7, 8, 9, 16, 17, 18, 20, 21, 26, 28, 29, 32, 33, 36, 37, 42, 50, 56, 57, 58, 69]]
[88, 4.22758, [0, 1, 2, 4, 5, 7, 8, 9, 16, 17, 18, 20, 21, 26, 28, 29, 32, 33, 36, 37, 42, 50, 56, 57, 68, 69]]
[88, 4.22706, [0, 1, 2, 4, 5, 7, 8, 9, 16, 17, 18, 20, 21, 26, 28, 29, 32, 33, 36, 37, 42, 50, 56, 58, 68, 69]]
[88, 4.22652, [0, 1, 2, 4, 5, 7, 8, 9, 16, 17, 18, 20, 21, 26, 28, 29, 32, 33, 36, 37, 42, 50, 57, 58, 68, 69]]
[88, 4.22292, [0, 1, 2, 4, 5, 7, 8, 9, 16, 17, 18, 20, 21, 26, 28, 29, 32, 33, 36, 37, 42, 56, 57, 58, 68, 69]]
[88, 4.21627, [0, 1, 2, 4, 5, 7, 8, 9, 16, 17, 18, 20, 21, 26, 28, 29, 32, 33, 36, 37, 42, 56, 57, 68, 69, 74]]
[88, 4.21674, [0, 1, 2, 4, 5, 7, 8, 9, 16, 17, 18, 20, 21, 26, 28, 29, 32, 33, 36, 37, 50, 56, 57, 58, 68, 69]]
[88, 4.21169, [0, 1, 2, 4, 5, 7, 8, 9, 16, 17, 18, 20, 21, 26, 28, 29, 32, 33, 36, 42, 50, 56, 57, 58, 68, 69]]
[88, 4.21053, [0, 1, 2, 4, 5, 7, 8, 9, 16, 17, 18, 20, 21, 26, 28, 29, 32, 33, 37, 42, 50, 56, 57, 58, 68, 69]]
[88, 4.20668, [0, 1, 2, 4, 5, 7, 8, 9, 16, 17, 18, 20, 21, 26, 28, 29, 32, 36, 37, 42, 50, 56, 57, 58, 68, 69]]
[88, 4.20524, [0, 1, 2, 4, 5, 7, 8, 9, 16, 17, 18, 20, 21, 26, 28, 29, 33, 36, 37, 42, 50, 56, 57, 58, 68, 69]]
[88, 4.20177, [0, 1, 2, 4, 5, 7, 8, 9, 16, 17, 18, 20, 21, 26, 28, 29, 33, 36, 37, 42, 50, 56, 57, 58, 69, 78]]
[88, 4.20042, [0, 1, 2, 4, 5, 7, 8, 9, 16, 17, 18, 20, 21, 26, 28, 32, 33, 36, 37, 42, 50, 56, 57, 58, 68, 69]]
[88, 4.22852, [0, 1, 2, 4, 5, 7, 8, 9, 16, 17, 18, 20, 21, 26, 29, 30, 32, 33, 36, 37, 42, 50, 56, 57, 58, 69]]
[88, 4.22299, [0, 1, 2, 4, 5, 7, 8, 9, 16, 17, 18, 20, 21, 26, 29, 30, 32, 33, 36, 37, 42, 50, 57, 58, 68, 69]]
[88, 4.21544, [0, 1, 2, 4, 5, 7, 8, 9, 16, 17, 18, 20, 21, 26, 29, 30, 33, 36, 37, 38, 42, 50, 57, 58, 68, 69]]
[88, 4.19824, [0, 1, 2, 4, 5, 7, 8, 9, 16, 17, 18, 20, 21, 26, 29, 30, 33, 36, 37, 42, 50, 56, 57, 58, 69, 78]]
[88, 4.1986, [0, 1, 2, 4, 5, 7, 8, 9, 16, 17, 18, 20, 21, 26, 29, 32, 33, 36, 37, 42, 50, 56, 57, 58, 68, 69]]
[88, 4.20947, [0, 1, 2, 4, 5, 7, 8, 9, 16, 17, 18, 20, 21, 28, 29, 32, 33, 34, 36, 37, 42, 56, 57, 58, 68, 69]]
[88, 4.19458, [0, 1, 2, 4, 5, 7, 8, 9, 16, 17, 18, 20, 21, 28, 29, 32, 33, 36, 37, 42, 50, 56, 57, 58, 68, 69]]
[88, 4.20179, [0, 1, 2, 4, 5, 7, 8, 9, 16, 17, 18, 20, 21, 28, 29, 32, 34, 36, 37, 39, 42, 56, 57, 59, 68, 69]]
[88, 4.20478, [0, 1, 2, 4, 5, 7, 8, 9, 16, 17, 18, 20, 21, 29, 30, 32, 33, 36, 37, 38, 42, 50, 57, 58, 68, 69]]
[88, 4.18149, [0, 1, 2, 4, 5, 7, 8, 9, 16, 17, 18, 20, 26, 28, 29, 32, 33, 36, 37, 42, 50, 56, 57, 58, 68, 69]]
[88, 4.20414, [0, 1, 2, 4, 5, 7, 8, 9, 16, 17, 18, 21, 22, 26, 28, 29, 32, 33, 37, 42, 50, 56, 57, 58, 68, 69]]
[88, 4.18994, [0, 1, 2, 4, 5, 7, 8, 9, 16, 17, 18, 21, 22, 26, 29, 32, 33, 37, 38, 42, 50, 56, 57, 58, 68, 69]]
[88, 4.19387, [0, 1, 2, 4, 5, 7, 8, 9, 16, 17, 18, 21, 26, 29, 30, 32, 33, 36, 37, 38, 42, 50, 56, 57, 58, 69]]
[88, 4.18835, [0, 1, 2, 4, 5, 7, 8, 9, 16, 17, 18, 21, 26, 29, 30, 32, 33, 36, 37, 38, 42, 50, 57, 58, 68, 69]]
[88, 4.19055, [0, 1, 2, 4, 5, 7, 8, 9, 16, 17, 18, 21, 26, 29, 30, 32, 33, 37, 38, 39, 42, 50, 56, 57, 58, 69]]
[88, 4.22426, [0, 1, 2, 4, 5, 7, 8, 9, 16, 17, 19, 20, 21, 26, 27, 29, 32, 33, 34, 36, 50, 55, 56, 57, 59, 68]]
[88, 4.24553, [0, 1, 2, 4, 5, 7, 8, 9, 16, 17, 19, 20, 21, 26, 28, 29, 32, 33, 34, 36, 37, 42, 43, 57, 68, 74]]
[88, 4.23575, [0, 1, 2, 4, 5, 7, 8, 9, 16, 17, 19, 20, 21, 26, 28, 29, 32, 33, 34, 36, 37, 43, 56, 57, 68, 74]]
[88, 4.20644, [0, 1, 2, 4, 5, 7, 8, 9, 16, 17, 19, 20, 21, 26, 28, 29, 33, 34, 36, 37, 43, 56, 57, 68, 74, 75]]
[88, 4.20907, [0, 1, 2, 4, 5, 7, 8, 9, 16, 17, 20, 21, 22, 26, 28, 29, 30, 33, 36, 37, 38, 54, 57, 68, 69, 78]]
[88, 4.1901, [0, 1, 2, 4, 5, 7, 8, 9, 16, 17, 20, 21, 22, 26, 28, 29, 30, 33, 37, 38, 54, 57, 62, 68, 69, 78]]
[88, 4.20777, [0, 1, 2, 4, 5, 7, 8, 9, 16, 17, 20, 21, 22, 26, 28, 29, 32, 33, 37, 42, 43, 50, 56, 57, 58, 78]]
[88, 4.19644, [0, 1, 2, 4, 5, 7, 8, 9, 16, 17, 20, 21, 22, 26, 28, 29, 32, 33, 37, 42, 50, 56, 57, 58, 68, 69]]
[88, 4.19297, [0, 1, 2, 4, 5, 7, 8, 9, 16, 17, 20, 21, 22, 26, 28, 29, 32, 33, 37, 42, 50, 56, 57, 58, 69, 78]]
[88, 4.19292, [0, 1, 2, 4, 5, 7, 8, 9, 16, 17, 20, 21, 22, 26, 29, 30, 32, 33, 37, 42, 50, 56, 57, 58, 68, 69]]
[88, 4.18944, [0, 1, 2, 4, 5, 7, 8, 9, 16, 17, 20, 21, 22, 26, 29, 30, 32, 33, 37, 42, 50, 56, 57, 58, 69, 78]]
[88, 4.19841, [0, 1, 2, 4, 5, 7, 8, 9, 16, 17, 20, 21, 22, 28, 29, 30, 32, 33, 36, 37, 38, 54, 57, 68, 69, 78]]
[88, 4.20127, [0, 1, 2, 4, 5, 7, 8, 9, 16, 17, 20, 21, 22, 28, 29, 31, 32, 33, 36, 37, 38, 54, 57, 58, 69, 78]]
[88, 4.1935, [0, 1, 2, 4, 5, 7, 8, 9, 16, 17, 20, 21, 26, 28, 29, 32, 33, 34, 36, 37, 42, 43, 56, 57, 68, 74]]
[88, 4.18698, [0, 1, 2, 4, 5, 7, 8, 9, 17, 18, 20, 21, 22, 26, 28, 29, 32, 33, 37, 42, 50, 56, 57, 58, 68, 69]]
[88, 4.1845, [0, 1, 2, 4, 5, 7, 8, 9, 17, 18, 20, 21, 22, 26, 28, 29, 32, 33, 37, 42, 54, 56, 57, 58, 68, 69]]
[88, 4.2367, [0, 1, 2, 4, 5, 7, 8, 13, 15, 16, 17, 20, 25, 26, 28, 31, 32, 33, 36, 42, 43, 56, 63, 65, 68, 71, 85]]
[88, 4.18575, [0, 1, 2, 4, 5, 7, 8, 13, 15, 17, 18, 20, 24, 25, 26, 28, 29, 31, 33, 36, 47, 50, 56, 65, 78, 85]]
[88, 4.19475, [0, 1, 2, 4, 5, 7, 8, 13, 16, 17, 18, 20, 21, 26, 28, 32, 36, 41, 42, 50, 53, 56, 58, 68, 73, 77, 81]]
[88, 4.23027, [0, 1, 2, 4, 5, 7, 8, 13, 16, 17, 18, 20, 25, 26, 28, 29, 32, 33, 36, 42, 50, 53, 56, 58, 65, 68, 85]]
[88, 4.19145, [0, 1, 2, 4, 5, 7, 9, 12, 14, 15, 16, 22, 24, 25, 26, 29, 30, 31, 39, 41, 42, 47, 52, 61, 79, 84]]
[88, 4.18376, [0, 1, 2, 4, 5, 7, 9, 12, 14, 15, 16, 22, 24, 26, 27, 29, 30, 31, 39, 41, 42, 47, 52, 69, 79, 84]]
[88, 4.22882, [0, 1, 2, 4, 5, 7, 11, 12, 13, 15, 16, 18, 20, 23, 26, 27, 30, 32, 36, 40, 41, 42, 47, 53, 69, 77]]
[88, 4.19084, [0, 1, 2, 4, 5, 7, 11, 12, 13, 15, 16, 23, 24, 27, 28, 30, 32, 39, 42, 43, 52, 63, 64, 69, 70, 75, 84]]

Search completed in 23 hours, 8 minutes, and 42.908 seconds.  Enter a string to quit.