Enter an integer k for which our Kempner sets are k-free: 4
Enter a positive integer modulus b: 98
Enter estimation parameters, or * for pre-computed parameters ([0.0857, 1.0779, 1.4096]): *
Enter a threshold (e.g. 4.2) to determine printed output: 4.15
Enter a root for the search space (e.g. [0, 1, 2]) [or * for the root [0]]: *
Enter an upper bound for the size of allowable digit sets [or * to ignore]: 31
Enter a maximal number of deviations from a greedy search [or * to ignore]: *
Searching for k-free sets mod b...

[98, 4.16984, [0, 1, 2, 4, 5, 7, 8, 9, 14, 15, 17, 18, 24, 26, 28, 29, 31, 33, 36, 39, 46, 47, 52, 59, 61, 81, 86]]
[98, 4.17572, [0, 1, 2, 4, 5, 7, 8, 9, 14, 15, 17, 24, 28, 29, 33, 35, 36, 38, 39, 40, 44, 45, 46, 61, 65, 74, 79, 80]]
[98, 4.1881, [0, 1, 2, 4, 5, 7, 8, 9, 14, 15, 17, 24, 28, 29, 33, 35, 36, 38, 39, 40, 45, 46, 47, 59, 60, 61, 65, 74]]
[98, 4.16249, [0, 1, 2, 4, 5, 7, 8, 9, 14, 15, 17, 24, 28, 29, 33, 35, 36, 38, 39, 44, 45, 46, 60, 61, 65, 74, 79, 80]]
[98, 4.17879, [0, 1, 2, 4, 5, 7, 8, 9, 14, 16, 17, 18, 26, 28, 29, 31, 32, 33, 36, 37, 39, 43, 45, 52, 55, 61, 87]]
[98, 4.15412, [0, 1, 2, 4, 5, 7, 8, 9, 14, 16, 17, 18, 26, 28, 29, 32, 33, 34, 36, 37, 39, 45, 52, 55, 61, 87, 92]]
[98, 4.16143, [0, 1, 2, 4, 5, 7, 8, 9, 14, 17, 22, 23, 24, 26, 29, 30, 31, 33, 37, 42, 45, 55, 60, 69, 74, 84, 85, 87]]
[98, 4.17491, [0, 1, 2, 4, 5, 7, 8, 9, 14, 17, 22, 23, 24, 28, 29, 31, 33, 40, 43, 45, 46, 47, 52, 55, 60, 61, 65, 74]]
[98, 4.18615, [0, 1, 2, 4, 5, 7, 8, 9, 14, 17, 22, 23, 24, 28, 30, 31, 33, 35, 36, 41, 45, 47, 52, 55, 60, 62, 64, 86]]
[98, 4.17286, [0, 1, 2, 4, 5, 7, 8, 9, 14, 17, 22, 23, 24, 28, 30, 31, 33, 35, 36, 41, 45, 47, 55, 60, 62, 64, 86, 87]]
[98, 4.15486, [0, 1, 2, 4, 5, 7, 8, 9, 14, 17, 22, 23, 26, 28, 29, 31, 33, 34, 46, 47, 52, 55, 60, 61, 62, 64, 65, 74]]
[98, 4.15606, [0, 1, 2, 4, 5, 7, 8, 9, 15, 16, 17, 19, 20, 26, 27, 28, 31, 32, 34, 36, 39, 61, 70, 72, 74, 79, 89]]
[98, 4.16139, [0, 1, 2, 4, 5, 7, 8, 9, 15, 16, 17, 19, 20, 26, 27, 28, 32, 33, 34, 36, 43, 59, 61, 70, 72, 73, 74]]
[98, 4.15156, [0, 1, 2, 4, 5, 7, 8, 9, 15, 16, 17, 19, 20, 26, 27, 28, 32, 33, 36, 42, 43, 59, 61, 63, 72, 74, 88]]
[98, 4.15235, [0, 1, 2, 4, 5, 7, 8, 9, 15, 16, 17, 20, 21, 26, 28, 29, 30, 33, 34, 36, 48, 59, 61, 63, 72, 73, 76]]
[98, 4.17359, [0, 1, 2, 4, 5, 7, 8, 9, 15, 17, 18, 20, 24, 26, 33, 34, 36, 38, 39, 44, 45, 47, 48, 55, 65, 78, 79, 90]]
[98, 4.158, [0, 1, 2, 4, 5, 7, 8, 9, 15, 17, 19, 20, 24, 26, 27, 28, 34, 38, 39, 40, 42, 43, 45, 47, 52, 55, 93]]
[98, 4.15583, [0, 1, 2, 4, 5, 7, 8, 9, 15, 17, 21, 23, 24, 26, 28, 29, 36, 38, 39, 40, 46, 47, 52, 74, 79, 80, 83, 86]]
[98, 4.15796, [0, 1, 2, 4, 5, 7, 8, 9, 15, 18, 19, 21, 23, 26, 29, 30, 33, 35, 38, 42, 48, 59, 65, 71, 74, 76, 81, 90]]
[98, 4.15532, [0, 1, 2, 4, 5, 7, 8, 9, 15, 19, 20, 21, 23, 24, 26, 28, 35, 36, 38, 39, 40, 43, 45, 46, 48, 65, 93]]
[98, 4.15244, [0, 1, 2, 4, 5, 7, 8, 9, 15, 19, 20, 21, 23, 24, 26, 30, 35, 36, 38, 46, 59, 60, 61, 63, 66, 74, 89, 93]]
[98, 4.15241, [0, 1, 2, 4, 5, 7, 8, 9, 16, 17, 18, 20, 21, 28, 29, 31, 32, 33, 36, 37, 39, 43, 55, 60, 61, 62, 76]]
[98, 4.19439, [0, 1, 2, 4, 5, 7, 8, 9, 17, 18, 19, 21, 22, 24, 31, 32, 34, 35, 36, 39, 41, 45, 55, 60, 62, 63, 64, 75]]
[98, 4.17515, [0, 1, 2, 4, 5, 7, 8, 9, 17, 18, 19, 22, 23, 24, 31, 32, 33, 36, 37, 40, 41, 42, 60, 63, 64, 75, 76, 77]]
[98, 4.17097, [0, 1, 2, 4, 5, 7, 8, 9, 17, 18, 19, 22, 23, 24, 32, 33, 34, 36, 37, 40, 41, 42, 60, 63, 64, 75, 76, 77]]
[98, 4.15468, [0, 1, 2, 4, 5, 7, 8, 9, 17, 18, 19, 22, 24, 28, 30, 31, 32, 39, 40, 42, 45, 55, 60, 61, 63, 64, 65, 87]]
[98, 4.15329, [0, 1, 2, 4, 5, 7, 8, 9, 17, 18, 19, 22, 24, 28, 30, 31, 33, 39, 40, 42, 45, 55, 60, 61, 63, 64, 65, 87]]
[98, 4.15166, [0, 1, 2, 4, 5, 7, 8, 9, 17, 18, 20, 21, 22, 26, 28, 29, 31, 32, 33, 37, 39, 43, 48, 55, 61, 62, 76]]
[98, 4.17522, [0, 1, 2, 4, 5, 7, 8, 9, 17, 18, 20, 21, 22, 26, 28, 31, 33, 37, 39, 40, 43, 48, 55, 61, 62, 65, 76, 85]]
[98, 4.17493, [0, 1, 2, 4, 5, 7, 8, 13, 14, 15, 17, 24, 25, 26, 29, 30, 31, 33, 36, 40, 44, 46, 58, 60, 61, 65, 70, 77]]
[98, 4.22059, [0, 1, 2, 4, 5, 7, 8, 13, 15, 17, 18, 20, 25, 26, 28, 29, 32, 33, 34, 36, 45, 58, 59, 60, 63, 70, 73, 89, 90]]
[98, 4.15831, [0, 1, 2, 4, 5, 7, 8, 13, 15, 17, 18, 20, 25, 26, 28, 29, 32, 33, 34, 36, 45, 58, 59, 60, 63, 70, 73, 90]]
[98, 4.15384, [0, 1, 2, 4, 5, 7, 8, 13, 15, 17, 18, 20, 25, 26, 28, 29, 32, 33, 34, 36, 45, 58, 59, 60, 63, 70, 89, 90]]
[98, 4.15281, [0, 1, 2, 4, 5, 7, 8, 13, 15, 17, 18, 20, 25, 26, 28, 29, 32, 33, 34, 36, 45, 58, 59, 60, 63, 73, 89, 90]]
[98, 4.21308, [0, 1, 2, 4, 5, 7, 8, 13, 15, 17, 18, 20, 25, 26, 28, 29, 32, 33, 34, 36, 45, 58, 60, 63, 70, 73, 79, 89, 90]]
[98, 4.15091, [0, 1, 2, 4, 5, 7, 8, 13, 15, 17, 18, 20, 25, 26, 28, 29, 32, 33, 34, 36, 45, 58, 60, 63, 70, 73, 79, 90]]
[98, 4.15111, [0, 1, 2, 4, 5, 7, 8, 13, 16, 17, 18, 20, 21, 27, 31, 33, 35, 36, 40, 42, 43, 47, 48, 55, 61, 64, 72, 87]]
[98, 4.15063, [0, 1, 2, 4, 5, 7, 8, 13, 16, 17, 20, 22, 23, 25, 28, 29, 30, 32, 33, 36, 45, 55, 58, 60, 70, 73, 76, 84]]
[98, 4.19162, [0, 1, 2, 4, 5, 7, 8, 13, 17, 18, 20, 22, 25, 26, 28, 29, 32, 33, 34, 36, 45, 58, 59, 60, 63, 70, 73, 89, 90]]
[98, 4.18411, [0, 1, 2, 4, 5, 7, 8, 13, 17, 18, 20, 22, 25, 26, 28, 29, 32, 33, 34, 36, 45, 58, 60, 63, 70, 73, 79, 89, 90]]
[98, 4.15041, [0, 1, 2, 4, 5, 7, 8, 14, 15, 17, 18, 19, 25, 26, 28, 29, 33, 34, 36, 39, 45, 52, 58, 59, 61, 70, 73, 95]]
[98, 4.15307, [0, 1, 2, 4, 5, 7, 11, 12, 13, 15, 16, 18, 20, 23, 26, 30, 32, 33, 35, 36, 40, 41, 42, 55, 63, 74, 76]]

Search completed in 1 hours, 50 minutes, and 54.248 seconds.  Enter a string to quit.


