Enter an integer k for which our Kempner sets are k-free: 4
Enter a positive integer modulus b: 37
Enter estimation parameters, or * for pre-computed parameters ([0.1182, 1.1275, 1.487]): *
Enter a threshold (e.g. 4.2) to determine printed output: 3.95
Enter a root for the search space (e.g. [0, 1, 2]) [or * for the root [0]]: *
Enter an upper bound for the size of allowable digit sets [or * to ignore]: *
Enter a maximal number of deviations from a greedy search [or * to ignore]: *
Searching for k-free sets mod b...

[37, 4.08144, [0, 1, 2, 4, 5, 7, 8, 9, 14, 15, 16, 18, 25]]
[37, 4.04595, [0, 1, 2, 4, 5, 7, 8, 9, 14, 15, 18, 24, 25]]
[37, 4.0326, [0, 1, 2, 4, 5, 7, 8, 9, 14, 15, 18, 25, 29]]
[37, 4.07853, [0, 1, 2, 4, 5, 7, 8, 9, 14, 16, 17, 18, 22]]
[37, 3.99047, [0, 1, 2, 4, 5, 7, 8, 9, 14, 18, 24, 25, 29]]
[37, 3.97134, [0, 1, 2, 4, 5, 7, 8, 9, 15, 20, 23, 27, 29]]
[37, 4.03087, [0, 1, 2, 4, 5, 7, 8, 9, 16, 17, 18, 20, 26]]
[37, 4.02297, [0, 1, 2, 4, 5, 7, 8, 9, 16, 17, 18, 22, 26]]
[37, 4.20499, [0, 1, 2, 4, 5, 7, 8, 9, 16, 17, 20, 22, 26, 28]]
[37, 4.00844, [0, 1, 2, 4, 5, 7, 8, 9, 16, 17, 20, 22, 28]]
[37, 3.99583, [0, 1, 2, 4, 5, 7, 8, 9, 16, 17, 20, 26, 28]]
[37, 3.98794, [0, 1, 2, 4, 5, 7, 8, 9, 16, 17, 22, 26, 28]]
[37, 3.97315, [0, 1, 2, 4, 5, 7, 8, 9, 16, 20, 22, 26, 28]]
[37, 4.00218, [0, 1, 2, 4, 5, 7, 8, 9, 17, 18, 20, 22, 26]]
[37, 3.96149, [0, 1, 2, 4, 5, 7, 8, 9, 17, 19, 23, 26, 31]]
[37, 3.96716, [0, 1, 2, 4, 5, 7, 8, 9, 17, 20, 22, 26, 28]]
[37, 4.13666, [0, 1, 2, 4, 5, 7, 8, 9, 18, 20, 24, 26, 29, 30]]
[37, 3.95046, [0, 1, 2, 4, 5, 7, 8, 9, 18, 20, 24, 26, 30]]
[37, 4.02809, [0, 1, 2, 4, 5, 7, 8, 13, 14, 15, 17, 18, 24]]
[37, 4.02815, [0, 1, 2, 4, 5, 7, 8, 13, 14, 16, 17, 18, 22]]
[37, 3.99272, [0, 1, 2, 4, 5, 7, 8, 13, 14, 17, 18, 22, 24]]
[37, 3.99309, [0, 1, 2, 4, 5, 7, 8, 13, 15, 17, 18, 20, 24]]
[37, 3.9669, [0, 1, 2, 4, 5, 7, 8, 14, 15, 17, 18, 24, 25]]
[37, 3.96524, [0, 1, 2, 4, 5, 7, 8, 14, 15, 17, 19, 23, 25]]
[37, 3.962, [0, 1, 2, 4, 5, 7, 8, 14, 15, 17, 19, 24, 25]]
[37, 4.00177, [0, 1, 2, 4, 5, 7, 9, 12, 14, 15, 16, 20, 29]]
[37, 3.96008, [0, 1, 2, 4, 5, 7, 9, 12, 14, 15, 20, 24, 32]]
[37, 3.95354, [0, 1, 2, 4, 5, 7, 9, 14, 15, 16, 18, 24, 25]]
[37, 4.01843, [0, 1, 2, 4, 5, 7, 11, 12, 13, 15, 16, 18, 20]]
[37, 3.98231, [0, 1, 2, 4, 5, 7, 11, 12, 13, 15, 16, 18, 33]]
[37, 3.99765, [0, 1, 2, 4, 5, 7, 11, 12, 13, 15, 16, 20, 23]]
[37, 3.9697, [0, 1, 2, 4, 5, 7, 11, 12, 13, 15, 16, 23, 29]]
[37, 3.96155, [0, 1, 2, 4, 5, 7, 11, 12, 13, 15, 16, 23, 33]]
[37, 3.98912, [0, 1, 2, 4, 5, 7, 11, 12, 14, 15, 16, 20, 23]]
[37, 3.96118, [0, 1, 2, 4, 5, 7, 11, 12, 14, 15, 16, 23, 29]]
[37, 4.15506, [0, 1, 2, 4, 5, 7, 11, 12, 14, 15, 18, 20, 24, 32]]
[37, 3.95489, [0, 1, 2, 4, 5, 7, 11, 12, 14, 15, 18, 20, 32]]
[37, 3.97955, [0, 1, 2, 4, 5, 7, 11, 13, 14, 16, 17, 18, 22]]
[37, 3.95135, [0, 1, 2, 4, 5, 7, 11, 13, 14, 16, 17, 18, 33]]
[37, 4.00348, [0, 1, 2, 4, 5, 10, 11, 12, 16, 17, 24, 26, 28, 34]]
[37, 3.95052, [0, 1, 2, 4, 8, 10, 11, 13, 14, 19, 21, 22, 23, 27]]
[37, 3.99205, [0, 1, 2, 5, 6, 8, 12, 13, 14, 17, 19, 21, 24, 27]]
[37, 3.97022, [0, 1, 3, 4, 5, 9, 11, 12, 15, 16, 17, 19, 22, 24]]

Search completed in 0 hours, 0 minutes, and 0.676 seconds.  Enter a string to quit.