Enter an integer k for which our Kempner sets are k-free: 4
Enter a positive integer modulus b: 27
Enter estimation parameters, or * for pre-computed parameters ([0.1361, 1.1465, 1.5337]): *
Enter a threshold (e.g. 4.2) to determine printed output: 3.8
Enter a root for the search space (e.g. [0, 1, 2]) [or * for the root [0]]: *
Enter an upper bound for the size of allowable digit sets [or * to ignore]: *
Enter a maximal number of deviations from a greedy search [or * to ignore]: *
Searching for k-free sets mod b...

[27, 3.94238, [0, 1, 2, 4, 5, 7, 8, 9, 14, 16]]
[27, 3.91058, [0, 1, 2, 4, 5, 7, 8, 9, 14, 22]]
[27, 4.2038, [0, 1, 2, 4, 5, 7, 8, 9, 15, 17, 19]]
[27, 3.91614, [0, 1, 2, 4, 5, 7, 8, 9, 15, 19]]
[27, 3.92022, [0, 1, 2, 4, 5, 7, 8, 9, 16, 17]]
[27, 3.90383, [0, 1, 2, 4, 5, 7, 8, 9, 16, 20]]
[27, 4.16668, [0, 1, 2, 4, 5, 7, 8, 9, 17, 19, 21]]
[27, 3.89266, [0, 1, 2, 4, 5, 7, 8, 9, 17, 21]]
[27, 3.88583, [0, 1, 2, 4, 5, 7, 8, 9, 19, 20]]
[27, 3.88125, [0, 1, 2, 4, 5, 7, 8, 9, 19, 21]]
[27, 3.87206, [0, 1, 2, 4, 5, 7, 8, 9, 20, 22]]
[27, 3.87331, [0, 1, 2, 4, 5, 7, 8, 13, 15, 17]]
[27, 3.85074, [0, 1, 2, 4, 5, 7, 8, 14, 16, 18]]
[27, 3.81903, [0, 1, 2, 4, 5, 7, 8, 14, 18, 22]]
[27, 3.83053, [0, 1, 2, 4, 5, 7, 8, 15, 17, 19]]
[27, 3.81961, [0, 1, 2, 4, 5, 7, 8, 15, 18, 20]]
[27, 3.80329, [0, 1, 2, 4, 5, 7, 8, 15, 18, 24]]
[27, 3.81419, [0, 1, 2, 4, 5, 7, 8, 15, 19, 20]]
[27, 3.81229, [0, 1, 2, 4, 5, 7, 8, 16, 18, 20]]
[27, 3.87803, [0, 1, 2, 4, 5, 7, 9, 12, 14, 16]]
[27, 3.80989, [0, 1, 2, 4, 5, 7, 9, 15, 17, 19]]
[27, 3.86326, [0, 1, 2, 4, 5, 7, 11, 12, 13, 15]]
[27, 3.83412, [0, 1, 2, 4, 5, 7, 11, 12, 14, 18]]
[27, 3.8287, [0, 1, 2, 4, 5, 7, 11, 12, 14, 19]]
[27, 3.82592, [0, 1, 2, 4, 5, 7, 11, 12, 15, 18]]
[27, 3.9393, [0, 1, 2, 4, 5, 7, 15, 18, 20, 21, 22]]
[27, 3.87889, [0, 1, 2, 4, 5, 8, 9, 10, 14, 16]]
[27, 3.85677, [0, 1, 2, 4, 5, 8, 9, 10, 16, 17]]
[27, 3.84043, [0, 1, 2, 4, 5, 8, 9, 10, 16, 20]]
[27, 3.82929, [0, 1, 2, 4, 5, 8, 9, 10, 17, 21]]
[27, 3.81296, [0, 1, 2, 4, 5, 8, 9, 10, 20, 21]]
[27, 3.90957, [0, 1, 2, 4, 5, 10, 12, 16, 18, 23, 24]]
[27, 3.81869, [0, 1, 2, 5, 6, 7, 9, 10, 12, 16]]
[27, 3.88438, [0, 1, 2, 5, 6, 7, 9, 19, 21, 22, 23]]
[27, 3.99649, [0, 1, 2, 5, 6, 7, 11, 12, 13, 15, 25]]
[27, 3.98491, [0, 1, 2, 5, 6, 8, 9, 12, 14, 16, 25]]
[27, 3.96392, [0, 1, 2, 5, 6, 8, 10, 13, 16, 17, 18]]
[27, 3.84629, [0, 1, 2, 5, 7, 8, 12, 15, 18, 19, 20]]
[27, 3.83361, [0, 1, 2, 5, 8, 10, 12, 13, 16, 17, 18]]
[27, 3.88761, [0, 1, 2, 6, 7, 8, 11, 12, 13, 15, 25]]
[27, 3.87483, [0, 1, 3, 4, 5, 8, 9, 14, 16, 20, 22]]
[27, 3.8448, [0, 1, 3, 4, 5, 10, 11, 12, 14, 17, 25]]
[27, 3.82582, [0, 1, 3, 5, 6, 8, 10, 11, 13, 17, 21]]

Search completed in 0 hours, 0 minutes, and 0.043 seconds.  Enter a string to quit.