Enter an integer k for which our Kempner sets are k-free: 4
Enter a positive integer modulus b: 28
Enter estimation parameters, or * for pre-computed parameters ([0.1336, 1.1443, 1.5264]): *
Enter a threshold (e.g. 4.2) to determine printed output: 3.5
Enter a root for the search space (e.g. [0, 1, 2]) [or * for the root [0]]: *
Enter an upper bound for the size of allowable digit sets [or * to ignore]: *
Enter a maximal number of deviations from a greedy search [or * to ignore]: *
Searching for k-free sets mod b...

[28, 3.8329, [0, 1, 2, 4, 5, 7, 8, 9, 17, 20]]
[28, 3.59135, [0, 1, 2, 4, 5, 7, 8, 9, 20]]
[28, 3.54157, [0, 1, 2, 4, 5, 7, 8, 13, 20]]
[28, 3.52347, [0, 1, 2, 4, 5, 7, 8, 13, 25]]
[28, 3.51277, [0, 1, 2, 4, 5, 7, 8, 17, 20]]
[28, 3.51734, [0, 1, 2, 4, 5, 7, 9, 12, 24]]
[28, 3.54735, [0, 1, 2, 4, 5, 7, 11, 12, 13]]
[28, 3.69601, [0, 1, 2, 4, 5, 7, 11, 12, 23, 24]]
[28, 3.57197, [0, 1, 2, 4, 5, 7, 17, 22, 24, 25]]
[28, 3.54812, [0, 1, 2, 4, 5, 8, 9, 10, 17]]
[28, 3.52893, [0, 1, 2, 4, 5, 8, 9, 10, 21]]
[28, 3.5894, [0, 1, 2, 4, 5, 8, 13, 20, 23, 25]]
[28, 3.55911, [0, 1, 2, 4, 5, 8, 17, 20, 23, 25]]
[28, 3.50036, [0, 1, 2, 4, 5, 9, 10, 11, 17]]
[28, 3.6791, [0, 1, 2, 4, 5, 9, 11, 12, 17, 24]]
[28, 3.59863, [0, 1, 2, 4, 5, 11, 12, 13, 23, 24]]
[28, 3.51167, [0, 1, 2, 4, 5, 12, 13, 23, 24, 25]]
[28, 3.6605, [0, 1, 2, 4, 7, 8, 9, 13, 17, 20]]
[28, 3.56431, [0, 1, 2, 4, 8, 10, 11, 13, 17, 21]]
[28, 3.50743, [0, 1, 2, 4, 9, 11, 12, 13, 17, 24]]
[28, 3.51313, [0, 1, 2, 5, 6, 7, 9, 10, 12]]
[28, 3.70339, [0, 1, 2, 5, 6, 7, 9, 10, 17, 18]]
[28, 3.68493, [0, 1, 2, 5, 6, 7, 9, 10, 17, 22]]
[28, 3.59943, [0, 1, 2, 5, 6, 7, 9, 17, 18, 26]]
[28, 3.70331, [0, 1, 2, 5, 6, 7, 10, 11, 13, 18]]
[28, 3.61624, [0, 1, 2, 5, 6, 7, 10, 13, 18, 25]]
[28, 3.59784, [0, 1, 2, 5, 6, 7, 10, 13, 22, 25]]
[28, 3.586, [0, 1, 2, 5, 6, 7, 10, 17, 18, 25]]
[28, 3.56761, [0, 1, 2, 5, 6, 7, 10, 17, 22, 25]]
[28, 3.51259, [0, 1, 2, 5, 6, 7, 13, 18, 25, 26]]
[28, 3.60791, [0, 1, 2, 5, 6, 9, 10, 11, 18, 21]]
[28, 3.5043, [0, 1, 2, 5, 6, 9, 11, 18, 21, 26]]
[28, 3.53906, [0, 1, 2, 5, 7, 8, 9, 17, 20, 24]]
[28, 3.5277, [0, 1, 2, 5, 7, 8, 10, 13, 25, 26]]
[28, 3.53149, [0, 1, 2, 6, 7, 9, 10, 13, 17, 18]]
[28, 3.51319, [0, 1, 2, 6, 7, 9, 10, 13, 17, 22]]
[28, 3.61515, [0, 1, 3, 4, 5, 8, 9, 10, 16, 21]]
[28, 3.59332, [0, 1, 3, 4, 5, 8, 9, 10, 20, 21]]
[28, 3.58404, [0, 1, 3, 4, 5, 8, 9, 11, 16, 26]]
[28, 3.63484, [0, 1, 3, 4, 5, 8, 10, 11, 13, 16]]
[28, 3.54874, [0, 1, 3, 4, 5, 8, 10, 13, 16, 25]]
[28, 3.52696, [0, 1, 3, 4, 5, 8, 10, 13, 20, 25]]

Search completed in 0 hours, 0 minutes, and 0.031 seconds.  Enter a string to quit.