Enter an integer k for which our Kempner sets are k-free: 10
Enter a positive integer modulus b: 30
Enter estimation parameters, or * for pre-computed parameters ([0.1297, 1.1382, 1.518]): *
Enter a threshold (e.g. 4.2) to determine printed output: 5.5
Enter a root for the search space (e.g. [0, 1, 2]) [or * for the root [0]]: *
Enter an upper bound for the size of allowable digit sets [or * to ignore]: *
Enter a maximal number of deviations from a greedy search [or * to ignore]: *
Searching for k-free sets mod b...

[30, 5.68459, [0, 1, 2, 3, 4, 5, 6, 7, 8, 10, 11, 12, 13, 14]]
[30, 5.6194, [0, 1, 2, 3, 4, 5, 6, 7, 8, 10, 11, 12, 13, 24]]
[30, 5.59361, [0, 1, 2, 3, 4, 5, 6, 7, 8, 10, 11, 12, 14, 28]]
[30, 5.52854, [0, 1, 2, 3, 4, 5, 6, 7, 8, 10, 11, 12, 24, 28]]
[30, 5.58436, [0, 1, 2, 3, 4, 5, 6, 7, 8, 10, 11, 13, 14, 27]]
[30, 5.51931, [0, 1, 2, 3, 4, 5, 6, 7, 8, 10, 11, 13, 24, 27]]
[30, 5.57336, [0, 1, 2, 3, 4, 5, 6, 7, 8, 10, 12, 13, 14, 26]]
[30, 5.50832, [0, 1, 2, 3, 4, 5, 6, 7, 8, 10, 12, 13, 24, 26]]
[30, 5.56009, [0, 1, 2, 3, 4, 5, 6, 7, 8, 11, 12, 13, 14, 25]]
[30, 5.65984, [0, 1, 2, 3, 4, 5, 6, 7, 9, 10, 11, 12, 13, 14]]
[30, 5.96627, [0, 1, 2, 3, 4, 5, 6, 7, 9, 10, 11, 12, 14, 23, 28]]
[30, 5.56892, [0, 1, 2, 3, 4, 5, 6, 7, 9, 10, 11, 12, 14, 28]]
[30, 5.50822, [0, 1, 2, 3, 4, 5, 6, 7, 9, 10, 11, 12, 23, 28]]
[30, 5.55968, [0, 1, 2, 3, 4, 5, 6, 7, 9, 10, 11, 13, 14, 27]]
[30, 5.85955, [0, 1, 2, 3, 4, 5, 6, 7, 9, 10, 11, 14, 23, 27, 28]]
[30, 5.54868, [0, 1, 2, 3, 4, 5, 6, 7, 9, 10, 12, 13, 14, 26]]
[30, 5.84781, [0, 1, 2, 3, 4, 5, 6, 7, 9, 10, 12, 14, 23, 26, 28]]
[30, 5.74135, [0, 1, 2, 3, 4, 5, 6, 7, 9, 10, 14, 23, 26, 27, 28]]
[30, 5.53541, [0, 1, 2, 3, 4, 5, 6, 7, 9, 11, 12, 13, 14, 25]]
[30, 5.83364, [0, 1, 2, 3, 4, 5, 6, 7, 9, 11, 12, 14, 23, 25, 28]]
[30, 5.72721, [0, 1, 2, 3, 4, 5, 6, 7, 9, 11, 14, 23, 25, 27, 28]]
[30, 5.71549, [0, 1, 2, 3, 4, 5, 6, 7, 9, 12, 14, 23, 25, 26, 28]]
[30, 5.60931, [0, 1, 2, 3, 4, 5, 6, 7, 9, 14, 23, 25, 26, 27, 28]]
[30, 5.62903, [0, 1, 2, 3, 4, 5, 6, 8, 9, 10, 11, 12, 13, 14]]
[30, 5.5382, [0, 1, 2, 3, 4, 5, 6, 8, 9, 10, 11, 12, 14, 28]]
[30, 5.92847, [0, 1, 2, 3, 4, 5, 6, 8, 9, 10, 11, 13, 14, 22, 27]]
[30, 5.52895, [0, 1, 2, 3, 4, 5, 6, 8, 9, 10, 11, 13, 14, 27]]
[30, 5.83172, [0, 1, 2, 3, 4, 5, 6, 8, 9, 10, 11, 14, 22, 27, 28]]
[30, 5.51796, [0, 1, 2, 3, 4, 5, 6, 8, 9, 10, 12, 13, 14, 26]]
[30, 5.81011, [0, 1, 2, 3, 4, 5, 6, 8, 9, 10, 13, 14, 22, 26, 27]]
[30, 5.7136, [0, 1, 2, 3, 4, 5, 6, 8, 9, 10, 14, 22, 26, 27, 28]]
[30, 5.50469, [0, 1, 2, 3, 4, 5, 6, 8, 9, 11, 12, 13, 14, 25]]
[30, 5.79594, [0, 1, 2, 3, 4, 5, 6, 8, 9, 11, 13, 14, 22, 25, 27]]
[30, 5.69946, [0, 1, 2, 3, 4, 5, 6, 8, 9, 11, 14, 22, 25, 27, 28]]
[30, 5.6779, [0, 1, 2, 3, 4, 5, 6, 8, 9, 13, 14, 22, 25, 26, 27]]
[30, 5.58165, [0, 1, 2, 3, 4, 5, 6, 8, 9, 14, 22, 25, 26, 27, 28]]
[30, 5.66046, [0, 1, 2, 3, 4, 5, 6, 9, 10, 11, 14, 22, 23, 27, 28]]
[30, 5.54276, [0, 1, 2, 3, 4, 5, 6, 9, 10, 14, 22, 23, 26, 27, 28]]
[30, 5.52866, [0, 1, 2, 3, 4, 5, 6, 9, 11, 14, 22, 23, 25, 27, 28]]
[30, 5.58947, [0, 1, 2, 3, 4, 5, 7, 8, 9, 10, 11, 12, 13, 14]]
[30, 5.87984, [0, 1, 2, 3, 4, 5, 7, 8, 9, 10, 12, 13, 14, 21, 26]]
[30, 5.78323, [0, 1, 2, 3, 4, 5, 7, 8, 9, 10, 12, 14, 21, 26, 28]]
[30, 5.77337, [0, 1, 2, 3, 4, 5, 7, 8, 9, 10, 13, 14, 21, 26, 27]]
[30, 5.67698, [0, 1, 2, 3, 4, 5, 7, 8, 9, 10, 14, 21, 26, 27, 28]]
[30, 5.74746, [0, 1, 2, 3, 4, 5, 7, 8, 9, 12, 13, 14, 21, 25, 26]]
[30, 5.65113, [0, 1, 2, 3, 4, 5, 7, 8, 9, 12, 14, 21, 25, 26, 28]]
[30, 5.64128, [0, 1, 2, 3, 4, 5, 7, 8, 9, 13, 14, 21, 25, 26, 27]]
[30, 5.54516, [0, 1, 2, 3, 4, 5, 7, 8, 9, 14, 21, 25, 26, 27, 28]]
[30, 5.61214, [0, 1, 2, 3, 4, 5, 7, 9, 10, 12, 14, 21, 23, 26, 28]]
[30, 5.50627, [0, 1, 2, 3, 4, 5, 7, 9, 10, 14, 21, 23, 26, 27, 28]]
[30, 5.57456, [0, 1, 2, 3, 4, 5, 8, 9, 10, 13, 14, 21, 22, 26, 27]]
[30, 5.53658, [0, 1, 2, 3, 4, 6, 7, 8, 9, 10, 11, 12, 13, 14]]
[30, 5.815, [0, 1, 2, 3, 4, 6, 7, 8, 9, 11, 12, 13, 14, 20, 25]]
[30, 5.71863, [0, 1, 2, 3, 4, 6, 7, 8, 9, 11, 12, 14, 20, 25, 28]]
[30, 5.70876, [0, 1, 2, 3, 4, 6, 7, 8, 9, 11, 13, 14, 20, 25, 27]]
[30, 5.6126, [0, 1, 2, 3, 4, 6, 7, 8, 9, 11, 14, 20, 25, 27, 28]]
[30, 5.54778, [0, 1, 2, 3, 4, 6, 7, 9, 11, 12, 14, 20, 23, 25, 28]]
[30, 5.51021, [0, 1, 2, 3, 4, 6, 8, 9, 11, 13, 14, 20, 22, 25, 27]]
[30, 5.77742, [0, 1, 2, 3, 5, 6, 7, 8, 9, 10, 11, 12, 14, 19, 28]]
[30, 5.76755, [0, 1, 2, 3, 5, 6, 7, 8, 9, 10, 11, 13, 14, 19, 27]]
[30, 5.67145, [0, 1, 2, 3, 5, 6, 7, 8, 9, 10, 11, 14, 19, 27, 28]]
[30, 5.75579, [0, 1, 2, 3, 5, 6, 7, 8, 9, 10, 12, 13, 14, 19, 26]]
[30, 5.65972, [0, 1, 2, 3, 5, 6, 7, 8, 9, 10, 12, 14, 19, 26, 28]]
[30, 5.64986, [0, 1, 2, 3, 5, 6, 7, 8, 9, 10, 13, 14, 19, 26, 27]]
[30, 5.554, [0, 1, 2, 3, 5, 6, 7, 8, 9, 10, 14, 19, 26, 27, 28]]
[30, 5.64556, [0, 1, 2, 3, 5, 6, 7, 8, 9, 11, 12, 14, 19, 25, 28]]
[30, 5.53988, [0, 1, 2, 3, 5, 6, 7, 8, 9, 11, 14, 19, 25, 27, 28]]
[30, 5.52818, [0, 1, 2, 3, 5, 6, 7, 8, 9, 12, 14, 19, 25, 26, 28]]
[30, 5.72421, [0, 1, 2, 3, 5, 6, 7, 8, 10, 11, 12, 13, 14, 19, 24]]
[30, 5.62821, [0, 1, 2, 3, 5, 6, 7, 8, 10, 11, 12, 14, 19, 24, 28]]
[30, 5.61835, [0, 1, 2, 3, 5, 6, 7, 8, 10, 11, 13, 14, 19, 24, 27]]
[30, 5.52256, [0, 1, 2, 3, 5, 6, 7, 8, 10, 11, 14, 19, 24, 27, 28]]
[30, 5.60662, [0, 1, 2, 3, 5, 6, 7, 8, 10, 12, 13, 14, 19, 24, 26]]
[30, 5.51086, [0, 1, 2, 3, 5, 6, 7, 8, 10, 12, 14, 19, 24, 26, 28]]
[30, 5.6065, [0, 1, 2, 3, 5, 6, 7, 9, 10, 11, 12, 14, 19, 23, 28]]
[30, 5.56883, [0, 1, 2, 3, 5, 6, 8, 9, 10, 11, 13, 14, 19, 22, 27]]
[30, 5.5204, [0, 1, 2, 3, 5, 7, 8, 9, 10, 12, 13, 14, 19, 21, 26]]
[30, 5.65249, [0, 1, 2, 4, 5, 6, 7, 8, 9, 10, 11, 13, 14, 18, 27]]
[30, 5.64075, [0, 1, 2, 4, 5, 6, 7, 8, 9, 10, 12, 13, 14, 18, 26]]
[30, 5.53548, [0, 1, 2, 4, 5, 6, 7, 8, 9, 10, 13, 14, 18, 26, 27]]
[30, 5.62658, [0, 1, 2, 4, 5, 6, 7, 8, 9, 11, 12, 13, 14, 18, 25]]
[30, 5.52134, [0, 1, 2, 4, 5, 6, 7, 8, 9, 11, 13, 14, 18, 25, 27]]
[30, 5.50963, [0, 1, 2, 4, 5, 6, 7, 8, 9, 12, 13, 14, 18, 25, 26]]
[30, 5.58745, [0, 1, 2, 4, 5, 6, 7, 9, 10, 11, 12, 13, 14, 18, 23]]

Search completed in 0 hours, 0 minutes, and 0.083 seconds.  Enter a string to quit.