Enter an integer k for which our Kempner sets are k-free: 10
Enter a positive integer modulus b: 43
Enter estimation parameters, or * for pre-computed parameters ([0.111, 1.1195, 1.466]): *
Enter a threshold (e.g. 4.2) to determine printed output: 12.45
Enter a root for the search space (e.g. [0, 1, 2]) [or * for the root [0]]: *
Enter an upper bound for the size of allowable digit sets [or * to ignore]: *
Enter a maximal number of deviations from a greedy search [or * to ignore]: *
Searching for k-free sets mod b...

[43, 12.6185, [0, 1, 2, 3, 4, 5, 6, 7, 8, 10, 11, 12, 13, 14, 15, 16, 17, 19, 20, 21, 22, 23, 24, 26, 27, 28, 30, 36, 38, 39, 40]]
[43, 12.6256, [0, 1, 2, 3, 4, 5, 6, 7, 8, 10, 11, 12, 13, 14, 15, 16, 17, 19, 20, 21, 22, 23, 24, 27, 28, 29, 31, 33, 35, 37, 40]]
[43, 12.5023, [0, 1, 2, 3, 4, 5, 6, 7, 8, 10, 11, 12, 13, 14, 15, 16, 17, 19, 20, 21, 22, 24, 25, 30, 32, 33, 36, 37, 38, 39, 40]]
[43, 12.4847, [0, 1, 2, 3, 4, 5, 6, 7, 8, 10, 11, 12, 13, 14, 15, 16, 17, 19, 20, 21, 25, 27, 28, 29, 31, 32, 33, 35, 36, 38, 40]]
[43, 12.4942, [0, 1, 2, 3, 4, 5, 6, 7, 8, 10, 11, 12, 13, 14, 15, 16, 17, 19, 20, 22, 23, 24, 25, 29, 32, 33, 35, 37, 38, 39, 40]]
[43, 12.54, [0, 1, 2, 3, 4, 5, 6, 7, 8, 10, 11, 12, 13, 14, 15, 16, 17, 19, 20, 22, 23, 24, 26, 27, 28, 30, 34, 36, 38, 39, 40]]
[43, 12.4668, [0, 1, 2, 3, 4, 5, 6, 7, 8, 10, 11, 12, 13, 14, 15, 16, 17, 19, 21, 22, 23, 25, 26, 29, 32, 34, 35, 37, 38, 39, 40]]
[43, 12.5528, [0, 1, 2, 3, 4, 5, 6, 7, 8, 10, 11, 12, 13, 14, 15, 16, 17, 20, 21, 22, 24, 25, 26, 28, 29, 30, 32, 33, 34, 35, 37]]
[43, 12.5916, [0, 1, 2, 3, 4, 5, 6, 7, 8, 10, 11, 12, 13, 14, 15, 17, 18, 19, 20, 21, 22, 23, 24, 26, 27, 28, 30, 36, 38, 39, 40]]
[43, 12.5535, [0, 1, 2, 3, 4, 5, 6, 7, 8, 10, 11, 12, 13, 14, 15, 17, 18, 19, 20, 21, 22, 23, 24, 26, 28, 30, 35, 36, 38, 39, 40]]
[43, 12.6225, [0, 1, 2, 3, 4, 5, 6, 7, 8, 10, 11, 12, 13, 14, 15, 17, 18, 19, 20, 21, 22, 24, 25, 26, 28, 29, 30, 31, 33, 35, 39]]
[43, 12.5137, [0, 1, 2, 3, 4, 5, 6, 7, 8, 10, 11, 12, 13, 14, 15, 17, 18, 19, 20, 21, 22, 24, 25, 26, 28, 34, 36, 37, 38, 39, 40]]
[43, 12.5075, [0, 1, 2, 3, 4, 5, 6, 7, 8, 10, 11, 12, 13, 14, 15, 17, 18, 19, 20, 21, 22, 24, 25, 26, 28, 34, 36, 37, 38, 40, 41]]
[43, 12.5744, [0, 1, 2, 3, 4, 5, 6, 7, 8, 10, 11, 12, 13, 14, 15, 17, 18, 19, 20, 21, 22, 24, 26, 27, 29, 30, 31, 32, 35, 37, 39]]
[43, 12.5437, [0, 1, 2, 3, 4, 5, 6, 7, 8, 10, 11, 12, 13, 14, 15, 17, 18, 19, 20, 21, 22, 24, 26, 27, 30, 31, 32, 35, 36, 37, 39]]
[43, 12.4617, [0, 1, 2, 3, 4, 5, 6, 7, 8, 10, 11, 12, 13, 14, 15, 17, 18, 19, 20, 21, 25, 27, 28, 29, 30, 31, 33, 34, 36, 40, 41]]
[43, 12.5931, [0, 1, 2, 3, 4, 5, 6, 7, 8, 10, 11, 12, 13, 14, 15, 17, 18, 19, 20, 22, 23, 24, 25, 27, 28, 29, 30, 31, 33, 35, 41]]
[43, 12.489, [0, 1, 2, 3, 4, 5, 6, 7, 8, 10, 11, 12, 13, 14, 15, 17, 18, 20, 21, 22, 23, 24, 26, 27, 28, 30, 35, 36, 38, 39, 40]]
[43, 12.4695, [0, 1, 2, 3, 4, 5, 6, 7, 8, 10, 11, 12, 13, 14, 15, 17, 19, 20, 21, 22, 24, 25, 27, 28, 29, 31, 32, 33, 35, 40, 41]]
[43, 12.5018, [0, 1, 2, 3, 4, 5, 6, 7, 8, 10, 11, 12, 13, 14, 15, 18, 19, 20, 21, 22, 24, 25, 26, 28, 29, 30, 31, 32, 33, 35, 41]]
[43, 12.4936, [0, 1, 2, 3, 4, 5, 6, 7, 8, 10, 11, 12, 13, 14, 15, 18, 19, 20, 21, 23, 24, 25, 26, 28, 29, 30, 31, 32, 33, 35, 41]]
[43, 12.4786, [0, 1, 2, 3, 4, 5, 6, 7, 8, 10, 11, 12, 13, 14, 15, 18, 19, 20, 22, 23, 24, 25, 27, 28, 29, 30, 31, 32, 33, 35, 41]]
[43, 12.5447, [0, 1, 2, 3, 4, 5, 6, 7, 8, 10, 11, 12, 13, 15, 16, 17, 18, 19, 20, 21, 22, 24, 25, 26, 27, 29, 33, 35, 36, 37, 39]]
[43, 12.4959, [0, 1, 2, 3, 4, 5, 6, 7, 8, 10, 11, 12, 13, 15, 16, 17, 18, 19, 20, 21, 22, 24, 25, 26, 29, 33, 35, 36, 37, 38, 39]]
[43, 12.4575, [0, 1, 2, 3, 4, 5, 6, 7, 8, 10, 11, 12, 13, 15, 16, 17, 18, 19, 20, 21, 22, 24, 26, 29, 32, 33, 35, 36, 37, 38, 39]]
[43, 12.4563, [0, 1, 2, 3, 4, 5, 6, 7, 8, 10, 11, 12, 13, 15, 16, 17, 18, 19, 20, 21, 23, 24, 25, 27, 31, 33, 34, 36, 39, 40, 41]]
[43, 12.4624, [0, 1, 2, 3, 4, 5, 6, 7, 8, 10, 11, 12, 13, 15, 16, 18, 19, 20, 21, 22, 23, 24, 26, 27, 28, 30, 31, 34, 37, 38, 40]]
[43, 12.4902, [0, 1, 2, 3, 4, 5, 6, 7, 8, 10, 11, 12, 13, 15, 17, 18, 19, 20, 21, 22, 23, 24, 26, 27, 28, 29, 31, 32, 34, 35, 38]]
[43, 12.4704, [0, 1, 2, 3, 4, 5, 6, 7, 8, 10, 11, 13, 14, 15, 16, 17, 18, 19, 20, 21, 23, 24, 25, 26, 28, 30, 31, 36, 38, 39, 40]]
[43, 12.4563, [0, 1, 2, 3, 4, 5, 6, 7, 8, 10, 11, 13, 14, 15, 16, 17, 18, 19, 20, 21, 23, 24, 25, 26, 28, 31, 34, 35, 38, 39, 40]]
[43, 12.4578, [0, 1, 2, 3, 4, 5, 6, 7, 8, 10, 12, 13, 14, 15, 16, 17, 19, 20, 21, 22, 23, 24, 26, 27, 28, 29, 31, 32, 33, 34, 37]]
[43, 12.5373, [0, 1, 2, 3, 4, 5, 6, 7, 9, 10, 11, 12, 13, 14, 15, 16, 17, 20, 21, 22, 23, 25, 26, 27, 28, 30, 31, 32, 34, 35, 36]]
[43, 12.4654, [0, 1, 2, 3, 4, 5, 6, 7, 9, 10, 11, 12, 13, 14, 15, 16, 17, 20, 21, 22, 23, 25, 26, 27, 28, 31, 34, 35, 37, 39, 41]]
[43, 12.4857, [0, 1, 2, 3, 4, 5, 6, 7, 9, 10, 11, 12, 13, 14, 15, 16, 17, 20, 21, 22, 23, 25, 27, 28, 30, 31, 32, 34, 35, 36, 37]]
[43, 12.4762, [0, 1, 2, 3, 4, 5, 6, 7, 9, 10, 11, 12, 13, 14, 15, 16, 17, 20, 21, 22, 24, 25, 26, 27, 29, 31, 32, 33, 35, 39, 41]]
[43, 12.4777, [0, 1, 2, 3, 4, 5, 6, 7, 9, 10, 11, 12, 13, 14, 15, 16, 17, 20, 21, 22, 24, 25, 26, 28, 29, 31, 32, 33, 34, 38, 41]]
[43, 12.4653, [0, 1, 2, 3, 4, 5, 6, 7, 9, 10, 11, 12, 13, 14, 15, 16, 17, 20, 21, 22, 24, 25, 26, 28, 29, 31, 33, 34, 35, 38, 41]]
[43, 12.515, [0, 1, 2, 3, 4, 5, 6, 7, 9, 10, 11, 12, 13, 14, 15, 16, 18, 19, 20, 21, 22, 23, 24, 29, 30, 31, 32, 35, 36, 37, 41]]
[43, 12.4953, [0, 1, 2, 3, 4, 5, 6, 7, 9, 10, 11, 12, 13, 14, 15, 16, 18, 19, 20, 21, 22, 23, 27, 29, 30, 31, 32, 35, 36, 37, 41]]
[43, 12.4981, [0, 1, 2, 3, 4, 5, 6, 7, 9, 10, 11, 12, 13, 14, 15, 16, 18, 19, 20, 22, 23, 24, 26, 27, 30, 31, 32, 34, 36, 37, 39]]
[43, 12.4911, [0, 1, 2, 3, 4, 5, 6, 7, 9, 10, 11, 12, 13, 14, 15, 16, 18, 19, 20, 22, 23, 24, 27, 28, 29, 30, 32, 33, 35, 39, 41]]
[43, 12.466, [0, 1, 2, 3, 4, 5, 6, 7, 9, 10, 11, 12, 13, 14, 15, 16, 18, 19, 20, 22, 23, 24, 27, 28, 29, 30, 32, 35, 39, 40, 41]]
[43, 12.4707, [0, 1, 2, 3, 4, 5, 6, 7, 9, 10, 11, 12, 13, 14, 15, 16, 18, 19, 20, 22, 23, 24, 27, 29, 30, 31, 32, 35, 36, 37, 41]]
[43, 12.4567, [0, 1, 2, 3, 4, 5, 6, 7, 9, 10, 11, 12, 13, 14, 15, 16, 18, 19, 20, 22, 23, 24, 27, 29, 30, 31, 32, 36, 37, 39, 41]]
[43, 12.4829, [0, 1, 2, 3, 4, 5, 6, 7, 9, 10, 11, 12, 13, 14, 15, 16, 19, 20, 21, 22, 24, 25, 26, 27, 29, 30, 31, 32, 34, 36, 40]]
[43, 12.4691, [0, 1, 2, 3, 4, 5, 6, 7, 9, 10, 11, 12, 13, 14, 15, 16, 19, 20, 21, 22, 24, 25, 26, 27, 29, 31, 32, 33, 34, 36, 40]]
[43, 12.4574, [0, 1, 2, 3, 4, 5, 6, 7, 9, 10, 11, 12, 13, 14, 15, 17, 18, 20, 21, 22, 23, 24, 26, 28, 30, 31, 32, 35, 36, 37, 38]]
[43, 12.4884, [0, 1, 2, 3, 4, 5, 6, 7, 9, 10, 11, 12, 13, 14, 15, 17, 18, 20, 21, 22, 23, 25, 26, 27, 28, 30, 31, 32, 36, 37, 38]]
[43, 12.4542, [0, 1, 2, 3, 4, 5, 6, 7, 9, 10, 11, 12, 13, 14, 15, 17, 18, 20, 21, 22, 23, 25, 26, 27, 28, 31, 32, 34, 37, 38, 41]]
[43, 12.4895, [0, 1, 2, 3, 4, 5, 6, 7, 9, 10, 11, 12, 13, 14, 15, 17, 18, 20, 21, 22, 23, 25, 27, 28, 29, 30, 31, 32, 34, 35, 37]]
[43, 12.4551, [0, 1, 2, 3, 4, 5, 6, 7, 9, 10, 11, 12, 13, 14, 15, 18, 19, 20, 21, 22, 24, 25, 26, 28, 29, 30, 31, 32, 33, 35, 41]]
[43, 12.5234, [0, 1, 2, 3, 4, 5, 6, 7, 9, 10, 11, 12, 13, 14, 16, 17, 18, 19, 20, 21, 22, 23, 24, 27, 28, 29, 31, 32, 37, 39, 41]]
[43, 12.4939, [0, 1, 2, 3, 4, 5, 6, 7, 9, 10, 11, 12, 13, 14, 16, 17, 18, 19, 20, 21, 22, 23, 24, 27, 28, 29, 31, 37, 39, 40, 41]]
[43, 12.523, [0, 1, 2, 3, 4, 5, 6, 7, 9, 10, 11, 12, 13, 14, 16, 17, 18, 19, 20, 21, 23, 24, 25, 27, 28, 29, 30, 32, 34, 38, 40]]
[43, 12.4892, [0, 1, 2, 3, 4, 5, 6, 7, 9, 10, 11, 12, 13, 14, 16, 17, 18, 19, 20, 21, 23, 25, 26, 28, 29, 30, 31, 34, 35, 36, 38]]
[43, 12.4691, [0, 1, 2, 3, 4, 5, 6, 8, 9, 10, 11, 12, 13, 14, 15, 17, 18, 19, 20, 21, 22, 23, 24, 26, 30, 31, 32, 35, 36, 37, 38]]
[43, 12.4697, [0, 1, 2, 3, 4, 5, 6, 8, 9, 10, 11, 12, 13, 14, 15, 17, 18, 19, 20, 22, 23, 24, 25, 27, 28, 29, 30, 33, 35, 37, 39]]
[43, 12.4526, [0, 1, 2, 3, 4, 5, 6, 8, 9, 10, 11, 12, 13, 14, 15, 17, 18, 19, 20, 22, 23, 24, 25, 27, 28, 29, 30, 33, 37, 39, 40]]

Search completed in 0 hours, 17 minutes, and 51.112 seconds.  Enter a string to quit.