Enter an integer k for which our Kempner sets are k-free: 10
Enter a positive integer modulus b: 60
Enter estimation parameters, or * for pre-computed parameters ([0.0983, 1.1038, 1.4321]): *
Enter a threshold (e.g. 4.2) to determine printed output: 7.15
Enter a root for the search space (e.g. [0, 1, 2]) [or * for the root [0]]: *
Enter an upper bound for the size of allowable digit sets [or * to ignore]: 30
Enter a maximal number of deviations from a greedy search [or * to ignore]: *
Searching for k-free sets mod b...

[60, 7.25806, [0, 1, 2, 3, 4, 5, 6, 7, 8, 10, 11, 12, 13, 14, 15, 17, 18, 19, 20, 21, 22, 23, 24, 25, 28, 29, 39, 46, 56, 57]]
[60, 7.25327, [0, 1, 2, 3, 4, 5, 6, 7, 8, 10, 11, 12, 13, 14, 15, 17, 18, 19, 20, 21, 22, 23, 24, 27, 28, 29, 39, 46, 55, 56]]
[60, 7.20553, [0, 1, 2, 3, 4, 5, 6, 7, 8, 10, 11, 12, 13, 14, 15, 17, 18, 19, 20, 21, 22, 23, 24, 28, 29, 39, 46, 55, 56, 57]]
[60, 7.20281, [0, 1, 2, 3, 4, 5, 6, 7, 8, 10, 11, 12, 13, 14, 15, 17, 18, 19, 20, 21, 22, 23, 25, 28, 29, 39, 46, 54, 56, 57]]
[60, 7.19802, [0, 1, 2, 3, 4, 5, 6, 7, 8, 10, 11, 12, 13, 14, 15, 17, 18, 19, 20, 21, 22, 23, 27, 28, 29, 39, 46, 54, 55, 56]]
[60, 7.24758, [0, 1, 2, 3, 4, 5, 6, 7, 8, 10, 11, 12, 13, 14, 15, 17, 18, 19, 20, 21, 22, 24, 25, 27, 28, 29, 39, 46, 53, 56]]
[60, 7.19984, [0, 1, 2, 3, 4, 5, 6, 7, 8, 10, 11, 12, 13, 14, 15, 17, 18, 19, 20, 21, 22, 24, 25, 28, 29, 39, 46, 53, 56, 57]]
[60, 7.19506, [0, 1, 2, 3, 4, 5, 6, 7, 8, 10, 11, 12, 13, 14, 15, 17, 18, 19, 20, 21, 22, 24, 27, 28, 29, 39, 46, 53, 55, 56]]
[60, 7.19234, [0, 1, 2, 3, 4, 5, 6, 7, 8, 10, 11, 12, 13, 14, 15, 17, 18, 19, 20, 21, 22, 25, 27, 28, 29, 39, 46, 53, 54, 56]]
[60, 7.19658, [0, 1, 2, 3, 4, 5, 6, 7, 8, 10, 11, 12, 13, 14, 15, 17, 18, 19, 20, 21, 23, 24, 25, 28, 29, 39, 46, 52, 56, 57]]
[60, 7.1918, [0, 1, 2, 3, 4, 5, 6, 7, 8, 10, 11, 12, 13, 14, 15, 17, 18, 19, 20, 21, 23, 24, 27, 28, 29, 39, 46, 52, 55, 56]]
[60, 7.18611, [0, 1, 2, 3, 4, 5, 6, 7, 8, 10, 11, 12, 13, 14, 15, 17, 18, 19, 20, 21, 24, 25, 27, 28, 29, 39, 46, 52, 53, 56]]
[60, 7.19299, [0, 1, 2, 3, 4, 5, 6, 7, 8, 10, 11, 12, 13, 14, 15, 17, 18, 19, 20, 22, 23, 24, 25, 28, 29, 39, 46, 51, 56, 57]]
[60, 7.18903, [0, 1, 2, 3, 4, 5, 6, 7, 8, 10, 11, 12, 13, 14, 15, 17, 18, 19, 21, 22, 23, 24, 25, 28, 29, 39, 46, 50, 56, 57]]
[60, 7.18424, [0, 1, 2, 3, 4, 5, 6, 7, 8, 10, 11, 12, 13, 14, 15, 17, 18, 19, 21, 22, 23, 24, 27, 28, 29, 39, 46, 50, 55, 56]]
[60, 7.17856, [0, 1, 2, 3, 4, 5, 6, 7, 8, 10, 11, 12, 13, 14, 15, 17, 18, 19, 21, 22, 24, 25, 27, 28, 29, 39, 46, 50, 53, 56]]
[60, 7.23235, [0, 1, 2, 3, 4, 5, 6, 7, 8, 10, 11, 12, 13, 14, 15, 17, 18, 20, 21, 22, 23, 24, 25, 27, 28, 29, 39, 46, 49, 56]]
[60, 7.18462, [0, 1, 2, 3, 4, 5, 6, 7, 8, 10, 11, 12, 13, 14, 15, 17, 18, 20, 21, 22, 23, 24, 25, 28, 29, 39, 46, 49, 56, 57]]
[60, 7.17983, [0, 1, 2, 3, 4, 5, 6, 7, 8, 10, 11, 12, 13, 14, 15, 17, 18, 20, 21, 22, 23, 24, 27, 28, 29, 39, 46, 49, 55, 56]]
[60, 7.17712, [0, 1, 2, 3, 4, 5, 6, 7, 8, 10, 11, 12, 13, 14, 15, 17, 18, 20, 21, 22, 23, 25, 27, 28, 29, 39, 46, 49, 54, 56]]
[60, 7.17415, [0, 1, 2, 3, 4, 5, 6, 7, 8, 10, 11, 12, 13, 14, 15, 17, 18, 20, 21, 22, 24, 25, 27, 28, 29, 39, 46, 49, 53, 56]]
[60, 7.17089, [0, 1, 2, 3, 4, 5, 6, 7, 8, 10, 11, 12, 13, 14, 15, 17, 18, 20, 21, 23, 24, 25, 27, 28, 29, 39, 46, 49, 52, 56]]
[60, 7.16333, [0, 1, 2, 3, 4, 5, 6, 7, 8, 10, 11, 12, 13, 14, 15, 17, 18, 21, 22, 23, 24, 25, 27, 28, 29, 39, 46, 49, 50, 56]]
[60, 7.17417, [0, 1, 2, 3, 4, 5, 6, 7, 8, 10, 11, 12, 13, 14, 15, 18, 19, 20, 21, 22, 23, 24, 25, 28, 29, 39, 46, 47, 56, 57]]
[60, 7.15606, [0, 1, 2, 3, 4, 5, 6, 7, 8, 10, 11, 12, 13, 14, 17, 18, 19, 20, 21, 22, 23, 24, 27, 28, 29, 39, 45, 46, 55, 56]]
[60, 7.23283, [0, 1, 2, 3, 4, 5, 6, 7, 8, 10, 11, 12, 13, 15, 16, 17, 18, 19, 20, 21, 22, 23, 26, 27, 28, 29, 39, 44, 54, 55]]
[60, 7.1851, [0, 1, 2, 3, 4, 5, 6, 7, 8, 10, 11, 12, 13, 15, 16, 17, 18, 19, 20, 21, 22, 23, 26, 28, 29, 39, 44, 54, 55, 57]]
[60, 7.18281, [0, 1, 2, 3, 4, 5, 6, 7, 8, 10, 11, 12, 13, 15, 16, 17, 18, 19, 20, 21, 22, 23, 27, 28, 29, 39, 44, 54, 55, 56]]
[60, 7.17463, [0, 1, 2, 3, 4, 5, 6, 7, 8, 10, 11, 12, 13, 15, 16, 17, 18, 19, 20, 21, 22, 26, 27, 28, 29, 39, 44, 53, 54, 55]]
[60, 7.17616, [0, 1, 2, 3, 4, 5, 6, 7, 8, 10, 11, 12, 13, 15, 16, 17, 18, 19, 20, 21, 23, 25, 26, 28, 29, 39, 44, 52, 54, 57]]
[60, 7.17137, [0, 1, 2, 3, 4, 5, 6, 7, 8, 10, 11, 12, 13, 15, 16, 17, 18, 19, 20, 21, 23, 26, 27, 28, 29, 39, 44, 52, 54, 55]]
[60, 7.16569, [0, 1, 2, 3, 4, 5, 6, 7, 8, 10, 11, 12, 13, 15, 16, 17, 18, 19, 20, 21, 25, 26, 27, 28, 29, 39, 44, 52, 53, 54]]
[60, 7.21191, [0, 1, 2, 3, 4, 5, 6, 7, 8, 10, 11, 12, 13, 15, 16, 17, 18, 20, 21, 22, 23, 25, 26, 27, 28, 29, 39, 44, 49, 54]]
[60, 7.16631, [0, 1, 2, 3, 4, 5, 6, 7, 8, 10, 11, 12, 13, 15, 16, 17, 18, 20, 21, 22, 23, 25, 26, 27, 29, 39, 44, 49, 54, 58]]
[60, 7.16419, [0, 1, 2, 3, 4, 5, 6, 7, 8, 10, 11, 12, 13, 15, 16, 17, 18, 20, 21, 22, 23, 25, 26, 28, 29, 39, 44, 49, 54, 57]]
[60, 7.1619, [0, 1, 2, 3, 4, 5, 6, 7, 8, 10, 11, 12, 13, 15, 16, 17, 18, 20, 21, 22, 23, 25, 27, 28, 29, 39, 44, 49, 54, 56]]
[60, 7.15941, [0, 1, 2, 3, 4, 5, 6, 7, 8, 10, 11, 12, 13, 15, 16, 17, 18, 20, 21, 22, 23, 26, 27, 28, 29, 39, 44, 49, 54, 55]]
[60, 7.15372, [0, 1, 2, 3, 4, 5, 6, 7, 8, 10, 11, 12, 13, 15, 16, 17, 18, 20, 21, 22, 25, 26, 27, 28, 29, 39, 44, 49, 53, 54]]
[60, 7.16102, [0, 1, 2, 3, 4, 5, 6, 7, 8, 10, 11, 13, 14, 15, 16, 17, 18, 19, 20, 21, 23, 24, 25, 28, 29, 39, 42, 52, 56, 57]]
[60, 7.15623, [0, 1, 2, 3, 4, 5, 6, 7, 8, 10, 11, 13, 14, 15, 16, 17, 18, 19, 20, 21, 23, 24, 27, 28, 29, 39, 42, 52, 55, 56]]
[60, 7.20055, [0, 1, 2, 3, 4, 5, 6, 7, 8, 10, 11, 13, 14, 15, 16, 17, 18, 19, 20, 21, 24, 25, 26, 27, 28, 29, 39, 42, 52, 53]]
[60, 7.15496, [0, 1, 2, 3, 4, 5, 6, 7, 8, 10, 11, 13, 14, 15, 16, 17, 18, 19, 20, 21, 24, 25, 26, 27, 29, 39, 42, 52, 53, 58]]
[60, 7.15284, [0, 1, 2, 3, 4, 5, 6, 7, 8, 10, 11, 13, 14, 15, 16, 17, 18, 19, 20, 21, 24, 25, 26, 28, 29, 39, 42, 52, 53, 57]]
[60, 7.17502, [0, 1, 2, 3, 4, 5, 6, 7, 8, 11, 12, 13, 14, 15, 16, 17, 18, 19, 21, 22, 23, 24, 25, 26, 28, 29, 39, 40, 50, 57]]
[60, 7.17024, [0, 1, 2, 3, 4, 5, 6, 7, 8, 11, 12, 13, 14, 15, 16, 17, 18, 19, 21, 22, 23, 24, 26, 27, 28, 29, 39, 40, 50, 55]]
[60, 7.16455, [0, 1, 2, 3, 4, 5, 6, 7, 8, 11, 12, 13, 14, 15, 16, 17, 18, 19, 21, 22, 24, 25, 26, 27, 28, 29, 39, 40, 50, 53]]
[60, 7.16449, [0, 1, 2, 3, 4, 5, 6, 7, 9, 10, 11, 12, 13, 14, 15, 16, 18, 19, 20, 23, 24, 25, 26, 28, 29, 38, 47, 51, 52, 57]]
[60, 7.16014, [0, 1, 2, 3, 4, 5, 6, 7, 9, 10, 11, 12, 13, 14, 15, 16, 19, 20, 21, 22, 23, 24, 26, 28, 29, 38, 47, 48, 55, 57]]
[60, 7.22284, [0, 1, 2, 3, 4, 5, 6, 7, 9, 10, 11, 12, 13, 14, 16, 17, 18, 19, 20, 21, 22, 23, 24, 27, 28, 29, 38, 45, 55, 56]]
[60, 7.17513, [0, 1, 2, 3, 4, 5, 6, 7, 9, 10, 11, 12, 13, 14, 16, 17, 18, 19, 20, 21, 22, 23, 24, 28, 29, 38, 45, 55, 56, 57]]
[60, 7.21763, [0, 1, 2, 3, 4, 5, 6, 7, 9, 10, 11, 12, 13, 14, 16, 17, 18, 19, 20, 21, 22, 23, 26, 27, 28, 29, 38, 45, 54, 55]]
[60, 7.16992, [0, 1, 2, 3, 4, 5, 6, 7, 9, 10, 11, 12, 13, 14, 16, 17, 18, 19, 20, 21, 22, 23, 26, 28, 29, 38, 45, 54, 55, 57]]
[60, 7.16763, [0, 1, 2, 3, 4, 5, 6, 7, 9, 10, 11, 12, 13, 14, 16, 17, 18, 19, 20, 21, 22, 23, 27, 28, 29, 38, 45, 54, 55, 56]]
[60, 7.16466, [0, 1, 2, 3, 4, 5, 6, 7, 9, 10, 11, 12, 13, 14, 16, 17, 18, 19, 20, 21, 22, 24, 27, 28, 29, 38, 45, 53, 55, 56]]
[60, 7.15945, [0, 1, 2, 3, 4, 5, 6, 7, 9, 10, 11, 12, 13, 14, 16, 17, 18, 19, 20, 21, 22, 26, 27, 28, 29, 38, 45, 53, 54, 55]]
[60, 7.2114, [0, 1, 2, 3, 4, 5, 6, 7, 9, 10, 11, 12, 13, 14, 16, 17, 18, 19, 20, 21, 23, 24, 26, 27, 28, 29, 38, 45, 52, 55]]
[60, 7.16369, [0, 1, 2, 3, 4, 5, 6, 7, 9, 10, 11, 12, 13, 14, 16, 17, 18, 19, 20, 21, 23, 24, 26, 28, 29, 38, 45, 52, 55, 57]]
[60, 7.1614, [0, 1, 2, 3, 4, 5, 6, 7, 9, 10, 11, 12, 13, 14, 16, 17, 18, 19, 20, 21, 23, 24, 27, 28, 29, 38, 45, 52, 55, 56]]
[60, 7.15619, [0, 1, 2, 3, 4, 5, 6, 7, 9, 10, 11, 12, 13, 14, 16, 17, 18, 19, 20, 21, 23, 26, 27, 28, 29, 38, 45, 52, 54, 55]]
[60, 7.15322, [0, 1, 2, 3, 4, 5, 6, 7, 9, 10, 11, 12, 13, 14, 16, 17, 18, 19, 20, 21, 24, 26, 27, 28, 29, 38, 45, 52, 53, 55]]
[60, 7.15781, [0, 1, 2, 3, 4, 5, 6, 7, 9, 10, 11, 12, 13, 14, 16, 17, 18, 19, 20, 22, 23, 24, 27, 28, 29, 38, 45, 51, 55, 56]]
[60, 7.15261, [0, 1, 2, 3, 4, 5, 6, 7, 9, 10, 11, 12, 13, 14, 16, 17, 18, 19, 20, 22, 23, 26, 27, 28, 29, 38, 45, 51, 54, 55]]
[60, 7.15385, [0, 1, 2, 3, 4, 5, 6, 7, 9, 10, 11, 12, 13, 14, 16, 17, 18, 19, 21, 22, 23, 24, 27, 28, 29, 38, 45, 50, 55, 56]]
[60, 7.1945, [0, 1, 2, 3, 4, 5, 6, 7, 9, 10, 11, 12, 13, 14, 16, 17, 19, 20, 21, 22, 23, 24, 26, 27, 28, 29, 38, 45, 48, 55]]
[60, 7.19441, [0, 1, 2, 3, 4, 5, 6, 7, 9, 10, 11, 12, 14, 15, 16, 17, 18, 19, 20, 21, 22, 25, 26, 27, 28, 29, 38, 43, 53, 54]]
[60, 7.17129, [0, 1, 2, 3, 4, 5, 6, 7, 9, 10, 11, 12, 14, 15, 16, 17, 19, 20, 21, 22, 24, 25, 26, 27, 28, 29, 38, 43, 48, 53]]
[60, 7.15742, [0, 1, 2, 3, 4, 5, 6, 7, 9, 10, 12, 13, 14, 15, 16, 17, 18, 19, 20, 23, 24, 25, 26, 27, 28, 29, 38, 41, 51, 52]]
[60, 7.18779, [0, 1, 2, 3, 4, 5, 6, 8, 9, 10, 11, 12, 13, 14, 15, 17, 18, 19, 20, 22, 23, 24, 25, 27, 28, 29, 37, 46, 51, 56]]
[60, 7.17989, [0, 1, 2, 3, 4, 5, 6, 8, 9, 10, 11, 12, 13, 15, 16, 17, 18, 19, 20, 21, 22, 23, 26, 27, 28, 29, 37, 44, 54, 55]]
[60, 7.1742, [0, 1, 2, 3, 4, 5, 6, 8, 9, 10, 11, 12, 13, 15, 16, 17, 18, 19, 20, 21, 22, 25, 26, 27, 28, 29, 37, 44, 53, 54]]
[60, 7.16736, [0, 1, 2, 3, 4, 5, 6, 8, 9, 10, 11, 12, 13, 15, 16, 17, 18, 19, 20, 22, 23, 25, 26, 27, 28, 29, 37, 44, 51, 54]]

Search completed in 0 hours, 0 minutes, and 0.232 seconds.  Enter a string to quit.