Enter an integer k for which our Kempner sets are k-free: 10
Enter a positive integer modulus b: 20
Enter estimation parameters, or * for pre-computed parameters ([0.1594, 1.1704, 1.5932]): *
Enter a threshold (e.g. 4.2) to determine printed output: 4.25
Enter a root for the search space (e.g. [0, 1, 2]) [or * for the root [0]]: *
Enter an upper bound for the size of allowable digit sets [or * to ignore]: *
Enter a maximal number of deviations from a greedy search [or * to ignore]: *
Searching for k-free sets mod b...

[20, 4.80875, [0, 1, 2, 3, 4, 5, 6, 7, 8]]
[20, 5.27381, [0, 1, 2, 3, 4, 5, 6, 7, 9, 18]]
[20, 4.66822, [0, 1, 2, 3, 4, 5, 6, 7, 18]]
[20, 5.24753, [0, 1, 2, 3, 4, 5, 6, 8, 9, 17]]
[20, 4.64453, [0, 1, 2, 3, 4, 5, 6, 8, 17]]
[20, 5.09288, [0, 1, 2, 3, 4, 5, 6, 9, 17, 18]]
[20, 4.61156, [0, 1, 2, 3, 4, 5, 6, 9, 18]]
[20, 4.50481, [0, 1, 2, 3, 4, 5, 6, 17, 18]]
[20, 5.21254, [0, 1, 2, 3, 4, 5, 7, 8, 9, 16]]
[20, 4.61302, [0, 1, 2, 3, 4, 5, 7, 8, 16]]
[20, 5.05808, [0, 1, 2, 3, 4, 5, 7, 9, 16, 18]]
[20, 4.5717, [0, 1, 2, 3, 4, 5, 7, 9, 18]]
[20, 4.47347, [0, 1, 2, 3, 4, 5, 7, 16, 18]]
[20, 5.03193, [0, 1, 2, 3, 4, 5, 8, 9, 16, 17]]
[20, 4.54806, [0, 1, 2, 3, 4, 5, 8, 9, 17]]
[20, 4.44991, [0, 1, 2, 3, 4, 5, 8, 16, 17]]
[20, 4.87833, [0, 1, 2, 3, 4, 5, 9, 16, 17, 18]]
[20, 4.41716, [0, 1, 2, 3, 4, 5, 9, 16, 18]]
[20, 4.40883, [0, 1, 2, 3, 4, 5, 9, 17, 18]]
[20, 4.31116, [0, 1, 2, 3, 4, 5, 16, 17, 18]]
[20, 5.16404, [0, 1, 2, 3, 4, 6, 7, 8, 9, 15]]
[20, 4.56937, [0, 1, 2, 3, 4, 6, 7, 8, 15]]
[20, 5.00987, [0, 1, 2, 3, 4, 6, 7, 9, 15, 18]]
[20, 4.51887, [0, 1, 2, 3, 4, 6, 7, 9, 18]]
[20, 4.43008, [0, 1, 2, 3, 4, 6, 7, 15, 18]]
[20, 4.98373, [0, 1, 2, 3, 4, 6, 8, 9, 15, 17]]
[20, 4.49525, [0, 1, 2, 3, 4, 6, 8, 9, 17]]
[20, 4.40654, [0, 1, 2, 3, 4, 6, 8, 15, 17]]
[20, 4.83043, [0, 1, 2, 3, 4, 6, 9, 15, 17, 18]]
[20, 4.37384, [0, 1, 2, 3, 4, 6, 9, 15, 18]]
[20, 4.35634, [0, 1, 2, 3, 4, 6, 9, 17, 18]]
[20, 4.26806, [0, 1, 2, 3, 4, 6, 15, 17, 18]]
[20, 4.94895, [0, 1, 2, 3, 4, 7, 8, 9, 15, 16]]
[20, 4.46383, [0, 1, 2, 3, 4, 7, 8, 9, 16]]
[20, 4.37522, [0, 1, 2, 3, 4, 7, 8, 15, 16]]
[20, 4.79583, [0, 1, 2, 3, 4, 7, 9, 15, 16, 18]]
[20, 4.33427, [0, 1, 2, 3, 4, 7, 9, 15, 18]]
[20, 4.32509, [0, 1, 2, 3, 4, 7, 9, 16, 18]]
[20, 4.76983, [0, 1, 2, 3, 4, 8, 9, 15, 16, 17]]
[20, 4.31077, [0, 1, 2, 3, 4, 8, 9, 15, 17]]
[20, 4.3016, [0, 1, 2, 3, 4, 8, 9, 16, 17]]
[20, 4.61758, [0, 1, 2, 3, 4, 9, 15, 16, 17, 18]]
[20, 5.09304, [0, 1, 2, 3, 5, 6, 7, 8, 9, 14]]
[20, 4.50551, [0, 1, 2, 3, 5, 6, 7, 8, 14]]
[20, 4.93938, [0, 1, 2, 3, 5, 6, 7, 9, 14, 18]]
[20, 4.44492, [0, 1, 2, 3, 5, 6, 7, 9, 18]]
[20, 4.3667, [0, 1, 2, 3, 5, 6, 7, 14, 18]]
[20, 4.91326, [0, 1, 2, 3, 5, 6, 8, 9, 14, 17]]
[20, 4.42133, [0, 1, 2, 3, 5, 6, 8, 9, 17]]
[20, 4.34317, [0, 1, 2, 3, 5, 6, 8, 14, 17]]
[20, 4.76046, [0, 1, 2, 3, 5, 6, 9, 14, 17, 18]]
[20, 4.31058, [0, 1, 2, 3, 5, 6, 9, 14, 18]]
[20, 4.28294, [0, 1, 2, 3, 5, 6, 9, 17, 18]]
[20, 4.8785, [0, 1, 2, 3, 5, 7, 8, 9, 14, 16]]
[20, 4.38994, [0, 1, 2, 3, 5, 7, 8, 9, 16]]
[20, 4.31187, [0, 1, 2, 3, 5, 7, 8, 14, 16]]
[20, 4.72589, [0, 1, 2, 3, 5, 7, 9, 14, 16, 18]]
[20, 4.27107, [0, 1, 2, 3, 5, 7, 9, 14, 18]]
[20, 4.25173, [0, 1, 2, 3, 5, 7, 9, 16, 18]]
[20, 4.69991, [0, 1, 2, 3, 5, 8, 9, 14, 16, 17]]
[20, 4.54816, [0, 1, 2, 3, 5, 9, 14, 16, 17, 18]]
[20, 4.83036, [0, 1, 2, 3, 6, 7, 8, 9, 14, 15]]
[20, 4.34647, [0, 1, 2, 3, 6, 7, 8, 9, 15]]
[20, 4.26855, [0, 1, 2, 3, 6, 7, 8, 14, 15]]
[20, 4.67804, [0, 1, 2, 3, 6, 7, 9, 14, 15, 18]]
[20, 4.65206, [0, 1, 2, 3, 6, 8, 9, 14, 15, 17]]
[20, 4.50061, [0, 1, 2, 3, 6, 9, 14, 15, 17, 18]]
[20, 4.46624, [0, 1, 2, 3, 7, 9, 14, 15, 16, 18]]
[20, 4.4404, [0, 1, 2, 3, 8, 9, 14, 15, 16, 17]]
[20, 4.28999, [0, 1, 2, 3, 9, 14, 15, 16, 17, 18]]
[20, 4.98062, [0, 1, 2, 4, 5, 6, 7, 8, 9, 13]]
[20, 4.40449, [0, 1, 2, 4, 5, 6, 7, 8, 13]]
[20, 4.82794, [0, 1, 2, 4, 5, 6, 7, 9, 13, 18]]
[20, 4.33285, [0, 1, 2, 4, 5, 6, 7, 9, 18]]
[20, 4.26659, [0, 1, 2, 4, 5, 6, 7, 13, 18]]
[20, 4.3483, [0, 1, 2, 4, 5, 6, 8, 9, 13]]
[20, 4.30931, [0, 1, 2, 4, 5, 6, 8, 9, 17]]
[20, 4.76714, [0, 1, 2, 4, 5, 7, 8, 9, 13, 16]]
[20, 4.27798, [0, 1, 2, 4, 5, 7, 8, 9, 16]]
[20, 4.61551, [0, 1, 2, 4, 5, 7, 9, 13, 16, 18]]
[20, 4.71905, [0, 1, 2, 4, 6, 7, 8, 9, 13, 15]]
[20, 4.56771, [0, 1, 2, 4, 6, 7, 9, 13, 15, 18]]
[20, 4.54177, [0, 1, 2, 4, 6, 8, 9, 13, 15, 17]]
[20, 4.39129, [0, 1, 2, 4, 6, 9, 13, 15, 17, 18]]
[20, 4.50727, [0, 1, 2, 4, 7, 8, 9, 13, 15, 16]]
[20, 4.35697, [0, 1, 2, 4, 7, 9, 13, 15, 16, 18]]
[20, 4.33118, [0, 1, 2, 4, 8, 9, 13, 15, 16, 17]]
[20, 4.64872, [0, 1, 2, 5, 6, 7, 8, 9, 13, 14]]
[20, 4.49788, [0, 1, 2, 5, 6, 7, 9, 13, 14, 18]]
[20, 4.43748, [0, 1, 2, 5, 7, 8, 9, 13, 14, 16]]
[20, 4.28769, [0, 1, 2, 5, 7, 9, 13, 14, 16, 18]]
[20, 4.77867, [0, 1, 3, 4, 5, 6, 7, 8, 9, 12]]
[20, 4.62828, [0, 1, 3, 4, 5, 6, 7, 9, 12, 18]]
[20, 4.60233, [0, 1, 3, 4, 5, 6, 8, 9, 12, 17]]
[20, 4.4528, [0, 1, 3, 4, 5, 6, 9, 12, 17, 18]]
[20, 4.4184, [0, 1, 3, 4, 5, 7, 9, 12, 16, 18]]
[20, 4.51979, [0, 1, 3, 4, 6, 7, 8, 9, 12, 15]]
[20, 4.34492, [0, 1, 3, 4, 6, 8, 9, 12, 15, 17]]
[20, 4.44962, [0, 1, 3, 5, 6, 7, 8, 9, 12, 14]]
[20, 4.30108, [0, 1, 3, 5, 6, 7, 9, 12, 14, 18]]
[20, 4.27528, [0, 1, 3, 5, 6, 8, 9, 12, 14, 17]]
[20, 4.33866, [0, 1, 4, 5, 6, 7, 8, 9, 12, 13]]
[20, 4.31494, [0, 2, 3, 4, 5, 6, 7, 8, 9, 11]]

Search completed in 0 hours, 0 minutes, and 0.054 seconds.  Enter a string to quit.