Enter an integer k for which our Kempner sets are k-free: 10
Enter a positive integer modulus b: 90
Enter estimation parameters, or * for pre-computed parameters ([0.0858, 1.0859, 1.3952]): *
Enter a threshold (e.g. 4.2) to determine printed output: 7.9
Enter a root for the search space (e.g. [0, 1, 2]) [or * for the root [0]]: *
Enter an upper bound for the size of allowable digit sets [or * to ignore]: 45
Enter a maximal number of deviations from a greedy search [or * to ignore]: *
Searching for k-free sets mod b...

[90, 7.91515, [0, 1, 2, 3, 4, 5, 6, 7, 8, 10, 11, 12, 13, 14, 15, 16, 17, 19, 21, 22, 23, 24, 26, 27, 28, 29, 30, 31, 32, 34, 36, 37, 38, 39, 41, 42, 43, 44, 54, 63, 65, 70, 78, 80, 85]]
[90, 7.96825, [0, 1, 2, 3, 4, 5, 6, 7, 8, 10, 11, 12, 13, 14, 15, 17, 18, 19, 20, 21, 22, 24, 25, 26, 27, 28, 29, 30, 32, 33, 34, 35, 37, 39, 40, 41, 42, 43, 44, 54, 61, 68, 76, 81, 83]]
[90, 7.93756, [0, 1, 2, 3, 4, 5, 6, 7, 8, 10, 11, 12, 13, 14, 15, 17, 18, 19, 20, 21, 22, 24, 25, 26, 27, 28, 29, 30, 32, 33, 34, 35, 37, 39, 40, 41, 43, 44, 54, 61, 68, 76, 81, 83, 87]]
[90, 7.93662, [0, 1, 2, 3, 4, 5, 6, 7, 8, 10, 11, 12, 13, 14, 15, 17, 18, 19, 20, 21, 22, 24, 25, 26, 27, 28, 29, 30, 32, 33, 34, 35, 37, 39, 40, 42, 43, 44, 54, 61, 68, 76, 81, 83, 86]]
[90, 7.90593, [0, 1, 2, 3, 4, 5, 6, 7, 8, 10, 11, 12, 13, 14, 15, 17, 18, 19, 20, 21, 22, 24, 25, 26, 27, 28, 29, 30, 32, 33, 34, 35, 37, 39, 40, 43, 44, 54, 61, 68, 76, 81, 83, 86, 87]]
[90, 7.93562, [0, 1, 2, 3, 4, 5, 6, 7, 8, 10, 11, 12, 13, 14, 15, 17, 18, 19, 20, 21, 22, 24, 25, 26, 27, 28, 29, 30, 32, 33, 34, 35, 37, 39, 41, 42, 43, 44, 54, 61, 68, 76, 81, 83, 85]]
[90, 7.90493, [0, 1, 2, 3, 4, 5, 6, 7, 8, 10, 11, 12, 13, 14, 15, 17, 18, 19, 20, 21, 22, 24, 25, 26, 27, 28, 29, 30, 32, 33, 34, 35, 37, 39, 41, 43, 44, 54, 61, 68, 76, 81, 83, 85, 87]]
[90, 7.90399, [0, 1, 2, 3, 4, 5, 6, 7, 8, 10, 11, 12, 13, 14, 15, 17, 18, 19, 20, 21, 22, 24, 25, 26, 27, 28, 29, 30, 32, 33, 34, 35, 37, 39, 42, 43, 44, 54, 61, 68, 76, 81, 83, 85, 86]]
[90, 7.93228, [0, 1, 2, 3, 4, 5, 6, 7, 8, 10, 11, 12, 13, 14, 15, 17, 18, 19, 20, 21, 22, 24, 25, 26, 27, 28, 29, 30, 32, 33, 34, 35, 39, 40, 41, 42, 43, 44, 54, 61, 68, 76, 81, 82, 83]]
[90, 7.9016, [0, 1, 2, 3, 4, 5, 6, 7, 8, 10, 11, 12, 13, 14, 15, 17, 18, 19, 20, 21, 22, 24, 25, 26, 27, 28, 29, 30, 32, 33, 34, 35, 39, 40, 41, 43, 44, 54, 61, 68, 76, 81, 82, 83, 87]]
[90, 7.92971, [0, 1, 2, 3, 4, 5, 6, 7, 8, 10, 11, 12, 13, 14, 15, 17, 18, 19, 20, 21, 22, 24, 25, 26, 27, 28, 29, 30, 32, 33, 34, 37, 39, 40, 41, 42, 43, 44, 54, 61, 68, 76, 80, 81, 83]]
[90, 7.92681, [0, 1, 2, 3, 4, 5, 6, 7, 8, 10, 11, 12, 13, 14, 15, 17, 18, 19, 20, 21, 22, 24, 25, 26, 27, 28, 29, 30, 32, 34, 35, 37, 39, 40, 41, 42, 43, 44, 54, 61, 68, 76, 78, 81, 83]]
[90, 7.92521, [0, 1, 2, 3, 4, 5, 6, 7, 8, 10, 11, 12, 13, 14, 15, 17, 18, 19, 20, 21, 22, 24, 25, 26, 27, 28, 29, 30, 33, 34, 35, 37, 39, 40, 41, 42, 43, 44, 54, 61, 68, 76, 77, 81, 83]]
[90, 7.92097, [0, 1, 2, 3, 4, 5, 6, 7, 8, 10, 11, 12, 13, 14, 15, 17, 18, 19, 20, 21, 22, 24, 25, 26, 27, 28, 29, 30, 34, 35, 36, 37, 39, 40, 41, 42, 43, 44, 54, 61, 68, 76, 77, 78, 83]]
[90, 7.95887, [0, 1, 2, 3, 4, 5, 6, 7, 8, 10, 11, 12, 13, 14, 15, 17, 18, 19, 20, 21, 22, 24, 25, 26, 27, 28, 29, 32, 33, 34, 35, 36, 37, 39, 40, 41, 42, 43, 44, 54, 61, 68, 75, 76, 83]]
[90, 7.92908, [0, 1, 2, 3, 4, 5, 6, 7, 8, 10, 11, 12, 13, 14, 15, 17, 18, 19, 20, 21, 22, 24, 25, 26, 27, 28, 29, 32, 33, 34, 35, 36, 37, 39, 40, 41, 42, 44, 54, 61, 68, 75, 76, 83, 88]]
[90, 7.92818, [0, 1, 2, 3, 4, 5, 6, 7, 8, 10, 11, 12, 13, 14, 15, 17, 18, 19, 20, 21, 22, 24, 25, 26, 27, 28, 29, 32, 33, 34, 35, 36, 37, 39, 40, 41, 43, 44, 54, 61, 68, 75, 76, 83, 87]]
[90, 7.92724, [0, 1, 2, 3, 4, 5, 6, 7, 8, 10, 11, 12, 13, 14, 15, 17, 18, 19, 20, 21, 22, 24, 25, 26, 27, 28, 29, 32, 33, 34, 35, 36, 37, 39, 40, 42, 43, 44, 54, 61, 68, 75, 76, 83, 86]]
[90, 7.92624, [0, 1, 2, 3, 4, 5, 6, 7, 8, 10, 11, 12, 13, 14, 15, 17, 18, 19, 20, 21, 22, 24, 25, 26, 27, 28, 29, 32, 33, 34, 35, 36, 37, 39, 41, 42, 43, 44, 54, 61, 68, 75, 76, 83, 85]]
[90, 7.92291, [0, 1, 2, 3, 4, 5, 6, 7, 8, 10, 11, 12, 13, 14, 15, 17, 18, 19, 20, 21, 22, 24, 25, 26, 27, 28, 29, 32, 33, 34, 35, 36, 39, 40, 41, 42, 43, 44, 54, 61, 68, 75, 76, 82, 83]]
[90, 7.92166, [0, 1, 2, 3, 4, 5, 6, 7, 8, 10, 11, 12, 13, 14, 15, 17, 18, 19, 20, 21, 22, 24, 25, 26, 27, 28, 29, 32, 33, 34, 35, 37, 39, 40, 41, 42, 43, 44, 54, 61, 68, 75, 76, 81, 83]]
[90, 7.92034, [0, 1, 2, 3, 4, 5, 6, 7, 8, 10, 11, 12, 13, 14, 15, 17, 18, 19, 20, 21, 22, 24, 25, 26, 27, 28, 29, 32, 33, 34, 36, 37, 39, 40, 41, 42, 43, 44, 54, 61, 68, 75, 76, 80, 83]]
[90, 7.91743, [0, 1, 2, 3, 4, 5, 6, 7, 8, 10, 11, 12, 13, 14, 15, 17, 18, 19, 20, 21, 22, 24, 25, 26, 27, 28, 29, 32, 34, 35, 36, 37, 39, 40, 41, 42, 43, 44, 54, 61, 68, 75, 76, 78, 83]]
[90, 7.91583, [0, 1, 2, 3, 4, 5, 6, 7, 8, 10, 11, 12, 13, 14, 15, 17, 18, 19, 20, 21, 22, 24, 25, 26, 27, 28, 29, 33, 34, 35, 36, 37, 39, 40, 41, 42, 43, 44, 54, 61, 68, 75, 76, 77, 83]]
[90, 7.91376, [0, 1, 2, 3, 4, 5, 6, 7, 8, 10, 11, 12, 13, 14, 15, 17, 18, 19, 20, 21, 22, 25, 26, 27, 28, 29, 30, 32, 33, 34, 35, 36, 37, 39, 40, 41, 43, 44, 54, 61, 68, 69, 76, 83, 87]]
[90, 7.90592, [0, 1, 2, 3, 4, 5, 6, 7, 8, 10, 11, 12, 13, 14, 15, 17, 18, 19, 20, 21, 22, 25, 26, 27, 28, 29, 30, 32, 33, 34, 36, 37, 39, 40, 41, 42, 43, 44, 54, 61, 68, 69, 76, 80, 83]]
[90, 7.9087, [0, 1, 2, 3, 4, 5, 6, 7, 8, 10, 11, 12, 13, 14, 15, 17, 18, 19, 20, 22, 23, 24, 25, 27, 28, 29, 30, 32, 33, 34, 35, 37, 38, 39, 40, 42, 43, 44, 54, 61, 66, 71, 76, 81, 86]]
[90, 7.94306, [0, 1, 2, 3, 4, 5, 6, 7, 8, 10, 11, 12, 13, 15, 16, 17, 18, 19, 20, 21, 22, 23, 26, 27, 28, 29, 30, 31, 32, 33, 34, 36, 37, 38, 39, 41, 42, 43, 44, 54, 59, 69, 70, 80, 85]]
[90, 7.91237, [0, 1, 2, 3, 4, 5, 6, 7, 8, 10, 11, 12, 13, 15, 16, 17, 18, 19, 20, 21, 22, 23, 26, 27, 28, 29, 30, 31, 32, 33, 34, 36, 37, 38, 39, 41, 43, 44, 54, 59, 69, 70, 80, 85, 87]]
[90, 7.90938, [0, 1, 2, 3, 4, 5, 6, 7, 8, 10, 11, 12, 13, 15, 16, 17, 18, 19, 20, 21, 22, 23, 26, 27, 28, 29, 30, 31, 32, 33, 34, 36, 37, 38, 41, 42, 43, 44, 54, 59, 69, 70, 80, 84, 85]]
[90, 7.90827, [0, 1, 2, 3, 4, 5, 6, 7, 8, 10, 11, 12, 13, 15, 16, 17, 18, 19, 20, 21, 22, 23, 26, 27, 28, 29, 30, 31, 32, 33, 34, 36, 37, 39, 41, 42, 43, 44, 54, 59, 69, 70, 80, 83, 85]]
[90, 7.9071, [0, 1, 2, 3, 4, 5, 6, 7, 8, 10, 11, 12, 13, 15, 16, 17, 18, 19, 20, 21, 22, 23, 26, 27, 28, 29, 30, 31, 32, 33, 34, 36, 38, 39, 41, 42, 43, 44, 54, 59, 69, 70, 80, 82, 85]]
[90, 7.90585, [0, 1, 2, 3, 4, 5, 6, 7, 8, 10, 11, 12, 13, 15, 16, 17, 18, 19, 20, 21, 22, 23, 26, 27, 28, 29, 30, 31, 32, 33, 34, 37, 38, 39, 41, 42, 43, 44, 54, 59, 69, 70, 80, 81, 85]]
[90, 7.90312, [0, 1, 2, 3, 4, 5, 6, 7, 8, 10, 11, 12, 13, 15, 16, 17, 18, 19, 20, 21, 22, 23, 26, 27, 28, 29, 30, 31, 32, 33, 36, 37, 38, 39, 41, 42, 43, 44, 54, 59, 69, 70, 79, 80, 85]]
[90, 7.90162, [0, 1, 2, 3, 4, 5, 6, 7, 8, 10, 11, 12, 13, 15, 16, 17, 18, 19, 20, 21, 22, 23, 26, 27, 28, 29, 30, 31, 32, 34, 36, 37, 38, 39, 41, 42, 43, 44, 54, 59, 69, 70, 78, 80, 85]]
[90, 7.90521, [0, 1, 2, 3, 4, 5, 6, 7, 8, 10, 11, 12, 13, 15, 16, 17, 18, 19, 20, 21, 22, 23, 26, 27, 28, 29, 30, 32, 33, 34, 35, 36, 37, 38, 39, 42, 43, 44, 54, 59, 69, 70, 76, 85, 86]]
[90, 7.90206, [0, 1, 2, 3, 4, 5, 6, 7, 8, 10, 11, 12, 13, 15, 16, 17, 18, 19, 20, 21, 22, 23, 26, 27, 28, 29, 30, 32, 33, 34, 35, 36, 37, 39, 41, 42, 43, 44, 54, 59, 69, 70, 76, 83, 85]]
[90, 7.90542, [0, 1, 2, 3, 4, 5, 6, 7, 8, 10, 11, 12, 13, 15, 16, 17, 18, 19, 20, 21, 23, 24, 25, 26, 27, 28, 30, 31, 32, 33, 34, 38, 39, 40, 41, 42, 43, 44, 54, 59, 67, 74, 80, 81, 82]]
[90, 7.92729, [0, 1, 2, 3, 4, 5, 6, 7, 8, 10, 11, 12, 13, 15, 16, 17, 18, 20, 21, 22, 23, 24, 25, 26, 27, 28, 30, 31, 32, 33, 35, 37, 38, 39, 40, 41, 42, 43, 44, 54, 59, 64, 74, 79, 81]]
[90, 7.91351, [0, 1, 2, 3, 4, 5, 6, 7, 8, 10, 11, 12, 13, 15, 16, 17, 18, 20, 21, 22, 23, 25, 26, 27, 28, 29, 30, 31, 32, 33, 36, 37, 38, 39, 40, 41, 42, 43, 44, 54, 59, 64, 69, 79, 80]]
[90, 7.92928, [0, 1, 2, 3, 4, 5, 6, 7, 9, 10, 11, 12, 13, 14, 16, 17, 18, 19, 20, 21, 23, 24, 25, 26, 27, 28, 29, 31, 32, 33, 34, 36, 38, 39, 40, 41, 42, 43, 44, 53, 60, 67, 75, 80, 82]]
[90, 7.90363, [0, 1, 2, 3, 4, 5, 6, 7, 9, 10, 11, 12, 13, 14, 16, 17, 18, 19, 20, 21, 24, 25, 26, 27, 28, 29, 31, 32, 33, 34, 35, 36, 38, 39, 40, 41, 42, 43, 44, 53, 60, 67, 68, 75, 82]]

Search completed in 0 hours, 0 minutes, and 4.232 seconds.  Enter a string to quit.