Enter an integer k for which our Kempner sets are k-free: 10
Enter a positive integer modulus b: 96
Enter estimation parameters, or * for pre-computed parameters ([0.0857, 1.0803, 1.4053]): *
Enter a threshold (e.g. 4.2) to determine printed output: 8.02
Enter a root for the search space (e.g. [0, 1, 2]) [or * for the root [0]]: *
Enter an upper bound for the size of allowable digit sets [or * to ignore]: 48
Enter a maximal number of deviations from a greedy search [or * to ignore]: *
Searching for k-free sets mod b...

[96, 8.0221, [0, 1, 2, 3, 4, 5, 6, 7, 8, 10, 11, 12, 13, 14, 15, 16, 17, 19, 20, 21, 22, 24, 26, 27, 28, 29, 30, 31, 32, 33, 35, 37, 38, 40, 41, 43, 44, 45, 46, 47, 57, 66, 71, 73, 82, 84, 87, 90]]
[96, 8.02917, [0, 1, 2, 3, 4, 5, 6, 7, 8, 10, 11, 12, 13, 14, 15, 17, 18, 19, 20, 21, 22, 23, 24, 25, 28, 29, 30, 31, 33, 34, 35, 36, 37, 38, 39, 41, 44, 45, 46, 47, 57, 64, 74, 75, 80, 88, 90, 91]]
[96, 8.02318, [0, 1, 2, 3, 4, 5, 6, 7, 8, 10, 11, 12, 13, 14, 15, 17, 18, 19, 20, 21, 22, 23, 24, 25, 28, 29, 30, 31, 33, 34, 36, 37, 38, 39, 40, 41, 44, 45, 46, 47, 57, 64, 74, 75, 80, 83, 90, 91]]
[96, 8.02738, [0, 1, 2, 3, 4, 5, 6, 7, 8, 10, 11, 12, 13, 14, 15, 17, 18, 19, 20, 21, 22, 23, 24, 26, 27, 28, 30, 31, 33, 34, 35, 36, 37, 40, 41, 42, 43, 44, 46, 47, 57, 64, 73, 77, 80, 86, 87, 93]]
[96, 8.02216, [0, 1, 2, 3, 4, 5, 6, 7, 8, 10, 11, 12, 13, 14, 15, 17, 18, 19, 20, 21, 22, 23, 24, 26, 27, 28, 30, 31, 33, 35, 36, 37, 38, 40, 41, 42, 43, 44, 46, 47, 57, 64, 73, 77, 80, 82, 87, 93]]
[96, 8.05326, [0, 1, 2, 3, 4, 5, 6, 7, 8, 10, 11, 12, 13, 14, 15, 17, 18, 19, 20, 21, 22, 23, 24, 27, 28, 29, 30, 31, 33, 34, 35, 36, 37, 38, 40, 41, 43, 44, 45, 46, 47, 57, 64, 73, 74, 80, 87, 90]]
[96, 8.0246, [0, 1, 2, 3, 4, 5, 6, 7, 8, 10, 11, 12, 13, 14, 15, 17, 18, 19, 20, 21, 22, 23, 24, 27, 28, 29, 30, 31, 33, 34, 35, 36, 37, 38, 40, 41, 43, 44, 46, 47, 57, 64, 73, 74, 80, 87, 90, 93]]
[96, 8.02378, [0, 1, 2, 3, 4, 5, 6, 7, 8, 10, 11, 12, 13, 14, 15, 17, 18, 19, 20, 21, 22, 23, 24, 27, 28, 29, 30, 31, 33, 34, 35, 36, 37, 38, 40, 41, 43, 45, 46, 47, 57, 64, 73, 74, 80, 87, 90, 92]]
[96, 8.02291, [0, 1, 2, 3, 4, 5, 6, 7, 8, 10, 11, 12, 13, 14, 15, 17, 18, 19, 20, 21, 22, 23, 24, 27, 28, 29, 30, 31, 33, 34, 35, 36, 37, 38, 40, 41, 44, 45, 46, 47, 57, 64, 73, 74, 80, 87, 90, 91]]
[96, 8.06603, [0, 1, 2, 3, 4, 5, 6, 7, 8, 10, 11, 12, 13, 14, 15, 17, 18, 19, 20, 21, 22, 24, 25, 26, 27, 28, 29, 30, 31, 33, 34, 35, 36, 37, 41, 42, 43, 44, 45, 46, 47, 57, 64, 71, 80, 86, 87, 88]]
[96, 8.03737, [0, 1, 2, 3, 4, 5, 6, 7, 8, 10, 11, 12, 13, 14, 15, 17, 18, 19, 20, 21, 22, 24, 25, 26, 27, 28, 29, 30, 31, 33, 34, 35, 36, 37, 41, 42, 43, 44, 46, 47, 57, 64, 71, 80, 86, 87, 88, 93]]
[96, 8.03655, [0, 1, 2, 3, 4, 5, 6, 7, 8, 10, 11, 12, 13, 14, 15, 17, 18, 19, 20, 21, 22, 24, 25, 26, 27, 28, 29, 30, 31, 33, 34, 35, 36, 37, 41, 42, 43, 45, 46, 47, 57, 64, 71, 80, 86, 87, 88, 92]]
[96, 8.03478, [0, 1, 2, 3, 4, 5, 6, 7, 8, 10, 11, 12, 13, 14, 15, 17, 18, 19, 20, 21, 22, 24, 25, 26, 27, 28, 29, 30, 31, 33, 34, 35, 36, 37, 41, 43, 44, 45, 46, 47, 57, 64, 71, 80, 86, 87, 88, 90]]
[96, 8.02817, [0, 1, 2, 3, 4, 5, 6, 7, 8, 10, 11, 12, 13, 14, 15, 17, 18, 19, 20, 21, 22, 24, 25, 26, 27, 28, 29, 30, 31, 33, 34, 35, 37, 41, 42, 43, 44, 45, 46, 47, 57, 64, 71, 80, 84, 86, 87, 88]]
[96, 8.0297, [0, 1, 2, 3, 4, 5, 6, 7, 8, 10, 11, 12, 13, 14, 15, 17, 18, 19, 20, 21, 22, 24, 25, 26, 27, 28, 29, 30, 31, 33, 34, 36, 37, 40, 41, 42, 44, 45, 46, 47, 57, 64, 71, 80, 83, 86, 87, 91]]
[96, 8.02683, [0, 1, 2, 3, 4, 5, 6, 7, 8, 10, 11, 12, 13, 14, 15, 17, 18, 19, 20, 21, 22, 24, 25, 26, 27, 28, 29, 30, 31, 33, 34, 36, 37, 41, 42, 43, 44, 45, 46, 47, 57, 64, 71, 80, 83, 86, 87, 88]]
[96, 8.06537, [0, 1, 2, 3, 4, 5, 6, 7, 8, 10, 11, 12, 13, 14, 15, 17, 18, 19, 20, 21, 22, 24, 25, 26, 27, 28, 29, 30, 31, 33, 35, 36, 37, 38, 40, 41, 42, 43, 44, 46, 47, 57, 64, 71, 80, 82, 87, 93]]
[96, 8.03588, [0, 1, 2, 3, 4, 5, 6, 7, 8, 10, 11, 12, 13, 14, 15, 17, 18, 19, 20, 21, 22, 24, 25, 26, 27, 28, 29, 30, 31, 33, 35, 36, 37, 38, 40, 41, 42, 43, 46, 47, 57, 64, 71, 80, 82, 87, 92, 93]]
[96, 8.03411, [0, 1, 2, 3, 4, 5, 6, 7, 8, 10, 11, 12, 13, 14, 15, 17, 18, 19, 20, 21, 22, 24, 25, 26, 27, 28, 29, 30, 31, 33, 35, 36, 37, 38, 40, 41, 43, 44, 46, 47, 57, 64, 71, 80, 82, 87, 90, 93]]
[96, 8.06081, [0, 1, 2, 3, 4, 5, 6, 7, 8, 10, 11, 12, 13, 14, 15, 17, 18, 19, 20, 21, 22, 24, 25, 26, 27, 28, 29, 30, 31, 33, 35, 36, 37, 38, 41, 42, 43, 44, 45, 46, 47, 57, 64, 71, 80, 82, 87, 88]]
[96, 8.03293, [0, 1, 2, 3, 4, 5, 6, 7, 8, 10, 11, 12, 13, 14, 15, 17, 18, 19, 20, 21, 22, 24, 25, 26, 27, 28, 29, 30, 31, 33, 35, 36, 37, 38, 41, 42, 43, 44, 45, 47, 57, 64, 71, 80, 82, 87, 88, 94]]
[96, 8.03215, [0, 1, 2, 3, 4, 5, 6, 7, 8, 10, 11, 12, 13, 14, 15, 17, 18, 19, 20, 21, 22, 24, 25, 26, 27, 28, 29, 30, 31, 33, 35, 36, 37, 38, 41, 42, 43, 44, 46, 47, 57, 64, 71, 80, 82, 87, 88, 93]]
[96, 8.03133, [0, 1, 2, 3, 4, 5, 6, 7, 8, 10, 11, 12, 13, 14, 15, 17, 18, 19, 20, 21, 22, 24, 25, 26, 27, 28, 29, 30, 31, 33, 35, 36, 37, 38, 41, 42, 43, 45, 46, 47, 57, 64, 71, 80, 82, 87, 88, 92]]
[96, 8.03046, [0, 1, 2, 3, 4, 5, 6, 7, 8, 10, 11, 12, 13, 14, 15, 17, 18, 19, 20, 21, 22, 24, 25, 26, 27, 28, 29, 30, 31, 33, 35, 36, 37, 38, 41, 42, 44, 45, 46, 47, 57, 64, 71, 80, 82, 87, 88, 91]]
[96, 8.02956, [0, 1, 2, 3, 4, 5, 6, 7, 8, 10, 11, 12, 13, 14, 15, 17, 18, 19, 20, 21, 22, 24, 25, 26, 27, 28, 29, 30, 31, 33, 35, 36, 37, 38, 41, 43, 44, 45, 46, 47, 57, 64, 71, 80, 82, 87, 88, 90]]
[96, 8.02996, [0, 1, 2, 3, 4, 5, 6, 7, 8, 10, 11, 12, 13, 14, 15, 17, 18, 19, 20, 21, 22, 24, 25, 26, 27, 28, 29, 30, 31, 33, 35, 36, 37, 40, 41, 42, 43, 44, 46, 47, 57, 64, 71, 80, 82, 86, 87, 93]]
[96, 8.0254, [0, 1, 2, 3, 4, 5, 6, 7, 8, 10, 11, 12, 13, 14, 15, 17, 18, 19, 20, 21, 22, 24, 25, 26, 27, 28, 29, 30, 31, 33, 35, 36, 37, 41, 42, 43, 44, 45, 46, 47, 57, 64, 71, 80, 82, 86, 87, 88]]
[96, 8.0275, [0, 1, 2, 3, 4, 5, 6, 7, 8, 10, 11, 12, 13, 14, 15, 17, 18, 19, 20, 21, 22, 24, 25, 26, 27, 28, 29, 30, 31, 33, 35, 37, 38, 40, 41, 42, 43, 44, 46, 47, 57, 64, 71, 80, 82, 84, 87, 93]]
[96, 8.02294, [0, 1, 2, 3, 4, 5, 6, 7, 8, 10, 11, 12, 13, 14, 15, 17, 18, 19, 20, 21, 22, 24, 25, 26, 27, 28, 29, 30, 31, 33, 35, 37, 38, 41, 42, 43, 44, 45, 46, 47, 57, 64, 71, 80, 82, 84, 87, 88]]
[96, 8.05482, [0, 1, 2, 3, 4, 5, 6, 7, 8, 10, 11, 12, 13, 14, 15, 17, 18, 19, 20, 21, 22, 24, 25, 26, 27, 28, 29, 30, 31, 33, 36, 37, 38, 40, 41, 42, 43, 44, 45, 46, 47, 57, 64, 71, 80, 82, 83, 87]]
[96, 8.02616, [0, 1, 2, 3, 4, 5, 6, 7, 8, 10, 11, 12, 13, 14, 15, 17, 18, 19, 20, 21, 22, 24, 25, 26, 27, 28, 29, 30, 31, 33, 36, 37, 38, 40, 41, 42, 43, 44, 46, 47, 57, 64, 71, 80, 82, 83, 87, 93]]
[96, 8.02534, [0, 1, 2, 3, 4, 5, 6, 7, 8, 10, 11, 12, 13, 14, 15, 17, 18, 19, 20, 21, 22, 24, 25, 26, 27, 28, 29, 30, 31, 33, 36, 37, 38, 40, 41, 42, 43, 45, 46, 47, 57, 64, 71, 80, 82, 83, 87, 92]]
[96, 8.02448, [0, 1, 2, 3, 4, 5, 6, 7, 8, 10, 11, 12, 13, 14, 15, 17, 18, 19, 20, 21, 22, 24, 25, 26, 27, 28, 29, 30, 31, 33, 36, 37, 38, 40, 41, 42, 44, 45, 46, 47, 57, 64, 71, 80, 82, 83, 87, 91]]
[96, 8.02357, [0, 1, 2, 3, 4, 5, 6, 7, 8, 10, 11, 12, 13, 14, 15, 17, 18, 19, 20, 21, 22, 24, 25, 26, 27, 28, 29, 30, 31, 33, 36, 37, 38, 40, 41, 43, 44, 45, 46, 47, 57, 64, 71, 80, 82, 83, 87, 90]]
[96, 8.0216, [0, 1, 2, 3, 4, 5, 6, 7, 8, 10, 11, 12, 13, 14, 15, 17, 18, 19, 20, 21, 22, 24, 25, 26, 27, 28, 29, 30, 31, 33, 36, 37, 38, 41, 42, 43, 44, 45, 46, 47, 57, 64, 71, 80, 82, 83, 87, 88]]
[96, 8.02388, [0, 1, 2, 3, 4, 5, 6, 7, 8, 10, 11, 12, 13, 14, 15, 17, 18, 19, 20, 21, 22, 24, 25, 26, 27, 28, 29, 30, 31, 34, 35, 36, 37, 41, 42, 43, 44, 45, 46, 47, 57, 64, 71, 80, 81, 86, 87, 88]]
[96, 8.02322, [0, 1, 2, 3, 4, 5, 6, 7, 8, 10, 11, 12, 13, 14, 15, 17, 18, 19, 20, 21, 22, 24, 25, 26, 27, 28, 29, 30, 31, 35, 36, 37, 38, 40, 41, 42, 43, 44, 46, 47, 57, 64, 71, 80, 81, 82, 87, 93]]
[96, 8.02621, [0, 1, 2, 3, 4, 5, 6, 7, 8, 10, 11, 12, 13, 14, 15, 17, 18, 19, 20, 21, 22, 24, 25, 26, 27, 28, 29, 31, 33, 34, 35, 36, 37, 38, 41, 42, 43, 44, 45, 47, 57, 64, 71, 78, 80, 87, 88, 94]]
[96, 8.04026, [0, 1, 2, 3, 4, 5, 6, 7, 8, 10, 11, 12, 13, 14, 15, 17, 18, 19, 20, 21, 22, 24, 26, 27, 28, 29, 30, 31, 33, 34, 35, 36, 37, 40, 41, 42, 43, 44, 45, 46, 47, 57, 64, 71, 73, 80, 86, 87]]
[96, 8.03504, [0, 1, 2, 3, 4, 5, 6, 7, 8, 10, 11, 12, 13, 14, 15, 17, 18, 19, 20, 21, 22, 24, 26, 27, 28, 29, 30, 31, 33, 35, 36, 37, 38, 40, 41, 42, 43, 44, 45, 46, 47, 57, 64, 71, 73, 80, 82, 87]]
[96, 8.02186, [0, 1, 2, 3, 4, 5, 6, 7, 8, 10, 11, 12, 13, 15, 16, 17, 18, 19, 20, 21, 22, 24, 26, 27, 28, 29, 30, 31, 33, 34, 35, 37, 38, 40, 41, 42, 43, 44, 45, 46, 47, 57, 62, 71, 73, 80, 84, 87]]
[96, 8.03265, [0, 1, 2, 3, 4, 5, 6, 7, 8, 10, 11, 12, 13, 15, 16, 17, 18, 19, 20, 22, 23, 24, 25, 26, 27, 29, 30, 31, 32, 33, 34, 36, 38, 39, 40, 41, 42, 43, 45, 46, 47, 57, 62, 69, 76, 83, 85, 92]]
[96, 8.02581, [0, 1, 2, 3, 4, 5, 6, 7, 8, 10, 11, 12, 13, 15, 17, 18, 19, 20, 21, 22, 23, 24, 26, 27, 28, 29, 30, 31, 33, 34, 35, 36, 37, 38, 40, 41, 42, 43, 44, 45, 46, 47, 57, 62, 64, 73, 80, 87]]
[96, 8.03258, [0, 1, 2, 3, 4, 5, 6, 7, 8, 10, 11, 13, 14, 15, 16, 17, 18, 20, 21, 22, 23, 24, 25, 27, 28, 29, 30, 31, 32, 33, 34, 36, 37, 38, 39, 40, 41, 43, 44, 45, 46, 47, 57, 60, 67, 74, 83, 90]]
[96, 8.02864, [0, 1, 2, 3, 4, 5, 6, 7, 9, 10, 11, 12, 13, 14, 16, 17, 18, 19, 20, 21, 22, 23, 24, 27, 28, 29, 30, 31, 32, 33, 34, 36, 37, 38, 39, 40, 43, 44, 45, 46, 47, 56, 63, 73, 74, 83, 89, 90]]
[96, 8.02721, [0, 1, 2, 3, 4, 5, 6, 7, 9, 10, 11, 12, 13, 14, 16, 17, 18, 19, 20, 21, 22, 23, 24, 27, 28, 29, 30, 31, 32, 33, 35, 36, 37, 38, 39, 40, 43, 44, 45, 46, 47, 56, 63, 73, 74, 82, 89, 90]]
[96, 8.02569, [0, 1, 2, 3, 4, 5, 6, 7, 9, 10, 11, 12, 13, 14, 16, 17, 18, 19, 20, 21, 22, 23, 24, 27, 28, 29, 30, 31, 32, 34, 35, 36, 37, 38, 39, 40, 43, 44, 45, 46, 47, 56, 63, 73, 74, 81, 89, 90]]
[96, 8.02407, [0, 1, 2, 3, 4, 5, 6, 7, 9, 10, 11, 12, 13, 14, 16, 17, 18, 19, 20, 21, 22, 23, 24, 27, 28, 29, 30, 31, 33, 34, 35, 36, 37, 38, 39, 40, 43, 44, 45, 46, 47, 56, 63, 73, 74, 80, 89, 90]]
[96, 8.02234, [0, 1, 2, 3, 4, 5, 6, 7, 9, 10, 11, 12, 13, 14, 16, 17, 18, 19, 20, 21, 22, 23, 24, 27, 28, 29, 30, 32, 33, 34, 35, 36, 37, 38, 39, 40, 43, 44, 45, 46, 47, 56, 63, 73, 74, 79, 89, 90]]
[96, 8.02874, [0, 1, 2, 3, 4, 5, 6, 7, 9, 10, 11, 12, 13, 14, 16, 17, 18, 19, 20, 21, 23, 24, 25, 26, 27, 28, 29, 30, 31, 34, 35, 36, 37, 39, 40, 41, 42, 43, 44, 45, 47, 56, 63, 70, 80, 81, 86, 94]]
[96, 8.02441, [0, 1, 2, 3, 4, 5, 6, 7, 9, 10, 11, 12, 13, 14, 16, 17, 18, 19, 20, 21, 23, 24, 25, 26, 27, 28, 29, 30, 31, 34, 35, 36, 37, 39, 40, 42, 43, 44, 45, 46, 47, 56, 63, 70, 80, 81, 86, 89]]
[96, 8.02919, [0, 1, 2, 3, 4, 5, 6, 7, 9, 10, 11, 12, 13, 14, 16, 17, 18, 19, 20, 21, 23, 24, 25, 26, 27, 28, 29, 30, 32, 33, 34, 35, 36, 39, 40, 41, 43, 44, 45, 46, 47, 56, 63, 70, 79, 85, 86, 90]]
[96, 8.02616, [0, 1, 2, 3, 4, 5, 6, 7, 9, 10, 11, 12, 13, 14, 16, 17, 18, 19, 20, 21, 23, 24, 25, 26, 27, 28, 29, 30, 32, 33, 34, 35, 36, 40, 41, 42, 43, 44, 45, 46, 47, 56, 63, 70, 79, 85, 86, 87]]
[96, 8.05488, [0, 1, 2, 3, 4, 5, 6, 7, 9, 10, 11, 12, 13, 14, 16, 17, 18, 19, 20, 21, 23, 24, 25, 26, 27, 28, 29, 30, 32, 34, 35, 36, 37, 39, 40, 41, 42, 43, 44, 45, 46, 47, 56, 63, 70, 79, 81, 86]]
[96, 8.02701, [0, 1, 2, 3, 4, 5, 6, 7, 9, 10, 11, 12, 13, 14, 16, 17, 18, 19, 20, 21, 23, 24, 25, 26, 27, 28, 29, 30, 32, 34, 35, 36, 37, 39, 40, 41, 42, 43, 44, 45, 47, 56, 63, 70, 79, 81, 86, 94]]
[96, 8.02541, [0, 1, 2, 3, 4, 5, 6, 7, 9, 10, 11, 12, 13, 14, 16, 17, 18, 19, 20, 21, 23, 24, 25, 26, 27, 28, 29, 30, 32, 34, 35, 36, 37, 39, 40, 41, 42, 43, 45, 46, 47, 56, 63, 70, 79, 81, 86, 92]]
[96, 8.02455, [0, 1, 2, 3, 4, 5, 6, 7, 9, 10, 11, 12, 13, 14, 16, 17, 18, 19, 20, 21, 23, 24, 25, 26, 27, 28, 29, 30, 32, 34, 35, 36, 37, 39, 40, 41, 42, 44, 45, 46, 47, 56, 63, 70, 79, 81, 86, 91]]
[96, 8.02364, [0, 1, 2, 3, 4, 5, 6, 7, 9, 10, 11, 12, 13, 14, 16, 17, 18, 19, 20, 21, 23, 24, 25, 26, 27, 28, 29, 30, 32, 34, 35, 36, 37, 39, 40, 41, 43, 44, 45, 46, 47, 56, 63, 70, 79, 81, 86, 90]]
[96, 8.02268, [0, 1, 2, 3, 4, 5, 6, 7, 9, 10, 11, 12, 13, 14, 16, 17, 18, 19, 20, 21, 23, 24, 25, 26, 27, 28, 29, 30, 32, 34, 35, 36, 37, 39, 40, 42, 43, 44, 45, 46, 47, 56, 63, 70, 79, 81, 86, 89]]
[96, 8.02516, [0, 1, 2, 3, 4, 5, 6, 7, 9, 10, 11, 12, 13, 14, 16, 17, 18, 19, 20, 21, 23, 24, 25, 26, 27, 28, 29, 31, 32, 34, 35, 36, 37, 39, 40, 41, 42, 43, 44, 45, 47, 56, 63, 70, 78, 81, 86, 94]]
[96, 8.03666, [0, 1, 2, 3, 4, 5, 6, 7, 9, 10, 11, 12, 13, 14, 16, 17, 18, 19, 20, 21, 23, 24, 25, 26, 27, 28, 30, 31, 32, 33, 34, 35, 36, 37, 39, 40, 41, 42, 43, 44, 47, 56, 63, 70, 77, 86, 93, 94]]
[96, 8.03233, [0, 1, 2, 3, 4, 5, 6, 7, 9, 10, 11, 12, 13, 14, 16, 17, 18, 19, 20, 21, 23, 24, 25, 26, 27, 28, 30, 31, 32, 33, 34, 35, 36, 37, 39, 40, 42, 43, 44, 46, 47, 56, 63, 70, 77, 86, 89, 93]]

Search completed in 0 hours, 0 minutes, and 9.009 seconds.  Enter a string to quit.