Enter an integer k for which our Kempner sets are k-free: 10
Enter a positive integer modulus b: 42
Enter estimation parameters, or * for pre-computed parameters ([0.1117, 1.1209, 1.4663]): *
Enter a threshold (e.g. 4.2) to determine printed output: 6.45
Enter a root for the search space (e.g. [0, 1, 2]) [or * for the root [0]]: *
Enter an upper bound for the size of allowable digit sets [or * to ignore]: *
Enter a maximal number of deviations from a greedy search [or * to ignore]: *
Searching for k-free sets mod b...

[42, 6.6612, [0, 1, 2, 3, 4, 5, 6, 7, 8, 10, 11, 12, 13, 14, 15, 17, 18, 19, 20, 30, 37]]
[42, 6.59428, [0, 1, 2, 3, 4, 5, 6, 7, 8, 10, 11, 12, 13, 14, 15, 17, 18, 20, 30, 37, 40]]
[42, 6.58967, [0, 1, 2, 3, 4, 5, 6, 7, 8, 10, 11, 12, 13, 14, 15, 17, 19, 20, 30, 37, 39]]
[42, 6.52282, [0, 1, 2, 3, 4, 5, 6, 7, 8, 10, 11, 12, 13, 14, 15, 17, 20, 30, 37, 39, 40]]
[42, 6.58448, [0, 1, 2, 3, 4, 5, 6, 7, 8, 10, 11, 12, 13, 14, 15, 18, 19, 20, 30, 37, 38]]
[42, 6.51303, [0, 1, 2, 3, 4, 5, 6, 7, 8, 10, 11, 12, 13, 14, 15, 19, 20, 30, 37, 38, 39]]
[42, 6.57188, [0, 1, 2, 3, 4, 5, 6, 7, 8, 10, 11, 12, 13, 14, 17, 18, 19, 20, 30, 36, 37]]
[42, 6.50506, [0, 1, 2, 3, 4, 5, 6, 7, 8, 10, 11, 12, 13, 14, 17, 18, 20, 30, 36, 37, 40]]
[42, 6.50045, [0, 1, 2, 3, 4, 5, 6, 7, 8, 10, 11, 12, 13, 14, 17, 19, 20, 30, 36, 37, 39]]
[42, 6.49526, [0, 1, 2, 3, 4, 5, 6, 7, 8, 10, 11, 12, 13, 14, 18, 19, 20, 30, 36, 37, 38]]
[42, 6.56417, [0, 1, 2, 3, 4, 5, 6, 7, 8, 10, 11, 12, 13, 15, 17, 18, 19, 20, 30, 35, 37]]
[42, 6.49735, [0, 1, 2, 3, 4, 5, 6, 7, 8, 10, 11, 12, 13, 15, 17, 18, 20, 30, 35, 37, 40]]
[42, 6.49274, [0, 1, 2, 3, 4, 5, 6, 7, 8, 10, 11, 12, 13, 15, 17, 19, 20, 30, 35, 37, 39]]
[42, 6.48756, [0, 1, 2, 3, 4, 5, 6, 7, 8, 10, 11, 12, 13, 15, 18, 19, 20, 30, 35, 37, 38]]
[42, 6.47498, [0, 1, 2, 3, 4, 5, 6, 7, 8, 10, 11, 12, 13, 17, 18, 19, 20, 30, 35, 36, 37]]
[42, 6.47795, [0, 1, 2, 3, 4, 5, 6, 7, 8, 10, 11, 13, 14, 15, 17, 18, 20, 30, 33, 37, 40]]
[42, 6.46094, [0, 1, 2, 3, 4, 5, 6, 7, 8, 10, 12, 13, 14, 15, 17, 19, 20, 30, 32, 37, 39]]
[42, 6.63177, [0, 1, 2, 3, 4, 5, 6, 7, 9, 10, 11, 12, 13, 14, 16, 17, 18, 19, 20, 29, 36]]
[42, 6.5649, [0, 1, 2, 3, 4, 5, 6, 7, 9, 10, 11, 12, 13, 14, 16, 17, 18, 20, 29, 36, 40]]
[42, 6.56029, [0, 1, 2, 3, 4, 5, 6, 7, 9, 10, 11, 12, 13, 14, 16, 17, 19, 20, 29, 36, 39]]
[42, 6.49349, [0, 1, 2, 3, 4, 5, 6, 7, 9, 10, 11, 12, 13, 14, 16, 17, 20, 29, 36, 39, 40]]
[42, 6.5551, [0, 1, 2, 3, 4, 5, 6, 7, 9, 10, 11, 12, 13, 14, 16, 18, 19, 20, 29, 36, 38]]
[42, 6.4883, [0, 1, 2, 3, 4, 5, 6, 7, 9, 10, 11, 12, 13, 14, 16, 18, 20, 29, 36, 38, 40]]
[42, 6.4837, [0, 1, 2, 3, 4, 5, 6, 7, 9, 10, 11, 12, 13, 14, 16, 19, 20, 29, 36, 38, 39]]
[42, 6.54921, [0, 1, 2, 3, 4, 5, 6, 7, 9, 10, 11, 12, 13, 14, 17, 18, 19, 20, 29, 36, 37]]
[42, 6.48243, [0, 1, 2, 3, 4, 5, 6, 7, 9, 10, 11, 12, 13, 14, 17, 18, 20, 29, 36, 37, 40]]
[42, 6.47782, [0, 1, 2, 3, 4, 5, 6, 7, 9, 10, 11, 12, 13, 14, 17, 19, 20, 29, 36, 37, 39]]
[42, 6.47263, [0, 1, 2, 3, 4, 5, 6, 7, 9, 10, 11, 12, 13, 14, 18, 19, 20, 29, 36, 37, 38]]
[42, 6.53479, [0, 1, 2, 3, 4, 5, 6, 7, 9, 10, 11, 12, 13, 16, 17, 18, 19, 20, 29, 35, 36]]
[42, 6.46802, [0, 1, 2, 3, 4, 5, 6, 7, 9, 10, 11, 12, 13, 16, 17, 18, 20, 29, 35, 36, 40]]
[42, 6.46341, [0, 1, 2, 3, 4, 5, 6, 7, 9, 10, 11, 12, 13, 16, 17, 19, 20, 29, 35, 36, 39]]
[42, 6.45823, [0, 1, 2, 3, 4, 5, 6, 7, 9, 10, 11, 12, 13, 16, 18, 19, 20, 29, 35, 36, 38]]
[42, 6.45235, [0, 1, 2, 3, 4, 5, 6, 7, 9, 10, 11, 12, 13, 17, 18, 19, 20, 29, 35, 36, 37]]
[42, 6.59509, [0, 1, 2, 3, 4, 5, 6, 8, 9, 10, 11, 12, 13, 15, 16, 17, 18, 19, 20, 28, 35]]
[42, 6.52829, [0, 1, 2, 3, 4, 5, 6, 8, 9, 10, 11, 12, 13, 15, 16, 17, 18, 20, 28, 35, 40]]
[42, 6.52368, [0, 1, 2, 3, 4, 5, 6, 8, 9, 10, 11, 12, 13, 15, 16, 17, 19, 20, 28, 35, 39]]
[42, 6.45695, [0, 1, 2, 3, 4, 5, 6, 8, 9, 10, 11, 12, 13, 15, 16, 17, 20, 28, 35, 39, 40]]
[42, 6.51849, [0, 1, 2, 3, 4, 5, 6, 8, 9, 10, 11, 12, 13, 15, 16, 18, 19, 20, 28, 35, 38]]
[42, 6.45177, [0, 1, 2, 3, 4, 5, 6, 8, 9, 10, 11, 12, 13, 15, 16, 18, 20, 28, 35, 38, 40]]
[42, 6.51261, [0, 1, 2, 3, 4, 5, 6, 8, 9, 10, 11, 12, 13, 15, 17, 18, 19, 20, 28, 35, 37]]
[42, 6.5059, [0, 1, 2, 3, 4, 5, 6, 8, 9, 10, 11, 12, 13, 16, 17, 18, 19, 20, 28, 35, 36]]
[42, 6.50478, [0, 1, 2, 3, 4, 5, 7, 8, 9, 10, 11, 12, 13, 14, 15, 17, 18, 20, 27, 37, 40]]
[42, 6.49498, [0, 1, 2, 3, 4, 5, 7, 8, 9, 10, 11, 12, 13, 14, 15, 18, 19, 20, 27, 37, 38]]
[42, 6.56479, [0, 1, 2, 3, 4, 5, 7, 8, 9, 10, 11, 12, 13, 14, 16, 17, 18, 19, 20, 27, 36]]
[42, 6.49807, [0, 1, 2, 3, 4, 5, 7, 8, 9, 10, 11, 12, 13, 14, 16, 17, 18, 20, 27, 36, 40]]
[42, 6.49346, [0, 1, 2, 3, 4, 5, 7, 8, 9, 10, 11, 12, 13, 14, 16, 17, 19, 20, 27, 36, 39]]
[42, 6.48827, [0, 1, 2, 3, 4, 5, 7, 8, 9, 10, 11, 12, 13, 14, 16, 18, 19, 20, 27, 36, 38]]
[42, 6.48239, [0, 1, 2, 3, 4, 5, 7, 8, 9, 10, 11, 12, 13, 14, 17, 18, 19, 20, 27, 36, 37]]
[42, 6.49036, [0, 1, 2, 3, 4, 5, 7, 8, 9, 10, 11, 12, 13, 15, 16, 17, 18, 20, 27, 35, 40]]
[42, 6.48056, [0, 1, 2, 3, 4, 5, 7, 8, 9, 10, 11, 12, 13, 15, 16, 18, 19, 20, 27, 35, 38]]
[42, 6.46797, [0, 1, 2, 3, 4, 5, 7, 8, 9, 10, 11, 12, 13, 16, 17, 18, 19, 20, 27, 35, 36]]
[42, 6.54811, [0, 1, 2, 3, 4, 5, 7, 8, 9, 10, 11, 12, 14, 15, 16, 17, 18, 19, 20, 27, 34]]
[42, 6.48141, [0, 1, 2, 3, 4, 5, 7, 8, 9, 10, 11, 12, 14, 15, 16, 17, 18, 20, 27, 34, 40]]
[42, 6.4768, [0, 1, 2, 3, 4, 5, 7, 8, 9, 10, 11, 12, 14, 15, 16, 17, 19, 20, 27, 34, 39]]
[42, 6.47161, [0, 1, 2, 3, 4, 5, 7, 8, 9, 10, 11, 12, 14, 15, 16, 18, 19, 20, 27, 34, 38]]
[42, 6.46573, [0, 1, 2, 3, 4, 5, 7, 8, 9, 10, 11, 12, 14, 15, 17, 18, 19, 20, 27, 34, 37]]
[42, 6.45902, [0, 1, 2, 3, 4, 5, 7, 8, 9, 10, 11, 12, 14, 16, 17, 18, 19, 20, 27, 34, 36]]
[42, 6.47093, [0, 1, 2, 3, 4, 5, 7, 8, 9, 10, 11, 13, 14, 15, 16, 17, 18, 20, 27, 33, 40]]
[42, 6.4539, [0, 1, 2, 3, 4, 5, 7, 8, 9, 10, 12, 13, 14, 15, 16, 17, 19, 20, 27, 32, 39]]
[42, 6.50512, [0, 1, 2, 3, 4, 6, 7, 8, 9, 10, 11, 12, 13, 15, 16, 17, 18, 19, 20, 26, 35]]
[42, 6.48567, [0, 1, 2, 3, 4, 6, 7, 8, 9, 10, 11, 13, 14, 15, 16, 17, 18, 19, 20, 26, 33]]

Search completed in 0 hours, 0 minutes, and 0.451 seconds.  Enter a string to quit.