Enter an integer k for which our Kempner sets are k-free: 10
Enter a positive integer modulus b: 16
Enter estimation parameters, or * for pre-computed parameters ([0.181, 1.1815, 1.6453]): *
Enter a threshold (e.g. 4.2) to determine printed output: 3.5
Enter a root for the search space (e.g. [0, 1, 2]) [or * for the root [0]]: *
Enter an upper bound for the size of allowable digit sets [or * to ignore]: *
Enter a maximal number of deviations from a greedy search [or * to ignore]: *
Searching for k-free sets mod b...

[16, 4.98851, [0, 1, 2, 3, 4, 5, 6, 7]]
[16, 4.78439, [0, 1, 2, 3, 4, 5, 7, 14]]
[16, 4.09768, [0, 1, 2, 3, 4, 5, 14]]
[16, 4.73756, [0, 1, 2, 3, 4, 6, 7, 13]]
[16, 4.05662, [0, 1, 2, 3, 4, 6, 13]]
[16, 4.53541, [0, 1, 2, 3, 4, 7, 13, 14]]
[16, 4.00444, [0, 1, 2, 3, 4, 7, 14]]
[16, 3.87884, [0, 1, 2, 3, 4, 13, 14]]
[16, 4.66864, [0, 1, 2, 3, 5, 6, 7, 12]]
[16, 3.99623, [0, 1, 2, 3, 5, 6, 12]]
[16, 4.46712, [0, 1, 2, 3, 5, 7, 12, 14]]
[16, 3.93066, [0, 1, 2, 3, 5, 7, 14]]
[16, 3.81904, [0, 1, 2, 3, 5, 12, 14]]
[16, 4.42073, [0, 1, 2, 3, 6, 7, 12, 13]]
[16, 3.88978, [0, 1, 2, 3, 6, 7, 13]]
[16, 3.77838, [0, 1, 2, 3, 6, 12, 13]]
[16, 4.22118, [0, 1, 2, 3, 7, 12, 13, 14]]
[16, 3.72687, [0, 1, 2, 3, 7, 12, 14]]
[16, 3.71349, [0, 1, 2, 3, 7, 13, 14]]
[16, 3.60299, [0, 1, 2, 3, 12, 13, 14]]
[16, 4.55881, [0, 1, 2, 4, 5, 6, 7, 11]]
[16, 3.90014, [0, 1, 2, 4, 5, 6, 11]]
[16, 4.35853, [0, 1, 2, 4, 5, 7, 11, 14]]
[16, 3.8196, [0, 1, 2, 4, 5, 7, 14]]
[16, 3.72408, [0, 1, 2, 4, 5, 11, 14]]
[16, 4.31221, [0, 1, 2, 4, 6, 7, 11, 13]]
[16, 3.77883, [0, 1, 2, 4, 6, 7, 13]]
[16, 3.68348, [0, 1, 2, 4, 6, 11, 13]]
[16, 4.1139, [0, 1, 2, 4, 7, 11, 13, 14]]
[16, 3.63227, [0, 1, 2, 4, 7, 11, 14]]
[16, 3.60381, [0, 1, 2, 4, 7, 13, 14]]
[16, 3.50924, [0, 1, 2, 4, 11, 13, 14]]
[16, 4.2441, [0, 1, 2, 5, 6, 7, 11, 12]]
[16, 3.71889, [0, 1, 2, 5, 6, 7, 12]]
[16, 3.62385, [0, 1, 2, 5, 6, 11, 12]]
[16, 4.04642, [0, 1, 2, 5, 7, 11, 12, 14]]
[16, 3.55959, [0, 1, 2, 5, 7, 11, 14]]
[16, 3.54445, [0, 1, 2, 5, 7, 12, 14]]
[16, 4.00054, [0, 1, 2, 6, 7, 11, 12, 13]]
[16, 3.51918, [0, 1, 2, 6, 7, 11, 13]]
[16, 3.50407, [0, 1, 2, 6, 7, 12, 13]]
[16, 3.80483, [0, 1, 2, 7, 11, 12, 13, 14]]
[16, 4.3603, [0, 1, 3, 4, 5, 6, 7, 10]]
[16, 3.72677, [0, 1, 3, 4, 5, 6, 10]]
[16, 4.16293, [0, 1, 3, 4, 5, 7, 10, 14]]
[16, 3.62994, [0, 1, 3, 4, 5, 7, 14]]
[16, 3.55338, [0, 1, 3, 4, 5, 10, 14]]
[16, 4.11681, [0, 1, 3, 4, 6, 7, 10, 13]]
[16, 3.58939, [0, 1, 3, 4, 6, 7, 13]]
[16, 3.51297, [0, 1, 3, 4, 6, 10, 13]]
[16, 3.92142, [0, 1, 3, 4, 7, 10, 13, 14]]
[16, 4.04894, [0, 1, 3, 5, 6, 7, 10, 12]]
[16, 3.52974, [0, 1, 3, 5, 6, 7, 12]]
[16, 3.85418, [0, 1, 3, 5, 7, 10, 12, 14]]
[16, 3.80849, [0, 1, 3, 6, 7, 10, 12, 13]]
[16, 3.6157, [0, 1, 3, 7, 10, 12, 13, 14]]
[16, 3.94094, [0, 1, 4, 5, 6, 7, 10, 11]]
[16, 3.74742, [0, 1, 4, 5, 7, 10, 11, 14]]
[16, 3.7018, [0, 1, 4, 6, 7, 10, 11, 13]]
[16, 3.51025, [0, 1, 4, 7, 10, 11, 13, 14]]
[16, 3.63474, [0, 1, 5, 6, 7, 10, 11, 12]]
[16, 3.90277, [0, 2, 3, 4, 5, 6, 7, 9]]
[16, 3.71521, [0, 2, 3, 4, 5, 7, 9, 14]]
[16, 3.67009, [0, 2, 3, 4, 6, 7, 9, 13]]
[16, 3.60338, [0, 2, 3, 5, 6, 7, 9, 12]]

Search completed in 0 hours, 0 minutes, and 0.038 seconds.  Enter a string to quit.