Enter an integer k for which our Kempner sets are k-free: 10
Enter a positive integer modulus b: 53
Enter estimation parameters, or * for pre-computed parameters ([0.1028, 1.1086, 1.445]): *
Enter a threshold (e.g. 4.2) to determine printed output: 12.8
Enter a root for the search space (e.g. [0, 1, 2]) [or * for the root [0]]: *
Enter an upper bound for the size of allowable digit sets [or * to ignore]: *
Enter a maximal number of deviations from a greedy search [or * to ignore]: *
Searching for k-free sets mod b...

[53, 12.9125, [0, 1, 2, 3, 4, 5, 6, 7, 8, 10, 11, 12, 13, 14, 15, 17, 18, 19, 21, 22, 23, 24, 25, 26, 27, 28, 30, 32, 34, 36, 40, 43, 44, 46, 47, 48, 49, 50]]
[53, 12.8845, [0, 1, 2, 3, 4, 5, 6, 7, 8, 10, 11, 12, 13, 14, 15, 17, 18, 19, 21, 22, 23, 24, 25, 26, 28, 29, 32, 36, 37, 38, 39, 42, 43, 44, 45, 47, 48, 49]]
[53, 12.9886, [0, 1, 2, 3, 4, 5, 6, 7, 8, 10, 11, 12, 13, 15, 16, 17, 18, 19, 20, 21, 23, 24, 25, 26, 27, 28, 30, 31, 32, 34, 35, 37, 40, 41, 43, 46, 47, 51]]
[53, 12.9598, [0, 1, 2, 3, 4, 5, 6, 7, 8, 10, 11, 12, 13, 15, 16, 17, 18, 19, 20, 21, 23, 24, 25, 26, 27, 28, 30, 32, 34, 35, 37, 39, 40, 41, 43, 46, 47, 51]]
[53, 12.9261, [0, 1, 2, 3, 4, 5, 6, 7, 8, 10, 11, 12, 13, 15, 16, 17, 18, 19, 20, 21, 24, 25, 26, 27, 28, 30, 31, 32, 34, 35, 37, 39, 40, 41, 42, 43, 46, 51]]
[53, 12.8711, [0, 1, 2, 3, 4, 5, 6, 7, 8, 10, 11, 12, 13, 15, 16, 17, 18, 19, 20, 21, 24, 25, 26, 27, 28, 30, 31, 32, 34, 39, 40, 41, 42, 43, 45, 46, 47, 51]]
[53, 12.8724, [0, 1, 2, 3, 4, 5, 6, 7, 8, 10, 11, 12, 13, 15, 16, 17, 18, 19, 20, 23, 24, 25, 26, 27, 28, 30, 32, 34, 35, 37, 38, 39, 40, 41, 43, 46, 47, 51]]
[53, 12.8387, [0, 1, 2, 3, 4, 5, 6, 7, 8, 10, 11, 12, 13, 15, 16, 17, 18, 19, 20, 24, 25, 26, 27, 28, 30, 31, 32, 34, 35, 37, 38, 39, 40, 41, 42, 43, 46, 51]]
[53, 12.9233, [0, 1, 2, 3, 4, 5, 6, 7, 8, 10, 11, 12, 13, 15, 16, 17, 18, 20, 21, 22, 23, 24, 25, 26, 27, 29, 31, 33, 34, 35, 36, 39, 40, 42, 43, 45, 48, 49]]
[53, 12.8647, [0, 1, 2, 3, 4, 5, 6, 7, 8, 10, 11, 12, 13, 15, 16, 17, 18, 20, 21, 22, 23, 24, 25, 26, 27, 29, 31, 34, 35, 36, 40, 42, 43, 45, 46, 47, 48, 49]]
[53, 12.8915, [0, 1, 2, 3, 4, 5, 6, 7, 8, 10, 11, 12, 13, 15, 16, 17, 18, 20, 21, 22, 23, 24, 25, 26, 27, 31, 33, 34, 35, 36, 37, 39, 40, 42, 43, 45, 48, 49]]
[53, 12.8998, [0, 1, 2, 3, 4, 5, 6, 7, 8, 10, 11, 12, 13, 15, 16, 17, 18, 20, 21, 22, 23, 24, 25, 27, 28, 29, 31, 34, 35, 36, 37, 39, 40, 42, 43, 46, 47, 48]]
[53, 12.8104, [0, 1, 2, 3, 4, 5, 6, 7, 8, 10, 11, 12, 13, 15, 16, 17, 18, 20, 21, 22, 23, 24, 25, 27, 29, 31, 34, 35, 36, 39, 40, 42, 43, 45, 46, 47, 48, 49]]
[53, 12.8767, [0, 1, 2, 3, 4, 5, 6, 7, 8, 10, 11, 12, 13, 15, 16, 17, 18, 20, 21, 22, 23, 25, 26, 27, 28, 29, 33, 34, 35, 36, 37, 39, 40, 42, 43, 45, 48, 49]]
[53, 12.9319, [0, 1, 2, 3, 4, 5, 6, 7, 8, 10, 11, 12, 13, 15, 16, 17, 18, 20, 22, 23, 24, 25, 26, 27, 28, 29, 31, 33, 34, 35, 36, 37, 38, 39, 40, 42, 43, 45]]
[53, 12.8979, [0, 1, 2, 3, 4, 5, 6, 7, 8, 10, 11, 12, 13, 15, 16, 17, 18, 20, 22, 23, 24, 25, 26, 27, 28, 29, 31, 33, 34, 35, 36, 37, 39, 40, 42, 43, 48, 49]]
[53, 12.8391, [0, 1, 2, 3, 4, 5, 6, 7, 8, 10, 11, 12, 13, 15, 16, 17, 18, 20, 22, 23, 24, 25, 26, 27, 29, 31, 33, 34, 35, 36, 37, 39, 40, 42, 43, 45, 48, 49]]
[53, 12.8127, [0, 1, 2, 3, 4, 5, 6, 7, 8, 10, 11, 13, 14, 15, 16, 17, 18, 19, 20, 21, 24, 25, 26, 27, 29, 30, 31, 33, 35, 38, 39, 41, 42, 45, 46, 47, 48, 50]]
[53, 12.8336, [0, 1, 2, 3, 4, 5, 6, 7, 8, 10, 11, 13, 14, 15, 16, 17, 18, 20, 21, 22, 23, 24, 25, 27, 28, 29, 30, 32, 33, 34, 38, 42, 44, 45, 47, 48, 49, 50]]
[53, 12.9267, [0, 1, 2, 3, 4, 5, 6, 7, 9, 10, 11, 12, 13, 14, 15, 16, 18, 19, 20, 22, 23, 24, 25, 26, 27, 29, 30, 32, 33, 37, 38, 39, 40, 42, 45, 48, 49, 50]]
[53, 12.8832, [0, 1, 2, 3, 4, 5, 6, 7, 9, 10, 11, 12, 13, 14, 15, 16, 18, 19, 20, 23, 24, 25, 26, 27, 28, 29, 31, 32, 33, 37, 38, 39, 40, 42, 45, 48, 49, 50]]
[53, 12.8137, [0, 1, 2, 3, 4, 5, 6, 7, 9, 10, 11, 12, 13, 14, 15, 16, 18, 19, 22, 23, 24, 25, 26, 27, 29, 30, 32, 33, 37, 38, 39, 40, 42, 44, 45, 48, 49, 50]]
[53, 12.853, [0, 1, 2, 3, 4, 5, 6, 7, 9, 10, 11, 12, 13, 14, 15, 16, 19, 20, 21, 22, 24, 25, 26, 27, 29, 30, 32, 34, 36, 37, 38, 40, 41, 42, 43, 44, 45, 46]]
[53, 12.8231, [0, 1, 2, 3, 4, 5, 6, 7, 9, 10, 11, 12, 13, 14, 15, 16, 19, 20, 22, 23, 24, 25, 26, 27, 29, 30, 31, 32, 36, 37, 39, 40, 42, 43, 44, 45, 47, 50]]
[53, 12.9562, [0, 1, 2, 3, 4, 5, 6, 7, 9, 10, 11, 12, 13, 14, 16, 17, 18, 19, 20, 21, 23, 24, 25, 26, 27, 28, 30, 31, 32, 33, 35, 36, 38, 44, 46, 47, 48, 50]]
[53, 12.8995, [0, 1, 2, 3, 4, 5, 6, 7, 9, 10, 11, 12, 13, 14, 16, 17, 18, 19, 20, 21, 23, 24, 25, 26, 27, 28, 30, 31, 33, 34, 35, 38, 46, 47, 48, 49, 50, 51]]
[53, 12.8096, [0, 1, 2, 3, 4, 5, 6, 7, 9, 10, 11, 12, 13, 14, 16, 17, 18, 19, 20, 21, 23, 24, 26, 27, 28, 30, 31, 32, 38, 40, 41, 42, 44, 46, 47, 48, 49, 51]]
[53, 12.8611, [0, 1, 2, 3, 4, 5, 6, 7, 9, 10, 11, 12, 13, 14, 16, 17, 18, 19, 20, 22, 23, 24, 25, 26, 27, 29, 30, 32, 33, 38, 39, 42, 44, 45, 47, 48, 49, 50]]
[53, 12.8254, [0, 1, 2, 3, 4, 5, 6, 7, 9, 10, 11, 12, 13, 14, 16, 17, 18, 19, 20, 23, 24, 25, 26, 27, 28, 30, 32, 33, 34, 35, 36, 38, 44, 46, 47, 48, 50, 51]]
[53, 12.8155, [0, 1, 2, 3, 4, 5, 6, 7, 9, 10, 11, 12, 14, 15, 16, 17, 19, 20, 21, 22, 23, 24, 25, 26, 27, 31, 32, 33, 34, 35, 37, 38, 40, 44, 45, 46, 49, 51]]
[53, 12.8555, [0, 1, 2, 3, 4, 5, 6, 7, 9, 10, 11, 13, 14, 15, 16, 17, 18, 20, 21, 22, 23, 24, 25, 26, 27, 28, 31, 32, 33, 34, 35, 37, 38, 41, 45, 47, 49, 51]]
[53, 12.9004, [0, 1, 2, 3, 4, 5, 6, 8, 9, 10, 11, 12, 13, 15, 16, 17, 18, 19, 20, 22, 23, 24, 25, 26, 27, 29, 30, 31, 33, 34, 35, 36, 38, 39, 41, 43, 45, 51]]
[53, 12.8783, [0, 1, 2, 3, 4, 5, 6, 8, 9, 10, 11, 12, 13, 15, 16, 17, 18, 19, 20, 22, 23, 24, 25, 26, 27, 29, 30, 32, 33, 34, 35, 37, 38, 39, 43, 45, 47, 51]]
[53, 12.9064, [0, 1, 2, 3, 4, 5, 7, 8, 9, 10, 11, 12, 13, 14, 16, 17, 18, 19, 20, 21, 23, 24, 25, 26, 27, 28, 30, 31, 32, 33, 34, 35, 37, 38, 40, 41, 42, 45]]
[53, 12.819, [0, 1, 2, 3, 4, 5, 7, 8, 9, 10, 11, 12, 13, 14, 16, 17, 18, 19, 20, 21, 24, 25, 26, 27, 28, 30, 31, 32, 33, 34, 35, 37, 38, 40, 41, 42, 43, 46]]

Search completed in 61 hours, 17 minutes, and 10.994 seconds.  Enter a string to quit.