Enter an integer k for which our Kempner sets are k-free: 10
Enter a positive integer modulus b: 48
Enter estimation parameters, or * for pre-computed parameters ([0.1069, 1.1123, 1.4579]): *
Enter a threshold (e.g. 4.2) to determine printed output: 6.7
Enter a root for the search space (e.g. [0, 1, 2]) [or * for the root [0]]: *
Enter an upper bound for the size of allowable digit sets [or * to ignore]: *
Enter a maximal number of deviations from a greedy search [or * to ignore]: *
Searching for k-free sets mod b...

[48, 6.85345, [0, 1, 2, 3, 4, 5, 6, 7, 8, 10, 11, 12, 13, 14, 15, 16, 19, 20, 21, 22, 23, 33, 41, 42]]
[48, 6.7921, [0, 1, 2, 3, 4, 5, 6, 7, 8, 10, 11, 12, 13, 14, 15, 16, 19, 20, 22, 23, 33, 41, 42, 45]]
[48, 6.7883, [0, 1, 2, 3, 4, 5, 6, 7, 8, 10, 11, 12, 13, 14, 15, 16, 19, 21, 22, 23, 33, 41, 42, 44]]
[48, 6.727, [0, 1, 2, 3, 4, 5, 6, 7, 8, 10, 11, 12, 13, 14, 15, 16, 19, 22, 23, 33, 41, 42, 44, 45]]
[48, 6.78406, [0, 1, 2, 3, 4, 5, 6, 7, 8, 10, 11, 12, 13, 14, 15, 16, 20, 21, 22, 23, 33, 41, 42, 43]]
[48, 6.72277, [0, 1, 2, 3, 4, 5, 6, 7, 8, 10, 11, 12, 13, 14, 15, 16, 20, 22, 23, 33, 41, 42, 43, 45]]
[48, 6.71897, [0, 1, 2, 3, 4, 5, 6, 7, 8, 10, 11, 12, 13, 14, 15, 16, 21, 22, 23, 33, 41, 42, 43, 44]]
[48, 6.84209, [0, 1, 2, 3, 4, 5, 6, 7, 8, 10, 11, 12, 13, 14, 15, 18, 19, 20, 21, 22, 23, 33, 40, 41]]
[48, 6.78419, [0, 1, 2, 3, 4, 5, 6, 7, 8, 10, 11, 12, 13, 14, 15, 18, 19, 20, 21, 23, 33, 40, 41, 46]]
[48, 6.78075, [0, 1, 2, 3, 4, 5, 6, 7, 8, 10, 11, 12, 13, 14, 15, 18, 19, 20, 22, 23, 33, 40, 41, 45]]
[48, 6.72289, [0, 1, 2, 3, 4, 5, 6, 7, 8, 10, 11, 12, 13, 14, 15, 18, 19, 20, 23, 33, 40, 41, 45, 46]]
[48, 6.77694, [0, 1, 2, 3, 4, 5, 6, 7, 8, 10, 11, 12, 13, 14, 15, 18, 19, 21, 22, 23, 33, 40, 41, 44]]
[48, 6.71566, [0, 1, 2, 3, 4, 5, 6, 7, 8, 10, 11, 12, 13, 14, 15, 18, 19, 22, 23, 33, 40, 41, 44, 45]]
[48, 6.77271, [0, 1, 2, 3, 4, 5, 6, 7, 8, 10, 11, 12, 13, 14, 15, 18, 20, 21, 22, 23, 33, 40, 41, 43]]
[48, 6.71486, [0, 1, 2, 3, 4, 5, 6, 7, 8, 10, 11, 12, 13, 14, 15, 18, 20, 21, 23, 33, 40, 41, 43, 46]]
[48, 6.71143, [0, 1, 2, 3, 4, 5, 6, 7, 8, 10, 11, 12, 13, 14, 15, 18, 20, 22, 23, 33, 40, 41, 43, 45]]
[48, 6.70762, [0, 1, 2, 3, 4, 5, 6, 7, 8, 10, 11, 12, 13, 14, 15, 18, 21, 22, 23, 33, 40, 41, 43, 44]]
[48, 6.76797, [0, 1, 2, 3, 4, 5, 6, 7, 8, 10, 11, 12, 13, 14, 15, 19, 20, 21, 22, 23, 33, 40, 41, 42]]
[48, 6.71013, [0, 1, 2, 3, 4, 5, 6, 7, 8, 10, 11, 12, 13, 14, 15, 19, 20, 21, 23, 33, 40, 41, 42, 46]]
[48, 6.70669, [0, 1, 2, 3, 4, 5, 6, 7, 8, 10, 11, 12, 13, 14, 15, 19, 20, 22, 23, 33, 40, 41, 42, 45]]
[48, 6.70289, [0, 1, 2, 3, 4, 5, 6, 7, 8, 10, 11, 12, 13, 14, 15, 19, 21, 22, 23, 33, 40, 41, 42, 44]]
[48, 6.76944, [0, 1, 2, 3, 4, 5, 6, 7, 8, 10, 11, 12, 13, 15, 16, 18, 19, 20, 21, 23, 33, 38, 41, 46]]
[48, 6.70816, [0, 1, 2, 3, 4, 5, 6, 7, 8, 10, 11, 12, 13, 15, 16, 18, 19, 20, 23, 33, 38, 41, 45, 46]]
[48, 6.70436, [0, 1, 2, 3, 4, 5, 6, 7, 8, 10, 11, 12, 13, 15, 16, 18, 19, 21, 23, 33, 38, 41, 44, 46]]
[48, 6.74239, [0, 1, 2, 3, 4, 5, 6, 7, 8, 10, 11, 13, 14, 15, 16, 18, 19, 21, 22, 23, 33, 36, 41, 44]]
[48, 6.70564, [0, 1, 2, 3, 4, 5, 6, 7, 8, 11, 12, 13, 14, 15, 16, 19, 20, 21, 22, 23, 33, 34, 41, 42]]
[48, 6.82918, [0, 1, 2, 3, 4, 5, 6, 7, 9, 10, 11, 12, 13, 14, 15, 17, 18, 20, 21, 22, 23, 32, 40, 43]]
[48, 6.77131, [0, 1, 2, 3, 4, 5, 6, 7, 9, 10, 11, 12, 13, 14, 15, 17, 18, 20, 21, 23, 32, 40, 43, 46]]
[48, 6.76787, [0, 1, 2, 3, 4, 5, 6, 7, 9, 10, 11, 12, 13, 14, 15, 17, 18, 20, 22, 23, 32, 40, 43, 45]]
[48, 6.71005, [0, 1, 2, 3, 4, 5, 6, 7, 9, 10, 11, 12, 13, 14, 15, 17, 18, 20, 23, 32, 40, 43, 45, 46]]
[48, 6.76407, [0, 1, 2, 3, 4, 5, 6, 7, 9, 10, 11, 12, 13, 14, 15, 17, 18, 21, 22, 23, 32, 40, 43, 44]]
[48, 6.70624, [0, 1, 2, 3, 4, 5, 6, 7, 9, 10, 11, 12, 13, 14, 15, 17, 18, 21, 23, 32, 40, 43, 44, 46]]
[48, 6.70281, [0, 1, 2, 3, 4, 5, 6, 7, 9, 10, 11, 12, 13, 14, 15, 17, 18, 22, 23, 32, 40, 43, 44, 45]]
[48, 6.7551, [0, 1, 2, 3, 4, 5, 6, 7, 9, 10, 11, 12, 13, 14, 15, 17, 20, 21, 22, 23, 32, 40, 42, 43]]
[48, 6.81911, [0, 1, 2, 3, 4, 5, 6, 7, 9, 10, 11, 12, 13, 14, 15, 18, 19, 20, 21, 22, 23, 32, 40, 41]]
[48, 6.76125, [0, 1, 2, 3, 4, 5, 6, 7, 9, 10, 11, 12, 13, 14, 15, 18, 19, 20, 21, 23, 32, 40, 41, 46]]
[48, 6.75781, [0, 1, 2, 3, 4, 5, 6, 7, 9, 10, 11, 12, 13, 14, 15, 18, 19, 20, 22, 23, 32, 40, 41, 45]]
[48, 6.75401, [0, 1, 2, 3, 4, 5, 6, 7, 9, 10, 11, 12, 13, 14, 15, 18, 19, 21, 22, 23, 32, 40, 41, 44]]
[48, 6.74977, [0, 1, 2, 3, 4, 5, 6, 7, 9, 10, 11, 12, 13, 14, 15, 18, 20, 21, 22, 23, 32, 40, 41, 43]]
[48, 6.74504, [0, 1, 2, 3, 4, 5, 6, 7, 9, 10, 11, 12, 13, 14, 15, 19, 20, 21, 22, 23, 32, 40, 41, 42]]
[48, 6.72791, [0, 1, 2, 3, 4, 5, 6, 7, 9, 10, 11, 12, 14, 15, 17, 18, 19, 20, 22, 23, 32, 37, 40, 45]]
[48, 6.80125, [0, 1, 2, 3, 4, 5, 6, 8, 9, 10, 11, 12, 13, 14, 15, 16, 19, 20, 21, 22, 23, 31, 41, 42]]
[48, 6.73999, [0, 1, 2, 3, 4, 5, 6, 8, 9, 10, 11, 12, 13, 14, 15, 16, 19, 20, 22, 23, 31, 41, 42, 45]]
[48, 6.73619, [0, 1, 2, 3, 4, 5, 6, 8, 9, 10, 11, 12, 13, 14, 15, 16, 19, 21, 22, 23, 31, 41, 42, 44]]
[48, 6.73195, [0, 1, 2, 3, 4, 5, 6, 8, 9, 10, 11, 12, 13, 14, 15, 16, 20, 21, 22, 23, 31, 41, 42, 43]]
[48, 6.86931, [0, 1, 2, 3, 4, 5, 6, 8, 9, 10, 11, 12, 13, 14, 15, 17, 18, 19, 20, 21, 22, 23, 31, 40]]
[48, 6.81144, [0, 1, 2, 3, 4, 5, 6, 8, 9, 10, 11, 12, 13, 14, 15, 17, 18, 19, 20, 21, 23, 31, 40, 46]]
[48, 6.808, [0, 1, 2, 3, 4, 5, 6, 8, 9, 10, 11, 12, 13, 14, 15, 17, 18, 19, 20, 22, 23, 31, 40, 45]]
[48, 6.75017, [0, 1, 2, 3, 4, 5, 6, 8, 9, 10, 11, 12, 13, 14, 15, 17, 18, 19, 20, 23, 31, 40, 45, 46]]
[48, 6.80419, [0, 1, 2, 3, 4, 5, 6, 8, 9, 10, 11, 12, 13, 14, 15, 17, 18, 19, 21, 22, 23, 31, 40, 44]]
[48, 6.74293, [0, 1, 2, 3, 4, 5, 6, 8, 9, 10, 11, 12, 13, 14, 15, 17, 18, 19, 22, 23, 31, 40, 44, 45]]
[48, 6.79996, [0, 1, 2, 3, 4, 5, 6, 8, 9, 10, 11, 12, 13, 14, 15, 17, 18, 20, 21, 22, 23, 31, 40, 43]]
[48, 6.74214, [0, 1, 2, 3, 4, 5, 6, 8, 9, 10, 11, 12, 13, 14, 15, 17, 18, 20, 21, 23, 31, 40, 43, 46]]
[48, 6.7387, [0, 1, 2, 3, 4, 5, 6, 8, 9, 10, 11, 12, 13, 14, 15, 17, 18, 20, 22, 23, 31, 40, 43, 45]]
[48, 6.7349, [0, 1, 2, 3, 4, 5, 6, 8, 9, 10, 11, 12, 13, 14, 15, 17, 18, 21, 22, 23, 31, 40, 43, 44]]
[48, 6.79522, [0, 1, 2, 3, 4, 5, 6, 8, 9, 10, 11, 12, 13, 14, 15, 17, 19, 20, 21, 22, 23, 31, 40, 42]]
[48, 6.7374, [0, 1, 2, 3, 4, 5, 6, 8, 9, 10, 11, 12, 13, 14, 15, 17, 19, 20, 21, 23, 31, 40, 42, 46]]
[48, 6.73397, [0, 1, 2, 3, 4, 5, 6, 8, 9, 10, 11, 12, 13, 14, 15, 17, 19, 20, 22, 23, 31, 40, 42, 45]]
[48, 6.73016, [0, 1, 2, 3, 4, 5, 6, 8, 9, 10, 11, 12, 13, 14, 15, 17, 19, 21, 22, 23, 31, 40, 42, 44]]
[48, 6.72593, [0, 1, 2, 3, 4, 5, 6, 8, 9, 10, 11, 12, 13, 14, 15, 17, 20, 21, 22, 23, 31, 40, 42, 43]]
[48, 6.78989, [0, 1, 2, 3, 4, 5, 6, 8, 9, 10, 11, 12, 13, 14, 15, 18, 19, 20, 21, 22, 23, 31, 40, 41]]
[48, 6.73208, [0, 1, 2, 3, 4, 5, 6, 8, 9, 10, 11, 12, 13, 14, 15, 18, 19, 20, 21, 23, 31, 40, 41, 46]]
[48, 6.72864, [0, 1, 2, 3, 4, 5, 6, 8, 9, 10, 11, 12, 13, 14, 15, 18, 19, 20, 22, 23, 31, 40, 41, 45]]
[48, 6.72484, [0, 1, 2, 3, 4, 5, 6, 8, 9, 10, 11, 12, 13, 14, 15, 18, 19, 21, 22, 23, 31, 40, 41, 44]]
[48, 6.7206, [0, 1, 2, 3, 4, 5, 6, 8, 9, 10, 11, 12, 13, 14, 15, 18, 20, 21, 22, 23, 31, 40, 41, 43]]
[48, 6.71587, [0, 1, 2, 3, 4, 5, 6, 8, 9, 10, 11, 12, 13, 14, 15, 19, 20, 21, 22, 23, 31, 40, 41, 42]]
[48, 6.78835, [0, 1, 2, 3, 4, 5, 6, 8, 9, 10, 11, 12, 13, 14, 16, 17, 19, 20, 21, 22, 23, 31, 39, 42]]
[48, 6.7271, [0, 1, 2, 3, 4, 5, 6, 8, 9, 10, 11, 12, 13, 14, 16, 17, 19, 20, 22, 23, 31, 39, 42, 45]]
[48, 6.7233, [0, 1, 2, 3, 4, 5, 6, 8, 9, 10, 11, 12, 13, 14, 16, 17, 19, 21, 22, 23, 31, 39, 42, 44]]
[48, 6.71906, [0, 1, 2, 3, 4, 5, 6, 8, 9, 10, 11, 12, 13, 14, 16, 17, 20, 21, 22, 23, 31, 39, 42, 43]]
[48, 6.709, [0, 1, 2, 3, 4, 5, 6, 8, 9, 10, 11, 12, 13, 14, 16, 19, 20, 21, 22, 23, 31, 39, 41, 42]]
[48, 6.77699, [0, 1, 2, 3, 4, 5, 6, 8, 9, 10, 11, 12, 13, 14, 17, 18, 19, 20, 21, 22, 23, 31, 39, 40]]
[48, 6.71919, [0, 1, 2, 3, 4, 5, 6, 8, 9, 10, 11, 12, 13, 14, 17, 18, 19, 20, 21, 23, 31, 39, 40, 46]]
[48, 6.71575, [0, 1, 2, 3, 4, 5, 6, 8, 9, 10, 11, 12, 13, 14, 17, 18, 19, 20, 22, 23, 31, 39, 40, 45]]
[48, 6.71195, [0, 1, 2, 3, 4, 5, 6, 8, 9, 10, 11, 12, 13, 14, 17, 18, 19, 21, 22, 23, 31, 39, 40, 44]]
[48, 6.70771, [0, 1, 2, 3, 4, 5, 6, 8, 9, 10, 11, 12, 13, 14, 17, 18, 20, 21, 22, 23, 31, 39, 40, 43]]
[48, 6.70298, [0, 1, 2, 3, 4, 5, 6, 8, 9, 10, 11, 12, 13, 14, 17, 19, 20, 21, 22, 23, 31, 39, 40, 42]]
[48, 6.79668, [0, 1, 2, 3, 4, 5, 6, 8, 9, 10, 11, 12, 13, 15, 16, 17, 18, 19, 20, 21, 23, 31, 38, 46]]
[48, 6.73543, [0, 1, 2, 3, 4, 5, 6, 8, 9, 10, 11, 12, 13, 15, 16, 17, 18, 19, 20, 23, 31, 38, 45, 46]]
[48, 6.73162, [0, 1, 2, 3, 4, 5, 6, 8, 9, 10, 11, 12, 13, 15, 16, 17, 18, 19, 21, 23, 31, 38, 44, 46]]
[48, 6.72739, [0, 1, 2, 3, 4, 5, 6, 8, 9, 10, 11, 12, 13, 15, 16, 17, 18, 20, 21, 23, 31, 38, 43, 46]]
[48, 6.72265, [0, 1, 2, 3, 4, 5, 6, 8, 9, 10, 11, 12, 13, 15, 16, 17, 19, 20, 21, 23, 31, 38, 42, 46]]
[48, 6.71733, [0, 1, 2, 3, 4, 5, 6, 8, 9, 10, 11, 12, 13, 15, 16, 18, 19, 20, 21, 23, 31, 38, 41, 46]]
[48, 6.7113, [0, 1, 2, 3, 4, 5, 6, 8, 9, 10, 11, 12, 13, 15, 17, 18, 19, 20, 21, 23, 31, 38, 40, 46]]
[48, 6.70444, [0, 1, 2, 3, 4, 5, 6, 8, 9, 10, 11, 12, 13, 16, 17, 18, 19, 20, 21, 23, 31, 38, 39, 46]]
[48, 6.71009, [0, 1, 2, 3, 4, 5, 6, 8, 9, 10, 11, 12, 14, 15, 16, 17, 19, 20, 22, 23, 31, 37, 42, 45]]
[48, 6.76961, [0, 1, 2, 3, 4, 5, 6, 8, 9, 10, 11, 13, 14, 15, 16, 17, 18, 19, 21, 22, 23, 31, 36, 44]]
[48, 6.71182, [0, 1, 2, 3, 4, 5, 6, 8, 9, 10, 11, 13, 14, 15, 16, 17, 18, 19, 21, 23, 31, 36, 44, 46]]
[48, 6.70838, [0, 1, 2, 3, 4, 5, 6, 8, 9, 10, 11, 13, 14, 15, 16, 17, 18, 19, 22, 23, 31, 36, 44, 45]]
[48, 6.73281, [0, 1, 2, 3, 4, 5, 6, 8, 9, 11, 12, 13, 14, 15, 16, 17, 19, 20, 21, 22, 23, 31, 34, 42]]
[48, 6.76165, [0, 1, 2, 3, 4, 5, 7, 8, 9, 10, 11, 12, 13, 14, 15, 17, 18, 20, 21, 22, 23, 30, 40, 43]]
[48, 6.75158, [0, 1, 2, 3, 4, 5, 7, 8, 9, 10, 11, 12, 13, 14, 15, 18, 19, 20, 21, 22, 23, 30, 40, 41]]
[48, 6.74689, [0, 1, 2, 3, 4, 5, 7, 8, 9, 10, 11, 12, 13, 15, 16, 17, 18, 20, 21, 22, 23, 30, 38, 43]]
[48, 6.73682, [0, 1, 2, 3, 4, 5, 7, 8, 9, 10, 11, 12, 13, 15, 16, 18, 19, 20, 21, 22, 23, 30, 38, 41]]
[48, 6.74579, [0, 1, 2, 3, 4, 5, 7, 8, 9, 10, 11, 12, 14, 15, 16, 17, 18, 19, 20, 22, 23, 30, 37, 45]]
[48, 6.71441, [0, 1, 2, 3, 4, 5, 7, 8, 9, 10, 12, 13, 14, 15, 16, 17, 18, 20, 21, 22, 23, 30, 35, 43]]
[48, 6.70614, [0, 1, 2, 3, 4, 6, 7, 8, 9, 10, 11, 12, 13, 15, 16, 17, 18, 19, 20, 21, 23, 29, 38, 46]]

Search completed in 0 hours, 0 minutes, and 2.28 seconds.  Enter a string to quit.