Enter an integer k for which our Kempner sets are k-free: 10
Enter a positive integer modulus b: 22
Enter estimation parameters, or * for pre-computed parameters ([0.1509, 1.1634, 1.5708]): *
Enter a threshold (e.g. 4.2) to determine printed output: 4.8
Enter a root for the search space (e.g. [0, 1, 2]) [or * for the root [0]]: *
Enter an upper bound for the size of allowable digit sets [or * to ignore]: *
Enter a maximal number of deviations from a greedy search [or * to ignore]: *
Searching for k-free sets mod b...

[22, 5.4791, [0, 1, 2, 3, 4, 5, 6, 7, 8, 10, 20]]
[22, 4.90723, [0, 1, 2, 3, 4, 5, 6, 7, 8, 20]]
[22, 5.45836, [0, 1, 2, 3, 4, 5, 6, 7, 9, 10, 19]]
[22, 4.88836, [0, 1, 2, 3, 4, 5, 6, 7, 9, 19]]
[22, 5.32006, [0, 1, 2, 3, 4, 5, 6, 7, 10, 19, 20]]
[22, 4.86124, [0, 1, 2, 3, 4, 5, 6, 7, 10, 20]]
[22, 5.43164, [0, 1, 2, 3, 4, 5, 6, 8, 9, 10, 18]]
[22, 4.86405, [0, 1, 2, 3, 4, 5, 6, 8, 9, 18]]
[22, 5.29344, [0, 1, 2, 3, 4, 5, 6, 8, 10, 18, 20]]
[22, 4.83011, [0, 1, 2, 3, 4, 5, 6, 8, 10, 20]]
[22, 5.27279, [0, 1, 2, 3, 4, 5, 6, 9, 10, 18, 19]]
[22, 4.81126, [0, 1, 2, 3, 4, 5, 6, 9, 10, 19]]
[22, 5.13521, [0, 1, 2, 3, 4, 5, 6, 10, 18, 19, 20]]
[22, 5.39612, [0, 1, 2, 3, 4, 5, 7, 8, 9, 10, 17]]
[22, 4.83176, [0, 1, 2, 3, 4, 5, 7, 8, 9, 17]]
[22, 5.2581, [0, 1, 2, 3, 4, 5, 7, 8, 10, 17, 20]]
[22, 5.23745, [0, 1, 2, 3, 4, 5, 7, 9, 10, 17, 19]]
[22, 5.10004, [0, 1, 2, 3, 4, 5, 7, 10, 17, 19, 20]]
[22, 5.21085, [0, 1, 2, 3, 4, 5, 8, 9, 10, 17, 18]]
[22, 5.07355, [0, 1, 2, 3, 4, 5, 8, 10, 17, 18, 20]]
[22, 5.05298, [0, 1, 2, 3, 4, 5, 9, 10, 17, 18, 19]]
[22, 4.9163, [0, 1, 2, 3, 4, 5, 10, 17, 18, 19, 20]]
[22, 5.347, [0, 1, 2, 3, 4, 6, 7, 8, 9, 10, 16]]
[22, 5.20924, [0, 1, 2, 3, 4, 6, 7, 8, 10, 16, 20]]
[22, 5.18859, [0, 1, 2, 3, 4, 6, 7, 9, 10, 16, 19]]
[22, 5.05145, [0, 1, 2, 3, 4, 6, 7, 10, 16, 19, 20]]
[22, 5.162, [0, 1, 2, 3, 4, 6, 8, 9, 10, 16, 18]]
[22, 5.02497, [0, 1, 2, 3, 4, 6, 8, 10, 16, 18, 20]]
[22, 5.00441, [0, 1, 2, 3, 4, 6, 9, 10, 16, 18, 19]]
[22, 4.86799, [0, 1, 2, 3, 4, 6, 10, 16, 18, 19, 20]]
[22, 5.12668, [0, 1, 2, 3, 4, 7, 8, 9, 10, 16, 17]]
[22, 4.98982, [0, 1, 2, 3, 4, 7, 8, 10, 16, 17, 20]]
[22, 4.96926, [0, 1, 2, 3, 4, 7, 9, 10, 16, 17, 19]]
[22, 4.83301, [0, 1, 2, 3, 4, 7, 10, 16, 17, 19, 20]]
[22, 4.9428, [0, 1, 2, 3, 4, 8, 9, 10, 16, 17, 18]]
[22, 4.80666, [0, 1, 2, 3, 4, 8, 10, 16, 17, 18, 20]]
[22, 5.27526, [0, 1, 2, 3, 5, 6, 7, 8, 9, 10, 15]]
[22, 5.13796, [0, 1, 2, 3, 5, 6, 7, 8, 10, 15, 20]]
[22, 5.11733, [0, 1, 2, 3, 5, 6, 7, 9, 10, 15, 19]]
[22, 4.98064, [0, 1, 2, 3, 5, 6, 7, 10, 15, 19, 20]]
[22, 5.09075, [0, 1, 2, 3, 5, 6, 8, 9, 10, 15, 18]]
[22, 4.95418, [0, 1, 2, 3, 5, 6, 8, 10, 15, 18, 20]]
[22, 4.93363, [0, 1, 2, 3, 5, 6, 9, 10, 15, 18, 19]]
[22, 5.05545, [0, 1, 2, 3, 5, 7, 8, 9, 10, 15, 17]]
[22, 4.91904, [0, 1, 2, 3, 5, 7, 8, 10, 15, 17, 20]]
[22, 4.8985, [0, 1, 2, 3, 5, 7, 9, 10, 15, 17, 19]]
[22, 4.87205, [0, 1, 2, 3, 5, 8, 9, 10, 15, 17, 18]]
[22, 5.00665, [0, 1, 2, 3, 6, 7, 8, 9, 10, 15, 16]]
[22, 4.87051, [0, 1, 2, 3, 6, 7, 8, 10, 15, 16, 20]]
[22, 4.84997, [0, 1, 2, 3, 6, 7, 9, 10, 15, 16, 19]]
[22, 4.82353, [0, 1, 2, 3, 6, 8, 9, 10, 15, 16, 18]]
[22, 5.16193, [0, 1, 2, 4, 5, 6, 7, 8, 9, 10, 14]]
[22, 5.02551, [0, 1, 2, 4, 5, 6, 7, 8, 10, 14, 20]]
[22, 5.00491, [0, 1, 2, 4, 5, 6, 7, 9, 10, 14, 19]]
[22, 4.86911, [0, 1, 2, 4, 5, 6, 7, 10, 14, 19, 20]]
[22, 4.97837, [0, 1, 2, 4, 5, 6, 8, 9, 10, 14, 18]]
[22, 4.84268, [0, 1, 2, 4, 5, 6, 8, 10, 14, 18, 20]]
[22, 4.82217, [0, 1, 2, 4, 5, 6, 9, 10, 14, 18, 19]]
[22, 4.94311, [0, 1, 2, 4, 5, 7, 8, 9, 10, 14, 17]]
[22, 4.80758, [0, 1, 2, 4, 5, 7, 8, 10, 14, 17, 20]]
[22, 4.89435, [0, 1, 2, 4, 6, 7, 8, 9, 10, 14, 16]]
[22, 4.82321, [0, 1, 2, 5, 6, 7, 8, 9, 10, 14, 15]]
[22, 4.95882, [0, 1, 3, 4, 5, 6, 7, 8, 9, 10, 13]]
[22, 4.82448, [0, 1, 3, 4, 5, 6, 7, 8, 10, 13, 20]]
[22, 4.80398, [0, 1, 3, 4, 5, 6, 7, 9, 10, 13, 19]]

Search completed in 0 hours, 0 minutes, and 0.035 seconds.  Enter a string to quit.