Enter an integer k for which our Kempner sets are k-free: 10
Enter a positive integer modulus b: 29
Enter estimation parameters, or * for pre-computed parameters ([0.1319, 1.1409, 1.5243]): *
Enter a threshold (e.g. 4.2) to determine printed output: 11.4
Enter a root for the search space (e.g. [0, 1, 2]) [or * for the root [0]]: *
Enter an upper bound for the size of allowable digit sets [or * to ignore]: *
Enter a maximal number of deviations from a greedy search [or * to ignore]: *
Searching for k-free sets mod b...

[29, 11.6017, [0, 1, 2, 3, 4, 5, 6, 7, 8, 10, 11, 12, 13, 14, 15, 16, 17, 19, 20, 21, 23]]
[29, 11.5918, [0, 1, 2, 3, 4, 5, 6, 7, 8, 10, 11, 12, 13, 14, 15, 16, 17, 19, 20, 22, 23]]
[29, 11.5741, [0, 1, 2, 3, 4, 5, 6, 7, 8, 10, 11, 12, 13, 14, 15, 16, 17, 19, 20, 23, 24]]
[29, 11.5646, [0, 1, 2, 3, 4, 5, 6, 7, 8, 10, 11, 12, 13, 14, 15, 16, 17, 19, 21, 22, 25]]
[29, 11.5456, [0, 1, 2, 3, 4, 5, 6, 7, 8, 10, 11, 12, 13, 14, 15, 16, 17, 19, 22, 23, 25]]
[29, 11.5518, [0, 1, 2, 3, 4, 5, 6, 7, 8, 10, 11, 12, 13, 14, 15, 16, 17, 20, 21, 23, 24]]
[29, 11.5147, [0, 1, 2, 3, 4, 5, 6, 7, 8, 10, 11, 12, 13, 14, 15, 16, 17, 21, 22, 24, 25]]
[29, 11.4803, [0, 1, 2, 3, 4, 5, 6, 7, 8, 10, 11, 12, 13, 14, 15, 16, 17, 22, 23, 25, 26]]
[29, 11.5623, [0, 1, 2, 3, 4, 5, 6, 7, 8, 10, 11, 12, 13, 14, 15, 17, 18, 19, 20, 22, 23]]
[29, 11.4876, [0, 1, 2, 3, 4, 5, 6, 7, 8, 10, 11, 12, 13, 14, 15, 17, 18, 19, 21, 26, 27]]
[29, 11.4984, [0, 1, 2, 3, 4, 5, 6, 7, 8, 10, 11, 12, 13, 14, 15, 17, 18, 20, 21, 24, 26]]
[29, 11.4904, [0, 1, 2, 3, 4, 5, 6, 7, 8, 10, 11, 12, 13, 14, 15, 17, 18, 20, 21, 25, 26]]
[29, 11.476, [0, 1, 2, 3, 4, 5, 6, 7, 8, 10, 11, 12, 13, 14, 15, 17, 18, 20, 21, 26, 27]]
[29, 11.5095, [0, 1, 2, 3, 4, 5, 6, 7, 8, 10, 11, 12, 13, 14, 15, 17, 19, 20, 21, 23, 24]]
[29, 11.4917, [0, 1, 2, 3, 4, 5, 6, 7, 8, 10, 11, 12, 13, 14, 15, 17, 19, 20, 22, 23, 25]]
[29, 11.4716, [0, 1, 2, 3, 4, 5, 6, 7, 8, 10, 11, 12, 13, 14, 15, 18, 19, 20, 21, 24, 26]]
[29, 11.4175, [0, 1, 2, 3, 4, 5, 6, 7, 8, 10, 11, 12, 13, 14, 15, 19, 20, 21, 23, 24, 26]]
[29, 11.4745, [0, 1, 2, 3, 4, 5, 6, 7, 8, 10, 11, 12, 13, 14, 16, 17, 19, 20, 22, 23, 25]]
[29, 11.4633, [0, 1, 2, 3, 4, 5, 6, 7, 8, 10, 11, 12, 13, 15, 16, 17, 18, 20, 21, 23, 27]]
[29, 11.4119, [0, 1, 2, 3, 4, 5, 6, 7, 8, 10, 11, 12, 13, 15, 16, 17, 18, 20, 24, 26, 27]]
[29, 11.4486, [0, 1, 2, 3, 4, 5, 6, 7, 8, 10, 11, 12, 13, 15, 16, 17, 18, 21, 22, 24, 25]]
[29, 11.4511, [0, 1, 2, 3, 4, 5, 6, 7, 8, 10, 11, 12, 14, 15, 16, 17, 19, 20, 21, 23, 24]]
[29, 11.4198, [0, 1, 2, 3, 4, 5, 6, 7, 8, 10, 11, 13, 14, 15, 16, 17, 19, 20, 21, 22, 26]]
[29, 12.8007, [0, 1, 2, 3, 4, 5, 6, 7, 8, 10, 12, 14, 15, 17, 18, 20, 21, 22, 23, 24, 25, 26]]
[29, 12.985, [0, 1, 2, 3, 4, 5, 6, 7, 8, 11, 12, 13, 14, 15, 16, 17, 19, 20, 22, 23, 25, 27]]
[29, 11.5024, [0, 1, 2, 3, 4, 5, 6, 7, 9, 10, 11, 12, 13, 14, 15, 16, 17, 20, 21, 23, 24]]
[29, 11.4654, [0, 1, 2, 3, 4, 5, 6, 7, 9, 10, 11, 12, 13, 14, 15, 16, 17, 21, 22, 24, 25]]
[29, 11.4418, [0, 1, 2, 3, 4, 5, 6, 7, 9, 10, 11, 12, 13, 14, 15, 16, 17, 21, 23, 24, 27]]
[29, 11.4254, [0, 1, 2, 3, 4, 5, 6, 7, 9, 10, 11, 12, 13, 14, 15, 16, 17, 21, 24, 25, 27]]
[29, 11.431, [0, 1, 2, 3, 4, 5, 6, 7, 9, 10, 11, 12, 13, 14, 15, 16, 17, 22, 23, 25, 26]]
[29, 11.4166, [0, 1, 2, 3, 4, 5, 6, 7, 9, 10, 11, 12, 13, 14, 15, 16, 17, 22, 23, 26, 27]]
[29, 11.5284, [0, 1, 2, 3, 4, 5, 6, 7, 9, 10, 11, 12, 13, 14, 15, 16, 18, 19, 20, 22, 23]]
[29, 11.5092, [0, 1, 2, 3, 4, 5, 6, 7, 9, 10, 11, 12, 13, 14, 15, 16, 18, 19, 21, 22, 24]]
[29, 11.4868, [0, 1, 2, 3, 4, 5, 6, 7, 9, 10, 11, 12, 13, 14, 15, 16, 18, 19, 21, 22, 27]]
[29, 11.4612, [0, 1, 2, 3, 4, 5, 6, 7, 9, 10, 11, 12, 13, 14, 15, 16, 18, 19, 21, 25, 27]]
[29, 11.4538, [0, 1, 2, 3, 4, 5, 6, 7, 9, 10, 11, 12, 13, 14, 15, 16, 18, 19, 21, 26, 27]]
[29, 11.4263, [0, 1, 2, 3, 4, 5, 6, 7, 9, 10, 11, 12, 13, 14, 15, 16, 18, 19, 24, 26, 27]]
[29, 11.4884, [0, 1, 2, 3, 4, 5, 6, 7, 9, 10, 11, 12, 13, 14, 15, 16, 18, 20, 21, 23, 24]]
[29, 11.4146, [0, 1, 2, 3, 4, 5, 6, 7, 9, 10, 11, 12, 13, 14, 15, 16, 18, 20, 24, 26, 27]]
[29, 11.465, [0, 1, 2, 3, 4, 5, 6, 7, 9, 10, 11, 12, 13, 14, 15, 17, 18, 20, 21, 23, 25]]
[29, 11.4341, [0, 1, 2, 3, 4, 5, 6, 7, 9, 10, 11, 12, 13, 14, 15, 17, 18, 20, 21, 25, 27]]
[29, 11.4044, [0, 1, 2, 3, 4, 5, 6, 7, 9, 10, 11, 12, 13, 14, 15, 17, 18, 21, 23, 25, 27]]
[29, 11.445, [0, 1, 2, 3, 4, 5, 6, 7, 9, 10, 11, 12, 13, 14, 16, 17, 18, 19, 21, 23, 27]]
[29, 11.4285, [0, 1, 2, 3, 4, 5, 6, 7, 9, 10, 11, 12, 13, 14, 16, 17, 18, 19, 21, 25, 27]]
[29, 13.0076, [0, 1, 2, 3, 4, 5, 6, 7, 9, 10, 11, 12, 13, 15, 16, 17, 18, 22, 23, 25, 26, 27]]
[29, 12.7485, [0, 1, 2, 3, 4, 5, 6, 7, 9, 10, 11, 13, 14, 18, 19, 20, 21, 23, 24, 25, 26, 27]]
[29, 11.4514, [0, 1, 2, 3, 4, 5, 6, 8, 9, 10, 11, 12, 13, 14, 15, 17, 18, 19, 20, 22, 23]]
[29, 11.4322, [0, 1, 2, 3, 4, 5, 6, 8, 9, 10, 11, 12, 13, 14, 15, 17, 18, 19, 21, 22, 24]]
[29, 11.4053, [0, 1, 2, 3, 4, 5, 6, 8, 9, 10, 11, 12, 13, 14, 15, 17, 18, 19, 22, 23, 25]]
[29, 12.5853, [0, 1, 2, 3, 4, 5, 6, 8, 9, 11, 12, 14, 16, 18, 19, 20, 21, 22, 23, 24, 25, 26]]
[29, 12.7148, [0, 1, 2, 3, 4, 5, 6, 9, 10, 11, 12, 13, 14, 15, 16, 17, 19, 21, 23, 24, 26, 27]]
[29, 12.7253, [0, 1, 2, 3, 4, 6, 7, 8, 9, 10, 11, 12, 13, 15, 16, 17, 19, 20, 24, 25, 26, 27]]
[29, 12.1192, [0, 1, 2, 3, 4, 6, 7, 8, 9, 13, 14, 16, 17, 18, 20, 21, 22, 23, 24, 25, 26, 27]]
[29, 12.5375, [0, 1, 2, 3, 5, 6, 7, 8, 9, 11, 12, 13, 14, 15, 16, 17, 18, 20, 21, 22, 24, 25]]
[29, 12.2998, [0, 1, 2, 4, 5, 6, 7, 8, 9, 10, 11, 13, 14, 15, 16, 17, 19, 20, 21, 22, 26, 27]]
[29, 11.5847, [0, 1, 3, 4, 5, 6, 7, 8, 9, 12, 13, 14, 15, 16, 17, 18, 19, 20, 22, 24, 26, 27]]
[29, 11.4728, [0, 1, 3, 4, 5, 7, 8, 9, 10, 11, 12, 13, 14, 16, 17, 18, 19, 20, 22, 23, 24, 25]]

Search completed in 0 hours, 0 minutes, and 0.997 seconds.  Enter a string to quit.