Enter an integer k for which our Kempner sets are k-free: 10
Enter a positive integer modulus b: 13
Enter estimation parameters, or * for pre-computed parameters ([0.2051, 1.176, 1.7078]): *
Enter a threshold (e.g. 4.2) to determine printed output: 7.0
Enter a root for the search space (e.g. [0, 1, 2]) [or * for the root [0]]: *
Enter an upper bound for the size of allowable digit sets [or * to ignore]: *
Enter a maximal number of deviations from a greedy search [or * to ignore]: *
Searching for k-free sets mod b...

[13, 10.8309, [0, 1, 2, 3, 4, 5, 6, 7, 8, 10]]
[13, 10.7814, [0, 1, 2, 3, 4, 5, 6, 7, 8, 11]]
[13, 10.7611, [0, 1, 2, 3, 4, 5, 6, 7, 9, 10]]
[13, 10.6535, [0, 1, 2, 3, 4, 5, 6, 7, 10, 11]]
[13, 7.89085, [0, 1, 2, 3, 4, 5, 6, 7, 11]]
[13, 10.6753, [0, 1, 2, 3, 4, 5, 6, 8, 9, 10]]
[13, 10.626, [0, 1, 2, 3, 4, 5, 6, 8, 9, 11]]
[13, 10.568, [0, 1, 2, 3, 4, 5, 6, 8, 10, 11]]
[13, 7.82733, [0, 1, 2, 3, 4, 5, 6, 8, 11]]
[13, 10.4984, [0, 1, 2, 3, 4, 5, 6, 9, 10, 11]]
[13, 7.77567, [0, 1, 2, 3, 4, 5, 6, 9, 11]]
[13, 7.73265, [0, 1, 2, 3, 4, 5, 6, 10, 11]]
[13, 10.567, [0, 1, 2, 3, 4, 5, 7, 8, 9, 10]]
[13, 10.5177, [0, 1, 2, 3, 4, 5, 7, 8, 9, 11]]
[13, 7.78363, [0, 1, 2, 3, 4, 5, 7, 8, 10]]
[13, 7.74706, [0, 1, 2, 3, 4, 5, 7, 8, 11]]
[13, 10.3904, [0, 1, 2, 3, 4, 5, 7, 9, 10, 11]]
[13, 7.69551, [0, 1, 2, 3, 4, 5, 7, 9, 11]]
[13, 7.65257, [0, 1, 2, 3, 4, 5, 7, 10, 11]]
[13, 10.3053, [0, 1, 2, 3, 4, 5, 8, 9, 10, 11]]
[13, 7.63228, [0, 1, 2, 3, 4, 5, 8, 9, 11]]
[13, 7.58942, [0, 1, 2, 3, 4, 5, 8, 10, 11]]
[13, 7.53807, [0, 1, 2, 3, 4, 5, 9, 10, 11]]
[13, 10.3753, [0, 1, 2, 3, 4, 6, 7, 8, 9, 11]]
[13, 10.3176, [0, 1, 2, 3, 4, 6, 7, 8, 10, 11]]
[13, 7.64153, [0, 1, 2, 3, 4, 6, 7, 8, 11]]
[13, 10.2484, [0, 1, 2, 3, 4, 6, 7, 9, 10, 11]]
[13, 7.59012, [0, 1, 2, 3, 4, 6, 7, 9, 11]]
[13, 7.54732, [0, 1, 2, 3, 4, 6, 7, 10, 11]]
[13, 10.1634, [0, 1, 2, 3, 4, 6, 8, 9, 10, 11]]
[13, 7.52706, [0, 1, 2, 3, 4, 6, 8, 9, 11]]
[13, 7.48433, [0, 1, 2, 3, 4, 6, 8, 10, 11]]
[13, 7.43312, [0, 1, 2, 3, 4, 6, 9, 10, 11]]
[13, 7.4836, [0, 1, 2, 3, 4, 7, 8, 9, 10]]
[13, 7.44735, [0, 1, 2, 3, 4, 7, 8, 9, 11]]
[13, 7.40471, [0, 1, 2, 3, 4, 7, 8, 10, 11]]
[13, 7.3536, [0, 1, 2, 3, 4, 7, 9, 10, 11]]
[13, 7.29091, [0, 1, 2, 3, 4, 8, 9, 10, 11]]
[13, 10.2264, [0, 1, 2, 3, 5, 6, 7, 8, 9, 10]]
[13, 10.1776, [0, 1, 2, 3, 5, 6, 7, 8, 9, 11]]
[13, 7.53133, [0, 1, 2, 3, 5, 6, 7, 8, 10]]
[13, 7.49507, [0, 1, 2, 3, 5, 6, 7, 8, 11]]
[13, 7.48009, [0, 1, 2, 3, 5, 6, 7, 9, 10]]
[13, 7.44388, [0, 1, 2, 3, 5, 6, 7, 9, 11]]
[13, 7.40128, [0, 1, 2, 3, 5, 6, 7, 10, 11]]
[13, 7.41721, [0, 1, 2, 3, 5, 6, 8, 9, 10]]
[13, 7.38106, [0, 1, 2, 3, 5, 6, 8, 9, 11]]
[13, 7.33853, [0, 1, 2, 3, 5, 6, 8, 10, 11]]
[13, 7.28754, [0, 1, 2, 3, 5, 6, 9, 10, 11]]
[13, 9.85948, [0, 1, 2, 3, 5, 7, 8, 9, 10, 11]]
[13, 7.30163, [0, 1, 2, 3, 5, 7, 8, 9, 11]]
[13, 7.25919, [0, 1, 2, 3, 5, 7, 8, 10, 11]]
[13, 7.20831, [0, 1, 2, 3, 5, 7, 9, 10, 11]]
[13, 7.14585, [0, 1, 2, 3, 5, 8, 9, 10, 11]]
[13, 9.71863, [0, 1, 2, 3, 6, 7, 8, 9, 10, 11]]
[13, 7.19718, [0, 1, 2, 3, 6, 7, 8, 9, 11]]
[13, 7.15487, [0, 1, 2, 3, 6, 7, 8, 10, 11]]
[13, 7.10413, [0, 1, 2, 3, 6, 7, 9, 10, 11]]
[13, 7.04184, [0, 1, 2, 3, 6, 8, 9, 10, 11]]
[13, 9.92885, [0, 1, 2, 4, 5, 6, 7, 8, 9, 10]]
[13, 9.88044, [0, 1, 2, 4, 5, 6, 7, 8, 9, 11]]
[13, 9.82343, [0, 1, 2, 4, 5, 6, 7, 8, 10, 11]]
[13, 7.2751, [0, 1, 2, 4, 5, 6, 7, 8, 11]]
[13, 7.26018, [0, 1, 2, 4, 5, 6, 7, 9, 10]]
[13, 7.2243, [0, 1, 2, 4, 5, 6, 7, 9, 11]]
[13, 7.18206, [0, 1, 2, 4, 5, 6, 7, 10, 11]]
[13, 7.19772, [0, 1, 2, 4, 5, 6, 8, 9, 10]]
[13, 7.16191, [0, 1, 2, 4, 5, 6, 8, 9, 11]]
[13, 7.11973, [0, 1, 2, 4, 5, 6, 8, 10, 11]]
[13, 7.06913, [0, 1, 2, 4, 5, 6, 9, 10, 11]]
[13, 9.56447, [0, 1, 2, 4, 5, 7, 8, 9, 10, 11]]
[13, 7.08295, [0, 1, 2, 4, 5, 7, 8, 9, 11]]
[13, 7.04087, [0, 1, 2, 4, 5, 7, 8, 10, 11]]
[13, 9.42433, [0, 1, 2, 4, 6, 7, 8, 9, 10, 11]]
[13, 9.22968, [0, 1, 2, 5, 6, 7, 8, 9, 10, 11]]
[13, 9.42156, [0, 1, 3, 4, 5, 6, 7, 8, 9, 10]]
[13, 9.37408, [0, 1, 3, 4, 5, 6, 7, 8, 9, 11]]
[13, 9.25072, [0, 1, 3, 4, 5, 6, 7, 9, 10, 11]]
[13, 9.0627, [0, 1, 3, 4, 5, 7, 8, 9, 10, 11]]
[13, 8.73113, [0, 1, 3, 5, 6, 7, 8, 9, 10, 11]]
[13, 8.4411, [0, 1, 4, 5, 6, 7, 8, 9, 10, 11]]
[13, 8.32199, [0, 2, 3, 4, 5, 6, 7, 8, 9, 10]]
[13, 8.22424, [0, 2, 3, 4, 5, 6, 7, 8, 10, 11]]
[13, 8.16028, [0, 2, 3, 4, 5, 6, 7, 9, 10, 11]]
[13, 8.0812, [0, 2, 3, 4, 5, 6, 8, 9, 10, 11]]
[13, 7.98038, [0, 2, 3, 4, 5, 7, 8, 9, 10, 11]]
[13, 7.84666, [0, 2, 3, 4, 6, 7, 8, 9, 10, 11]]
[13, 7.65947, [0, 2, 3, 5, 6, 7, 8, 9, 10, 11]]

Search completed in 0 hours, 0 minutes, and 0.048 seconds.  Enter a string to quit.