Enter an integer k for which our Kempner sets are k-free: 10
Enter a positive integer modulus b: 23
Enter estimation parameters, or * for pre-computed parameters ([0.1469, 1.1598, 1.5583]): *
Enter a threshold (e.g. 4.2) to determine printed output: 11.0
Enter a root for the search space (e.g. [0, 1, 2]) [or * for the root [0]]: *
Enter an upper bound for the size of allowable digit sets [or * to ignore]: *
Enter a maximal number of deviations from a greedy search [or * to ignore]: *
Searching for k-free sets mod b...

[23, 11.4477, [0, 1, 2, 3, 4, 5, 6, 7, 8, 10, 11, 12, 13, 14, 16, 17, 19]]
[23, 11.4043, [0, 1, 2, 3, 4, 5, 6, 7, 8, 10, 11, 12, 13, 14, 16, 19, 20]]
[23, 11.3458, [0, 1, 2, 3, 4, 5, 6, 7, 8, 10, 11, 12, 13, 14, 18, 20, 21]]
[23, 11.4007, [0, 1, 2, 3, 4, 5, 6, 7, 8, 10, 11, 12, 13, 15, 16, 17, 21]]
[23, 11.3653, [0, 1, 2, 3, 4, 5, 6, 7, 8, 10, 11, 12, 13, 15, 17, 19, 20]]
[23, 11.34, [0, 1, 2, 3, 4, 5, 6, 7, 8, 10, 11, 12, 13, 15, 17, 20, 21]]
[23, 11.3685, [0, 1, 2, 3, 4, 5, 6, 7, 8, 10, 11, 12, 14, 15, 17, 18, 19]]
[23, 11.3022, [0, 1, 2, 3, 4, 5, 6, 7, 8, 10, 11, 12, 15, 16, 17, 18, 21]]
[23, 11.3581, [0, 1, 2, 3, 4, 5, 6, 7, 8, 10, 11, 13, 14, 15, 16, 18, 19]]
[23, 11.3407, [0, 1, 2, 3, 4, 5, 6, 7, 8, 10, 11, 13, 14, 15, 17, 18, 19]]
[23, 11.3214, [0, 1, 2, 3, 4, 5, 6, 7, 8, 10, 11, 13, 14, 16, 17, 18, 19]]
[23, 11.1471, [0, 1, 2, 3, 4, 5, 6, 7, 8, 10, 11, 13, 17, 18, 19, 20, 21]]
[23, 11.1401, [0, 1, 2, 3, 4, 5, 6, 7, 8, 10, 11, 14, 16, 18, 19, 20, 21]]
[23, 11.2833, [0, 1, 2, 3, 4, 5, 6, 7, 8, 10, 12, 13, 14, 15, 17, 18, 21]]
[23, 11.1327, [0, 1, 2, 3, 4, 5, 6, 7, 8, 10, 13, 14, 15, 16, 19, 20, 21]]
[23, 11.1236, [0, 1, 2, 3, 4, 5, 6, 7, 8, 10, 13, 14, 16, 17, 18, 19, 21]]
[23, 11.0345, [0, 1, 2, 3, 4, 5, 6, 7, 8, 10, 14, 15, 16, 18, 19, 20, 21]]
[23, 11.0707, [0, 1, 2, 3, 4, 5, 6, 7, 8, 11, 12, 14, 16, 18, 19, 20, 21]]
[23, 11.0319, [0, 1, 2, 3, 4, 5, 6, 7, 8, 11, 12, 15, 17, 18, 19, 20, 21]]
[23, 11.0604, [0, 1, 2, 3, 4, 5, 6, 7, 8, 12, 13, 14, 15, 17, 18, 20, 21]]
[23, 11.0411, [0, 1, 2, 3, 4, 5, 6, 7, 8, 12, 13, 14, 16, 17, 18, 20, 21]]
[23, 11.0268, [0, 1, 2, 3, 4, 5, 6, 7, 8, 12, 13, 14, 16, 17, 19, 20, 21]]
[23, 11.0196, [0, 1, 2, 3, 4, 5, 6, 7, 8, 12, 13, 15, 16, 17, 18, 20, 21]]
[23, 11.3936, [0, 1, 2, 3, 4, 5, 6, 7, 9, 10, 11, 12, 13, 14, 16, 17, 19]]
[23, 11.325, [0, 1, 2, 3, 4, 5, 6, 7, 9, 10, 11, 12, 13, 14, 16, 20, 21]]
[23, 11.2918, [0, 1, 2, 3, 4, 5, 6, 7, 9, 10, 11, 12, 13, 14, 18, 20, 21]]
[23, 11.3467, [0, 1, 2, 3, 4, 5, 6, 7, 9, 10, 11, 12, 13, 15, 16, 17, 21]]
[23, 11.3563, [0, 1, 2, 3, 4, 5, 6, 7, 9, 10, 11, 12, 13, 15, 16, 18, 19]]
[23, 11.3166, [0, 1, 2, 3, 4, 5, 6, 7, 9, 10, 11, 12, 13, 15, 16, 19, 21]]
[23, 11.2799, [0, 1, 2, 3, 4, 5, 6, 7, 9, 10, 11, 12, 13, 16, 17, 19, 21]]
[23, 11.2641, [0, 1, 2, 3, 4, 5, 6, 7, 9, 10, 11, 12, 13, 16, 18, 19, 21]]
[23, 11.3476, [0, 1, 2, 3, 4, 5, 6, 7, 9, 10, 11, 12, 14, 15, 16, 17, 19]]
[23, 11.3223, [0, 1, 2, 3, 4, 5, 6, 7, 9, 10, 11, 12, 14, 15, 16, 17, 21]]
[23, 11.2676, [0, 1, 2, 3, 4, 5, 6, 7, 9, 10, 11, 12, 14, 16, 17, 19, 20]]
[23, 11.2339, [0, 1, 2, 3, 4, 5, 6, 7, 9, 10, 11, 12, 15, 16, 17, 19, 21]]
[23, 11.1733, [0, 1, 2, 3, 4, 5, 6, 7, 9, 10, 11, 12, 15, 17, 19, 20, 21]]
[23, 11.2181, [0, 1, 2, 3, 4, 5, 6, 7, 9, 10, 11, 13, 14, 15, 18, 20, 21]]
[23, 11.2205, [0, 1, 2, 3, 4, 5, 6, 7, 9, 10, 11, 13, 15, 16, 17, 18, 21]]
[23, 11.1298, [0, 1, 2, 3, 4, 5, 6, 7, 9, 10, 11, 13, 15, 18, 19, 20, 21]]
[23, 11.1742, [0, 1, 2, 3, 4, 5, 6, 7, 9, 10, 12, 13, 15, 16, 17, 19, 21]]
[23, 11.1367, [0, 1, 2, 3, 4, 5, 6, 7, 9, 10, 12, 14, 15, 16, 17, 20, 21]]
[23, 11.1096, [0, 1, 2, 3, 4, 5, 6, 7, 9, 10, 12, 14, 16, 17, 18, 19, 20]]
[23, 11.0485, [0, 1, 2, 3, 4, 5, 6, 7, 9, 10, 12, 15, 16, 17, 19, 20, 21]]
[23, 11.0932, [0, 1, 2, 3, 4, 5, 6, 7, 9, 10, 13, 14, 15, 16, 18, 20, 21]]
[23, 11.1704, [0, 1, 2, 3, 4, 5, 6, 7, 9, 11, 12, 13, 14, 16, 17, 19, 20]]
[23, 11.0385, [0, 1, 2, 3, 4, 5, 6, 7, 9, 11, 13, 14, 15, 17, 18, 20, 21]]
[23, 11.0085, [0, 1, 2, 3, 4, 5, 6, 7, 9, 11, 13, 14, 15, 18, 19, 20, 21]]
[23, 11.085, [0, 1, 2, 3, 4, 5, 6, 7, 10, 11, 12, 13, 14, 16, 18, 20, 21]]
[23, 11.3265, [0, 1, 2, 3, 4, 5, 6, 8, 9, 10, 11, 12, 13, 14, 16, 17, 19]]
[23, 11.2248, [0, 1, 2, 3, 4, 5, 6, 8, 9, 10, 11, 12, 13, 14, 18, 20, 21]]
[23, 11.3049, [0, 1, 2, 3, 4, 5, 6, 8, 9, 10, 11, 12, 13, 15, 16, 17, 19]]
[23, 11.2796, [0, 1, 2, 3, 4, 5, 6, 8, 9, 10, 11, 12, 13, 15, 16, 17, 21]]
[23, 11.2892, [0, 1, 2, 3, 4, 5, 6, 8, 9, 10, 11, 12, 13, 15, 16, 18, 19]]
[23, 11.2495, [0, 1, 2, 3, 4, 5, 6, 8, 9, 10, 11, 12, 13, 15, 16, 19, 21]]
[23, 11.2443, [0, 1, 2, 3, 4, 5, 6, 8, 9, 10, 11, 12, 13, 15, 17, 19, 20]]
[23, 11.2806, [0, 1, 2, 3, 4, 5, 6, 8, 9, 10, 11, 12, 14, 15, 16, 17, 19]]
[23, 11.1538, [0, 1, 2, 3, 4, 5, 6, 8, 9, 10, 11, 12, 15, 16, 17, 20, 21]]
[23, 11.131, [0, 1, 2, 3, 4, 5, 6, 8, 9, 11, 12, 13, 14, 16, 17, 18, 19]]
[23, 11.0584, [0, 1, 2, 3, 4, 5, 6, 8, 9, 11, 12, 13, 14, 17, 18, 19, 21]]
[23, 11.1094, [0, 1, 2, 3, 4, 5, 6, 8, 9, 11, 12, 13, 15, 16, 17, 18, 19]]
[23, 11.0489, [0, 1, 2, 3, 4, 5, 6, 8, 9, 11, 12, 13, 15, 17, 18, 19, 20]]
[23, 11.065, [0, 1, 2, 3, 4, 5, 6, 8, 10, 11, 12, 13, 15, 16, 17, 18, 19]]
[23, 11.0123, [0, 1, 2, 3, 4, 5, 6, 8, 10, 11, 12, 13, 15, 16, 17, 20, 21]]
[23, 11.0052, [0, 1, 2, 3, 4, 5, 6, 9, 10, 11, 12, 13, 14, 16, 17, 19, 20]]
[23, 11.2406, [0, 1, 2, 3, 4, 5, 7, 8, 9, 10, 11, 12, 13, 14, 16, 17, 19]]
[23, 11.2153, [0, 1, 2, 3, 4, 5, 7, 8, 9, 10, 11, 12, 13, 14, 16, 17, 21]]
[23, 11.1391, [0, 1, 2, 3, 4, 5, 7, 8, 9, 10, 11, 12, 13, 14, 18, 20, 21]]
[23, 11.1332, [0, 1, 2, 3, 4, 5, 7, 8, 9, 10, 11, 12, 13, 15, 17, 20, 21]]
[23, 11.1032, [0, 1, 2, 3, 4, 5, 7, 8, 9, 10, 11, 12, 13, 15, 19, 20, 21]]
[23, 11.1271, [0, 1, 2, 3, 4, 5, 7, 8, 9, 10, 11, 12, 13, 16, 17, 19, 21]]
[23, 11.081, [0, 1, 2, 3, 4, 5, 7, 8, 9, 10, 11, 12, 13, 17, 18, 20, 21]]
[23, 11.0667, [0, 1, 2, 3, 4, 5, 7, 8, 9, 10, 11, 12, 13, 17, 19, 20, 21]]
[23, 11.1342, [0, 1, 2, 3, 4, 5, 7, 8, 9, 10, 11, 12, 14, 15, 17, 19, 20]]
[23, 11.0525, [0, 1, 2, 3, 4, 5, 7, 8, 9, 10, 11, 12, 15, 16, 18, 20, 21]]
[23, 11.1117, [0, 1, 2, 3, 4, 5, 7, 8, 9, 10, 11, 13, 14, 15, 16, 19, 21]]
[23, 11.0751, [0, 1, 2, 3, 4, 5, 7, 8, 9, 10, 11, 13, 14, 16, 17, 19, 21]]
[23, 11.0105, [0, 1, 2, 3, 4, 5, 7, 8, 9, 10, 11, 13, 15, 16, 19, 20, 21]]
[23, 11.0453, [0, 1, 2, 3, 4, 5, 7, 8, 9, 11, 12, 13, 14, 16, 17, 18, 19]]
[23, 11.126, [0, 1, 2, 3, 4, 6, 7, 8, 9, 10, 11, 12, 13, 14, 16, 17, 19]]
[23, 11.0679, [0, 1, 2, 3, 4, 6, 7, 8, 9, 10, 11, 12, 13, 14, 17, 18, 21]]
[23, 11.0248, [0, 1, 2, 3, 4, 6, 7, 8, 9, 10, 11, 12, 13, 14, 18, 20, 21]]
[23, 11.0584, [0, 1, 2, 3, 4, 6, 7, 8, 9, 10, 11, 12, 13, 15, 17, 18, 20]]
[23, 11.0441, [0, 1, 2, 3, 4, 6, 7, 8, 9, 10, 11, 12, 13, 15, 17, 19, 20]]
[23, 11.019, [0, 1, 2, 3, 4, 6, 7, 8, 9, 10, 11, 12, 13, 15, 17, 20, 21]]
[23, 11.0368, [0, 1, 2, 3, 4, 6, 7, 8, 9, 10, 11, 13, 14, 15, 16, 18, 19]]

Search completed in 0 hours, 0 minutes, and 0.104 seconds.  Enter a string to quit.