Enter an integer k for which our Kempner sets are k-free: 10
Enter a positive integer modulus b: 18
Enter estimation parameters, or * for pre-computed parameters ([0.1686, 1.1772, 1.6133]): *
Enter a threshold (e.g. 4.2) to determine printed output: 3.75
Enter a root for the search space (e.g. [0, 1, 2]) [or * for the root [0]]: *
Enter an upper bound for the size of allowable digit sets [or * to ignore]: *
Enter a maximal number of deviations from a greedy search [or * to ignore]: *
Searching for k-free sets mod b...

[18, 5.22071, [0, 1, 2, 3, 4, 5, 6, 7, 8]]
[18, 5.04421, [0, 1, 2, 3, 4, 5, 6, 8, 16]]
[18, 4.40057, [0, 1, 2, 3, 4, 5, 6, 16]]
[18, 5.00986, [0, 1, 2, 3, 4, 5, 7, 8, 15]]
[18, 4.36999, [0, 1, 2, 3, 4, 5, 7, 15]]
[18, 4.83462, [0, 1, 2, 3, 4, 5, 8, 15, 16]]
[18, 4.32905, [0, 1, 2, 3, 4, 5, 8, 16]]
[18, 4.21353, [0, 1, 2, 3, 4, 5, 15, 16]]
[18, 3.81117, [0, 1, 2, 3, 4, 5, 16]]
[18, 4.43295, [0, 1, 2, 3, 4, 6, 7, 8]]
[18, 4.32752, [0, 1, 2, 3, 4, 6, 7, 14]]
[18, 4.27615, [0, 1, 2, 3, 4, 6, 8, 16]]
[18, 4.17136, [0, 1, 2, 3, 4, 6, 14, 16]]
[18, 3.76358, [0, 1, 2, 3, 4, 6, 16]]
[18, 4.24565, [0, 1, 2, 3, 4, 7, 8, 15]]
[18, 4.14099, [0, 1, 2, 3, 4, 7, 14, 15]]
[18, 4.09002, [0, 1, 2, 3, 4, 8, 15, 16]]
[18, 3.98601, [0, 1, 2, 3, 4, 14, 15, 16]]
[18, 4.3585, [0, 1, 2, 3, 5, 6, 7, 8]]
[18, 4.71773, [0, 1, 2, 3, 5, 6, 8, 13, 16]]
[18, 4.2023, [0, 1, 2, 3, 5, 6, 8, 16]]
[18, 4.10961, [0, 1, 2, 3, 5, 6, 13, 16]]
[18, 4.17184, [0, 1, 2, 3, 5, 7, 8, 15]]
[18, 4.51055, [0, 1, 2, 3, 5, 8, 13, 15, 16]]
[18, 4.03882, [0, 1, 2, 3, 5, 8, 13, 16]]
[18, 4.01681, [0, 1, 2, 3, 5, 8, 15, 16]]
[18, 3.9248, [0, 1, 2, 3, 5, 13, 15, 16]]
[18, 3.98645, [0, 1, 2, 3, 6, 8, 13, 16]]
[18, 3.883, [0, 1, 2, 3, 6, 13, 14, 16]]
[18, 3.80255, [0, 1, 2, 3, 8, 13, 15, 16]]
[18, 4.24582, [0, 1, 2, 4, 5, 6, 7, 8]]
[18, 4.09072, [0, 1, 2, 4, 5, 6, 8, 16]]
[18, 4.57353, [0, 1, 2, 4, 5, 7, 8, 12, 15]]
[18, 4.06033, [0, 1, 2, 4, 5, 7, 8, 15]]
[18, 3.98153, [0, 1, 2, 4, 5, 7, 12, 15]]
[18, 4.40154, [0, 1, 2, 4, 5, 8, 12, 15, 16]]
[18, 3.94132, [0, 1, 2, 4, 5, 8, 12, 16]]
[18, 3.9064, [0, 1, 2, 4, 5, 8, 15, 16]]
[18, 3.82808, [0, 1, 2, 4, 5, 12, 15, 16]]
[18, 3.85888, [0, 1, 2, 4, 7, 8, 12, 15]]
[18, 3.75624, [0, 1, 2, 4, 7, 12, 14, 15]]
[18, 3.80319, [0, 1, 2, 5, 6, 8, 13, 16]]
[18, 3.78604, [0, 1, 2, 5, 7, 8, 12, 15]]
[18, 4.08221, [0, 1, 2, 5, 8, 12, 13, 15, 16]]
[18, 4.58043, [0, 1, 3, 4, 5, 6, 7, 8, 11]]
[18, 3.98877, [0, 1, 3, 4, 5, 6, 7, 11]]
[18, 4.40975, [0, 1, 3, 4, 5, 6, 8, 11, 16]]
[18, 3.89935, [0, 1, 3, 4, 5, 6, 8, 16]]
[18, 3.83652, [0, 1, 3, 4, 5, 6, 11, 16]]
[18, 4.37585, [0, 1, 3, 4, 5, 7, 8, 11, 15]]
[18, 3.86912, [0, 1, 3, 4, 5, 7, 8, 15]]
[18, 3.80636, [0, 1, 3, 4, 5, 7, 11, 15]]
[18, 4.20643, [0, 1, 3, 4, 5, 8, 11, 15, 16]]
[18, 3.76669, [0, 1, 3, 4, 5, 8, 11, 16]]
[18, 4.32874, [0, 1, 3, 4, 6, 7, 8, 11, 14]]
[18, 3.82711, [0, 1, 3, 4, 6, 7, 8, 14]]
[18, 3.76446, [0, 1, 3, 4, 6, 7, 11, 14]]
[18, 4.15965, [0, 1, 3, 4, 6, 8, 11, 14, 16]]
[18, 4.12598, [0, 1, 3, 4, 7, 8, 11, 14, 15]]
[18, 3.95816, [0, 1, 3, 4, 8, 11, 14, 15, 16]]
[18, 3.79319, [0, 1, 3, 5, 6, 7, 8, 11]]
[18, 4.09108, [0, 1, 3, 5, 6, 8, 11, 13, 16]]
[18, 3.89018, [0, 1, 3, 5, 8, 11, 13, 15, 16]]
[18, 3.84378, [0, 1, 3, 6, 8, 11, 13, 14, 16]]
[18, 3.94897, [0, 1, 4, 5, 7, 8, 11, 12, 15]]
[18, 3.7828, [0, 1, 4, 5, 8, 11, 12, 15, 16]]
[18, 4.11953, [0, 2, 3, 4, 5, 6, 7, 8, 10]]
[18, 3.92431, [0, 2, 3, 4, 5, 7, 8, 10, 15]]
[18, 3.80993, [0, 2, 3, 5, 6, 7, 8, 10, 13]]

Search completed in 0 hours, 0 minutes, and 0.031 seconds.  Enter a string to quit.