Enter an integer k for which our Kempner sets are k-free: 10
Enter a positive integer modulus b: 45
Enter estimation parameters, or * for pre-computed parameters ([0.1094, 1.1161, 1.4639]): *
Enter a threshold (e.g. 4.2) to determine printed output: 9.85
Enter a root for the search space (e.g. [0, 1, 2]) [or * for the root [0]]: *
Enter an upper bound for the size of allowable digit sets [or * to ignore]: *
Enter a maximal number of deviations from a greedy search [or * to ignore]: *
Searching for k-free sets mod b...

[45, 9.91449, [0, 1, 2, 3, 4, 5, 6, 7, 8, 10, 11, 12, 13, 14, 15, 16, 17, 19, 20, 21, 22, 23, 24, 27, 28, 29, 33, 39, 41]]
[45, 9.91206, [0, 1, 2, 3, 4, 5, 6, 7, 8, 10, 11, 12, 13, 14, 15, 16, 17, 19, 20, 21, 22, 23, 24, 27, 28, 29, 33, 40, 41]]
[45, 9.89497, [0, 1, 2, 3, 4, 5, 6, 7, 8, 10, 11, 12, 13, 14, 15, 16, 17, 19, 20, 21, 22, 23, 24, 27, 28, 29, 39, 40, 41]]
[45, 9.87168, [0, 1, 2, 3, 4, 5, 6, 7, 8, 10, 11, 12, 13, 14, 15, 16, 17, 19, 20, 21, 22, 23, 24, 28, 29, 33, 39, 40, 41]]
[45, 9.89301, [0, 1, 2, 3, 4, 5, 6, 7, 8, 10, 11, 12, 13, 14, 15, 16, 17, 19, 21, 22, 23, 24, 26, 27, 28, 29, 33, 35, 39]]
[45, 9.8735, [0, 1, 2, 3, 4, 5, 6, 7, 8, 10, 11, 12, 13, 14, 15, 16, 17, 19, 21, 22, 23, 24, 26, 27, 28, 29, 35, 39, 40]]
[45, 9.85468, [0, 1, 2, 3, 4, 5, 6, 7, 8, 10, 11, 12, 13, 14, 15, 16, 17, 19, 21, 22, 23, 24, 26, 27, 29, 33, 35, 39, 40]]
[45, 9.87434, [0, 1, 2, 3, 4, 5, 6, 7, 8, 10, 11, 12, 13, 14, 15, 16, 17, 20, 21, 22, 23, 24, 25, 27, 28, 29, 33, 39, 41]]
[45, 9.91906, [0, 1, 2, 3, 4, 5, 6, 7, 8, 10, 11, 12, 13, 14, 15, 17, 18, 19, 20, 21, 22, 23, 24, 25, 27, 28, 31, 39, 41]]
[45, 9.91038, [0, 1, 2, 3, 4, 5, 6, 7, 8, 10, 11, 12, 13, 14, 15, 17, 18, 19, 20, 21, 22, 23, 24, 25, 28, 29, 31, 39, 41]]
[45, 9.90338, [0, 1, 2, 3, 4, 5, 6, 7, 8, 10, 11, 12, 13, 14, 15, 17, 18, 19, 20, 21, 22, 23, 24, 25, 28, 29, 31, 41, 42]]
[45, 9.87939, [0, 1, 2, 3, 4, 5, 6, 7, 8, 10, 11, 12, 13, 14, 15, 17, 18, 19, 20, 21, 22, 23, 24, 25, 28, 29, 39, 41, 42]]
[45, 9.86748, [0, 1, 2, 3, 4, 5, 6, 7, 8, 10, 11, 12, 13, 14, 15, 17, 18, 19, 20, 21, 22, 23, 24, 25, 29, 31, 39, 41, 42]]
[45, 9.86308, [0, 1, 2, 3, 4, 5, 6, 7, 8, 10, 11, 12, 13, 14, 15, 17, 18, 19, 20, 21, 22, 23, 24, 25, 29, 31, 39, 42, 43]]
[45, 9.90052, [0, 1, 2, 3, 4, 5, 6, 7, 8, 10, 11, 12, 13, 14, 15, 17, 18, 19, 20, 21, 22, 23, 24, 27, 28, 29, 31, 39, 41]]
[45, 9.85315, [0, 1, 2, 3, 4, 5, 6, 7, 8, 10, 11, 12, 13, 14, 15, 17, 18, 19, 20, 21, 22, 23, 24, 28, 29, 31, 39, 41, 42]]
[45, 9.89403, [0, 1, 2, 3, 4, 5, 6, 7, 8, 10, 11, 12, 13, 14, 15, 17, 18, 19, 20, 21, 22, 24, 25, 26, 27, 29, 31, 39, 43]]
[45, 9.88919, [0, 1, 2, 3, 4, 5, 6, 7, 8, 10, 11, 12, 13, 14, 15, 17, 18, 19, 20, 21, 22, 24, 25, 27, 28, 29, 31, 39, 41]]
[45, 9.88394, [0, 1, 2, 3, 4, 5, 6, 7, 8, 10, 11, 12, 13, 14, 15, 17, 18, 19, 20, 22, 23, 24, 25, 27, 28, 29, 31, 36, 41]]
[45, 9.876, [0, 1, 2, 3, 4, 5, 6, 7, 8, 10, 11, 12, 13, 14, 15, 17, 18, 19, 20, 22, 23, 24, 25, 27, 28, 29, 31, 39, 41]]
[45, 9.86038, [0, 1, 2, 3, 4, 5, 6, 7, 8, 10, 11, 12, 13, 14, 15, 17, 18, 20, 21, 22, 23, 24, 25, 27, 28, 29, 31, 39, 41]]
[45, 9.86165, [0, 1, 2, 3, 4, 5, 6, 7, 8, 10, 11, 12, 13, 14, 15, 18, 19, 20, 21, 22, 23, 24, 26, 27, 28, 29, 31, 32, 39]]
[45, 9.92156, [0, 1, 2, 3, 4, 5, 6, 7, 8, 10, 11, 13, 14, 15, 18, 24, 27, 28, 29, 31, 32, 34, 35, 36, 37, 38, 39, 40, 41, 42]]
[45, 10.3042, [0, 1, 2, 3, 4, 5, 6, 7, 8, 11, 12, 13, 14, 15, 16, 17, 18, 19, 21, 22, 24, 25, 26, 29, 35, 38, 39, 40, 42, 43]]
[45, 9.8634, [0, 1, 2, 3, 4, 5, 6, 7, 9, 10, 11, 12, 13, 14, 15, 16, 18, 19, 20, 21, 22, 23, 26, 27, 28, 29, 32, 39, 40]]
[45, 9.96882, [0, 1, 2, 3, 4, 5, 6, 7, 9, 11, 12, 14, 15, 16, 17, 19, 23, 24, 25, 27, 28, 29, 33, 35, 36, 37, 38, 40, 41, 43]]
[45, 10.1212, [0, 1, 2, 3, 4, 5, 6, 8, 9, 10, 11, 12, 13, 14, 18, 21, 22, 24, 25, 27, 28, 29, 30, 31, 32, 34, 35, 37, 38, 41]]
[45, 10.0626, [0, 1, 2, 3, 4, 5, 6, 8, 9, 11, 12, 14, 15, 17, 18, 19, 20, 21, 22, 23, 25, 27, 28, 29, 31, 37, 39, 40, 41, 43]]
[45, 10.0944, [0, 1, 2, 3, 4, 5, 7, 8, 9, 10, 11, 12, 14, 15, 16, 17, 18, 20, 21, 23, 28, 29, 34, 36, 37, 39, 40, 41, 42, 43]]
[45, 9.97589, [0, 1, 2, 3, 4, 5, 7, 8, 9, 10, 11, 12, 14, 16, 19, 21, 22, 24, 25, 27, 28, 29, 30, 32, 33, 35, 36, 38, 41, 43]]
[45, 10.1035, [0, 1, 2, 3, 4, 5, 7, 8, 9, 11, 12, 13, 14, 16, 17, 18, 20, 21, 22, 23, 24, 25, 28, 29, 30, 34, 36, 40, 41, 42]]
[45, 10.1775, [0, 1, 2, 3, 4, 6, 7, 8, 9, 10, 11, 13, 14, 15, 16, 17, 18, 20, 21, 22, 23, 24, 26, 27, 29, 34, 35, 40, 42, 43]]
[45, 9.97914, [0, 1, 2, 3, 4, 6, 7, 8, 9, 11, 12, 13, 14, 16, 17, 18, 19, 20, 22, 23, 25, 26, 29, 30, 35, 36, 39, 40, 42, 43]]

Search completed in 0 hours, 2 minutes, and 0.853 seconds.  Enter a string to quit.