Enter an integer k for which our Kempner sets are k-free: 10
Enter a positive integer modulus b: 72
Enter estimation parameters, or * for pre-computed parameters ([0.0929, 1.0938, 1.4201]): *
Enter a threshold (e.g. 4.2) to determine printed output: 7.52
Enter a root for the search space (e.g. [0, 1, 2]) [or * for the root [0]]: *
Enter an upper bound for the size of allowable digit sets [or * to ignore]: 36
Enter a maximal number of deviations from a greedy search [or * to ignore]: *
Searching for k-free sets mod b...

[72, 7.58706, [0, 1, 2, 3, 4, 5, 6, 7, 8, 10, 11, 12, 13, 14, 15, 16, 17, 19, 20, 21, 22, 23, 24, 25, 26, 27, 31, 32, 33, 34, 35, 45, 54, 64, 65, 66]]
[72, 7.54644, [0, 1, 2, 3, 4, 5, 6, 7, 8, 10, 11, 12, 13, 14, 15, 16, 17, 19, 20, 21, 22, 23, 24, 25, 26, 27, 31, 33, 34, 35, 45, 54, 64, 65, 66, 68]]
[72, 7.5448, [0, 1, 2, 3, 4, 5, 6, 7, 8, 10, 11, 12, 13, 14, 15, 16, 17, 19, 20, 21, 22, 23, 24, 25, 26, 27, 32, 33, 34, 35, 45, 54, 64, 65, 66, 67]]
[72, 7.53692, [0, 1, 2, 3, 4, 5, 6, 7, 8, 10, 11, 12, 13, 14, 15, 16, 17, 19, 20, 21, 22, 23, 24, 25, 26, 31, 32, 33, 34, 35, 45, 54, 63, 64, 65, 66]]
[72, 7.53454, [0, 1, 2, 3, 4, 5, 6, 7, 8, 10, 11, 12, 13, 14, 15, 16, 17, 19, 20, 21, 22, 23, 24, 25, 27, 31, 32, 33, 34, 35, 45, 54, 62, 64, 65, 66]]
[72, 7.53031, [0, 1, 2, 3, 4, 5, 6, 7, 8, 10, 11, 12, 13, 14, 15, 16, 17, 19, 20, 21, 22, 23, 24, 25, 29, 31, 32, 33, 34, 35, 45, 54, 62, 63, 64, 66]]
[72, 7.5799, [0, 1, 2, 3, 4, 5, 6, 7, 8, 10, 11, 12, 13, 14, 15, 16, 17, 19, 20, 21, 22, 23, 24, 26, 27, 28, 31, 32, 33, 34, 35, 45, 54, 61, 65, 66]]
[72, 7.53928, [0, 1, 2, 3, 4, 5, 6, 7, 8, 10, 11, 12, 13, 14, 15, 16, 17, 19, 20, 21, 22, 23, 24, 26, 27, 28, 31, 33, 34, 35, 45, 54, 61, 65, 66, 68]]
[72, 7.53764, [0, 1, 2, 3, 4, 5, 6, 7, 8, 10, 11, 12, 13, 14, 15, 16, 17, 19, 20, 21, 22, 23, 24, 26, 27, 28, 32, 33, 34, 35, 45, 54, 61, 65, 66, 67]]
[72, 7.53196, [0, 1, 2, 3, 4, 5, 6, 7, 8, 10, 11, 12, 13, 14, 15, 16, 17, 19, 20, 21, 22, 23, 24, 26, 27, 31, 32, 33, 34, 35, 45, 54, 61, 64, 65, 66]]
[72, 7.52976, [0, 1, 2, 3, 4, 5, 6, 7, 8, 10, 11, 12, 13, 14, 15, 16, 17, 19, 20, 21, 22, 23, 24, 26, 28, 31, 32, 33, 34, 35, 45, 54, 61, 63, 65, 66]]
[72, 7.57329, [0, 1, 2, 3, 4, 5, 6, 7, 8, 10, 11, 12, 13, 14, 15, 16, 17, 19, 20, 21, 22, 23, 24, 27, 28, 29, 31, 32, 33, 34, 35, 45, 54, 61, 62, 66]]
[72, 7.53267, [0, 1, 2, 3, 4, 5, 6, 7, 8, 10, 11, 12, 13, 14, 15, 16, 17, 19, 20, 21, 22, 23, 24, 27, 28, 29, 31, 33, 34, 35, 45, 54, 61, 62, 66, 68]]
[72, 7.53103, [0, 1, 2, 3, 4, 5, 6, 7, 8, 10, 11, 12, 13, 14, 15, 16, 17, 19, 20, 21, 22, 23, 24, 27, 28, 29, 32, 33, 34, 35, 45, 54, 61, 62, 66, 67]]
[72, 7.52739, [0, 1, 2, 3, 4, 5, 6, 7, 8, 10, 11, 12, 13, 14, 15, 16, 17, 19, 20, 21, 22, 23, 24, 27, 28, 31, 32, 33, 34, 35, 45, 54, 61, 62, 65, 66]]
[72, 7.52535, [0, 1, 2, 3, 4, 5, 6, 7, 8, 10, 11, 12, 13, 14, 15, 16, 17, 19, 20, 21, 22, 23, 24, 27, 29, 31, 32, 33, 34, 35, 45, 54, 61, 62, 64, 66]]
[72, 7.52315, [0, 1, 2, 3, 4, 5, 6, 7, 8, 10, 11, 12, 13, 14, 15, 16, 17, 19, 20, 21, 22, 23, 24, 28, 29, 31, 32, 33, 34, 35, 45, 54, 61, 62, 63, 66]]
[72, 7.52915, [0, 1, 2, 3, 4, 5, 6, 7, 8, 10, 11, 12, 13, 14, 15, 16, 17, 19, 20, 21, 22, 23, 25, 26, 27, 31, 32, 33, 34, 35, 45, 54, 60, 64, 65, 66]]
[72, 7.522, [0, 1, 2, 3, 4, 5, 6, 7, 8, 10, 11, 12, 13, 14, 15, 16, 17, 19, 20, 21, 22, 23, 26, 27, 28, 31, 32, 33, 34, 35, 45, 54, 60, 61, 65, 66]]
[72, 7.5665, [0, 1, 2, 3, 4, 5, 6, 7, 8, 10, 11, 12, 13, 14, 15, 17, 18, 19, 20, 21, 22, 23, 24, 25, 27, 30, 31, 32, 33, 34, 35, 45, 52, 62, 64, 65]]
[72, 7.52886, [0, 1, 2, 3, 4, 5, 6, 7, 8, 10, 11, 12, 13, 14, 15, 17, 18, 19, 20, 21, 22, 23, 24, 25, 27, 30, 31, 32, 33, 35, 45, 52, 62, 64, 65, 70]]
[72, 7.52589, [0, 1, 2, 3, 4, 5, 6, 7, 8, 10, 11, 12, 13, 14, 15, 17, 18, 19, 20, 21, 22, 23, 24, 25, 27, 30, 31, 33, 34, 35, 45, 52, 62, 64, 65, 68]]
[72, 7.52249, [0, 1, 2, 3, 4, 5, 6, 7, 8, 10, 11, 12, 13, 14, 15, 17, 18, 19, 20, 21, 22, 23, 24, 25, 27, 31, 32, 33, 34, 35, 45, 52, 62, 64, 65, 66]]
[72, 7.56227, [0, 1, 2, 3, 4, 5, 6, 7, 8, 10, 11, 12, 13, 14, 15, 17, 18, 19, 20, 21, 22, 23, 24, 25, 29, 30, 31, 32, 33, 34, 35, 45, 52, 62, 63, 64]]
[72, 7.52463, [0, 1, 2, 3, 4, 5, 6, 7, 8, 10, 11, 12, 13, 14, 15, 17, 18, 19, 20, 21, 22, 23, 24, 25, 29, 30, 31, 32, 33, 35, 45, 52, 62, 63, 64, 70]]
[72, 7.52166, [0, 1, 2, 3, 4, 5, 6, 7, 8, 10, 11, 12, 13, 14, 15, 17, 18, 19, 20, 21, 22, 23, 24, 25, 29, 30, 31, 33, 34, 35, 45, 52, 62, 63, 64, 68]]
[72, 7.56392, [0, 1, 2, 3, 4, 5, 6, 7, 8, 10, 11, 12, 13, 14, 15, 17, 18, 19, 20, 21, 22, 23, 24, 26, 27, 30, 31, 32, 33, 34, 35, 45, 52, 61, 64, 65]]
[72, 7.52628, [0, 1, 2, 3, 4, 5, 6, 7, 8, 10, 11, 12, 13, 14, 15, 17, 18, 19, 20, 21, 22, 23, 24, 26, 27, 30, 31, 32, 33, 35, 45, 52, 61, 64, 65, 70]]
[72, 7.52331, [0, 1, 2, 3, 4, 5, 6, 7, 8, 10, 11, 12, 13, 14, 15, 17, 18, 19, 20, 21, 22, 23, 24, 26, 27, 30, 31, 33, 34, 35, 45, 52, 61, 64, 65, 68]]
[72, 7.52167, [0, 1, 2, 3, 4, 5, 6, 7, 8, 10, 11, 12, 13, 14, 15, 17, 18, 19, 20, 21, 22, 23, 24, 26, 27, 30, 32, 33, 34, 35, 45, 52, 61, 64, 65, 67]]
[72, 7.55731, [0, 1, 2, 3, 4, 5, 6, 7, 8, 10, 11, 12, 13, 14, 15, 17, 18, 19, 20, 21, 22, 23, 24, 27, 29, 30, 31, 32, 33, 34, 35, 45, 52, 61, 62, 64]]
[72, 7.56111, [0, 1, 2, 3, 4, 5, 6, 7, 8, 10, 11, 12, 13, 14, 15, 17, 18, 19, 20, 21, 22, 23, 25, 26, 27, 30, 31, 32, 33, 34, 35, 45, 52, 60, 64, 65]]
[72, 7.52347, [0, 1, 2, 3, 4, 5, 6, 7, 8, 10, 11, 12, 13, 14, 15, 17, 18, 19, 20, 21, 22, 23, 25, 26, 27, 30, 31, 32, 33, 35, 45, 52, 60, 64, 65, 70]]
[72, 7.55098, [0, 1, 2, 3, 4, 5, 6, 7, 8, 10, 11, 12, 13, 14, 15, 17, 18, 19, 20, 22, 23, 24, 25, 26, 27, 30, 31, 32, 33, 34, 35, 45, 52, 57, 64, 65]]
[72, 7.54436, [0, 1, 2, 3, 4, 5, 6, 7, 8, 10, 11, 12, 13, 14, 15, 17, 18, 19, 20, 22, 23, 24, 25, 27, 29, 30, 31, 32, 33, 34, 35, 45, 52, 57, 62, 64]]
[72, 7.53179, [0, 1, 2, 3, 4, 5, 6, 7, 8, 10, 11, 12, 13, 15, 16, 17, 18, 19, 20, 21, 22, 23, 27, 28, 29, 30, 31, 32, 33, 34, 35, 45, 50, 60, 61, 62]]
[72, 7.52881, [0, 1, 2, 3, 4, 5, 6, 7, 8, 10, 11, 12, 13, 15, 16, 17, 18, 19, 20, 22, 23, 24, 25, 27, 29, 30, 31, 32, 33, 34, 35, 45, 50, 57, 62, 64]]
[72, 7.52165, [0, 1, 2, 3, 4, 5, 6, 7, 8, 10, 11, 12, 13, 15, 16, 17, 18, 19, 20, 22, 23, 24, 27, 28, 29, 30, 31, 32, 33, 34, 35, 45, 50, 57, 61, 62]]
[72, 7.55171, [0, 1, 2, 3, 4, 5, 6, 7, 9, 10, 11, 12, 13, 14, 15, 16, 18, 19, 20, 21, 22, 23, 24, 25, 26, 30, 31, 32, 33, 34, 35, 44, 53, 63, 64, 65]]
[72, 7.54394, [0, 1, 2, 3, 4, 5, 6, 7, 9, 10, 11, 12, 13, 14, 15, 16, 18, 19, 20, 21, 22, 23, 25, 26, 27, 30, 31, 32, 33, 34, 35, 44, 53, 60, 64, 65]]
[72, 7.53678, [0, 1, 2, 3, 4, 5, 6, 7, 9, 10, 11, 12, 13, 14, 15, 16, 18, 19, 20, 21, 22, 23, 26, 27, 28, 30, 31, 32, 33, 34, 35, 44, 53, 60, 61, 65]]
[72, 7.52887, [0, 1, 2, 3, 4, 5, 6, 7, 9, 10, 11, 12, 13, 14, 16, 17, 18, 19, 20, 21, 22, 23, 24, 26, 29, 30, 31, 32, 33, 34, 35, 44, 51, 61, 63, 64]]
[72, 7.52429, [0, 1, 2, 3, 4, 5, 6, 7, 9, 10, 11, 12, 13, 14, 16, 17, 18, 19, 20, 21, 22, 23, 24, 28, 29, 30, 31, 32, 33, 34, 35, 44, 51, 61, 62, 63]]
[72, 7.52606, [0, 1, 2, 3, 4, 5, 6, 7, 9, 10, 11, 12, 13, 14, 16, 17, 18, 19, 20, 21, 22, 23, 25, 26, 29, 30, 31, 32, 33, 34, 35, 44, 51, 60, 63, 64]]
[72, 7.52992, [0, 1, 2, 3, 4, 5, 6, 7, 9, 10, 11, 12, 13, 14, 16, 17, 18, 19, 20, 21, 23, 24, 25, 26, 28, 29, 30, 31, 32, 33, 35, 44, 51, 58, 63, 70]]

Search completed in 0 hours, 0 minutes, and 0.343 seconds.  Enter a string to quit.