Enter an integer k for which our Kempner sets are k-free: 10
Enter a positive integer modulus b: 66
Enter estimation parameters, or * for pre-computed parameters ([0.0951, 1.0996, 1.4229]): *
Enter a threshold (e.g. 4.2) to determine printed output: 7.37
Enter a root for the search space (e.g. [0, 1, 2]) [or * for the root [0]]: *
Enter an upper bound for the size of allowable digit sets [or * to ignore]: 33
Enter a maximal number of deviations from a greedy search [or * to ignore]: *
Searching for k-free sets mod b...

[66, 7.46223, [0, 1, 2, 3, 4, 5, 6, 7, 8, 10, 11, 12, 13, 14, 15, 16, 17, 19, 20, 21, 22, 23, 24, 25, 26, 27, 30, 31, 32, 42, 51, 61, 62]]
[66, 7.41923, [0, 1, 2, 3, 4, 5, 6, 7, 8, 10, 11, 12, 13, 14, 15, 16, 17, 19, 20, 21, 22, 23, 24, 25, 26, 27, 31, 32, 42, 51, 61, 62, 63]]
[66, 7.41322, [0, 1, 2, 3, 4, 5, 6, 7, 8, 10, 11, 12, 13, 14, 15, 16, 17, 19, 20, 21, 22, 23, 24, 25, 26, 30, 31, 32, 42, 51, 60, 61, 62]]
[66, 7.41088, [0, 1, 2, 3, 4, 5, 6, 7, 8, 10, 11, 12, 13, 14, 15, 16, 17, 19, 20, 21, 22, 23, 24, 25, 27, 30, 31, 32, 42, 51, 59, 61, 62]]
[66, 7.40834, [0, 1, 2, 3, 4, 5, 6, 7, 8, 10, 11, 12, 13, 14, 15, 16, 17, 19, 20, 21, 22, 23, 24, 26, 27, 30, 31, 32, 42, 51, 58, 61, 62]]
[66, 7.40557, [0, 1, 2, 3, 4, 5, 6, 7, 8, 10, 11, 12, 13, 14, 15, 16, 17, 19, 20, 21, 22, 23, 25, 26, 27, 30, 31, 32, 42, 51, 57, 61, 62]]
[66, 7.39853, [0, 1, 2, 3, 4, 5, 6, 7, 8, 10, 11, 12, 13, 14, 15, 16, 17, 19, 20, 21, 22, 23, 26, 27, 28, 30, 31, 32, 42, 51, 57, 58, 62]]
[66, 7.39923, [0, 1, 2, 3, 4, 5, 6, 7, 8, 10, 11, 12, 13, 14, 15, 16, 17, 19, 20, 21, 23, 24, 25, 26, 27, 30, 31, 32, 42, 51, 55, 61, 62]]
[66, 7.38943, [0, 1, 2, 3, 4, 5, 6, 7, 8, 10, 11, 12, 13, 14, 15, 16, 17, 19, 20, 21, 23, 25, 26, 27, 28, 30, 31, 32, 42, 51, 55, 57, 62]]
[66, 7.39155, [0, 1, 2, 3, 4, 5, 6, 7, 8, 10, 11, 12, 13, 14, 15, 16, 17, 19, 21, 22, 23, 24, 25, 26, 27, 30, 31, 32, 42, 51, 53, 61, 62]]
[66, 7.38452, [0, 1, 2, 3, 4, 5, 6, 7, 8, 10, 11, 12, 13, 14, 15, 16, 17, 19, 21, 22, 23, 24, 26, 27, 28, 30, 31, 32, 42, 51, 53, 58, 62]]
[66, 7.37541, [0, 1, 2, 3, 4, 5, 6, 7, 8, 10, 11, 12, 13, 14, 15, 16, 17, 19, 21, 23, 24, 25, 26, 27, 28, 30, 31, 32, 42, 51, 53, 55, 62]]
[66, 7.37649, [0, 1, 2, 3, 4, 5, 6, 7, 8, 10, 11, 12, 13, 14, 15, 16, 19, 20, 21, 22, 23, 24, 25, 26, 27, 30, 31, 32, 42, 50, 51, 61, 62]]
[66, 7.44164, [0, 1, 2, 3, 4, 5, 6, 7, 8, 10, 11, 12, 13, 14, 15, 17, 18, 19, 20, 21, 22, 23, 24, 25, 28, 29, 30, 31, 32, 42, 49, 59, 60]]
[66, 7.39866, [0, 1, 2, 3, 4, 5, 6, 7, 8, 10, 11, 12, 13, 14, 15, 17, 18, 19, 20, 21, 22, 23, 24, 25, 28, 29, 31, 32, 42, 49, 59, 60, 63]]
[66, 7.3968, [0, 1, 2, 3, 4, 5, 6, 7, 8, 10, 11, 12, 13, 14, 15, 17, 18, 19, 20, 21, 22, 23, 24, 25, 28, 30, 31, 32, 42, 49, 59, 60, 62]]
[66, 7.3948, [0, 1, 2, 3, 4, 5, 6, 7, 8, 10, 11, 12, 13, 14, 15, 17, 18, 19, 20, 21, 22, 23, 24, 25, 29, 30, 31, 32, 42, 49, 59, 60, 61]]
[66, 7.39426, [0, 1, 2, 3, 4, 5, 6, 7, 8, 10, 11, 12, 13, 14, 15, 17, 18, 19, 20, 21, 22, 23, 24, 26, 28, 30, 31, 32, 42, 49, 58, 60, 62]]
[66, 7.38776, [0, 1, 2, 3, 4, 5, 6, 7, 8, 10, 11, 12, 13, 14, 15, 17, 18, 19, 20, 21, 22, 23, 24, 28, 29, 30, 31, 32, 42, 49, 58, 59, 60]]
[66, 7.39149, [0, 1, 2, 3, 4, 5, 6, 7, 8, 10, 11, 12, 13, 14, 15, 17, 18, 19, 20, 21, 22, 23, 25, 26, 28, 30, 31, 32, 42, 49, 57, 60, 62]]
[66, 7.38499, [0, 1, 2, 3, 4, 5, 6, 7, 8, 10, 11, 12, 13, 14, 15, 17, 18, 19, 20, 21, 22, 23, 25, 28, 29, 30, 31, 32, 42, 49, 57, 59, 60]]
[66, 7.43331, [0, 1, 2, 3, 4, 5, 6, 7, 8, 10, 11, 12, 13, 14, 15, 17, 18, 19, 20, 21, 22, 24, 25, 26, 28, 29, 30, 31, 32, 42, 49, 56, 60]]
[66, 7.39033, [0, 1, 2, 3, 4, 5, 6, 7, 8, 10, 11, 12, 13, 14, 15, 17, 18, 19, 20, 21, 22, 24, 25, 26, 28, 29, 31, 32, 42, 49, 56, 60, 63]]
[66, 7.38847, [0, 1, 2, 3, 4, 5, 6, 7, 8, 10, 11, 12, 13, 14, 15, 17, 18, 19, 20, 21, 22, 24, 25, 26, 28, 30, 31, 32, 42, 49, 56, 60, 62]]
[66, 7.38647, [0, 1, 2, 3, 4, 5, 6, 7, 8, 10, 11, 12, 13, 14, 15, 17, 18, 19, 20, 21, 22, 24, 25, 26, 29, 30, 31, 32, 42, 49, 56, 60, 61]]
[66, 7.38197, [0, 1, 2, 3, 4, 5, 6, 7, 8, 10, 11, 12, 13, 14, 15, 17, 18, 19, 20, 21, 22, 24, 25, 28, 29, 30, 31, 32, 42, 49, 56, 59, 60]]
[66, 7.37943, [0, 1, 2, 3, 4, 5, 6, 7, 8, 10, 11, 12, 13, 14, 15, 17, 18, 19, 20, 21, 22, 24, 26, 28, 29, 30, 31, 32, 42, 49, 56, 58, 60]]
[66, 7.37667, [0, 1, 2, 3, 4, 5, 6, 7, 8, 10, 11, 12, 13, 14, 15, 17, 18, 19, 20, 21, 22, 25, 26, 28, 29, 30, 31, 32, 42, 49, 56, 57, 60]]
[66, 7.38516, [0, 1, 2, 3, 4, 5, 6, 7, 8, 10, 11, 12, 13, 14, 15, 17, 18, 19, 20, 21, 23, 24, 25, 26, 28, 30, 31, 32, 42, 49, 55, 60, 62]]
[66, 7.37866, [0, 1, 2, 3, 4, 5, 6, 7, 8, 10, 11, 12, 13, 14, 15, 17, 18, 19, 20, 21, 23, 24, 25, 28, 29, 30, 31, 32, 42, 49, 55, 59, 60]]
[66, 7.42231, [0, 1, 2, 3, 4, 5, 6, 7, 8, 10, 11, 12, 13, 14, 15, 17, 18, 19, 21, 22, 23, 24, 25, 26, 28, 29, 30, 31, 32, 42, 49, 53, 60]]
[66, 7.37933, [0, 1, 2, 3, 4, 5, 6, 7, 8, 10, 11, 12, 13, 14, 15, 17, 18, 19, 21, 22, 23, 24, 25, 26, 28, 29, 31, 32, 42, 49, 53, 60, 63]]
[66, 7.37748, [0, 1, 2, 3, 4, 5, 6, 7, 8, 10, 11, 12, 13, 14, 15, 17, 18, 19, 21, 22, 23, 24, 25, 26, 28, 30, 31, 32, 42, 49, 53, 60, 62]]
[66, 7.37548, [0, 1, 2, 3, 4, 5, 6, 7, 8, 10, 11, 12, 13, 14, 15, 17, 18, 19, 21, 22, 23, 24, 25, 26, 29, 30, 31, 32, 42, 49, 53, 60, 61]]
[66, 7.41604, [0, 1, 2, 3, 4, 5, 6, 7, 8, 10, 11, 12, 13, 15, 16, 17, 18, 19, 20, 21, 22, 23, 26, 27, 28, 29, 30, 31, 32, 42, 47, 57, 58]]
[66, 7.37307, [0, 1, 2, 3, 4, 5, 6, 7, 8, 10, 11, 12, 13, 15, 16, 17, 18, 19, 20, 21, 22, 23, 26, 27, 28, 29, 31, 32, 42, 47, 57, 58, 63]]
[66, 7.37122, [0, 1, 2, 3, 4, 5, 6, 7, 8, 10, 11, 12, 13, 15, 16, 17, 18, 19, 20, 21, 22, 23, 26, 27, 28, 30, 31, 32, 42, 47, 57, 58, 62]]
[66, 7.41302, [0, 1, 2, 3, 4, 5, 6, 7, 8, 10, 11, 12, 13, 15, 16, 17, 18, 19, 20, 21, 22, 24, 26, 27, 28, 29, 30, 31, 32, 42, 47, 56, 58]]
[66, 7.4097, [0, 1, 2, 3, 4, 5, 6, 7, 8, 10, 11, 12, 13, 15, 16, 17, 18, 19, 20, 21, 23, 24, 26, 27, 28, 29, 30, 31, 32, 42, 47, 55, 58]]
[66, 7.40202, [0, 1, 2, 3, 4, 5, 6, 7, 8, 10, 11, 12, 13, 15, 16, 17, 18, 19, 21, 22, 23, 24, 26, 27, 28, 29, 30, 31, 32, 42, 47, 53, 58]]
[66, 7.38334, [0, 1, 2, 3, 4, 5, 6, 7, 8, 10, 11, 13, 14, 15, 16, 17, 18, 19, 20, 21, 24, 25, 26, 27, 28, 29, 30, 31, 32, 42, 45, 55, 56]]
[66, 7.41044, [0, 1, 2, 3, 4, 5, 6, 7, 9, 10, 11, 12, 13, 14, 15, 16, 17, 20, 21, 22, 23, 24, 25, 26, 27, 28, 30, 31, 32, 41, 51, 52, 62]]
[66, 7.42899, [0, 1, 2, 3, 4, 5, 6, 7, 9, 10, 11, 12, 13, 14, 15, 16, 18, 19, 20, 21, 22, 23, 24, 25, 26, 29, 30, 31, 32, 41, 50, 60, 61]]
[66, 7.38417, [0, 1, 2, 3, 4, 5, 6, 7, 9, 10, 11, 12, 13, 14, 15, 16, 18, 19, 20, 21, 22, 23, 24, 25, 26, 30, 31, 32, 41, 50, 60, 61, 62]]
[66, 7.37513, [0, 1, 2, 3, 4, 5, 6, 7, 9, 10, 11, 12, 13, 14, 15, 16, 18, 19, 20, 21, 22, 23, 24, 26, 29, 30, 31, 32, 41, 50, 58, 60, 61]]
[66, 7.42134, [0, 1, 2, 3, 4, 5, 6, 7, 9, 10, 11, 12, 13, 14, 15, 16, 18, 19, 20, 21, 22, 23, 25, 26, 27, 29, 30, 31, 32, 41, 50, 57, 61]]
[66, 7.37653, [0, 1, 2, 3, 4, 5, 6, 7, 9, 10, 11, 12, 13, 14, 15, 16, 18, 19, 20, 21, 22, 23, 25, 26, 27, 30, 31, 32, 41, 50, 57, 61, 62]]
[66, 7.37237, [0, 1, 2, 3, 4, 5, 6, 7, 9, 10, 11, 12, 13, 14, 15, 16, 18, 19, 20, 21, 22, 23, 25, 26, 29, 30, 31, 32, 41, 50, 57, 60, 61]]
[66, 7.39436, [0, 1, 2, 3, 4, 5, 6, 7, 9, 10, 11, 12, 13, 14, 15, 17, 18, 20, 21, 22, 23, 24, 25, 26, 28, 29, 30, 31, 32, 41, 49, 52, 60]]
[66, 7.4061, [0, 1, 2, 3, 4, 5, 6, 7, 9, 10, 11, 12, 13, 14, 16, 17, 18, 19, 20, 21, 22, 23, 24, 27, 28, 29, 30, 31, 32, 41, 48, 58, 59]]
[66, 7.39699, [0, 1, 2, 3, 4, 5, 6, 7, 9, 10, 11, 12, 13, 14, 16, 17, 18, 19, 20, 21, 23, 24, 25, 27, 28, 29, 30, 31, 32, 41, 48, 55, 59]]
[66, 7.38483, [0, 1, 2, 3, 4, 5, 6, 7, 9, 10, 11, 12, 13, 14, 16, 17, 18, 20, 21, 22, 23, 24, 25, 27, 28, 29, 30, 31, 32, 41, 48, 52, 59]]
[66, 7.37728, [0, 1, 2, 3, 4, 5, 6, 7, 9, 10, 11, 12, 14, 15, 16, 17, 18, 19, 20, 21, 22, 25, 26, 27, 28, 29, 30, 31, 32, 41, 46, 56, 57]]
[66, 7.37397, [0, 1, 2, 3, 4, 5, 6, 7, 9, 10, 11, 12, 14, 15, 16, 17, 18, 19, 20, 21, 23, 25, 26, 27, 28, 29, 30, 31, 32, 41, 46, 55, 57]]
[66, 7.38841, [0, 1, 2, 3, 4, 5, 6, 8, 9, 10, 11, 12, 13, 14, 15, 17, 18, 19, 20, 21, 22, 23, 24, 25, 28, 29, 30, 31, 32, 40, 49, 59, 60]]
[66, 7.38008, [0, 1, 2, 3, 4, 5, 6, 8, 9, 10, 11, 12, 13, 14, 15, 17, 18, 19, 20, 21, 22, 24, 25, 26, 28, 29, 30, 31, 32, 40, 49, 56, 60]]

Search completed in 0 hours, 0 minutes, and 0.196 seconds.  Enter a string to quit.