Enter an integer k for which our Kempner sets are k-free: 10
Enter a positive integer modulus b: 11
Enter estimation parameters, or * for pre-computed parameters ([0.2284, 1.1762, 1.7635]): *
Enter a threshold (e.g. 4.2) to determine printed output: 4.0
Enter a root for the search space (e.g. [0, 1, 2]) [or * for the root [0]]: *
Enter an upper bound for the size of allowable digit sets [or * to ignore]: *
Enter a maximal number of deviations from a greedy search [or * to ignore]: *
Searching for k-free sets mod b...

[11, 13.03, [0, 1, 2, 3, 4, 5, 6, 7, 8]]
[11, 12.9361, [0, 1, 2, 3, 4, 5, 6, 7, 9]]
[11, 12.8213, [0, 1, 2, 3, 4, 5, 6, 8, 9]]
[11, 8.38495, [0, 1, 2, 3, 4, 5, 6, 9]]
[11, 12.6767, [0, 1, 2, 3, 4, 5, 7, 8, 9]]
[11, 8.28996, [0, 1, 2, 3, 4, 5, 7, 9]]
[11, 8.21482, [0, 1, 2, 3, 4, 5, 8, 9]]
[11, 6.05007, [0, 1, 2, 3, 4, 5, 9]]
[11, 12.4874, [0, 1, 2, 3, 4, 6, 7, 8, 9]]
[11, 8.16563, [0, 1, 2, 3, 4, 6, 7, 9]]
[11, 8.09073, [0, 1, 2, 3, 4, 6, 8, 9]]
[11, 5.95836, [0, 1, 2, 3, 4, 6, 9]]
[11, 7.99643, [0, 1, 2, 3, 4, 7, 8, 9]]
[11, 5.88863, [0, 1, 2, 3, 4, 7, 9]]
[11, 5.83349, [0, 1, 2, 3, 4, 8, 9]]
[11, 4.58634, [0, 1, 2, 3, 4, 9]]
[11, 12.2258, [0, 1, 2, 3, 5, 6, 7, 8, 9]]
[11, 7.99392, [0, 1, 2, 3, 5, 6, 7, 9]]
[11, 7.91939, [0, 1, 2, 3, 5, 6, 8, 9]]
[11, 5.83179, [0, 1, 2, 3, 5, 6, 9]]
[11, 7.82551, [0, 1, 2, 3, 5, 7, 8, 9]]
[11, 5.76239, [0, 1, 2, 3, 5, 7, 9]]
[11, 5.70752, [0, 1, 2, 3, 5, 8, 9]]
[11, 4.48705, [0, 1, 2, 3, 5, 9]]
[11, 7.70258, [0, 1, 2, 3, 6, 7, 8, 9]]
[11, 5.67157, [0, 1, 2, 3, 6, 7, 9]]
[11, 5.61689, [0, 1, 2, 3, 6, 8, 9]]
[11, 4.41559, [0, 1, 2, 3, 6, 9]]
[11, 5.54803, [0, 1, 2, 3, 7, 8, 9]]
[11, 4.36128, [0, 1, 2, 3, 7, 9]]
[11, 4.31834, [0, 1, 2, 3, 8, 9]]
[11, 11.835, [0, 1, 2, 4, 5, 6, 7, 8, 9]]
[11, 7.73752, [0, 1, 2, 4, 5, 6, 7, 9]]
[11, 7.66361, [0, 1, 2, 4, 5, 6, 8, 9]]
[11, 5.64293, [0, 1, 2, 4, 5, 6, 9]]
[11, 7.57042, [0, 1, 2, 4, 5, 7, 8, 9]]
[11, 5.57407, [0, 1, 2, 4, 5, 7, 9]]
[11, 5.51968, [0, 1, 2, 4, 5, 8, 9]]
[11, 4.33907, [0, 1, 2, 4, 5, 9]]
[11, 7.4483, [0, 1, 2, 4, 6, 7, 8, 9]]
[11, 5.48388, [0, 1, 2, 4, 6, 7, 9]]
[11, 5.42968, [0, 1, 2, 4, 6, 8, 9]]
[11, 4.26813, [0, 1, 2, 4, 6, 9]]
[11, 5.36136, [0, 1, 2, 4, 7, 8, 9]]
[11, 4.21427, [0, 1, 2, 4, 7, 9]]
[11, 4.17173, [0, 1, 2, 4, 8, 9]]
[11, 7.27955, [0, 1, 2, 5, 6, 7, 8, 9]]
[11, 5.35932, [0, 1, 2, 5, 6, 7, 9]]
[11, 5.3054, [0, 1, 2, 5, 6, 8, 9]]
[11, 4.17024, [0, 1, 2, 5, 6, 9]]
[11, 5.2374, [0, 1, 2, 5, 7, 8, 9]]
[11, 4.11665, [0, 1, 2, 5, 7, 9]]
[11, 4.07434, [0, 1, 2, 5, 8, 9]]
[11, 5.1483, [0, 1, 2, 6, 7, 8, 9]]
[11, 4.04646, [0, 1, 2, 6, 7, 9]]
[11, 4.00431, [0, 1, 2, 6, 8, 9]]
[11, 11.1737, [0, 1, 3, 4, 5, 6, 7, 8, 9]]
[11, 7.30367, [0, 1, 3, 4, 5, 6, 7, 9]]
[11, 7.23106, [0, 1, 3, 4, 5, 6, 8, 9]]
[11, 5.32358, [0, 1, 3, 4, 5, 6, 9]]
[11, 7.13932, [0, 1, 3, 4, 5, 7, 8, 9]]
[11, 5.25585, [0, 1, 3, 4, 5, 7, 9]]
[11, 5.20247, [0, 1, 3, 4, 5, 8, 9]]
[11, 4.08921, [0, 1, 3, 4, 5, 9]]
[11, 7.01886, [0, 1, 3, 4, 6, 7, 8, 9]]
[11, 5.16695, [0, 1, 3, 4, 6, 7, 9]]
[11, 5.11376, [0, 1, 3, 4, 6, 8, 9]]
[11, 4.01934, [0, 1, 3, 4, 6, 9]]
[11, 5.04656, [0, 1, 3, 4, 7, 8, 9]]
[11, 6.85207, [0, 1, 3, 5, 6, 7, 8, 9]]
[11, 5.04391, [0, 1, 3, 5, 6, 7, 9]]
[11, 4.991, [0, 1, 3, 5, 6, 8, 9]]
[11, 4.92413, [0, 1, 3, 5, 7, 8, 9]]
[11, 4.83632, [0, 1, 3, 6, 7, 8, 9]]
[11, 6.60271, [0, 1, 4, 5, 6, 7, 8, 9]]
[11, 4.86004, [0, 1, 4, 5, 6, 7, 9]]
[11, 4.80761, [0, 1, 4, 5, 6, 8, 9]]
[11, 4.74128, [0, 1, 4, 5, 7, 8, 9]]
[11, 4.65409, [0, 1, 4, 6, 7, 8, 9]]
[11, 4.53335, [0, 1, 5, 6, 7, 8, 9]]
[11, 9.75668, [0, 2, 3, 4, 5, 6, 7, 8, 9]]
[11, 6.3728, [0, 2, 3, 4, 5, 6, 7, 9]]
[11, 6.3041, [0, 2, 3, 4, 5, 6, 8, 9]]
[11, 4.63827, [0, 2, 3, 4, 5, 6, 9]]
[11, 6.21686, [0, 2, 3, 4, 5, 7, 8, 9]]
[11, 4.57402, [0, 2, 3, 4, 5, 7, 9]]
[11, 4.52368, [0, 2, 3, 4, 5, 8, 9]]
[11, 6.10162, [0, 2, 3, 4, 6, 7, 8, 9]]
[11, 4.48917, [0, 2, 3, 4, 6, 7, 9]]
[11, 4.43902, [0, 2, 3, 4, 6, 8, 9]]
[11, 4.37531, [0, 2, 3, 4, 7, 8, 9]]
[11, 5.94101, [0, 2, 3, 5, 6, 7, 8, 9]]
[11, 4.37093, [0, 2, 3, 5, 6, 7, 9]]
[11, 4.32105, [0, 2, 3, 5, 6, 8, 9]]
[11, 4.25767, [0, 2, 3, 5, 7, 8, 9]]
[11, 4.17391, [0, 2, 3, 6, 7, 8, 9]]
[11, 5.6992, [0, 2, 4, 5, 6, 7, 8, 9]]
[11, 4.19291, [0, 2, 4, 5, 6, 7, 9]]
[11, 4.14352, [0, 2, 4, 5, 6, 8, 9]]
[11, 4.08068, [0, 2, 4, 5, 7, 8, 9]]
[11, 5.28816, [0, 3, 4, 5, 6, 7, 8, 9]]

Search completed in 0 hours, 0 minutes, and 0.044 seconds.  Enter a string to quit.