Enter an integer k for which our Kempner sets are k-free: 10
Enter a positive integer modulus b: 24
Enter estimation parameters, or * for pre-computed parameters ([0.1438, 1.1563, 1.5514]): *
Enter a threshold (e.g. 4.2) to determine printed output: 4.8
Enter a root for the search space (e.g. [0, 1, 2]) [or * for the root [0]]: *
Enter an upper bound for the size of allowable digit sets [or * to ignore]: *
Enter a maximal number of deviations from a greedy search [or * to ignore]: *
Searching for k-free sets mod b...

[24, 5.64852, [0, 1, 2, 3, 4, 5, 6, 7, 8, 10, 11, 21]]
[24, 5.108, [0, 1, 2, 3, 4, 5, 6, 7, 8, 10, 21]]
[24, 5.52345, [0, 1, 2, 3, 4, 5, 6, 7, 8, 11, 21, 22]]
[24, 5.0853, [0, 1, 2, 3, 4, 5, 6, 7, 8, 11, 22]]
[24, 4.99298, [0, 1, 2, 3, 4, 5, 6, 7, 8, 21, 22]]
[24, 5.62745, [0, 1, 2, 3, 4, 5, 6, 7, 9, 10, 11, 20]]
[24, 5.08867, [0, 1, 2, 3, 4, 5, 6, 7, 9, 10, 20]]
[24, 5.50245, [0, 1, 2, 3, 4, 5, 6, 7, 9, 11, 20, 22]]
[24, 5.0603, [0, 1, 2, 3, 4, 5, 6, 7, 9, 11, 22]]
[24, 4.97372, [0, 1, 2, 3, 4, 5, 6, 7, 9, 20, 22]]
[24, 5.48572, [0, 1, 2, 3, 4, 5, 6, 7, 10, 11, 20, 21]]
[24, 5.04492, [0, 1, 2, 3, 4, 5, 6, 7, 10, 11, 21]]
[24, 4.95838, [0, 1, 2, 3, 4, 5, 6, 7, 10, 20, 21]]
[24, 5.36118, [0, 1, 2, 3, 4, 5, 6, 7, 11, 20, 21, 22]]
[24, 4.93578, [0, 1, 2, 3, 4, 5, 6, 7, 11, 20, 22]]
[24, 4.93011, [0, 1, 2, 3, 4, 5, 6, 7, 11, 21, 22]]
[24, 4.84385, [0, 1, 2, 3, 4, 5, 6, 7, 20, 21, 22]]
[24, 5.14442, [0, 1, 2, 3, 4, 5, 6, 8, 9, 10, 11]]
[24, 5.06382, [0, 1, 2, 3, 4, 5, 6, 8, 9, 10, 19]]
[24, 5.02931, [0, 1, 2, 3, 4, 5, 6, 8, 9, 11, 22]]
[24, 4.94897, [0, 1, 2, 3, 4, 5, 6, 8, 9, 19, 22]]
[24, 5.01393, [0, 1, 2, 3, 4, 5, 6, 8, 10, 11, 21]]
[24, 4.93363, [0, 1, 2, 3, 4, 5, 6, 8, 10, 19, 21]]
[24, 4.89925, [0, 1, 2, 3, 4, 5, 6, 8, 11, 21, 22]]
[24, 4.8192, [0, 1, 2, 3, 4, 5, 6, 8, 19, 21, 22]]
[24, 4.99464, [0, 1, 2, 3, 4, 5, 6, 9, 10, 11, 20]]
[24, 4.91438, [0, 1, 2, 3, 4, 5, 6, 9, 10, 19, 20]]
[24, 4.88002, [0, 1, 2, 3, 4, 5, 6, 9, 11, 20, 22]]
[24, 4.8647, [0, 1, 2, 3, 4, 5, 6, 10, 11, 20, 21]]
[24, 5.10464, [0, 1, 2, 3, 4, 5, 7, 8, 9, 10, 11]]
[24, 5.43963, [0, 1, 2, 3, 4, 5, 7, 8, 9, 11, 18, 22]]
[24, 4.98969, [0, 1, 2, 3, 4, 5, 7, 8, 9, 11, 22]]
[24, 4.91616, [0, 1, 2, 3, 4, 5, 7, 8, 9, 18, 22]]
[24, 4.97432, [0, 1, 2, 3, 4, 5, 7, 8, 10, 11, 21]]
[24, 5.29862, [0, 1, 2, 3, 4, 5, 7, 8, 11, 18, 21, 22]]
[24, 4.87826, [0, 1, 2, 3, 4, 5, 7, 8, 11, 18, 22]]
[24, 4.8598, [0, 1, 2, 3, 4, 5, 7, 8, 11, 21, 22]]
[24, 4.95504, [0, 1, 2, 3, 4, 5, 7, 9, 10, 11, 20]]
[24, 5.27771, [0, 1, 2, 3, 4, 5, 7, 9, 11, 18, 20, 22]]
[24, 4.85339, [0, 1, 2, 3, 4, 5, 7, 9, 11, 18, 22]]
[24, 4.84059, [0, 1, 2, 3, 4, 5, 7, 9, 11, 20, 22]]
[24, 4.82527, [0, 1, 2, 3, 4, 5, 7, 10, 11, 20, 21]]
[24, 5.13728, [0, 1, 2, 3, 4, 5, 7, 11, 18, 20, 21, 22]]
[24, 4.82255, [0, 1, 2, 3, 4, 5, 8, 9, 11, 18, 22]]
[24, 5.05167, [0, 1, 2, 3, 4, 6, 7, 8, 9, 10, 11]]
[24, 4.93697, [0, 1, 2, 3, 4, 6, 7, 8, 9, 11, 22]]
[24, 5.37351, [0, 1, 2, 3, 4, 6, 7, 8, 10, 11, 17, 21]]
[24, 4.92162, [0, 1, 2, 3, 4, 6, 7, 8, 10, 11, 21]]
[24, 4.85558, [0, 1, 2, 3, 4, 6, 7, 8, 10, 17, 21]]
[24, 5.24947, [0, 1, 2, 3, 4, 6, 7, 8, 11, 17, 21, 22]]
[24, 4.83306, [0, 1, 2, 3, 4, 6, 7, 8, 11, 17, 22]]
[24, 4.80735, [0, 1, 2, 3, 4, 6, 7, 8, 11, 21, 22]]
[24, 4.90234, [0, 1, 2, 3, 4, 6, 7, 9, 10, 11, 20]]
[24, 5.2119, [0, 1, 2, 3, 4, 6, 7, 10, 11, 17, 20, 21]]
[24, 5.08838, [0, 1, 2, 3, 4, 6, 7, 11, 17, 20, 21, 22]]
[24, 5.02613, [0, 1, 2, 3, 4, 7, 8, 11, 17, 18, 21, 22]]
[24, 4.86596, [0, 1, 2, 3, 4, 7, 11, 17, 18, 20, 21, 22]]
[24, 4.97714, [0, 1, 2, 3, 5, 6, 7, 8, 9, 10, 11]]
[24, 4.86287, [0, 1, 2, 3, 5, 6, 7, 8, 9, 11, 22]]
[24, 4.84753, [0, 1, 2, 3, 5, 6, 7, 8, 10, 11, 21]]
[24, 5.28061, [0, 1, 2, 3, 5, 6, 7, 9, 10, 11, 16, 20]]
[24, 4.82827, [0, 1, 2, 3, 5, 6, 7, 9, 10, 11, 20]]
[24, 5.15706, [0, 1, 2, 3, 5, 6, 7, 9, 11, 16, 20, 22]]
[24, 5.14041, [0, 1, 2, 3, 5, 6, 7, 10, 11, 16, 20, 21]]
[24, 5.01731, [0, 1, 2, 3, 5, 6, 7, 11, 16, 20, 21, 22]]
[24, 4.86884, [0, 1, 2, 3, 6, 7, 10, 11, 16, 17, 20, 21]]
[24, 5.32829, [0, 1, 2, 4, 5, 6, 7, 8, 9, 10, 11, 15]]
[24, 4.8148, [0, 1, 2, 4, 5, 6, 7, 8, 9, 10, 15]]
[24, 5.20502, [0, 1, 2, 4, 5, 6, 7, 8, 9, 11, 15, 22]]
[24, 5.18834, [0, 1, 2, 4, 5, 6, 7, 8, 10, 11, 15, 21]]
[24, 5.06552, [0, 1, 2, 4, 5, 6, 7, 8, 11, 15, 21, 22]]
[24, 5.1674, [0, 1, 2, 4, 5, 6, 7, 9, 10, 11, 15, 20]]
[24, 5.04465, [0, 1, 2, 4, 5, 6, 7, 9, 11, 15, 20, 22]]
[24, 5.02803, [0, 1, 2, 4, 5, 6, 7, 10, 11, 15, 20, 21]]
[24, 4.90574, [0, 1, 2, 4, 5, 6, 7, 11, 15, 20, 21, 22]]
[24, 5.14046, [0, 1, 2, 4, 5, 6, 8, 9, 10, 11, 15, 19]]
[24, 5.01782, [0, 1, 2, 4, 5, 6, 8, 9, 11, 15, 19, 22]]
[24, 5.0012, [0, 1, 2, 4, 5, 6, 8, 10, 11, 15, 19, 21]]
[24, 4.87901, [0, 1, 2, 4, 5, 6, 8, 11, 15, 19, 21, 22]]
[24, 4.98033, [0, 1, 2, 4, 5, 6, 9, 10, 11, 15, 19, 20]]
[24, 4.85822, [0, 1, 2, 4, 5, 6, 9, 11, 15, 19, 20, 22]]
[24, 4.84165, [0, 1, 2, 4, 5, 6, 10, 11, 15, 19, 20, 21]]
[24, 4.98223, [0, 1, 2, 4, 5, 7, 8, 9, 11, 15, 18, 22]]
[24, 4.84358, [0, 1, 2, 4, 5, 7, 8, 11, 15, 18, 21, 22]]
[24, 4.82279, [0, 1, 2, 4, 5, 7, 9, 11, 15, 18, 20, 22]]
[24, 4.91655, [0, 1, 2, 4, 6, 7, 8, 10, 11, 15, 17, 21]]
[24, 4.82434, [0, 1, 2, 5, 6, 7, 9, 10, 11, 15, 16, 20]]
[24, 5.12424, [0, 1, 3, 4, 5, 6, 7, 8, 9, 10, 11, 14]]
[24, 4.98626, [0, 1, 3, 4, 5, 6, 7, 8, 10, 11, 14, 21]]
[24, 4.96541, [0, 1, 3, 4, 5, 6, 7, 9, 10, 11, 14, 20]]
[24, 4.82801, [0, 1, 3, 4, 5, 6, 7, 10, 11, 14, 20, 21]]
[24, 4.90292, [0, 1, 3, 4, 5, 7, 8, 9, 10, 11, 14, 18]]

Search completed in 0 hours, 0 minutes, and 0.067 seconds.  Enter a string to quit.